0.000000 2.000000 4.000000 6.000000 8.000000 10.000000 15.000000 20.000000 25.000000 30.000000 35.000000 40.000000 45.000000 50.000000 55.000000 60.000000 
2.500000 2.500000 2.500000 2.500000 2.500000 2.500000 2.500000 2.500000 2.500000 2.500000 2.500000 2.500000 2.500000 2.500000 2.500000 2.500000 2.500000 2.500000 2.500000 2.500000 2.500000 
2.500000 2.500000 2.500000 2.500000 2.500000 2.500000 2.500000 2.500000 2.500000 2.500310 2.500370 2.499790 2.499630 2.499810 2.500000 2.500000 2.500000 2.500000 2.500000 2.500000 2.500000 
2.500000 2.500000 2.499160 2.498540 2.498320 2.498650 2.499860 2.503240 2.516490 2.575760 2.533380 2.444120 2.499220 2.510940 2.500830 2.500110 2.499980 2.499980 2.500000 2.500000 2.500000 
2.500000 2.500000 2.497960 2.496390 2.495690 2.495840 2.494670 2.481540 2.541340 2.775720 2.505830 2.231670 2.570290 2.529190 2.499770 2.499780 2.499820 2.499920 2.499970 2.500000 2.500000 
2.500000 2.500000 2.495890 2.492520 2.490670 2.485240 2.457670 2.450970 2.592700 2.511070 2.339260 2.477520 2.593840 2.463410 2.492530 2.498610 2.499590 2.499880 2.499960 2.500000 2.500000 
2.500000 2.500000 2.491990 2.483840 2.468480 2.430860 2.489100 2.736080 2.549060 2.000000 2.571250 2.904350 2.490140 2.408520 2.484360 2.498430 2.499840 2.500060 2.500040 2.500000 2.500000 
2.500000 2.499990 2.481480 2.432760 2.376710 2.505620 2.697370 2.606580 2.363860 2.417380 2.704350 2.508730 2.479250 2.457570 2.488330 2.501550 2.501070 2.500510 2.500200 2.500000 2.500000 
2.500000 2.499290 2.441470 2.284840 2.486930 2.901950 2.538920 2.000000 2.516020 3.210710 2.377160 2.000000 2.495890 2.699590 2.579900 2.509450 2.502410 2.500850 2.500310 2.500000 2.500000 
2.500000 2.499640 2.489810 2.511410 2.716170 2.575170 2.320850 2.426740 2.690490 2.558510 2.398510 2.436740 2.600920 2.581660 2.522630 2.502840 2.500830 2.500430 2.500210 2.500000 2.500000 
2.500000 2.500330 2.542710 2.776420 2.579800 2.000000 2.474170 3.287690 2.435570 2.000000 2.608220 3.127070 2.458340 2.144700 2.414500 2.492490 2.498640 2.499890 2.500080 2.500000 2.500000 
2.500000 2.500160 2.502170 2.464710 2.416950 2.401550 2.661960 2.581350 2.369730 2.465510 2.639390 2.556320 2.422330 2.447400 2.488920 2.499900 2.500100 2.500210 2.500140 2.500000 2.500000 
2.500000 2.500000 2.468970 2.254840 2.436110 3.210280 2.485090 2.000000 2.574240 3.283720 2.386380 2.000000 2.589220 2.851950 2.567120 2.508730 2.502100 2.500600 2.500180 2.500000 2.500000 
2.500000 2.499780 2.472850 2.431360 2.665300 2.533260 2.349110 2.475270 2.638650 2.530360 2.432970 2.477270 2.500740 2.578830 2.534650 2.503970 2.500630 2.500020 2.499950 2.500000 2.500000 
2.500000 2.500510 2.544770 2.762410 2.577440 2.000000 2.534290 3.279270 2.396610 2.000000 2.589170 3.052600 2.473840 2.268410 2.438450 2.492440 2.497430 2.498910 2.499560 2.500000 2.500000 
2.500000 2.500040 2.514500 2.502210 2.304390 2.425390 2.709810 2.472010 2.405670 2.557320 2.479840 2.586870 2.577100 2.452820 2.467360 2.491590 2.496380 2.498320 2.499320 2.500000 2.500000 
2.500000 2.499830 2.490050 2.417110 2.509900 2.860300 2.447610 2.017260 2.592530 2.921750 2.474830 2.234940 2.460540 2.494660 2.490660 2.494100 2.496730 2.498300 2.499270 2.500000 2.500000 
2.500000 2.500000 2.499740 2.501020 2.559190 2.620060 2.459000 2.373720 2.545540 2.588090 2.506620 2.435520 2.476690 2.490970 2.493620 2.495810 2.497450 2.498570 2.499360 2.500000 2.500000 
2.500000 2.500000 2.500920 2.503300 2.510240 2.513440 2.496580 2.487110 2.502900 2.510350 2.501540 2.492150 2.492650 2.494610 2.496110 2.497340 2.498290 2.498980 2.499500 2.500000 2.500000 
2.500000 2.500000 2.500610 2.501690 2.503330 2.503370 2.499610 2.497480 2.500450 2.502380 2.500340 2.497670 2.497190 2.497620 2.498200 2.498740 2.499160 2.499460 2.499710 2.500000 2.500000 
2.500000 2.500000 2.500000 2.500000 2.500000 2.500000 2.500000 2.500000 2.500000 2.500000 2.500000 2.500000 2.500000 2.500000 2.500000 2.500000 2.500000 2.500000 2.500000 2.500000 2.500000 
2.500000 2.500000 2.500000 2.500000 2.500000 2.500000 2.500000 2.500000 2.500000 2.500000 2.500000 2.500000 2.500000 2.500000 2.500000 2.500000 2.500000 2.500000 2.500000 2.500000 2.500000 
2.540000 2.540000 2.540000 2.540000 2.540000 2.540000 2.540000 2.540000 2.540000 2.540000 2.540000 2.540000 2.540000 2.540000 2.540000 2.540000 2.540000 2.540000 2.540000 2.540000 2.540000 
2.540000 2.540000 2.539160 2.538540 2.538320 2.538650 2.539860 2.543440 2.554250 2.572610 2.549670 2.518690 2.538500 2.543460 2.540870 2.540110 2.539980 2.539980 2.540000 2.540000 2.540000 
2.540000 2.539160 2.528680 2.521960 2.521580 2.528410 2.542780 2.567180 2.605840 2.636850 2.566270 2.490520 2.531180 2.546800 2.542700 2.540360 2.539760 2.539780 2.539890 2.540000 2.540000 
2.540000 2.537960 2.516270 2.502340 2.501380 2.513670 2.536470 2.571060 2.633190 2.681430 2.540550 2.434310 2.550280 2.553910 2.541750 2.539180 2.539280 2.539700 2.539910 2.539970 2.540000 
2.540000 2.535890 2.500620 2.478030 2.477810 2.498280 2.529760 2.570110 2.594110 2.515810 2.477620 2.542120 2.587330 2.534240 2.531810 2.536660 2.539410 2.540330 2.540320 2.539960 2.540000 
2.540000 2.531990 2.481230 2.448400 2.455300 2.502030 2.576640 2.639890 2.521340 2.316750 2.545010 2.697330 2.586160 2.516140 2.529510 2.540280 2.542940 2.542560 2.541370 2.540040 2.540000 
2.540000 2.524460 2.460920 2.415740 2.454140 2.578900 2.633260 2.550810 2.486330 2.516930 2.598150 2.541160 2.538810 2.547770 2.558210 2.556340 2.550600 2.545980 2.542720 2.540200 2.540000 
2.540000 2.514430 2.459260 2.419720 2.550030 2.698360 2.538960 2.312370 2.552700 2.780750 2.506890 2.321740 2.510200 2.631950 2.612040 2.573260 2.555510 2.547480 2.543210 2.540310 2.540000 
2.540000 2.538630 2.536000 2.568940 2.633990 2.551990 2.471460 2.523550 2.604910 2.555460 2.498410 2.516780 2.570950 2.566710 2.556470 2.549240 2.546010 2.543840 2.541970 2.540210 2.540000 
2.540000 2.560280 2.589940 2.656640 2.551620 2.310450 2.535650 2.808780 2.517500 2.261330 2.565770 2.770060 2.550010 2.392320 2.461940 2.515780 2.534060 2.539280 2.540290 2.540080 2.540000 
2.540000 2.539120 2.535430 2.520030 2.506670 2.513650 2.589370 2.562040 2.492600 2.524820 2.591590 2.563510 2.513120 2.509630 2.525340 2.535440 2.538280 2.539120 2.539620 2.540140 2.540000 
2.540000 2.521750 2.491130 2.436930 2.567100 2.787530 2.518900 2.249860 2.559010 2.812440 2.514100 2.299710 2.540900 2.690220 2.614600 2.563040 2.543860 2.538500 2.538420 2.540180 2.540000 
2.540000 2.532150 2.526500 2.530420 2.605490 2.558700 2.484690 2.520110 2.585390 2.560010 2.511820 2.519640 2.555080 2.589180 2.562820 2.538040 2.530070 2.530600 2.534650 2.539950 2.540000 
2.540000 2.560130 2.591900 2.644270 2.528410 2.310920 2.565100 2.808880 2.508910 2.286220 2.555470 2.756830 2.564870 2.427490 2.452830 2.486440 2.505130 2.518240 2.529300 2.539560 2.540000 
2.540000 2.546060 2.563650 2.552640 2.466840 2.487140 2.605470 2.558130 2.505550 2.532260 2.555510 2.601750 2.538790 2.439830 2.436270 2.465340 2.490140 2.509420 2.525220 2.539320 2.540000 
2.540000 2.535870 2.541720 2.532800 2.584150 2.689560 2.519310 2.339850 2.562430 2.722960 2.552930 2.414170 2.440240 2.438810 2.445140 2.465540 2.487490 2.506960 2.523870 2.539270 2.540000 
2.540000 2.539900 2.551190 2.570580 2.625330 2.655530 2.519460 2.428440 2.560300 2.638570 2.546370 2.445300 2.440810 2.448800 2.459820 2.476010 2.493610 2.510200 2.525280 2.539360 2.540000 
2.540000 2.540920 2.553250 2.570760 2.594880 2.595280 2.538380 2.503770 2.546510 2.573740 2.536980 2.488610 2.473850 2.474970 2.482450 2.493500 2.505750 2.517690 2.528870 2.539500 2.540000 
2.540000 2.540610 2.548310 2.557640 2.566520 2.563640 2.542720 2.530200 2.542000 2.549770 2.535960 2.516070 2.506850 2.506040 2.509560 2.515200 2.521590 2.527910 2.533930 2.539710 2.540000 
2.540000 2.540000 2.540610 2.541690 2.543330 2.543370 2.539610 2.537480 2.540450 2.542380 2.540340 2.537670 2.537190 2.537620 2.538200 2.538740 2.539160 2.539460 2.539710 2.540000 2.540000 
2.540000 2.540000 2.540000 2.540000 2.540000 2.540000 2.540000 2.540000 2.540000 2.540000 2.540000 2.540000 2.540000 2.540000 2.540000 2.540000 2.540000 2.540000 2.540000 2.540000 2.540000 
2.580000 2.580000 2.580000 2.580000 2.580000 2.580000 2.580000 2.580000 2.580000 2.580000 2.580000 2.580000 2.580000 2.580000 2.580000 2.580000 2.580000 2.580000 2.580000 2.580000 2.580000 
2.580000 2.580000 2.578470 2.577350 2.577040 2.577780 2.580050 2.585730 2.599560 2.618370 2.590730 2.556250 2.577420 2.583470 2.580930 2.580080 2.579930 2.579950 2.579990 2.580000 2.580000 
2.580000 2.578470 2.559700 2.547940 2.547810 2.560560 2.585550 2.623080 2.669960 2.690700 2.610480 2.532880 2.565970 2.583720 2.581970 2.579800 2.579280 2.579470 2.579750 2.579990 2.580000 
2.580000 2.576360 2.538150 2.514420 2.514350 2.538130 2.579530 2.633940 2.696500 2.712920 2.587680 2.500550 2.579770 2.589270 2.580680 2.578130 2.578530 2.579320 2.579770 2.579940 2.580000 
2.580000 2.572970 2.512740 2.476310 2.479860 2.519740 2.576400 2.629400 2.637330 2.561200 2.536340 2.587280 2.622470 2.581590 2.573120 2.576300 2.579320 2.580530 2.580510 2.579930 2.580000 
2.580000 2.567290 2.485300 2.438350 2.457750 2.533850 2.620300 2.660750 2.556500 2.410390 2.574490 2.700230 2.639230 2.577150 2.577270 2.584000 2.585620 2.584420 2.582330 2.580070 2.580000 
2.580000 2.558190 2.465310 2.416320 2.477130 2.610520 2.655120 2.582000 2.537820 2.558200 2.610770 2.580980 2.591880 2.607000 2.613500 2.606870 2.597440 2.589980 2.584600 2.580350 2.580000 
2.580000 2.549870 2.481370 2.456790 2.577910 2.693480 2.575330 2.417960 2.588720 2.740960 2.552690 2.413640 2.552910 2.661630 2.658300 2.624910 2.603600 2.592090 2.585350 2.580520 2.580000 
2.580000 2.579540 2.572700 2.603600 2.649130 2.582820 2.527960 2.567290 2.621450 2.585580 2.545720 2.558710 2.597600 2.598100 2.596090 2.592370 2.589230 2.586210 2.583240 2.580350 2.580000 
2.580000 2.603570 2.629140 2.670580 2.583780 2.415040 2.574500 2.759470 2.559750 2.379300 2.592170 2.741680 2.590100 2.461920 2.502250 2.550520 2.571910 2.578930 2.580430 2.580150 2.580000 
2.580000 2.578900 2.574670 2.564660 2.557900 2.562460 2.607910 2.588000 2.541910 2.563350 2.614530 2.597000 2.559450 2.552460 2.564000 2.573430 2.576830 2.578110 2.579120 2.580250 2.580000 
2.580000 2.558720 2.530330 2.503750 2.616360 2.751450 2.555550 2.368680 2.584960 2.762850 2.562640 2.406430 2.572700 2.697550 2.653950 2.605530 2.582760 2.576030 2.576740 2.580320 2.580000 
2.580000 2.571990 2.570780 2.580530 2.630650 2.593720 2.537220 2.557130 2.606520 2.593250 2.557130 2.561700 2.594450 2.618820 2.593840 2.568400 2.559570 2.562010 2.569910 2.579910 2.580000 
2.580000 2.602760 2.634390 2.661780 2.560510 2.412740 2.596680 2.761270 2.556890 2.398740 2.586480 2.737090 2.597460 2.467240 2.465100 2.493590 2.518770 2.540460 2.560300 2.579230 2.580000 
2.580000 2.587300 2.611030 2.602190 2.532930 2.535800 2.620450 2.595860 2.553410 2.568240 2.598200 2.623140 2.541120 2.434220 2.421140 2.454340 2.491640 2.524360 2.552780 2.578770 2.580000 
2.580000 2.576010 2.592330 2.598560 2.642570 2.704020 2.564640 2.424050 2.591330 2.723730 2.594130 2.457920 2.434060 2.412860 2.418550 2.448700 2.485040 2.519340 2.550150 2.578660 2.580000 
2.580000 2.580460 2.602320 2.633380 2.689790 2.705890 2.566940 2.472810 2.595330 2.678230 2.580490 2.457780 2.425920 2.424210 2.438200 2.464370 2.494940 2.524860 2.552620 2.578790 2.580000 
2.580000 2.581690 2.603720 2.631620 2.662420 2.657160 2.583660 2.538460 2.587140 2.619880 2.569690 2.498960 2.468750 2.465420 2.476130 2.494830 2.516660 2.538500 2.559240 2.579070 2.580000 
2.580000 2.581090 2.594760 2.610160 2.622940 2.617110 2.586460 2.567820 2.582750 2.592530 2.570990 2.539110 2.522020 2.519050 2.524440 2.534250 2.545780 2.557450 2.568660 2.579470 2.580000 
2.580000 2.580000 2.581090 2.582860 2.585290 2.585150 2.579610 2.576450 2.580660 2.583520 2.580440 2.576230 2.575210 2.575760 2.576700 2.577640 2.578410 2.578990 2.579470 2.580000 2.580000 
2.580000 2.580000 2.580000 2.580000 2.580000 2.580000 2.580000 2.580000 2.580000 2.580000 2.580000 2.580000 2.580000 2.580000 2.580000 2.580000 2.580000 2.580000 2.580000 2.580000 2.580000 
2.620000 2.620000 2.620000 2.620000 2.620000 2.620000 2.620000 2.620000 2.620000 2.620000 2.620000 2.620000 2.620000 2.620000 2.620000 2.620000 2.620000 2.620000 2.620000 2.620000 2.620000 
2.620000 2.620000 2.617930 2.616440 2.616070 2.617120 2.620110 2.626940 2.642250 2.661460 2.631040 2.593640 2.615630 2.622840 2.620710 2.619950 2.619860 2.619910 2.619960 2.620000 2.620000 
2.620000 2.617930 2.592610 2.576960 2.577160 2.594530 2.627230 2.673400 2.725890 2.743630 2.653580 2.567820 2.599540 2.620040 2.620120 2.618620 2.618500 2.619010 2.619540 2.619960 2.620000 
2.620000 2.615140 2.563900 2.532590 2.533400 2.565850 2.620130 2.686650 2.754280 2.764860 2.631910 2.538200 2.612900 2.625090 2.618030 2.616140 2.617210 2.618600 2.619460 2.619900 2.620000 
2.620000 2.610820 2.530990 2.483780 2.489870 2.542970 2.615260 2.677770 2.686210 2.609470 2.582810 2.629480 2.663070 2.622100 2.611660 2.614580 2.618220 2.620020 2.620340 2.619890 2.620000 
2.620000 2.603990 2.497500 2.438660 2.464550 2.558510 2.659170 2.702570 2.598950 2.457900 2.618100 2.744830 2.689180 2.624100 2.619560 2.624770 2.626190 2.624920 2.622640 2.620070 2.620000 
2.620000 2.593900 2.476730 2.418820 2.490290 2.640090 2.694000 2.624470 2.580060 2.597850 2.650840 2.628830 2.643190 2.657120 2.660730 2.651720 2.640570 2.631860 2.625510 2.620410 2.620000 
2.620000 2.586090 2.501480 2.474150 2.602660 2.725390 2.616350 2.465510 2.627400 2.773020 2.594750 2.462520 2.599210 2.707400 2.705040 2.670660 2.647430 2.634350 2.626430 2.620630 2.620000 
2.620000 2.619270 2.606540 2.636720 2.683540 2.621600 2.570690 2.606010 2.656940 2.626070 2.588890 2.600260 2.636270 2.635730 2.634780 2.632460 2.630010 2.627070 2.623800 2.620420 2.620000 
2.620000 2.645450 2.670380 2.709970 2.624330 2.461810 2.614110 2.789020 2.599780 2.429660 2.632330 2.774110 2.625120 2.496840 2.535000 2.585530 2.609700 2.618250 2.620320 2.620180 2.620000 
2.620000 2.619210 2.614690 2.606660 2.601270 2.604030 2.646010 2.627940 2.584110 2.602450 2.650640 2.634380 2.597850 2.590630 2.602200 2.611890 2.615600 2.617210 2.618660 2.620330 2.620000 
2.620000 2.597420 2.568260 2.546330 2.659240 2.785770 2.598640 2.420700 2.623320 2.790200 2.599550 2.451650 2.613760 2.739420 2.698700 2.647530 2.621800 2.614080 2.615430 2.620440 2.620000 
2.620000 2.611800 2.611970 2.623560 2.671760 2.636450 2.582630 2.598710 2.643700 2.630280 2.595910 2.601370 2.634620 2.657690 2.630350 2.601800 2.591730 2.595420 2.606240 2.619920 2.620000 
2.620000 2.644330 2.679250 2.704650 2.603400 2.461500 2.635990 2.790840 2.596960 2.446600 2.625450 2.768880 2.628740 2.491680 2.481920 2.509720 2.538980 2.566700 2.593240 2.619020 2.620000 
2.620000 2.628010 2.657130 2.649820 2.580920 2.578580 2.655270 2.631780 2.594180 2.610250 2.637310 2.651610 2.556470 2.438260 2.419660 2.456210 2.502000 2.544610 2.582860 2.618380 2.620000 
2.620000 2.616110 2.639450 2.651430 2.695940 2.748610 2.604100 2.464020 2.631570 2.764480 2.630200 2.478540 2.435790 2.403900 2.408220 2.444760 2.491480 2.537150 2.579040 2.618190 2.620000 
2.620000 2.620930 2.650880 2.689760 2.749930 2.760120 2.609540 2.509070 2.636680 2.723540 2.613880 2.470580 2.422620 2.414430 2.430010 2.463300 2.503760 2.544220 2.582260 2.618340 2.620000 
2.620000 2.622270 2.651890 2.687200 2.722270 2.712810 2.627610 2.575520 2.628610 2.663810 2.602830 2.515300 2.473490 2.466300 2.479080 2.503530 2.532890 2.562720 2.591290 2.618720 2.620000 
2.620000 2.621450 2.639820 2.659670 2.674940 2.666750 2.629480 2.606800 2.623580 2.634110 2.606600 2.565680 2.542380 2.537440 2.544110 2.557140 2.572790 2.588800 2.604300 2.619290 2.620000 
2.620000 2.620000 2.621450 2.623680 2.626540 2.626220 2.619660 2.615960 2.620880 2.624230 2.620460 2.615230 2.613780 2.614380 2.615550 2.616780 2.617820 2.618610 2.619290 2.620000 2.620000 
2.620000 2.620000 2.620000 2.620000 2.620000 2.620000 2.620000 2.620000 2.620000 2.620000 2.620000 2.620000 2.620000 2.620000 2.620000 2.620000 2.620000 2.620000 2.620000 2.620000 2.620000 
2.660000 2.660000 2.660000 2.660000 2.660000 2.660000 2.660000 2.660000 2.660000 2.660000 2.660000 2.660000 2.660000 2.660000 2.660000 2.660000 2.660000 2.660000 2.660000 2.660000 2.660000 
2.660000 2.660000 2.657520 2.655740 2.655300 2.656550 2.660050 2.667990 2.685510 2.706490 2.670970 2.627930 2.653170 2.662420 2.660560 2.659840 2.659780 2.659870 2.659940 2.660000 2.660000 
2.660000 2.657520 2.627490 2.609130 2.609760 2.630730 2.669440 2.723180 2.783110 2.801060 2.694470 2.593760 2.630760 2.656650 2.658370 2.657390 2.657640 2.658500 2.659300 2.659940 2.660000 
2.660000 2.654150 2.593270 2.556410 2.558050 2.597200 2.661440 2.738690 2.815620 2.824840 2.669430 2.559400 2.644640 2.661010 2.654580 2.653430 2.655420 2.657590 2.659020 2.659860 2.660000 
2.660000 2.648930 2.553740 2.497870 2.505870 2.569630 2.655060 2.727400 2.738000 2.652390 2.619410 2.668860 2.705570 2.658080 2.645980 2.650250 2.655620 2.658700 2.659800 2.659830 2.660000 
2.660000 2.640630 2.513120 2.443060 2.474300 2.585990 2.704110 2.754100 2.639620 2.485340 2.665260 2.805220 2.738270 2.659880 2.653310 2.660460 2.663860 2.663850 2.662240 2.660020 2.660000 
2.660000 2.628520 2.487450 2.417950 2.502090 2.678010 2.743650 2.665960 2.616650 2.641250 2.705200 2.678990 2.687130 2.696220 2.698990 2.690460 2.679880 2.671590 2.665450 2.660410 2.660000 
2.660000 2.619650 2.516010 2.482020 2.631110 2.775330 2.657340 2.486210 2.665990 2.833610 2.641310 2.492850 2.639220 2.753340 2.749130 2.712100 2.687830 2.674520 2.666550 2.660650 2.660000 
2.660000 2.658190 2.639530 2.672530 2.728090 2.661730 2.607400 2.643980 2.700100 2.669590 2.631900 2.644150 2.679840 2.672880 2.670120 2.669200 2.668400 2.666480 2.663660 2.660420 2.660000 
2.660000 2.688730 2.715830 2.760640 2.665400 2.482180 2.654030 2.849020 2.639080 2.449710 2.675370 2.831340 2.663170 2.516660 2.558800 2.617310 2.646240 2.656950 2.659920 2.660170 2.660000 
2.660000 2.659070 2.652890 2.644640 2.639920 2.643010 2.692270 2.673330 2.624560 2.642230 2.691120 2.670460 2.632540 2.626460 2.639700 2.650550 2.654690 2.656550 2.658320 2.660400 2.660000 
2.660000 2.634040 2.599350 2.575410 2.704660 2.848800 2.644610 2.444710 2.667390 2.848180 2.631820 2.466140 2.653480 2.798900 2.753610 2.693860 2.663000 2.653390 2.654730 2.660560 2.660000 
2.660000 2.650650 2.650000 2.663380 2.719210 2.683910 2.628000 2.642880 2.687420 2.667970 2.629660 2.637840 2.680500 2.708990 2.676690 2.641480 2.628050 2.631480 2.643890 2.659970 2.660000 
2.660000 2.687570 2.728000 2.756410 2.642930 2.485040 2.681480 2.851740 2.632930 2.462270 2.663790 2.825850 2.672180 2.518570 2.504640 2.533380 2.565520 2.597220 2.628330 2.658910 2.660000 
2.660000 2.669130 2.703180 2.694640 2.616100 2.612010 2.696190 2.670030 2.631820 2.649760 2.678170 2.691820 2.585240 2.451480 2.428250 2.468390 2.520680 2.570430 2.615730 2.658130 2.660000 
2.660000 2.655660 2.683430 2.697700 2.747210 2.803320 2.636920 2.479900 2.675260 2.825970 2.669550 2.492370 2.442700 2.406200 2.410560 2.452420 2.506940 2.560940 2.610920 2.657880 2.660000 
2.660000 2.661150 2.697100 2.742790 2.811240 2.820210 2.645740 2.531850 2.681420 2.781000 2.651370 2.482250 2.425280 2.415620 2.433770 2.472840 2.520710 2.568980 2.614620 2.658030 2.660000 
2.660000 2.662740 2.698370 2.740180 2.780630 2.768200 2.668240 2.608280 2.671240 2.711980 2.639080 2.534750 2.484730 2.476050 2.491140 2.520180 2.555220 2.590990 2.625390 2.658480 2.660000 
2.660000 2.661750 2.683890 2.707540 2.725310 2.715120 2.671000 2.644600 2.664720 2.676970 2.643890 2.594830 2.566830 2.560850 2.568770 2.584330 2.603090 2.622350 2.641050 2.659160 2.660000 
2.660000 2.660000 2.661750 2.664410 2.667760 2.667300 2.659540 2.655250 2.661160 2.665120 2.660560 2.654260 2.652520 2.653260 2.654680 2.656150 2.657390 2.658350 2.659160 2.660000 2.660000 
2.660000 2.660000 2.660000 2.660000 2.660000 2.660000 2.660000 2.660000 2.660000 2.660000 2.660000 2.660000 2.660000 2.660000 2.660000 2.660000 2.660000 2.660000 2.660000 2.660000 2.660000 
2.700000 2.700000 2.700000 2.700000 2.700000 2.700000 2.700000 2.700000 2.700000 2.700000 2.700000 2.700000 2.700000 2.700000 2.700000 2.700000 2.700000 2.700000 2.700000 2.700000 2.700000 
2.700000 2.700000 2.697260 2.695290 2.694810 2.696180 2.700050 2.709310 2.731780 2.762070 2.713840 2.653120 2.690210 2.703580 2.700860 2.699850 2.699740 2.699840 2.699930 2.700000 2.700000 
2.700000 2.697260 2.664870 2.645380 2.646850 2.670680 2.714030 2.774850 2.845630 2.869630 2.736200 2.609660 2.662410 2.696660 2.698510 2.697080 2.697260 2.698230 2.699170 2.699930 2.700000 
2.700000 2.693450 2.627260 2.587670 2.590710 2.635020 2.706680 2.793780 2.886470 2.901370 2.700210 2.558790 2.679520 2.701140 2.692650 2.691360 2.693970 2.696780 2.698660 2.699820 2.700000 
2.700000 2.687290 2.582410 2.521120 2.531200 2.603470 2.699810 2.783000 2.796810 2.685870 2.638660 2.704260 2.753620 2.690170 2.677000 2.684380 2.692400 2.697130 2.699160 2.699770 2.700000 
2.700000 2.676900 2.533740 2.454190 2.490400 2.620610 2.761760 2.824260 2.677080 2.472880 2.711910 2.887400 2.785020 2.680440 2.677580 2.691680 2.699450 2.701820 2.701450 2.699950 2.700000 
2.700000 2.660050 2.498070 2.414450 2.515080 2.732360 2.812680 2.706810 2.642660 2.684930 2.774360 2.724720 2.716410 2.720020 2.727530 2.723800 2.716270 2.709830 2.704750 2.700350 2.700000 
2.700000 2.643940 2.523540 2.478390 2.669520 2.857300 2.697890 2.460610 2.704460 2.938410 2.686520 2.482440 2.665280 2.802220 2.793770 2.751060 2.725960 2.713320 2.706020 2.700620 2.700000 
2.700000 2.695410 2.673100 2.715420 2.791280 2.703930 2.631710 2.679240 2.755340 2.714520 2.668780 2.686330 2.729860 2.711990 2.704330 2.704230 2.705500 2.705110 2.703140 2.700390 2.700000 
2.700000 2.738830 2.769070 2.830380 2.706810 2.456150 2.692110 2.957550 2.673870 2.413440 2.721200 2.930310 2.707750 2.514080 2.571290 2.646230 2.682150 2.695490 2.699450 2.700140 2.700000 
2.700000 2.698290 2.688250 2.675690 2.669570 2.675080 2.747800 2.722280 2.657380 2.680380 2.740550 2.707970 2.663540 2.659700 2.676790 2.689830 2.694410 2.696330 2.698200 2.700450 2.700000 
2.700000 2.663810 2.619560 2.582270 2.752700 2.955330 2.686920 2.411600 2.716400 2.957070 2.658970 2.431300 2.691970 2.885980 2.822650 2.745310 2.706390 2.693920 2.694640 2.700700 2.700000 
2.700000 2.685730 2.683060 2.697750 2.775390 2.733380 2.664670 2.684440 2.740020 2.707880 2.657560 2.670420 2.733840 2.776170 2.734060 2.687210 2.668160 2.670000 2.682810 2.700070 2.700000 
2.700000 2.738120 2.783650 2.822730 2.675160 2.461270 2.732960 2.962580 2.661330 2.423930 2.703110 2.925610 2.732350 2.542400 2.529610 2.563020 2.597750 2.631800 2.665510 2.698870 2.700000 
2.700000 2.712180 2.750160 2.735990 2.630630 2.630490 2.748860 2.712950 2.663510 2.685210 2.723110 2.751880 2.632560 2.472010 2.444410 2.489660 2.547270 2.601750 2.651420 2.697990 2.700000 
2.700000 2.693270 2.723800 2.735770 2.798040 2.878240 2.662130 2.456730 2.723420 2.920550 2.714960 2.494880 2.454150 2.419140 2.424810 2.471350 2.531450 2.590850 2.645910 2.697700 2.700000 
2.700000 2.701010 2.741200 2.793410 2.878000 2.893090 2.674050 2.533260 2.730090 2.856510 2.695250 2.491090 2.433410 2.427810 2.449630 2.493250 2.546160 2.599430 2.649850 2.697860 2.700000 
2.700000 2.703140 2.743440 2.791410 2.839540 2.825740 2.705140 2.634300 2.714780 2.766000 2.679610 2.557570 2.502840 2.495140 2.512800 2.545240 2.584050 2.623620 2.661690 2.698360 2.700000 
2.700000 2.702030 2.727130 2.754150 2.774800 2.762990 2.710950 2.680480 2.705930 2.721500 2.683340 2.626890 2.595730 2.589650 2.598790 2.616160 2.636960 2.658300 2.679010 2.699090 2.700000 
2.700000 2.700000 2.702030 2.705160 2.709250 2.708750 2.699140 2.693950 2.701520 2.706420 2.700800 2.693190 2.691350 2.692380 2.694070 2.695740 2.697130 2.698200 2.699090 2.700000 2.700000 
2.700000 2.700000 2.700000 2.700000 2.700000 2.700000 2.700000 2.700000 2.700000 2.700000 2.700000 2.700000 2.700000 2.700000 2.700000 2.700000 2.700000 2.700000 2.700000 2.700000 2.700000 
2.800000 2.800000 2.800000 2.800000 2.800000 2.800000 2.800000 2.800000 2.800000 2.800000 2.800000 2.800000 2.800000 2.800000 2.800000 2.800000 2.800000 2.800000 2.800000 2.800000 2.800000 
2.800000 2.800000 2.797260 2.795340 2.794970 2.796550 2.800770 2.810860 2.836020 2.871570 2.815780 2.745260 2.790280 2.805460 2.801530 2.800060 2.799800 2.799850 2.799930 2.800000 2.800000 
2.800000 2.797260 2.765540 2.747160 2.750410 2.776520 2.822420 2.886200 2.960930 2.986300 2.837640 2.699480 2.764030 2.802030 2.801870 2.798730 2.798020 2.798580 2.799310 2.799930 2.800000 
2.800000 2.793370 2.728050 2.690240 2.696470 2.744960 2.820800 2.911740 3.008740 3.020590 2.791220 2.637960 2.784760 2.807700 2.795340 2.792270 2.794300 2.796940 2.798740 2.799820 2.800000 
2.800000 2.786890 2.682050 2.622410 2.636900 2.715520 2.817800 2.904710 2.913380 2.775580 2.716550 2.799350 2.860210 2.786500 2.772260 2.781340 2.790840 2.796460 2.798920 2.799750 2.800000 
2.800000 2.775510 2.630090 2.550720 2.593210 2.734640 2.886230 2.949620 2.777000 2.537440 2.809980 3.004330 2.877580 2.759510 2.762690 2.783690 2.795620 2.800150 2.800830 2.799890 2.800000 
2.800000 2.756010 2.588600 2.502300 2.615250 2.855080 2.936400 2.803300 2.731630 2.793340 2.895400 2.816800 2.788850 2.791960 2.809590 2.814250 2.811590 2.807730 2.803960 2.800280 2.800000 
2.800000 2.735150 2.609780 2.561800 2.779080 2.989810 2.796830 2.513620 2.804460 3.085750 2.793960 2.544060 2.740700 2.891610 2.885990 2.845120 2.822440 2.811580 2.805340 2.800570 2.800000 
2.800000 2.793360 2.770390 2.819490 2.907850 2.804370 2.718920 2.780270 2.870530 2.815590 2.765140 2.788610 2.836830 2.810980 2.799360 2.800130 2.803120 2.803980 2.802710 2.800350 2.800000 
2.800000 2.844060 2.874910 2.945740 2.804540 2.509560 2.790830 3.108110 2.771340 2.455600 2.821940 3.073480 2.823230 2.598960 2.660250 2.741890 2.780620 2.794980 2.799310 2.800130 2.800000 
2.800000 2.796460 2.782110 2.765030 2.759680 2.769840 2.858450 2.825730 2.751230 2.782110 2.850570 2.808010 2.762560 2.761120 2.778450 2.791180 2.795140 2.796650 2.798340 2.800500 2.800000 
2.800000 2.756620 2.705410 2.659310 2.859080 3.101370 2.783740 2.453070 2.824380 3.112880 2.757690 2.480950 2.789340 3.015780 2.940980 2.852820 2.808980 2.794670 2.794830 2.800800 2.800000 
2.800000 2.782070 2.777150 2.791770 2.883580 2.835790 2.757240 2.783900 2.851130 2.811660 2.752580 2.768350 2.848120 2.898770 2.847930 2.792520 2.769430 2.769930 2.782580 2.800150 2.800000 
2.800000 2.844450 2.891580 2.935090 2.761020 2.509750 2.842010 3.117070 2.755350 2.467360 2.803730 3.073090 2.858790 2.643730 2.627340 2.660790 2.695550 2.730040 2.764570 2.798890 2.800000 
2.800000 2.814260 2.853620 2.833990 2.707110 2.711340 2.861480 2.822510 2.760200 2.780330 2.830530 2.876200 2.750800 2.570520 2.537280 2.583410 2.642550 2.698590 2.749830 2.797970 2.800000 
2.800000 2.792130 2.824330 2.834660 2.903970 3.000200 2.752820 2.516010 2.829020 3.057710 2.824990 2.580230 2.545750 2.510840 2.515930 2.563740 2.625680 2.687040 2.744010 2.797660 2.800000 
2.800000 2.801140 2.844220 2.900710 2.995510 3.014270 2.765310 2.606570 2.834890 2.980730 2.802830 2.578550 2.520980 2.517570 2.540720 2.585900 2.640600 2.695740 2.748010 2.797830 2.800000 
2.800000 2.803490 2.846800 2.898610 2.951410 2.936460 2.802210 2.724210 2.816310 2.875580 2.782940 2.651500 2.594490 2.587250 2.605880 2.639530 2.679720 2.720740 2.760260 2.798340 2.800000 
2.800000 2.802230 2.829190 2.858240 2.880550 2.867570 2.810390 2.777310 2.806310 2.824620 2.784380 2.724290 2.691600 2.685410 2.694980 2.713010 2.734580 2.756720 2.778220 2.799080 2.800000 
2.800000 2.800000 2.802230 2.805680 2.810240 2.809680 2.798810 2.792980 2.801650 2.807240 2.801060 2.792700 2.790800 2.792000 2.793830 2.795600 2.797050 2.798170 2.799080 2.800000 2.800000 
2.800000 2.800000 2.800000 2.800000 2.800000 2.800000 2.800000 2.800000 2.800000 2.800000 2.800000 2.800000 2.800000 2.800000 2.800000 2.800000 2.800000 2.800000 2.800000 2.800000 2.800000 
2.900000 2.900000 2.900000 2.900000 2.900000 2.900000 2.900000 2.900000 2.900000 2.900000 2.900000 2.900000 2.900000 2.900000 2.900000 2.900000 2.900000 2.900000 2.900000 2.900000 2.900000 
2.900000 2.900000 2.897560 2.895960 2.895910 2.897810 2.902300 2.912080 2.934340 2.963710 2.914370 2.855410 2.895350 2.907130 2.902390 2.900460 2.899980 2.899930 2.899960 2.900000 2.900000 
2.900000 2.897560 2.869620 2.854620 2.860420 2.887880 2.933290 2.993220 3.058730 3.075270 2.938530 2.819220 2.880900 2.913060 2.908840 2.902820 2.900290 2.899770 2.899830 2.899960 2.900000 
2.900000 2.894090 2.836220 2.805030 2.816120 2.867120 2.942420 3.027280 3.107020 3.101030 2.890820 2.766270 2.904090 2.921520 2.904670 2.897850 2.897450 2.898620 2.899480 2.899880 2.900000 
2.900000 2.888270 2.794790 2.745130 2.766340 2.847360 2.947300 3.024970 3.016360 2.867690 2.811210 2.900750 2.962550 2.894740 2.878540 2.885080 2.893030 2.897710 2.899510 2.899800 2.900000 
2.900000 2.878150 2.747810 2.681760 2.730800 2.868810 3.005920 3.049930 2.880240 2.656550 2.897650 3.072030 2.958070 2.854380 2.860360 2.882480 2.895300 2.900250 2.900980 2.899900 2.900000 
2.900000 2.861320 2.710780 2.640340 2.753570 2.973400 3.033760 2.895650 2.834440 2.903600 2.989100 2.896810 2.859480 2.868700 2.895390 2.907160 2.908630 2.906710 2.903680 2.900240 2.900000 
2.900000 2.844380 2.730820 2.695060 2.895560 3.080170 2.892440 2.634630 2.909120 3.171530 2.902240 2.657000 2.819420 2.959920 2.965700 2.936380 2.919140 2.910470 2.905020 2.900510 2.900000 
2.900000 2.894380 2.873550 2.919720 2.998150 2.899260 2.819830 2.890160 2.974910 2.912770 2.865630 2.890130 2.933850 2.911110 2.899690 2.900320 2.903260 2.904100 2.902790 2.900340 2.900000 
2.900000 2.937310 2.964470 3.025400 2.896670 2.632150 2.892830 3.191430 2.876540 2.576740 2.914810 3.158670 2.944470 2.738960 2.782490 2.850480 2.883770 2.896170 2.899740 2.900180 2.900000 
2.900000 2.894510 2.878260 2.861010 2.860900 2.876590 2.954740 2.919200 2.852030 2.888100 2.953080 2.912410 2.874860 2.874220 2.886080 2.894720 2.896760 2.897430 2.898680 2.900540 2.900000 
2.900000 2.860350 2.811010 2.773090 2.963380 3.182840 2.876860 2.568630 2.924870 3.204360 2.875780 2.610110 2.886150 3.095800 3.030070 2.949190 2.908110 2.894630 2.894940 2.900810 2.900000 
2.900000 2.883980 2.878610 2.892780 2.975900 2.927900 2.851000 2.882040 2.952540 2.920250 2.862620 2.876130 2.952430 2.996130 2.944590 2.891200 2.869240 2.870130 2.882790 2.900180 2.900000 
2.900000 2.938770 2.983020 3.017040 2.848070 2.620240 2.940540 3.204320 2.866030 2.594360 2.906200 3.164440 2.973750 2.767290 2.740020 2.766080 2.797930 2.831250 2.865140 2.898970 2.900000 
2.900000 2.912980 2.950730 2.930330 2.806790 2.810950 2.963480 2.936560 2.868680 2.879860 2.936700 2.987400 2.866830 2.688980 2.650180 2.690470 2.746260 2.800520 2.850710 2.898070 2.900000 
2.900000 2.894060 2.927150 2.939980 3.002160 3.086950 2.860500 2.643720 2.926390 3.139730 2.934350 2.708790 2.665550 2.624850 2.625960 2.670130 2.729480 2.789160 2.845000 2.897770 2.900000 
2.900000 2.901820 2.946340 3.003000 3.092100 3.106010 2.869150 2.717880 2.930110 3.070850 2.909080 2.697420 2.636340 2.628410 2.648370 2.691030 2.743840 2.797650 2.848930 2.897930 2.900000 
2.900000 2.903700 2.947870 2.999510 3.050040 3.033650 2.903030 2.826710 2.913830 2.972340 2.886440 2.760770 2.703520 2.694300 2.711030 2.743100 2.782060 2.822160 2.860960 2.898420 2.900000 
2.900000 2.902300 2.929640 2.958580 2.980130 2.966700 2.910370 2.877560 2.905220 2.923690 2.885980 2.828190 2.795790 2.788900 2.797610 2.814880 2.835840 2.857500 2.878620 2.899130 2.900000 
2.900000 2.900000 2.902300 2.905720 2.910060 2.909360 2.898810 2.893130 2.901330 2.906850 2.901190 2.893240 2.891270 2.892320 2.894050 2.895750 2.897170 2.898250 2.899130 2.900000 2.900000 
2.900000 2.900000 2.900000 2.900000 2.900000 2.900000 2.900000 2.900000 2.900000 2.900000 2.900000 2.900000 2.900000 2.900000 2.900000 2.900000 2.900000 2.900000 2.900000 2.900000 2.900000 
3.000000 3.000000 3.000000 3.000000 3.000000 3.000000 3.000000 3.000000 3.000000 3.000000 3.000000 3.000000 3.000000 3.000000 3.000000 3.000000 3.000000 3.000000 3.000000 3.000000 3.000000 
3.000000 3.000000 2.998070 2.996910 2.997210 2.999310 3.003700 3.012290 3.029940 3.052060 3.012940 2.969360 3.001890 3.009070 3.003430 3.001020 3.000260 3.000060 3.000010 3.000000 3.000000 
3.000000 2.998070 2.975960 2.965570 2.973780 3.000890 3.042540 3.093720 3.144450 3.151910 3.040470 2.951830 3.005940 3.028190 3.018570 3.008880 3.003840 3.001680 3.000680 3.000010 3.000000 
3.000000 2.995310 2.949290 2.927340 2.942960 2.993040 3.061980 3.133320 3.188980 3.168190 2.997370 2.914370 3.033500 3.042180 3.019700 3.007560 3.003190 3.001720 3.000860 2.999970 3.000000 
3.000000 2.990710 2.916060 2.880700 2.907410 2.984420 3.073190 3.134030 3.107850 2.962030 2.917640 3.011130 3.070890 3.013680 2.994610 2.995460 2.999100 3.000980 3.000970 2.999900 3.000000 
3.000000 2.982820 2.878640 2.831810 2.883180 3.005190 3.115570 3.137350 2.981880 2.789940 2.986570 3.134250 3.045600 2.965030 2.971050 2.989330 2.999410 3.002590 3.002070 2.999980 3.000000 
3.000000 2.970080 2.850110 2.801600 2.904140 3.084120 3.118270 2.988950 2.942050 3.009570 3.073270 2.981350 2.945530 2.962080 2.992700 3.006850 3.009440 3.007640 3.004240 3.000250 3.000000 
3.000000 2.957730 2.867580 2.846380 3.011970 3.154690 2.986470 2.778380 3.017280 3.239840 3.007860 2.789320 2.912970 3.036790 3.051350 3.031860 3.018590 3.010910 3.005380 3.000480 3.000000 
3.000000 2.996010 2.980040 3.018810 3.079390 2.992670 2.925710 3.001660 3.076410 3.012980 2.968240 2.991290 3.031270 3.018250 3.008190 3.006130 3.006580 3.005820 3.003520 3.000370 3.000000 
3.000000 3.028520 3.050050 3.096880 2.990430 2.779060 2.998040 3.255310 2.985170 2.727390 3.008760 3.226480 3.062360 2.893240 2.917870 2.966190 2.990170 2.998740 3.000680 3.000250 3.000000 
3.000000 2.993840 2.979480 2.965790 2.971800 2.991780 3.049980 3.012700 2.954910 2.994140 3.052600 3.019420 2.988960 2.987840 2.994120 2.998450 2.998550 2.998350 2.999100 3.000550 3.000000 
3.000000 2.967860 2.928740 2.904920 3.071480 3.250470 2.974640 2.713340 3.022450 3.273790 2.996840 2.764300 2.981950 3.155330 3.103380 3.037810 3.004280 2.993730 2.994860 3.000740 3.000000 
3.000000 2.987570 2.986020 3.001690 3.070690 3.023180 2.948750 2.981730 3.051200 3.030700 2.976370 2.983710 3.043850 3.074560 3.028150 2.983990 2.967300 2.970220 2.983190 3.000150 3.000000 
3.000000 3.030950 3.070350 3.095190 2.946780 2.759070 3.036530 3.270540 2.983310 2.751850 3.009240 3.231780 3.071640 2.887480 2.854190 2.874020 2.902960 2.934530 2.966830 2.999060 3.000000 
3.000000 3.010780 3.045700 3.028260 2.920180 2.923900 3.063830 3.049660 2.980140 2.982220 3.037580 3.086610 2.976580 2.813480 2.772880 2.806020 2.856180 2.906470 2.953590 2.998250 3.000000 
3.000000 2.996270 3.029710 3.045300 3.096900 3.165120 2.977460 2.796030 3.020790 3.200110 3.037180 2.848940 2.798480 2.752840 2.749200 2.787190 2.840980 2.896210 2.948420 2.997990 3.000000 
3.000000 3.002400 3.046530 3.099920 3.176630 3.185060 2.980170 2.847280 3.021360 3.143310 3.011120 2.829820 2.768420 2.754520 2.768980 2.806360 2.854470 2.904310 2.952200 2.998140 3.000000 
3.000000 3.003670 3.046460 3.094640 3.139050 3.122530 3.006260 2.936750 3.009060 3.060620 2.988510 2.878770 2.824680 2.812970 2.826080 2.854490 2.890110 2.927290 2.963510 2.998580 3.000000 
3.000000 3.002200 3.028450 3.055480 3.074670 3.061770 3.010700 2.980170 3.003130 3.019590 2.987360 2.936330 2.906200 2.898630 2.905640 2.921050 2.940250 2.960340 2.980040 2.999220 3.000000 
3.000000 3.000000 3.002200 3.005330 3.009090 3.008320 2.999010 2.993890 3.000810 3.005740 3.001150 2.994330 2.992410 2.993170 2.994640 2.996150 2.997430 2.998420 2.999220 3.000000 3.000000 
3.000000 3.000000 3.000000 3.000000 3.000000 3.000000 3.000000 3.000000 3.000000 3.000000 3.000000 3.000000 3.000000 3.000000 3.000000 3.000000 3.000000 3.000000 3.000000 3.000000 3.000000 
3.100000 3.100000 3.100000 3.100000 3.100000 3.100000 3.100000 3.100000 3.100000 3.100000 3.100000 3.100000 3.100000 3.100000 3.100000 3.100000 3.100000 3.100000 3.100000 3.100000 3.100000 
3.100000 3.100000 3.098610 3.097890 3.098420 3.100500 3.104420 3.111420 3.124620 3.140640 3.111320 3.081370 3.107270 3.110630 3.104380 3.101570 3.100550 3.100200 3.100070 3.100000 3.100000 
3.100000 3.098610 3.082870 3.077030 3.086690 3.111580 3.147150 3.187700 3.223950 3.225510 3.141850 3.083520 3.130200 3.143110 3.128560 3.115390 3.107780 3.103850 3.101640 3.100070 3.100000 
3.100000 3.096620 3.063600 3.050780 3.068940 3.114510 3.172930 3.228020 3.262030 3.234260 3.106470 3.062580 3.163620 3.164200 3.136470 3.118850 3.110030 3.105460 3.102510 3.100080 3.100000 
3.100000 3.093300 3.039300 3.017950 3.046860 3.114460 3.186990 3.229500 3.191560 3.059580 3.032190 3.128120 3.185400 3.138180 3.115550 3.109350 3.107290 3.105380 3.102900 3.100040 3.100000 
3.100000 3.087620 3.011920 2.983340 3.032080 3.131910 3.213480 3.217360 3.081210 2.925310 3.083620 3.209240 3.147080 3.087450 3.090480 3.101700 3.106580 3.106440 3.103780 3.100100 3.100000 
3.100000 3.078540 2.991410 2.962440 3.048450 3.185310 3.197210 3.084100 3.051090 3.113420 3.160480 3.079940 3.051960 3.072840 3.101430 3.113020 3.113610 3.110160 3.105430 3.100300 3.100000 
3.100000 3.069770 3.004780 2.994850 3.122710 3.224950 3.081270 2.924750 3.125860 3.307370 3.114650 2.931550 3.024420 3.130120 3.147640 3.133020 3.120910 3.112710 3.106290 3.100480 3.100000 
3.100000 3.097380 3.087170 3.117590 3.160310 3.087920 3.035240 3.112190 3.176870 3.117560 3.075280 3.096240 3.133700 3.130470 3.121320 3.115190 3.111790 3.108480 3.104620 3.100400 3.100000 
3.100000 3.120860 3.138240 3.173170 3.089800 2.930940 3.106580 3.318300 3.095530 2.884810 3.106690 3.292440 3.173090 3.041130 3.051940 3.082600 3.097320 3.101750 3.101790 3.100310 3.100000 
3.100000 3.094460 3.085640 3.078550 3.090590 3.112880 3.150710 3.111860 3.060640 3.098960 3.149010 3.123820 3.098250 3.096330 3.099140 3.100800 3.099820 3.099130 3.099480 3.100520 3.100000 
3.100000 3.076030 3.051600 3.043490 3.185330 3.324620 3.083420 2.869320 3.120220 3.335440 3.110420 2.915150 3.074880 3.210180 3.172010 3.123480 3.099180 3.092450 3.094700 3.100610 3.100000 
3.100000 3.091630 3.097400 3.117510 3.174990 3.129710 3.057160 3.086330 3.148250 3.136550 3.084730 3.084230 3.125090 3.143770 3.106200 3.074460 3.064940 3.070610 3.083880 3.100070 3.100000 
3.100000 3.124130 3.160430 3.180980 3.059720 2.911900 3.136350 3.332920 3.098140 2.908990 3.107270 3.287250 3.154980 2.998260 2.965750 2.982830 3.009880 3.039490 3.069480 3.099140 3.100000 
3.100000 3.108750 3.141480 3.129710 3.041860 3.045100 3.163930 3.156960 3.088250 3.082410 3.130220 3.173880 3.077840 2.936450 2.898730 2.926210 2.970340 3.015460 3.058040 3.098470 3.100000 
3.100000 3.098050 3.131110 3.148880 3.191020 3.244110 3.094840 2.947560 3.113060 3.254610 3.131290 2.982980 2.931950 2.886030 2.879500 2.911110 2.958010 3.007030 3.053760 3.098260 3.100000 
3.100000 3.102690 3.144590 3.192790 3.256120 3.260690 3.092010 2.979360 3.111410 3.209990 3.108040 2.962120 2.905510 2.888160 2.897550 2.928750 2.970600 3.014660 3.057330 3.098400 3.100000 
3.100000 3.103410 3.142920 3.185740 3.222940 3.207620 3.109490 3.048590 3.103390 3.145400 3.088550 2.998760 2.951060 2.938220 2.947650 2.971510 3.002490 3.035310 3.067510 3.098780 3.100000 
3.100000 3.101980 3.125950 3.149930 3.166170 3.154570 3.110710 3.083430 3.100560 3.114000 3.088170 3.045980 3.019760 3.012130 3.017350 3.030340 3.047050 3.064770 3.082260 3.099330 3.100000 
3.100000 3.100000 3.101980 3.104690 3.107780 3.107010 3.099240 3.094840 3.100240 3.104390 3.100940 3.095490 3.093780 3.094270 3.095430 3.096690 3.097790 3.098650 3.099330 3.100000 3.100000 
3.100000 3.100000 3.100000 3.100000 3.100000 3.100000 3.100000 3.100000 3.100000 3.100000 3.100000 3.100000 3.100000 3.100000 3.100000 3.100000 3.100000 3.100000 3.100000 3.100000 3.100000 
3.200000 3.200000 3.200000 3.200000 3.200000 3.200000 3.200000 3.200000 3.200000 3.200000 3.200000 3.200000 3.200000 3.200000 3.200000 3.200000 3.200000 3.200000 3.200000 3.200000 3.200000 
3.200000 3.200000 3.199070 3.198700 3.199320 3.201160 3.204400 3.209790 3.219310 3.230640 3.209470 3.190050 3.210530 3.211280 3.204950 3.201960 3.200760 3.200300 3.200110 3.200000 3.200000 
3.200000 3.199070 3.189000 3.186720 3.196500 3.217730 3.246190 3.276490 3.301040 3.299900 3.241080 3.207430 3.247620 3.253520 3.235830 3.220360 3.210900 3.205590 3.202420 3.200110 3.200000 
3.200000 3.197750 3.176280 3.170620 3.188810 3.227280 3.273500 3.313280 3.331480 3.303550 3.214490 3.200930 3.286130 3.280880 3.249850 3.228180 3.215780 3.208620 3.203910 3.200170 3.200000 
3.200000 3.195500 3.159750 3.149310 3.176890 3.232120 3.287370 3.314140 3.271980 3.161000 3.150710 3.245790 3.299610 3.260410 3.234690 3.222140 3.214810 3.209360 3.204630 3.200170 3.200000 
3.200000 3.191590 3.140780 3.126020 3.168380 3.245130 3.301400 3.293990 3.180300 3.060430 3.188950 3.297010 3.257250 3.213140 3.211420 3.214760 3.213910 3.210220 3.205400 3.200220 3.200000 
3.200000 3.185300 3.126350 3.111370 3.179220 3.277850 3.274790 3.181490 3.161140 3.217790 3.254500 3.190800 3.171960 3.192910 3.215350 3.221580 3.218620 3.212860 3.206610 3.200360 3.200000 
3.200000 3.179070 3.135410 3.132390 3.226500 3.296030 3.178550 3.067170 3.233220 3.378600 3.223940 3.077850 3.147710 3.234520 3.250100 3.236630 3.223970 3.214610 3.207150 3.200490 3.200000 
3.200000 3.198320 3.193250 3.216120 3.244280 3.186510 3.147920 3.221230 3.276400 3.224920 3.186580 3.205250 3.239620 3.242720 3.233590 3.223630 3.216570 3.210850 3.205570 3.200430 3.200000 
3.200000 3.215000 3.230180 3.256710 3.194310 3.079960 3.217160 3.385620 3.206410 3.039470 3.208090 3.360850 3.276290 3.176100 3.178220 3.195710 3.203150 3.204200 3.202690 3.200330 3.200000 
3.200000 3.195860 3.194260 3.194950 3.212200 3.235170 3.256400 3.216700 3.169400 3.202490 3.242630 3.223740 3.201700 3.199260 3.200700 3.201450 3.200360 3.199630 3.199770 3.200450 3.200000 
3.200000 3.183450 3.174110 3.180400 3.300440 3.406660 3.200960 3.027130 3.218910 3.394270 3.214370 3.054480 3.166260 3.268650 3.242970 3.210090 3.194580 3.191520 3.194740 3.200460 3.200000 
3.200000 3.195410 3.209530 3.235400 3.285300 3.244800 3.174880 3.194880 3.243200 3.234990 3.185320 3.177810 3.202390 3.213060 3.186020 3.166710 3.164090 3.172110 3.185150 3.199980 3.200000 
3.200000 3.218850 3.253940 3.274300 3.181480 3.068340 3.239970 3.395860 3.206200 3.053970 3.198820 3.337950 3.231030 3.103770 3.077020 3.093720 3.119230 3.146340 3.173120 3.199220 3.200000 
3.200000 3.207190 3.238370 3.233340 3.166170 3.168610 3.262510 3.256750 3.190640 3.178410 3.215800 3.252680 3.173230 3.057410 3.026270 3.049850 3.087960 3.127050 3.163860 3.198700 3.200000 
3.200000 3.199360 3.230970 3.249880 3.284350 3.324590 3.207400 3.088690 3.203520 3.309960 3.218710 3.106710 3.061360 3.020300 3.013560 3.039600 3.079140 3.120800 3.160620 3.198560 3.200000 
3.200000 3.202700 3.240660 3.282560 3.333530 3.335580 3.200560 3.106920 3.201480 3.277190 3.201300 3.089320 3.041620 3.024490 3.030550 3.055820 3.090690 3.127800 3.163900 3.198700 3.200000 
3.200000 3.203000 3.237710 3.274150 3.304270 3.290930 3.210960 3.159040 3.197770 3.230060 3.187190 3.117500 3.078380 3.066370 3.073020 3.092280 3.117960 3.145480 3.172620 3.199020 3.200000 
3.200000 3.201700 3.222480 3.242780 3.255990 3.246100 3.209910 3.186320 3.198010 3.208290 3.188590 3.155630 3.134290 3.127460 3.131240 3.141740 3.155560 3.170380 3.185080 3.199460 3.200000 
3.200000 3.200000 3.201700 3.203930 3.206380 3.205680 3.199430 3.195750 3.199760 3.203080 3.200610 3.196490 3.195100 3.195400 3.196280 3.197300 3.198200 3.198900 3.199460 3.200000 3.200000 
3.200000 3.200000 3.200000 3.200000 3.200000 3.200000 3.200000 3.200000 3.200000 3.200000 3.200000 3.200000 3.200000 3.200000 3.200000 3.200000 3.200000 3.200000 3.200000 3.200000 3.200000 
3.300000 3.300000 3.300000 3.300000 3.300000 3.300000 3.300000 3.300000 3.300000 3.300000 3.300000 3.300000 3.300000 3.300000 3.300000 3.300000 3.300000 3.300000 3.300000 3.300000 3.300000 
3.300000 3.300000 3.299430 3.299280 3.299860 3.301350 3.303830 3.307790 3.314460 3.322380 3.307550 3.295580 3.311610 3.310940 3.304930 3.302050 3.300840 3.300350 3.300130 3.300000 3.300000 
3.300000 3.299430 3.293650 3.293580 3.302220 3.318920 3.340220 3.361730 3.377880 3.376280 3.337210 3.320950 3.355020 3.356370 3.337880 3.322020 3.312070 3.306280 3.302730 3.300130 3.300000 
3.300000 3.298620 3.285950 3.284780 3.300740 3.330720 3.364950 3.392170 3.400670 3.376910 3.318640 3.324620 3.395420 3.386660 3.355220 3.332270 3.318380 3.310030 3.304530 3.300220 3.300000 
3.300000 3.297170 3.275370 3.271830 3.295250 3.337240 3.376800 3.392230 3.352400 3.264920 3.268020 3.357320 3.405600 3.372540 3.345630 3.329370 3.318860 3.311360 3.305450 3.300250 3.300000 
3.300000 3.294550 3.262680 3.256590 3.290380 3.346090 3.382760 3.370450 3.280240 3.192880 3.297800 3.390020 3.366030 3.332360 3.326230 3.323300 3.318210 3.312170 3.306130 3.300290 3.300000 
3.300000 3.290250 3.252530 3.245940 3.296470 3.364510 3.353590 3.280710 3.271050 3.322060 3.352380 3.305370 3.293740 3.311500 3.326470 3.327290 3.321310 3.313990 3.306990 3.300400 3.300000 
3.300000 3.285800 3.257950 3.258160 3.324790 3.370440 3.278170 3.202580 3.337680 3.452990 3.332430 3.219910 3.272350 3.340630 3.351730 3.338090 3.324940 3.315040 3.307260 3.300480 3.300000 
3.300000 3.298930 3.297520 3.314080 3.331620 3.287400 3.261170 3.327400 3.373620 3.331250 3.298040 3.314160 3.344210 3.349850 3.340320 3.327960 3.318710 3.311670 3.305790 3.300420 3.300000 
3.300000 3.310700 3.324480 3.345180 3.300110 3.220370 3.326070 3.456910 3.315100 3.185350 3.310220 3.432050 3.372490 3.297350 3.294790 3.303690 3.306400 3.305380 3.303040 3.300330 3.300000 
3.300000 3.297380 3.301870 3.308820 3.329210 3.351660 3.361570 3.322720 3.278480 3.304090 3.334400 3.320050 3.301020 3.298510 3.299930 3.300920 3.300340 3.299880 3.299950 3.300360 3.300000 
3.300000 3.289370 3.291690 3.308020 3.408920 3.489810 3.318600 3.177800 3.317100 3.453880 3.311470 3.183340 3.259460 3.336000 3.320630 3.300430 3.291970 3.291630 3.295230 3.300310 3.300000 
3.300000 3.298320 3.318460 3.348370 3.392850 3.358850 3.293540 3.302850 3.335660 3.327530 3.281030 3.269290 3.283040 3.290000 3.273220 3.264160 3.266560 3.275560 3.287320 3.299910 3.300000 
3.300000 3.314760 3.348300 3.369610 3.302310 3.217200 3.342680 3.460090 3.307360 3.185750 3.287430 3.392050 3.308710 3.210750 3.192160 3.208990 3.232190 3.255600 3.277950 3.299340 3.300000 
3.300000 3.305940 3.334750 3.335340 3.286280 3.287740 3.357570 3.349940 3.288500 3.272210 3.299470 3.330160 3.268810 3.179730 3.157100 3.177630 3.209300 3.241250 3.271000 3.298960 3.300000 
3.300000 3.300170 3.328470 3.346760 3.374670 3.404590 3.313100 3.217960 3.293910 3.371040 3.304640 3.223620 3.188250 3.155850 3.151000 3.172150 3.203880 3.237140 3.268800 3.298880 3.300000 
3.300000 3.302440 3.334580 3.369170 3.409100 3.409810 3.304290 3.228210 3.293130 3.349090 3.294340 3.212400 3.176090 3.162230 3.166680 3.186470 3.213930 3.243180 3.271620 3.299010 3.300000 
3.300000 3.302470 3.330970 3.360310 3.383790 3.372910 3.310030 3.267360 3.293310 3.317100 3.286180 3.235010 3.205530 3.196010 3.200880 3.215740 3.235770 3.257320 3.278580 3.299260 3.300000 
3.300000 3.301370 3.318200 3.334400 3.344670 3.336720 3.308140 3.288680 3.296100 3.303590 3.289350 3.265110 3.249090 3.243750 3.246520 3.254580 3.265320 3.276890 3.288370 3.299600 3.300000 
3.300000 3.300000 3.301370 3.303130 3.304990 3.304420 3.299570 3.296610 3.299460 3.301980 3.300280 3.297310 3.296280 3.296480 3.297150 3.297930 3.298630 3.299180 3.299600 3.300000 3.300000 
3.300000 3.300000 3.300000 3.300000 3.300000 3.300000 3.300000 3.300000 3.300000 3.300000 3.300000 3.300000 3.300000 3.300000 3.300000 3.300000 3.300000 3.300000 3.300000 3.300000 3.300000 
3.400000 3.400000 3.400000 3.400000 3.400000 3.400000 3.400000 3.400000 3.400000 3.400000 3.400000 3.400000 3.400000 3.400000 3.400000 3.400000 3.400000 3.400000 3.400000 3.400000 3.400000 
3.400000 3.400000 3.399690 3.399650 3.400110 3.401160 3.402890 3.405590 3.410100 3.415600 3.405610 3.398530 3.410580 3.409320 3.404180 3.401750 3.400730 3.400310 3.400120 3.400000 3.400000 
3.400000 3.399690 3.396760 3.397580 3.404080 3.415760 3.430230 3.444560 3.455180 3.454610 3.429690 3.423430 3.451160 3.449900 3.433100 3.419240 3.410570 3.405510 3.402400 3.400120 3.400000 
3.400000 3.399230 3.392520 3.393330 3.405270 3.426150 3.449320 3.467080 3.471190 3.453990 3.416700 3.431240 3.488710 3.478090 3.449570 3.429020 3.416510 3.408970 3.404030 3.400210 3.400000 
3.400000 3.398360 3.386200 3.385950 3.403180 3.432060 3.458420 3.467270 3.434500 3.368420 3.378740 3.457330 3.497480 3.468860 3.443980 3.428050 3.417620 3.410370 3.404900 3.400250 3.400000 
3.400000 3.396700 3.378100 3.376250 3.400290 3.437830 3.460840 3.449140 3.380470 3.317890 3.404140 3.480730 3.464360 3.437370 3.429350 3.423690 3.417280 3.411060 3.405450 3.400290 3.400000 
3.400000 3.393830 3.370950 3.368190 3.403120 3.448370 3.435130 3.380270 3.378070 3.423330 3.449060 3.414150 3.406560 3.419810 3.428560 3.426110 3.419290 3.412260 3.406020 3.400350 3.400000 
3.400000 3.390650 3.373430 3.374000 3.419760 3.449890 3.378460 3.327110 3.437090 3.529450 3.434680 3.348360 3.388590 3.440860 3.447040 3.433740 3.421660 3.412830 3.406120 3.400410 3.400000 
3.400000 3.399300 3.399740 3.411060 3.421530 3.388170 3.370620 3.428260 3.466630 3.431810 3.403590 3.417210 3.442670 3.448440 3.438700 3.426020 3.416760 3.410120 3.404920 3.400360 3.400000 
3.400000 3.407440 3.419300 3.435510 3.402450 3.345940 3.428610 3.531330 3.417630 3.315830 3.409540 3.506370 3.462490 3.405430 3.401690 3.406170 3.406640 3.404960 3.402660 3.400280 3.400000 
3.400000 3.398550 3.405480 3.414450 3.434280 3.455290 3.459930 3.424020 3.383150 3.402420 3.425560 3.414530 3.398100 3.396030 3.398230 3.399990 3.400110 3.399980 3.400040 3.400260 3.400000 
3.400000 3.393560 3.400970 3.419850 3.503270 3.567640 3.426520 3.311750 3.412850 3.519510 3.405930 3.304190 3.357770 3.415900 3.407420 3.396040 3.392210 3.393190 3.396320 3.400190 3.400000 
3.400000 3.399970 3.420640 3.449900 3.489330 3.461710 3.403020 3.405150 3.426290 3.418050 3.376600 3.364460 3.373140 3.379690 3.371190 3.368880 3.373480 3.381480 3.390590 3.399900 3.400000 
3.400000 3.411150 3.440330 3.461170 3.413030 3.347670 3.439220 3.527740 3.403690 3.306590 3.378940 3.458720 3.395790 3.324330 3.314500 3.330660 3.349750 3.367690 3.384110 3.399510 3.400000 
3.400000 3.404670 3.428490 3.431680 3.395930 3.396830 3.448140 3.438860 3.384610 3.367960 3.387590 3.414310 3.371150 3.307470 3.293650 3.310830 3.334850 3.358200 3.379470 3.399270 3.400000 
3.400000 3.400440 3.422600 3.437540 3.459600 3.483000 3.411950 3.336450 3.387140 3.443150 3.394930 3.339100 3.316610 3.295080 3.293030 3.309140 3.332200 3.355890 3.378170 3.399240 3.400000 
3.400000 3.401900 3.425950 3.451850 3.481940 3.482980 3.403320 3.344220 3.388520 3.429010 3.391020 3.334740 3.311080 3.302430 3.306200 3.320500 3.339960 3.360480 3.380310 3.399340 3.400000 
3.400000 3.401810 3.422590 3.443950 3.461160 3.453360 3.406940 3.374420 3.391450 3.408390 3.387590 3.353000 3.333460 3.327370 3.331000 3.341480 3.355490 3.370490 3.385220 3.399520 3.400000 
3.400000 3.400990 3.413110 3.424730 3.432120 3.426390 3.405580 3.390960 3.395510 3.400780 3.391350 3.375110 3.364460 3.360970 3.362970 3.368590 3.376060 3.384080 3.392010 3.399740 3.400000 
3.400000 3.400000 3.400990 3.402250 3.403570 3.403150 3.399680 3.397510 3.399390 3.401150 3.400050 3.398080 3.397410 3.397570 3.398040 3.398590 3.399080 3.399450 3.399740 3.400000 3.400000 
3.400000 3.400000 3.400000 3.400000 3.400000 3.400000 3.400000 3.400000 3.400000 3.400000 3.400000 3.400000 3.400000 3.400000 3.400000 3.400000 3.400000 3.400000 3.400000 3.400000 3.400000 
3.500000 3.500000 3.500000 3.500000 3.500000 3.500000 3.500000 3.500000 3.500000 3.500000 3.500000 3.500000 3.500000 3.500000 3.500000 3.500000 3.500000 3.500000 3.500000 3.500000 3.500000 
3.500000 3.500000 3.499870 3.499870 3.500130 3.500690 3.501600 3.503070 3.505650 3.509210 3.503430 3.499530 3.507200 3.506000 3.502550 3.501040 3.500430 3.500180 3.500080 3.500000 3.500000 
3.500000 3.499870 3.498660 3.499350 3.502950 3.509230 3.517060 3.525170 3.532320 3.534960 3.518860 3.514860 3.536460 3.533790 3.521010 3.511850 3.506410 3.503310 3.501440 3.500080 3.500000 
3.500000 3.499660 3.496720 3.497610 3.504230 3.515510 3.528200 3.538760 3.543940 3.538150 3.507270 3.517630 3.568560 3.554940 3.532040 3.518100 3.510120 3.505440 3.502430 3.500130 3.500000 
3.500000 3.499250 3.493560 3.493970 3.503450 3.519130 3.534140 3.541790 3.521380 3.467320 3.475720 3.544500 3.575590 3.546650 3.528430 3.517720 3.510920 3.506340 3.502970 3.500160 3.500000 
3.500000 3.498380 3.489080 3.488310 3.501390 3.522510 3.538380 3.535780 3.480250 3.421840 3.505140 3.571890 3.547160 3.523610 3.518980 3.515130 3.510760 3.506760 3.503300 3.500180 3.500000 
3.500000 3.496770 3.484240 3.481600 3.501590 3.532360 3.522770 3.478210 3.476370 3.519390 3.545910 3.510550 3.503630 3.513280 3.519030 3.516720 3.511930 3.507420 3.503600 3.500220 3.500000 
3.500000 3.494680 3.483580 3.480390 3.513480 3.541730 3.477070 3.426690 3.531120 3.622030 3.525850 3.448720 3.490120 3.534370 3.534650 3.522120 3.513430 3.507730 3.503630 3.500250 3.500000 
3.500000 3.499550 3.500020 3.506860 3.515830 3.487560 3.468330 3.521990 3.560040 3.523100 3.495740 3.509030 3.534280 3.539810 3.528760 3.517320 3.510510 3.506150 3.502940 3.500220 3.500000 
3.500000 3.504450 3.513870 3.529640 3.498750 3.442270 3.521520 3.625770 3.509820 3.411700 3.503870 3.596560 3.549170 3.497610 3.499270 3.503870 3.504200 3.503060 3.501620 3.500170 3.500000 
3.500000 3.499290 3.503850 3.507940 3.521110 3.541050 3.552330 3.517470 3.475200 3.495490 3.520560 3.509750 3.492480 3.491870 3.496440 3.499350 3.499990 3.500070 3.500090 3.500150 3.500000 
3.500000 3.496470 3.500490 3.508780 3.579910 3.653050 3.517530 3.407760 3.506250 3.613480 3.500600 3.407630 3.462800 3.514470 3.504240 3.497010 3.495330 3.496200 3.498000 3.500100 3.500000 
3.500000 3.500240 3.513820 3.535720 3.574700 3.548330 3.492320 3.497810 3.519520 3.511640 3.473760 3.466160 3.475910 3.484790 3.480850 3.481210 3.484910 3.489810 3.494920 3.499940 3.500000 
3.500000 3.506960 3.528300 3.550030 3.509160 3.442410 3.527510 3.618510 3.496220 3.407180 3.478480 3.554090 3.496330 3.443010 3.444520 3.459560 3.472100 3.482510 3.491510 3.499730 3.500000 
3.500000 3.502910 3.518350 3.520640 3.488700 3.491790 3.539210 3.526560 3.479730 3.469230 3.483790 3.511970 3.485450 3.442400 3.437280 3.450240 3.464700 3.477720 3.489150 3.499620 3.500000 
3.500000 3.500230 3.512690 3.520020 3.538540 3.566800 3.504400 3.438270 3.486450 3.536770 3.493100 3.453010 3.449130 3.440360 3.440880 3.450930 3.463940 3.476770 3.488570 3.499610 3.500000 
3.500000 3.501050 3.514540 3.529820 3.551840 3.556690 3.498050 3.455360 3.490060 3.519580 3.493750 3.458680 3.449100 3.446620 3.449640 3.457850 3.468450 3.479360 3.489760 3.499670 3.500000 
3.500000 3.500990 3.512470 3.524650 3.535480 3.531730 3.502540 3.482040 3.493370 3.504470 3.492570 3.473210 3.463590 3.461130 3.463500 3.469290 3.476780 3.484680 3.492350 3.499760 3.500000 
3.500000 3.500530 3.507150 3.513620 3.517940 3.514830 3.502620 3.493980 3.496740 3.500040 3.495020 3.486340 3.480930 3.479350 3.480560 3.483610 3.487570 3.491770 3.495880 3.499870 3.500000 
3.500000 3.500000 3.500530 3.501210 3.501950 3.501730 3.499810 3.498590 3.499590 3.500540 3.499970 3.498950 3.498630 3.498730 3.498990 3.499280 3.499540 3.499730 3.499870 3.500000 3.500000 
3.500000 3.500000 3.500000 3.500000 3.500000 3.500000 3.500000 3.500000 3.500000 3.500000 3.500000 3.500000 3.500000 3.500000 3.500000 3.500000 3.500000 3.500000 3.500000 3.500000 3.500000 
3.600000 3.600000 3.600000 3.600000 3.600000 3.600000 3.600000 3.600000 3.600000 3.600000 3.600000 3.600000 3.600000 3.600000 3.600000 3.600000 3.600000 3.600000 3.600000 3.600000 3.600000 
3.600000 3.600000 3.600000 3.600000 3.600000 3.600000 3.600000 3.600000 3.600000 3.600030 3.600060 3.600000 3.599950 3.599980 3.600000 3.600000 3.600000 3.600000 3.600000 3.600000 3.600000 
3.600000 3.600000 3.599870 3.599870 3.600130 3.600690 3.601600 3.603040 3.606410 3.620080 3.609680 3.595200 3.614030 3.610270 3.602530 3.601040 3.600430 3.600180 3.600080 3.600000 3.600000 
3.600000 3.600000 3.599660 3.599620 3.600120 3.601220 3.602720 3.604240 3.619730 3.661650 3.589630 3.561510 3.661130 3.624300 3.603950 3.601560 3.600650 3.600300 3.600130 3.600000 3.600000 
3.600000 3.600000 3.599250 3.599010 3.599770 3.600920 3.601570 3.616520 3.633170 3.550550 3.527270 3.628120 3.663390 3.603260 3.601820 3.601130 3.600590 3.600320 3.600160 3.600000 3.600000 
3.600000 3.600000 3.598380 3.597490 3.597240 3.596330 3.616620 3.665130 3.584520 3.423770 3.611160 3.720320 3.608220 3.584910 3.598640 3.600570 3.600510 3.600350 3.600180 3.600000 3.600000 
3.600000 3.600000 3.596390 3.590130 3.586650 3.617410 3.638090 3.574050 3.536200 3.607830 3.683760 3.586640 3.579330 3.588680 3.598590 3.601130 3.600800 3.600460 3.600220 3.600000 3.600000 
3.600000 3.599900 3.589330 3.563250 3.603760 3.696510 3.571770 3.411170 3.625860 3.852660 3.592750 3.455380 3.572550 3.642250 3.621460 3.603710 3.601310 3.600590 3.600250 3.600000 3.600000 
3.600000 3.599960 3.597980 3.597360 3.633330 3.593760 3.516390 3.603880 3.703440 3.602290 3.552110 3.575430 3.633500 3.644220 3.615670 3.602770 3.601040 3.600500 3.600220 3.600000 3.600000 
3.600000 3.600050 3.608510 3.658450 3.596850 3.425730 3.598570 3.881760 3.578470 3.356990 3.596360 3.800840 3.643930 3.543170 3.586020 3.599300 3.600230 3.600290 3.600170 3.600000 3.600000 
3.600000 3.600020 3.599100 3.584590 3.575560 3.597050 3.678730 3.607800 3.516670 3.572490 3.646510 3.612330 3.569040 3.577200 3.594430 3.599810 3.600210 3.600240 3.600150 3.600000 3.600000 
3.600000 3.600010 3.593240 3.547780 3.634820 3.881320 3.582540 3.343070 3.604150 3.879670 3.585410 3.403150 3.576990 3.666690 3.609250 3.601210 3.600360 3.600180 3.600100 3.600000 3.600000 
3.600000 3.599930 3.596170 3.598100 3.686890 3.623920 3.525120 3.570780 3.640960 3.614320 3.555420 3.566840 3.590000 3.608530 3.600650 3.599190 3.599520 3.599790 3.599940 3.600000 3.600000 
3.600000 3.600080 3.612840 3.671010 3.599540 3.410330 3.609260 3.872980 3.568630 3.390460 3.593780 3.756820 3.603000 3.535730 3.575870 3.595470 3.598240 3.599260 3.599730 3.600000 3.600000 
3.600000 3.600020 3.605490 3.606650 3.538890 3.562560 3.669310 3.609330 3.558210 3.581380 3.579270 3.631680 3.620360 3.579310 3.586420 3.595530 3.597870 3.599010 3.599620 3.600000 3.600000 
3.600000 3.599970 3.599250 3.585890 3.614980 3.712660 3.583480 3.462300 3.598590 3.705210 3.594650 3.533000 3.583310 3.593760 3.594830 3.596710 3.598130 3.599050 3.599610 3.600000 3.600000 
3.600000 3.600000 3.601040 3.603200 3.623380 3.641150 3.584520 3.554940 3.602030 3.621420 3.602540 3.582650 3.591500 3.595420 3.596560 3.597660 3.598580 3.599230 3.599670 3.600000 3.600000 
3.600000 3.600000 3.600990 3.602510 3.605250 3.605800 3.598570 3.594100 3.599160 3.602620 3.600290 3.597030 3.596730 3.597250 3.597870 3.598510 3.599060 3.599470 3.599760 3.600000 3.600000 
3.600000 3.600000 3.600530 3.601210 3.601950 3.601730 3.599810 3.598590 3.599590 3.600540 3.599970 3.598950 3.598630 3.598730 3.598990 3.599280 3.599540 3.599730 3.599870 3.600000 3.600000 
3.600000 3.600000 3.600000 3.600000 3.600000 3.600000 3.600000 3.600000 3.600000 3.600000 3.600000 3.600000 3.600000 3.600000 3.600000 3.600000 3.600000 3.600000 3.600000 3.600000 3.600000 
3.600000 3.600000 3.600000 3.600000 3.600000 3.600000 3.600000 3.600000 3.600000 3.600000 3.600000 3.600000 3.600000 3.600000 3.600000 3.600000 3.600000 3.600000 3.600000 3.600000 3.600000 
3.700000 3.700000 3.700000 3.700000 3.700000 3.700000 3.700000 3.700000 3.700000 3.700000 3.700000 3.700000 3.700000 3.700000 3.700000 3.700000 3.700000 3.700000 3.700000 3.700000 3.700000 
3.700000 3.700000 3.700000 3.700000 3.700000 3.700000 3.700000 3.700000 3.700000 3.700000 3.700000 3.700000 3.700000 3.700000 3.700000 3.700000 3.700000 3.700000 3.700000 3.700000 3.700000 
3.700000 3.700000 3.700000 3.700000 3.700000 3.700000 3.700000 3.700000 3.700000 3.700000 3.700000 3.700000 3.700000 3.700000 3.700000 3.700000 3.700000 3.700000 3.700000 3.700000 3.700000 
3.700000 3.700000 3.700000 3.700000 3.700000 3.700000 3.700000 3.700000 3.700000 3.700000 3.700000 3.700000 3.700000 3.700000 3.700000 3.700000 3.700000 3.700000 3.700000 3.700000 3.700000 
3.700000 3.700000 3.700000 3.700000 3.700000 3.700000 3.700000 3.700000 3.700000 3.700000 3.700000 3.700000 3.700000 3.700000 3.700000 3.700000 3.700000 3.700000 3.700000 3.700000 3.700000 
3.700000 3.700000 3.700000 3.700000 3.700000 3.700000 3.700000 3.700000 3.700000 3.700000 3.700000 3.700000 3.700000 3.700000 3.700000 3.700000 3.700000 3.700000 3.700000 3.700000 3.700000 
3.700000 3.700000 3.700000 3.700000 3.700000 3.700000 3.700000 3.700000 3.700000 3.700000 3.700000 3.700000 3.700000 3.700000 3.700000 3.700000 3.700000 3.700000 3.700000 3.700000 3.700000 
3.700000 3.700000 3.700000 3.700000 3.700000 3.700000 3.700000 3.700000 3.700000 3.700000 3.700000 3.700000 3.700000 3.700000 3.700000 3.700000 3.700000 3.700000 3.700000 3.700000 3.700000 
3.700000 3.700000 3.700000 3.700000 3.700000 3.700000 3.700000 3.700000 3.700000 3.700000 3.700000 3.700000 3.700000 3.700000 3.700000 3.700000 3.700000 3.700000 3.700000 3.700000 3.700000 
3.700000 3.700000 3.700000 3.700000 3.700000 3.700000 3.700000 3.700000 3.700000 3.700000 3.700000 3.700000 3.700000 3.700000 3.700000 3.700000 3.700000 3.700000 3.700000 3.700000 3.700000 
3.700000 3.700000 3.700000 3.700000 3.700000 3.700000 3.700000 3.700000 3.700000 3.700000 3.700000 3.700000 3.700000 3.700000 3.700000 3.700000 3.700000 3.700000 3.700000 3.700000 3.700000 
3.700000 3.700000 3.700000 3.700000 3.700000 3.700000 3.700000 3.700000 3.700000 3.700000 3.700000 3.700000 3.700000 3.700000 3.700000 3.700000 3.700000 3.700000 3.700000 3.700000 3.700000 
3.700000 3.700000 3.700000 3.700000 3.700000 3.700000 3.700000 3.700000 3.700000 3.700000 3.700000 3.700000 3.700000 3.700000 3.700000 3.700000 3.700000 3.700000 3.700000 3.700000 3.700000 
3.700000 3.700000 3.700000 3.700000 3.700000 3.700000 3.700000 3.700000 3.700000 3.700000 3.700000 3.700000 3.700000 3.700000 3.700000 3.700000 3.700000 3.700000 3.700000 3.700000 3.700000 
3.700000 3.700000 3.700000 3.700000 3.700000 3.700000 3.700000 3.700000 3.700000 3.700000 3.700000 3.700000 3.700000 3.700000 3.700000 3.700000 3.700000 3.700000 3.700000 3.700000 3.700000 
3.700000 3.700000 3.700000 3.700000 3.700000 3.700000 3.700000 3.700000 3.700000 3.700000 3.700000 3.700000 3.700000 3.700000 3.700000 3.700000 3.700000 3.700000 3.700000 3.700000 3.700000 
3.700000 3.700000 3.700000 3.700000 3.700000 3.700000 3.700000 3.700000 3.700000 3.700000 3.700000 3.700000 3.700000 3.700000 3.700000 3.700000 3.700000 3.700000 3.700000 3.700000 3.700000 
3.700000 3.700000 3.700000 3.700000 3.700000 3.700000 3.700000 3.700000 3.700000 3.700000 3.700000 3.700000 3.700000 3.700000 3.700000 3.700000 3.700000 3.700000 3.700000 3.700000 3.700000 
3.700000 3.700000 3.700000 3.700000 3.700000 3.700000 3.700000 3.700000 3.700000 3.700000 3.700000 3.700000 3.700000 3.700000 3.700000 3.700000 3.700000 3.700000 3.700000 3.700000 3.700000 
3.700000 3.700000 3.700000 3.700000 3.700000 3.700000 3.700000 3.700000 3.700000 3.700000 3.700000 3.700000 3.700000 3.700000 3.700000 3.700000 3.700000 3.700000 3.700000 3.700000 3.700000 
3.700000 3.700000 3.700000 3.700000 3.700000 3.700000 3.700000 3.700000 3.700000 3.700000 3.700000 3.700000 3.700000 3.700000 3.700000 3.700000 3.700000 3.700000 3.700000 3.700000 3.700000 
