2839	Foshan	112.4691 	22.7119 
2840	Foshan	112.4589 	22.7136 
2841	Foshan	112.4496 	22.7184 
2842	Foshan	112.4429 	22.7173 
2843	Foshan	112.4383 	22.7115 
2844	Foshan	112.4379 	22.6993 
2845	Foshan	112.4351 	22.6867 
2846	Foshan	112.4290 	22.6781 
2847	Foshan	112.4248 	22.6761 
2848	Foshan	112.4156 	22.6737 
2849	Foshan	112.4052 	22.6753 
2850	Foshan	112.3979 	22.6825 
2851	Foshan	112.3970 	22.6912 
2852	Foshan	112.3974 	22.6967 
2853	Foshan	112.4000 	22.7061 
2854	Foshan	112.4012 	22.7162 
2855	Foshan	112.3987 	22.7240 
2856	Foshan	112.3924 	22.7335 
2857	Foshan	112.3839 	22.7451 
2858	Foshan	112.3809 	22.7560 
2859	Foshan	112.3833 	22.7660 
2860	Foshan	112.3851 	22.7706 
2861	Foshan	112.3877 	22.7733 
2862	Foshan	112.3957 	22.7775 
2863	Foshan	112.4109 	22.7798 
2864	Foshan	112.4206 	22.7815 
2865	Foshan	112.4375 	22.7837 
2866	Foshan	112.4502 	22.7879 
2867	Foshan	112.4650 	22.7948 
2868	Foshan	112.4745 	22.7997 
2869	Foshan	112.4840 	22.8059 
2870	Foshan	112.4897 	22.8157 
2871	Foshan	112.4917 	22.8271 
2872	Foshan	112.4962 	22.8326 
2873	Foshan	112.5039 	22.8327 
2874	Foshan	112.5116 	22.8309 
2875	Foshan	112.5231 	22.8259 
2876	Foshan	112.5323 	22.8239 
2877	Foshan	112.5397 	22.8229 
2878	Foshan	112.5514 	22.8259 
2879	Foshan	112.5592 	22.8317 
2880	Foshan	112.5659 	22.8422 
2881	Foshan	112.5648 	22.8516 
2882	Foshan	112.5622 	22.8567 
2883	Foshan	112.5584 	22.8646 
2884	Foshan	112.5573 	22.8710 
2885	Foshan	112.5614 	22.8760 
2886	Foshan	112.5695 	22.8758 
2887	Foshan	112.5806 	22.8720 
2888	Foshan	112.5919 	22.8743 
2889	Foshan	112.6009 	22.8785 
2890	Foshan	112.6087 	22.8832 
2891	Foshan	112.6149 	22.8861 
2892	Foshan	112.6254 	22.8887 
2893	Foshan	112.6356 	22.8896 
2894	Foshan	112.6416 	22.8904 
2895	Foshan	112.6495 	22.8905 
2896	Foshan	112.6562 	22.8916 
2897	Foshan	112.6655 	22.8946 
2898	Foshan	112.6689 	22.9010 
2899	Foshan	112.6702 	22.9076 
2900	Foshan	112.6755 	22.9107 
2901	Foshan	112.6813 	22.9136 
2902	Foshan	112.6846 	22.9204 
2903	Foshan	112.6872 	22.9234 
2904	Foshan	112.6936 	22.9237 
2905	Foshan	112.6994 	22.9236 
2906	Foshan	112.7096 	22.9250 
2907	Foshan	112.7191 	22.9320 
2908	Foshan	112.7235 	22.9369 
2909	Foshan	112.7273 	22.9435 
2910	Foshan	112.7324 	22.9503 
2911	Foshan	112.7339 	22.9590 
2912	Foshan	112.7325 	22.9657 
2913	Foshan	112.7285 	22.9756 
2914	Foshan	112.7280 	22.9878 
2915	Foshan	112.7312 	22.9951 
2916	Foshan	112.7372 	22.9968 
2917	Foshan	112.7426 	22.9939 
2918	Foshan	112.7464 	22.9893 
2919	Foshan	112.7503 	22.9858 
2920	Foshan	112.7545 	22.9850 
2921	Foshan	112.7604 	22.9897 
2922	Foshan	112.7624 	22.9936 
2923	Foshan	112.7664 	22.9947 
2924	Foshan	112.7694 	22.9946 
2925	Foshan	112.7768 	22.9922 
2926	Foshan	112.7810 	22.9919 
2927	Foshan	112.7870 	22.9943 
2928	Foshan	112.7919 	23.0006 
2929	Foshan	112.7944 	23.0040 
2930	Foshan	112.7975 	23.0067 
2931	Foshan	112.8043 	23.0093 
2932	Foshan	112.8122 	23.0103 
2933	Foshan	112.8193 	23.0139 
2934	Foshan	112.8230 	23.0150 
2935	Foshan	112.8276 	23.0179 
2936	Foshan	112.8266 	23.0267 
2937	Foshan	112.8228 	23.0356 
2938	Foshan	112.8178 	23.0431 
2939	Foshan	112.8147 	23.0481 
2940	Foshan	112.8143 	23.0562 
2941	Foshan	112.8137 	23.0674 
2942	Foshan	112.8117 	23.0760 
2943	Foshan	112.8095 	23.0806 
2944	Foshan	112.8064 	23.0859 
2945	Foshan	112.8037 	23.0889 
2946	Foshan	112.8013 	23.0915 
2947	Foshan	112.8000 	23.0944 
2948	Foshan	112.7982 	23.0982 
2949	Foshan	112.7962 	23.1046 
2950	Foshan	112.7949 	23.1086 
2951	Foshan	112.7942 	23.1122 
2952	Foshan	112.7935 	23.1145 
2953	Foshan	112.7931 	23.1175 
2954	Foshan	112.7927 	23.1224 
2955	Foshan	112.7925 	23.1249 
2956	Foshan	112.7928 	23.1272 
2957	Foshan	112.7928 	23.1297 
2958	Foshan	112.7929 	23.1322 
2959	Foshan	112.7927 	23.1357 
2960	Foshan	112.7925 	23.1377 
2961	Foshan	112.7908 	23.1440 
2962	Foshan	112.7877 	23.1512 
2963	Foshan	112.7795 	23.1624 
2964	Foshan	112.7765 	23.1669 
2965	Foshan	112.7737 	23.1712 
2966	Foshan	112.7681 	23.1770 
2967	Foshan	112.7635 	23.1838 
2968	Foshan	112.7605 	23.1919 
2969	Foshan	112.7590 	23.2020 
2970	Foshan	112.7609 	23.2111 
2971	Foshan	112.7643 	23.2191 
2972	Foshan	112.7666 	23.2225 
2973	Foshan	112.7684 	23.2243 
2974	Foshan	112.7709 	23.2256 
2975	Foshan	112.7736 	23.2219 
2976	Foshan	112.7724 	23.2157 
2977	Foshan	112.7741 	23.2113 
2978	Foshan	112.7783 	23.2113 
2979	Foshan	112.7847 	23.2173 
2980	Foshan	112.7877 	23.2210 
2981	Foshan	112.7927 	23.2220 
2982	Foshan	112.7967 	23.2203 
2983	Foshan	112.7987 	23.2107 
2984	Foshan	112.7993 	23.2058 
2985	Foshan	112.8003 	23.2026 
2986	Foshan	112.8065 	23.2050 
2987	Foshan	112.8079 	23.2082 
2988	Foshan	112.8158 	23.2170 
2989	Foshan	112.8202 	23.2275 
2990	Foshan	112.8236 	23.2331 
2991	Foshan	112.8255 	23.2407 
2992	Foshan	112.8219 	23.2474 
2993	Foshan	112.8169 	23.2513 
2994	Foshan	112.8218 	23.2562 
2995	Foshan	112.8274 	23.2599 
2996	Foshan	112.8311 	23.2652 
2997	Foshan	112.8349 	23.2724 
2998	Foshan	112.8345 	23.2791 
2999	Foshan	112.8325 	23.2862 
3000	Foshan	112.8335 	23.2995 
3001	Foshan	112.8369 	23.3054 
3002	Foshan	112.8402 	23.3117 
3003	Foshan	112.8430 	23.3225 
3004	Foshan	112.8391 	23.3382 
3005	Foshan	112.8311 	23.3479 
3006	Foshan	112.8259 	23.3519 
3007	Foshan	112.7866 	23.3767 
3008	Foshan	112.7816 	23.3846 
3009	Foshan	112.7817 	23.4037 
3010	Foshan	112.7841 	23.4112 
3011	Foshan	112.7850 	23.4165 
3012	Foshan	112.7909 	23.4365 
3013	Foshan	112.7972 	23.4497 
3014	Foshan	112.8047 	23.4613 
3015	Foshan	112.8135 	23.4678 
3016	Foshan	112.8242 	23.4758 
3017	Foshan	112.8349 	23.4862 
3018	Foshan	112.8391 	23.4964 
3019	Foshan	112.8440 	23.5138 
3020	Foshan	112.8423 	23.5280 
3021	Foshan	112.8378 	23.5400 
3022	Foshan	112.8317 	23.5466 
3023	Foshan	112.8263 	23.5494 
3024	Foshan	112.8224 	23.5530 
3025	Foshan	112.8287 	23.5572 
3026	Foshan	112.8325 	23.5610 
3027	Foshan	112.8367 	23.5676 
3028	Foshan	112.8423 	23.5735 
3029	Foshan	112.8503 	23.5767 
3030	Foshan	112.8578 	23.5780 
3031	Foshan	112.8648 	23.5778 
3032	Foshan	112.8693 	23.5762 
3033	Foshan	112.8739 	23.5726 
3034	Foshan	112.8779 	23.5691 
3035	Foshan	112.8830 	23.5665 
3036	Foshan	112.8933 	23.5670 
3037	Foshan	112.9003 	23.5691 
3038	Foshan	112.9063 	23.5702 
3039	Foshan	112.9098 	23.5699 
3040	Foshan	112.9132 	23.5666 
3041	Foshan	112.9126 	23.5609 
3042	Foshan	112.9100 	23.5554 
3043	Foshan	112.9045 	23.5461 
3044	Foshan	112.9002 	23.5416 
3045	Foshan	112.8958 	23.5369 
3046	Foshan	112.8923 	23.5328 
3047	Foshan	112.8901 	23.5269 
3048	Foshan	112.8894 	23.5157 
3049	Foshan	112.8912 	23.5069 
3050	Foshan	112.8928 	23.5019 
3051	Foshan	112.8979 	23.4937 
3052	Foshan	112.9027 	23.4895 
3053	Foshan	112.9112 	23.4893 
3054	Foshan	112.9197 	23.4919 
3055	Foshan	112.9244 	23.4868 
3056	Foshan	112.9255 	23.4794 
3057	Foshan	112.9266 	23.4739 
3058	Foshan	112.9299 	23.4676 
3059	Foshan	112.9334 	23.4655 
3060	Foshan	112.9400 	23.4624 
3061	Foshan	112.9475 	23.4620 
3062	Foshan	112.9517 	23.4626 
3063	Foshan	112.9547 	23.4628 
3064	Foshan	112.9597 	23.4646 
3065	Foshan	112.9653 	23.4660 
3066	Foshan	112.9659 	23.4624 
3067	Foshan	112.9635 	23.4553 
3068	Foshan	112.9596 	23.4487 
3069	Foshan	112.9613 	23.4441 
3070	Foshan	112.9667 	23.4419 
3071	Foshan	112.9739 	23.4420 
3072	Foshan	112.9783 	23.4385 
3073	Foshan	112.9810 	23.4334 
3074	Foshan	112.9843 	23.4253 
3075	Foshan	112.9870 	23.4158 
3076	Foshan	112.9891 	23.4096 
3077	Foshan	112.9905 	23.4025 
3078	Foshan	112.9881 	23.3963 
3079	Foshan	112.9852 	23.3906 
3080	Foshan	112.9808 	23.3820 
3081	Foshan	112.9796 	23.3752 
3082	Foshan	112.9809 	23.3676 
3083	Foshan	112.9836 	23.3648 
3084	Foshan	112.9863 	23.3624 
3085	Foshan	112.9932 	23.3584 
3086	Foshan	113.0014 	23.3571 
3087	Foshan	113.0048 	23.3561 
3088	Foshan	113.0085 	23.3539 
3089	Foshan	113.0147 	23.3513 
3090	Foshan	113.0222 	23.3530 
3091	Foshan	113.0265 	23.3550 
3092	Foshan	113.0312 	23.3556 
3093	Foshan	113.0341 	23.3523 
3094	Foshan	113.0312 	23.3455 
3095	Foshan	113.0264 	23.3396 
3096	Foshan	113.0261 	23.3375 
3097	Foshan	113.0316 	23.3289 
3098	Foshan	113.0347 	23.3229 
3099	Foshan	113.0380 	23.3146 
3100	Foshan	113.0386 	23.3102 
3101	Foshan	113.0385 	23.3070 
3102	Foshan	113.0377 	23.3013 
3103	Foshan	113.0373 	23.2962 
3104	Foshan	113.0362 	23.2917 
3105	Foshan	113.0366 	23.2859 
3106	Foshan	113.0393 	23.2765 
3107	Foshan	113.0402 	23.2703 
3108	Foshan	113.0380 	23.2646 
3109	Foshan	113.0372 	23.2586 
3110	Foshan	113.0385 	23.2515 
3111	Foshan	113.0431 	23.2484 
3112	Foshan	113.0487 	23.2513 
3113	Foshan	113.0495 	23.2517 
3114	Foshan	113.0524 	23.2505 
3115	Foshan	113.0540 	23.2459 
3116	Foshan	113.0559 	23.2408 
3117	Foshan	113.0585 	23.2369 
3118	Foshan	113.0600 	23.2338 
3119	Foshan	113.0657 	23.2333 
3120	Foshan	113.0717 	23.2368 
3121	Foshan	113.0771 	23.2436 
3122	Foshan	113.0808 	23.2525 
3123	Foshan	113.0796 	23.2624 
3124	Foshan	113.0764 	23.2675 
3125	Foshan	113.0752 	23.2696 
3126	Foshan	113.0715 	23.2809 
3127	Foshan	113.0745 	23.2905 
3128	Foshan	113.0806 	23.2954 
3129	Foshan	113.0871 	23.2975 
3130	Foshan	113.0928 	23.2970 
3131	Foshan	113.0973 	23.2973 
3132	Foshan	113.1032 	23.3020 
3133	Foshan	113.1037 	23.3041 
3134	Foshan	113.1080 	23.3084 
3135	Foshan	113.1136 	23.3108 
3136	Foshan	113.1201 	23.3136 
3137	Foshan	113.1256 	23.3142 
3138	Foshan	113.1316 	23.3127 
3139	Foshan	113.1357 	23.3110 
3140	Foshan	113.1417 	23.3090 
3141	Foshan	113.1433 	23.3047 
3142	Foshan	113.1449 	23.2994 
3143	Foshan	113.1508 	23.2942 
3144	Foshan	113.1544 	23.2916 
3145	Foshan	113.1579 	23.2899 
3146	Foshan	113.1616 	23.2885 
3147	Foshan	113.1718 	23.2832 
3148	Foshan	113.1724 	23.2772 
3149	Foshan	113.1750 	23.2700 
3150	Foshan	113.1778 	23.2667 
3151	Foshan	113.1892 	23.2577 
3152	Foshan	113.1901 	23.2453 
3153	Foshan	113.1910 	23.2405 
3154	Foshan	113.1910 	23.2357 
3155	Foshan	113.1991 	23.2260 
3156	Foshan	113.2011 	23.2202 
3157	Foshan	113.2019 	23.2068 
3158	Foshan	113.2015 	23.1829 
3159	Foshan	113.2025 	23.1752 
3160	Foshan	113.2022 	23.1590 
3161	Foshan	113.2001 	23.1533 
3162	Foshan	113.2020 	23.1446 
3163	Foshan	113.2029 	23.1389 
3164	Foshan	113.2059 	23.1331 
3165	Foshan	113.2067 	23.1240 
3166	Foshan	113.2074 	23.1208 
3167	Foshan	113.2066 	23.1150 
3168	Foshan	113.2072 	23.1085 
3169	Foshan	113.2061 	23.1051 
3170	Foshan	113.2047 	23.1008 
3171	Foshan	113.2039 	23.0971 
3172	Foshan	113.2026 	23.0928 
3173	Foshan	113.1992 	23.0874 
3174	Foshan	113.1944 	23.0831 
3175	Foshan	113.1900 	23.0795 
3176	Foshan	113.1885 	23.0775 
3177	Foshan	113.1873 	23.0710 
3178	Foshan	113.1874 	23.0599 
3179	Foshan	113.1892 	23.0584 
3180	Foshan	113.2050 	23.0517 
3181	Foshan	113.2066 	23.0496 
3182	Foshan	113.2181 	23.0435 
3183	Foshan	113.2198 	23.0435 
3184	Foshan	113.2216 	23.0430 
3185	Foshan	113.2251 	23.0418 
3186	Foshan	113.2286 	23.0402 
3187	Foshan	113.2316 	23.0396 
3188	Foshan	113.2354 	23.0392 
3189	Foshan	113.2379 	23.0392 
3190	Foshan	113.2404 	23.0389 
3191	Foshan	113.2429 	23.0383 
3192	Foshan	113.2446 	23.0377 
3193	Foshan	113.2467 	23.0366 
3194	Foshan	113.2500 	23.0331 
3195	Foshan	113.2537 	23.0298 
3196	Foshan	113.2541 	23.0266 
3197	Foshan	113.2530 	23.0234 
3198	Foshan	113.2495 	23.0200 
3199	Foshan	113.2467 	23.0171 
3200	Foshan	113.2450 	23.0111 
3201	Foshan	113.2444 	23.0050 
3202	Foshan	113.2462 	22.9992 
3203	Foshan	113.2476 	22.9959 
3204	Foshan	113.2498 	22.9922 
3205	Foshan	113.2524 	22.9878 
3206	Foshan	113.2544 	22.9885 
3207	Foshan	113.2565 	22.9822 
3208	Foshan	113.2595 	22.9760 
3209	Foshan	113.2649 	22.9708 
3210	Foshan	113.2702 	22.9663 
3211	Foshan	113.2796 	22.9620 
3212	Foshan	113.2869 	22.9595 
3213	Foshan	113.2928 	22.9560 
3214	Foshan	113.2965 	22.9456 
3215	Foshan	113.2949 	22.9396 
3216	Foshan	113.2896 	22.9356 
3217	Foshan	113.2833 	22.9337 
3218	Foshan	113.2783 	22.9308 
3219	Foshan	113.2759 	22.9270 
3220	Foshan	113.2756 	22.9226 
3221	Foshan	113.2754 	22.9160 
3222	Foshan	113.2742 	22.9068 
3223	Foshan	113.2738 	22.9001 
3224	Foshan	113.2758 	22.8948 
3225	Foshan	113.2806 	22.8909 
3226	Foshan	113.2868 	22.8868 
3227	Foshan	113.2903 	22.8846 
3228	Foshan	113.2925 	22.8831 
3229	Foshan	113.2959 	22.8805 
3230	Foshan	113.2976 	22.8777 
3231	Foshan	113.3001 	22.8733 
3232	Foshan	113.3017 	22.8683 
3233	Foshan	113.3027 	22.8639 
3234	Foshan	113.3036 	22.8597 
3235	Foshan	113.3047 	22.8535 
3236	Foshan	113.3056 	22.8472 
3237	Foshan	113.3061 	22.8414 
3238	Foshan	113.3077 	22.8361 
3239	Foshan	113.3140 	22.8303 
3240	Foshan	113.3186 	22.8272 
3241	Foshan	113.3226 	22.8247 
3242	Foshan	113.3275 	22.8236 
3243	Foshan	113.3317 	22.8233 
3244	Foshan	113.3337 	22.8233 
3245	Foshan	113.3389 	22.8236 
3246	Foshan	113.3439 	22.8252 
3247	Foshan	113.3481 	22.8251 
3248	Foshan	113.3536 	22.8257 
3249	Foshan	113.3616 	22.8294 
3250	Foshan	113.3674 	22.8323 
3251	Foshan	113.3760 	22.8314 
3252	Foshan	113.3846 	22.8271 
3253	Foshan	113.3866 	22.8192 
3254	Foshan	113.3843 	22.8048 
3255	Foshan	113.3764 	22.7993 
3256	Foshan	113.3690 	22.7999 
3257	Foshan	113.3619 	22.8028 
3258	Foshan	113.3559 	22.8015 
3259	Foshan	113.3555 	22.8009 
3260	Foshan	113.3518 	22.7957 
3261	Foshan	113.3521 	22.7897 
3262	Foshan	113.3560 	22.7839 
3263	Foshan	113.3584 	22.7817 
3264	Foshan	113.3612 	22.7762 
3265	Foshan	113.3547 	22.7726 
3266	Foshan	113.3487 	22.7705 
3267	Foshan	113.3427 	22.7683 
3268	Foshan	113.3366 	22.7652 
3269	Foshan	113.3316 	22.7617 
3270	Foshan	113.3280 	22.7579 
3271	Foshan	113.3206 	22.7450 
3272	Foshan	113.3146 	22.7438 
3273	Foshan	113.3108 	22.7437 
3274	Foshan	113.3000 	22.7396 
3275	Foshan	113.2938 	22.7389 
3276	Foshan	113.2876 	22.7397 
3277	Foshan	113.2809 	22.7384 
3278	Foshan	113.2758 	22.7347 
3279	Foshan	113.2720 	22.7285 
3280	Foshan	113.2680 	22.7270 
3281	Foshan	113.2636 	22.7282 
3282	Foshan	113.2610 	22.7306 
3283	Foshan	113.2591 	22.7324 
3284	Foshan	113.2578 	22.7338 
3285	Foshan	113.2568 	22.7352 
3286	Foshan	113.2558 	22.7364 
3287	Foshan	113.2541 	22.7382 
3288	Foshan	113.2517 	22.7404 
3289	Foshan	113.2497 	22.7420 
3290	Foshan	113.2466 	22.7444 
3291	Foshan	113.2439 	22.7458 
3292	Foshan	113.2404 	22.7470 
3293	Foshan	113.2378 	22.7473 
3294	Foshan	113.2352 	22.7470 
3295	Foshan	113.2331 	22.7444 
3296	Foshan	113.2314 	22.7402 
3297	Foshan	113.2287 	22.7322 
3298	Foshan	113.2255 	22.7256 
3299	Foshan	113.2201 	22.7164 
3300	Foshan	113.2147 	22.7096 
3301	Foshan	113.2105 	22.7053 
3302	Foshan	113.2011 	22.6988 
3303	Foshan	113.1984 	22.6904 
3304	Foshan	113.1986 	22.6892 
3305	Foshan	113.1973 	22.6870 
3306	Foshan	113.1929 	22.6806 
3307	Foshan	113.1797 	22.6759 
3308	Foshan	113.1704 	22.6717 
3309	Foshan	113.1647 	22.6674 
3310	Foshan	113.1554 	22.6820 
3311	Foshan	113.1506 	22.6869 
3312	Foshan	113.1415 	22.6924 
3313	Foshan	113.1356 	22.7012 
3314	Foshan	113.1275 	22.7067 
3315	Foshan	113.1236 	22.7074 
3316	Foshan	113.1114 	22.7070 
3317	Foshan	113.1000 	22.7030 
3318	Foshan	113.0934 	22.7089 
3319	Foshan	113.0886 	22.7135 
3320	Foshan	113.0876 	22.7144 
3321	Foshan	113.0862 	22.7165 
3322	Foshan	113.0845 	22.7191 
3323	Foshan	113.0833 	22.7216 
3324	Foshan	113.0816 	22.7258 
3325	Foshan	113.0810 	22.7279 
3326	Foshan	113.0804 	22.7315 
3327	Foshan	113.0791 	22.7351 
3328	Foshan	113.0780 	22.7390 
3329	Foshan	113.0769 	22.7434 
3330	Foshan	113.0753 	22.7492 
3331	Foshan	113.0739 	22.7561 
3332	Foshan	113.0731 	22.7611 
3333	Foshan	113.0725 	22.7664 
3334	Foshan	113.0710 	22.7724 
3335	Foshan	113.0702 	22.7771 
3336	Foshan	113.0693 	22.7815 
3337	Foshan	113.0674 	22.7856 
3338	Foshan	113.0652 	22.7923 
3339	Foshan	113.0619 	22.7988 
3340	Foshan	113.0568 	22.8057 
3341	Foshan	113.0563 	22.8066 
3342	Foshan	113.0520 	22.8100 
3343	Foshan	113.0480 	22.8112 
3344	Foshan	113.0408 	22.8109 
3345	Foshan	113.0349 	22.8103 
3346	Foshan	113.0314 	22.8099 
3347	Foshan	113.0259 	22.8084 
3348	Foshan	113.0239 	22.8077 
3349	Foshan	113.0219 	22.8075 
3350	Foshan	113.0169 	22.8065 
3351	Foshan	113.0152 	22.8060 
3352	Foshan	113.0124 	22.8052 
3353	Foshan	113.0094 	22.8048 
3354	Foshan	113.0074 	22.8044 
3355	Foshan	113.0052 	22.8039 
3356	Foshan	112.9997 	22.8034 
3357	Foshan	112.9948 	22.8035 
3358	Foshan	112.9883 	22.8031 
3359	Foshan	112.9826 	22.8028 
3360	Foshan	112.9786 	22.8033 
3361	Foshan	112.9752 	22.8043 
3362	Foshan	112.9730 	22.8066 
3363	Foshan	112.9708 	22.8099 
3364	Foshan	112.9691 	22.8116 
3365	Foshan	112.9665 	22.8147 
3366	Foshan	112.9632 	22.8194 
3367	Foshan	112.9612 	22.8228 
3368	Foshan	112.9583 	22.8270 
3369	Foshan	112.9517 	22.8333 
3370	Foshan	112.9437 	22.8400 
3371	Foshan	112.9367 	22.8450 
3372	Foshan	112.9294 	22.8507 
3373	Foshan	112.9234 	22.8544 
3374	Foshan	112.9169 	22.8550 
3375	Foshan	112.9155 	22.8549 
3376	Foshan	112.9068 	22.8530 
3377	Foshan	112.8911 	22.8498 
3378	Foshan	112.8819 	22.8477 
3379	Foshan	112.8704 	22.8456 
3380	Foshan	112.8604 	22.8428 
3381	Foshan	112.8554 	22.8386 
3382	Foshan	112.8531 	22.8354 
3383	Foshan	112.8508 	22.8329 
3384	Foshan	112.8451 	22.8239 
3385	Foshan	112.8385 	22.8173 
3386	Foshan	112.8343 	22.8147 
3387	Foshan	112.8230 	22.8105 
3388	Foshan	112.8137 	22.8031 
3389	Foshan	112.8117 	22.7928 
3390	Foshan	112.8127 	22.7818 
3391	Foshan	112.8115 	22.7722 
3392	Foshan	112.8073 	22.7615 
3393	Foshan	112.8074 	22.7534 
3394	Foshan	112.8070 	22.7491 
3395	Foshan	112.8048 	22.7388 
3396	Foshan	112.7974 	22.7309 
3397	Foshan	112.7884 	22.7262 
3398	Foshan	112.7794 	22.7218 
3399	Foshan	112.7716 	22.7158 
3400	Foshan	112.7625 	22.7068 
3401	Foshan	112.7570 	22.7032 
3402	Foshan	112.7521 	22.6998 
3403	Foshan	112.7473 	22.6970 
3404	Foshan	112.7430 	22.6946 
3405	Foshan	112.7371 	22.6918 
3406	Foshan	112.7283 	22.6888 
3407	Foshan	112.7205 	22.6904 
3408	Foshan	112.7168 	22.6955 
3409	Foshan	112.7110 	22.6986 
3410	Foshan	112.7069 	22.7050 
3411	Foshan	112.7074 	22.7160 
3412	Foshan	112.7068 	22.7250 
3413	Foshan	112.7053 	22.7337 
3414	Foshan	112.7015 	22.7443 
3415	Foshan	112.6946 	22.7543 
3416	Foshan	112.6919 	22.7571 
3417	Foshan	112.6853 	22.7625 
3418	Foshan	112.6781 	22.7631 
3419	Foshan	112.6743 	22.7584 
3420	Foshan	112.6729 	22.7481 
3421	Foshan	112.6748 	22.7363 
3422	Foshan	112.6731 	22.7249 
3423	Foshan	112.6668 	22.7190 
3424	Foshan	112.6616 	22.7194 
3425	Foshan	112.6577 	22.7247 
3426	Foshan	112.6539 	22.7312 
3427	Foshan	112.6495 	22.7345 
3428	Foshan	112.6421 	22.7344 
3429	Foshan	112.6336 	22.7302 
3430	Foshan	112.6282 	22.7222 
3431	Foshan	112.6260 	22.7140 
3432	Foshan	112.6239 	22.7067 
3433	Foshan	112.6161 	22.6990 
3434	Foshan	112.6104 	22.6994 
3435	Foshan	112.6045 	22.7041 
3436	Foshan	112.5939 	22.7081 
3437	Foshan	112.5870 	22.7085 
3438	Foshan	112.5834 	22.7017 
3439	Foshan	112.5869 	22.6924 
3440	Foshan	112.5843 	22.6847 
3441	Foshan	112.5799 	22.6772 
3442	Foshan	112.5817 	22.6689 
3443	Foshan	112.5833 	22.6604 
3444	Foshan	112.5812 	22.6538 
3445	Foshan	112.5729 	22.6486 
3446	Foshan	112.5617 	22.6474 
3447	Foshan	112.5526 	22.6494 
3448	Foshan	112.5426 	22.6558 
3449	Foshan	112.5378 	22.6646 
3450	Foshan	112.5348 	22.6747 
3451	Foshan	112.5322 	22.6817 
3452	Foshan	112.5322 	22.6931 
3453	Foshan	112.5314 	22.7026 
3454	Foshan	112.5303 	22.7111 
3455	Foshan	112.5260 	22.7210 
3456	Foshan	112.5227 	22.7275 
3457	Foshan	112.5191 	22.7356 
3458	Foshan	112.5108 	22.7399 
3459	Foshan	112.5023 	22.7400 
3460	Foshan	112.4951 	22.7364 
3461	Foshan	112.4857 	22.7267 
3462	Foshan	112.4794 	22.7209 
3463	Foshan	112.4739 	22.7159 
3464	Foshan	112.4691 	22.7119 
3465	Foshan	112.4691 	22.7119 
