97 27 4.4641
97 26.75 4.4641
97 26.5 4.4641
97 26.25 4.4641
97 26 4.4641
97 25.75 4.4641
97 25.5 4.4641
97 25.25 4.4641
97 25 4.4641
97 24.75 4.4641
97 24.5 4.4641
97 24.25 4.4641
97 24 4.4641
97 23.75 4.4641
97 23.5 4.4641
97 23.25 4.4641
97 23 4.4641
97 22.75 4.4641
97 22.5 4.4641
97 22.25 4.4641
97 22 4.4641
97.25 27 4.4641
97.25 26.75 4.4641
97.25 26.5 4.4641
97.25 26.25 4.4641
97.25 26 4.4641
97.25 25.75 4.4641
97.25 25.5 4.4641
97.25 25.25 4.4641
97.25 25 4.4641
97.25 24.75 4.4641
97.25 24.5 4.4641
97.25 24.25 4.4641
97.25 24 4.4641
97.25 23.75 4.4641
97.25 23.5 4.4641
97.25 23.25 4.4641
97.25 23 4.4641
97.25 22.75 4.4641
97.25 22.5 4.4641
97.25 22.25 4.4641
97.25 22 4.4641
97.5 27 4.4641
97.5 26.75 4.4641
97.5 26.5 4.4641
97.5 26.25 4.4641
97.5 26 4.4641
97.5 25.75 4.4641
97.5 25.5 4.4641
97.5 25.25 4.4641
97.5 25 4.4641
97.5 24.75 4.4641
97.5 24.5 4.4641
97.5 24.25 4.4641
97.5 24 4.4641
97.5 23.75 4.4641
97.5 23.5 4.4641
97.5 23.25 4.4641
97.5 23 4.4641
97.5 22.75 4.4641
97.5 22.5 4.4641
97.5 22.25 4.4641
97.5 22 4.4641
97.75 27 4.4641
97.75 26.75 4.4641
97.75 26.5 4.4641
97.75 26.25 4.4641
97.75 26 4.4641
97.75 25.75 4.4641
97.75 25.5 4.4641
97.75 25.25 4.4641
97.75 25 4.4641
97.75 24.75 4.4641
97.75 24.5 4.4641
97.75 24.25 4.4641
97.75 24 4.4641
97.75 23.75 4.4641
97.75 23.5 4.4641
97.75 23.25 4.4641
97.75 23 4.4641
97.75 22.75 4.4641
97.75 22.5 4.4641
97.75 22.25 4.4641
97.75 22 4.4641
98 27 4.4641
98 26.75 4.4641
98 26.5 4.4641
98 26.25 4.4641
98 26 4.4641
98 25.75 4.4641
98 25.5 4.4641
98 25.25 4.4641
98 25 4.4641
98 24.75 4.4641
98 24.5 4.4641
98 24.25 4.4641
98 24 4.4641
98 23.75 4.4641
98 23.5 4.4641
98 23.25 4.4641
98 23 4.4641
98 22.75 4.4641
98 22.5 4.4641
98 22.25 4.4641
98 22 4.4641
98.25 27 4.4641
98.25 26.75 4.4641
98.25 26.5 4.4641
98.25 26.25 4.4641
98.25 26 4.4641
98.25 25.75 4.4641
98.25 25.5 4.4641
98.25 25.25 4.4641
98.25 25 4.4641
98.25 24.75 4.4641
98.25 24.5 4.4641
98.25 24.25 4.4641
98.25 24 4.4641
98.25 23.75 4.4641
98.25 23.5 4.4641
98.25 23.25 4.4641
98.25 23 4.4641
98.25 22.75 4.4641
98.25 22.5 4.4641
98.25 22.25 4.4641
98.25 22 4.4641
98.5 27 4.4641
98.5 26.75 4.4641
98.5 26.5 4.4641
98.5 26.25 4.4641
98.5 26 4.4641
98.5 25.75 4.4641
98.5 25.5 4.4641
98.5 25.25 4.4641
98.5 25 4.4641
98.5 24.75 4.4641
98.5 24.5 4.4641
98.5 24.25 4.4641
98.5 24 4.4641
98.5 23.75 4.4641
98.5 23.5 4.4641
98.5 23.25 4.4641
98.5 23 4.4641
98.5 22.75 4.4641
98.5 22.5 4.4641
98.5 22.25 4.4641
98.5 22 4.4641
98.75 27 4.4641
98.75 26.75 4.4641
98.75 26.5 4.4641
98.75 26.25 4.4641
98.75 26 4.4641
98.75 25.75 4.4641
98.75 25.5 4.4641
98.75 25.25 4.4641
98.75 25 4.4641
98.75 24.75 4.4641
98.75 24.5 4.4641
98.75 24.25 4.4641
98.75 24 4.4641
98.75 23.75 4.4641
98.75 23.5 4.4641
98.75 23.25 4.4641
98.75 23 4.4641
98.75 22.75 4.4641
98.75 22.5 4.4641
98.75 22.25 4.4641
98.75 22 4.4641
99 27 4.4641
99 26.75 4.4641
99 26.5 4.4641
99 26.25 4.4641
99 26 4.4641
99 25.75 4.4641
99 25.5 4.4641
99 25.25 4.4641
99 25 4.4641
99 24.75 4.4641
99 24.5 4.4641
99 24.25 4.4641
99 24 4.4641
99 23.75 4.4641
99 23.5 4.4641
99 23.25 4.4641
99 23 4.4641
99 22.75 4.4641
99 22.5 4.4641
99 22.25 4.4641
99 22 4.4641
99.25 27 4.4641
99.25 26.75 4.4641
99.25 26.5 4.4641
99.25 26.25 4.4641
99.25 26 4.4641
99.25 25.75 4.4641
99.25 25.5 4.4641
99.25 25.25 4.4641
99.25 25 4.4641
99.25 24.75 4.4641
99.25 24.5 4.4641
99.25 24.25 4.4641
99.25 24 4.4641
99.25 23.75 4.4641
99.25 23.5 4.4641
99.25 23.25 4.4641
99.25 23 4.4641
99.25 22.75 4.4641
99.25 22.5 4.4641
99.25 22.25 4.4641
99.25 22 4.4641
99.5 27 4.4641
99.5 26.75 4.4641
99.5 26.5 4.4641
99.5 26.25 4.4641
99.5 26 4.4641
99.5 25.75 4.4641
99.5 25.5 4.4641
99.5 25.25 4.4641
99.5 25 4.4641
99.5 24.75 4.4641
99.5 24.5 4.4641
99.5 24.25 4.4641
99.5 24 4.4641
99.5 23.75 4.4641
99.5 23.5 4.4641
99.5 23.25 4.4641
99.5 23 4.4641
99.5 22.75 4.4641
99.5 22.5 4.4641
99.5 22.25 4.4641
99.5 22 4.4641
99.75 27 4.4641
99.75 26.75 4.4641
99.75 26.5 4.4641
99.75 26.25 4.4641
99.75 26 4.4641
99.75 25.75 4.4641
99.75 25.5 4.4641
99.75 25.25 4.4641
99.75 25 4.4641
99.75 24.75 4.4641
99.75 24.5 4.4641
99.75 24.25 4.4641
99.75 24 4.4641
99.75 23.75 4.4641
99.75 23.5 4.4641
99.75 23.25 4.4641
99.75 23 4.4641
99.75 22.75 4.4641
99.75 22.5 4.4641
99.75 22.25 4.4641
99.75 22 4.4641
100 27 4.4641
100 26.75 4.4641
100 26.5 4.4641
100 26.25 4.4641
100 26 4.4641
100 25.75 4.4641
100 25.5 4.4641
100 25.25 4.4641
100 25 4.4641
100 24.75 4.4641
100 24.5 4.4641
100 24.25 4.4641
100 24 4.4641
100 23.75 4.4641
100 23.5 4.4641
100 23.25 4.4641
100 23 4.4641
100 22.75 4.4641
100 22.5 4.4641
100 22.25 4.4641
100 22 4.4641
100.25 27 4.4641
100.25 26.75 4.4641
100.25 26.5 4.4641
100.25 26.25 4.4641
100.25 26 4.4641
100.25 25.75 4.4641
100.25 25.5 4.4641
100.25 25.25 4.4641
100.25 25 4.4641
100.25 24.75 4.4641
100.25 24.5 4.4641
100.25 24.25 4.4641
100.25 24 4.4641
100.25 23.75 4.4641
100.25 23.5 4.4641
100.25 23.25 4.4641
100.25 23 4.4641
100.25 22.75 4.4641
100.25 22.5 4.4641
100.25 22.25 4.4641
100.25 22 4.4641
100.5 27 4.4641
100.5 26.75 4.4641
100.5 26.5 4.4641
100.5 26.25 4.4641
100.5 26 4.4641
100.5 25.75 4.4641
100.5 25.5 4.4641
100.5 25.25 4.4641
100.5 25 4.4641
100.5 24.75 4.4641
100.5 24.5 4.4641
100.5 24.25 4.4641
100.5 24 4.4641
100.5 23.75 4.4641
100.5 23.5 4.4641
100.5 23.25 4.4641
100.5 23 4.4641
100.5 22.75 4.4641
100.5 22.5 4.4641
100.5 22.25 4.4641
100.5 22 4.4641
100.75 27 4.4641
100.75 26.75 4.4641
100.75 26.5 4.4641
100.75 26.25 4.4641
100.75 26 4.4641
100.75 25.75 4.4641
100.75 25.5 4.4641
100.75 25.25 4.4641
100.75 25 4.4641
100.75 24.75 4.4641
100.75 24.5 4.4641
100.75 24.25 4.4641
100.75 24 4.4641
100.75 23.75 4.4641
100.75 23.5 4.4641
100.75 23.25 4.4641
100.75 23 4.4641
100.75 22.75 4.4641
100.75 22.5 4.4641
100.75 22.25 4.4641
100.75 22 4.4641
101 27 4.4641
101 26.75 4.4641
101 26.5 4.4641
101 26.25 4.4641
101 26 4.4641
101 25.75 4.4641
101 25.5 4.4641
101 25.25 4.4641
101 25 4.4641
101 24.75 4.4641
101 24.5 4.4641
101 24.25 4.4641
101 24 4.4641
101 23.75 4.4641
101 23.5 4.4641
101 23.25 4.4641
101 23 4.4641
101 22.75 4.4641
101 22.5 4.4641
101 22.25 4.4641
101 22 4.4641
101.25 27 4.4641
101.25 26.75 4.4641
101.25 26.5 4.4641
101.25 26.25 4.4641
101.25 26 4.4641
101.25 25.75 4.4641
101.25 25.5 4.4641
101.25 25.25 4.4641
101.25 25 4.4641
101.25 24.75 4.4641
101.25 24.5 4.4641
101.25 24.25 4.4641
101.25 24 4.4641
101.25 23.75 4.4641
101.25 23.5 4.4641
101.25 23.25 4.4641
101.25 23 4.4641
101.25 22.75 4.4641
101.25 22.5 4.4641
101.25 22.25 4.4641
101.25 22 4.4641
101.5 27 4.4641
101.5 26.75 4.4641
101.5 26.5 4.4641
101.5 26.25 4.4641
101.5 26 4.4641
101.5 25.75 4.4641
101.5 25.5 4.4641
101.5 25.25 4.4641
101.5 25 4.4641
101.5 24.75 4.4641
101.5 24.5 4.4641
101.5 24.25 4.4641
101.5 24 4.4641
101.5 23.75 4.4641
101.5 23.5 4.4641
101.5 23.25 4.4641
101.5 23 4.4641
101.5 22.75 4.4641
101.5 22.5 4.4641
101.5 22.25 4.4641
101.5 22 4.4641
101.75 27 4.4641
101.75 26.75 4.4641
101.75 26.5 4.4641
101.75 26.25 4.4641
101.75 26 4.4641
101.75 25.75 4.4641
101.75 25.5 4.4641
101.75 25.25 4.4641
101.75 25 4.4641
101.75 24.75 4.4641
101.75 24.5 4.4641
101.75 24.25 4.4641
101.75 24 4.4641
101.75 23.75 4.4641
101.75 23.5 4.4641
101.75 23.25 4.4641
101.75 23 4.4641
101.75 22.75 4.4641
101.75 22.5 4.4641
101.75 22.25 4.4641
101.75 22 4.4641
102 27 4.4641
102 26.75 4.4641
102 26.5 4.4641
102 26.25 4.4641
102 26 4.4641
102 25.75 4.4641
102 25.5 4.4641
102 25.25 4.4641
102 25 4.4641
102 24.75 4.4641
102 24.5 4.4641
102 24.25 4.4641
102 24 4.4641
102 23.75 4.4641
102 23.5 4.4641
102 23.25 4.4641
102 23 4.4641
102 22.75 4.4641
102 22.5 4.4641
102 22.25 4.4641
102 22 4.4641
