0.000000 2.000000 4.000000 6.000000 8.000000 10.000000 15.000000 20.000000 25.000000 30.000000 35.000000 40.000000 45.000000 50.000000 55.000000 60.000000 
2.500000 2.500000 2.500000 2.500000 2.500000 2.500000 2.500000 2.500000 2.500000 2.500000 2.500000 2.500000 2.500000 2.500000 2.500000 2.500000 2.500000 2.500000 2.500000 2.500000 2.500000 
2.500000 2.500000 2.500000 2.500000 2.500000 2.500000 2.500000 2.500000 2.500000 2.500580 2.500630 2.499620 2.499560 2.499690 2.500000 2.500000 2.500000 2.500000 2.500000 2.500000 2.500000 
2.500000 2.500000 2.498940 2.498150 2.497930 2.498280 2.499250 2.502130 2.517480 2.598910 2.540520 2.407300 2.522530 2.533180 2.504040 2.500970 2.500140 2.500050 2.500050 2.500000 2.500000 
2.500000 2.500000 2.497470 2.495580 2.494980 2.495110 2.491630 2.456810 2.517220 2.877880 2.524820 2.035150 2.680160 2.587970 2.503010 2.500540 2.499990 2.499980 2.500050 2.500000 2.500000 
2.500000 2.500000 2.495020 2.491240 2.489930 2.484420 2.444900 2.402010 2.571750 2.569230 2.374990 2.371270 2.643320 2.448190 2.486880 2.497320 2.499150 2.499730 2.500060 2.500000 2.500000 
2.500000 2.500000 2.490260 2.481500 2.467520 2.424890 2.497510 2.886180 2.581630 2.000000 2.609120 3.074320 2.433740 2.312520 2.467280 2.495500 2.499040 2.499870 2.500080 2.500000 2.500000 
2.500000 2.499990 2.477590 2.423690 2.366880 2.523030 2.682090 2.644870 2.393330 2.320230 2.728820 2.534490 2.478760 2.388710 2.466600 2.500350 2.500990 2.500560 2.500300 2.500000 2.500000 
2.500000 2.499000 2.423990 2.221890 2.514570 3.044990 2.463250 2.000000 2.542360 3.348440 2.337040 2.000000 2.549660 2.817350 2.621470 2.514660 2.503860 2.501320 2.500420 2.500000 2.500000 
2.500000 2.499500 2.486960 2.480580 2.716100 2.562580 2.394060 2.418520 2.700570 2.538880 2.431990 2.392670 2.656590 2.607240 2.548530 2.507500 2.502090 2.500950 2.500380 2.500000 2.500000 
2.500000 2.500640 2.568680 2.911190 2.555110 2.000000 2.517770 3.323490 2.396600 2.000000 2.596210 3.259470 2.389630 2.000000 2.386930 2.492330 2.498840 2.500140 2.500220 2.500000 2.500000 
2.500000 2.500390 2.505870 2.474180 2.465370 2.411430 2.672610 2.565250 2.431320 2.426590 2.683100 2.573140 2.432550 2.442920 2.498380 2.502790 2.500860 2.500580 2.500220 2.500000 2.500000 
2.500000 2.499960 2.446650 2.098940 2.394560 3.318680 2.439980 2.000000 2.542820 3.333030 2.346960 2.000000 2.637530 2.986640 2.598430 2.513690 2.503240 2.500930 2.500190 2.500000 2.500000 
2.500000 2.499810 2.460270 2.407790 2.698510 2.499540 2.428030 2.437750 2.691610 2.518370 2.445010 2.502680 2.537500 2.544600 2.525770 2.504390 2.500610 2.499890 2.499880 2.500000 2.500000 
2.500000 2.501050 2.574640 2.913770 2.618410 2.000000 2.492720 3.336640 2.388680 2.000000 2.611780 3.153140 2.381660 2.130880 2.403910 2.488520 2.496190 2.498440 2.499360 2.500000 2.500000 
2.500000 2.500020 2.516790 2.489410 2.280500 2.501630 2.763480 2.451730 2.402090 2.574880 2.518550 2.525940 2.626230 2.519330 2.478430 2.490610 2.495590 2.497870 2.499110 2.500000 2.500000 
2.500000 2.499670 2.477500 2.335840 2.470300 2.974020 2.412330 2.000000 2.580200 3.008190 2.445480 2.123200 2.508350 2.525840 2.494630 2.494250 2.496410 2.498020 2.499060 2.500000 2.500000 
2.500000 2.500000 2.496940 2.492860 2.561020 2.632380 2.452440 2.380020 2.561370 2.598940 2.493950 2.408680 2.476790 2.493560 2.494590 2.495990 2.497300 2.498400 2.499220 2.500000 2.500000 
2.500000 2.500000 2.500100 2.502100 2.510670 2.515340 2.496800 2.487520 2.504460 2.511980 2.500280 2.488830 2.491410 2.494700 2.496300 2.497370 2.498220 2.498900 2.499450 2.500000 2.500000 
2.500000 2.500000 2.500450 2.501500 2.503590 2.503960 2.499720 2.497250 2.500680 2.502750 2.499970 2.496700 2.496660 2.497490 2.498170 2.498720 2.499150 2.499460 2.499740 2.500000 2.500000 
2.500000 2.500000 2.500000 2.500000 2.500000 2.500000 2.500000 2.500000 2.500000 2.500000 2.500000 2.500000 2.500000 2.500000 2.500000 2.500000 2.500000 2.500000 2.500000 2.500000 2.500000 
2.500000 2.500000 2.500000 2.500000 2.500000 2.500000 2.500000 2.500000 2.500000 2.500000 2.500000 2.500000 2.500000 2.500000 2.500000 2.500000 2.500000 2.500000 2.500000 2.500000 2.500000 
2.540000 2.540000 2.540000 2.540000 2.540000 2.540000 2.540000 2.540000 2.540000 2.540000 2.540000 2.540000 2.540000 2.540000 2.540000 2.540000 2.540000 2.540000 2.540000 2.540000 2.540000 
2.540000 2.540000 2.538939 2.538128 2.537908 2.538279 2.539250 2.542570 2.555740 2.581099 2.550957 2.505929 2.545988 2.552440 2.543939 2.540938 2.540140 2.540050 2.540050 2.540000 2.540000 
2.540000 2.538908 2.526258 2.518614 2.518745 2.527321 2.543275 2.570977 2.620743 2.667229 2.571774 2.461374 2.551537 2.576792 2.557829 2.546228 2.541449 2.540000 2.539820 2.540050 2.540000 
2.540000 2.537448 2.511563 2.495921 2.498126 2.512586 2.536568 2.567111 2.643922 2.730254 2.543982 2.357028 2.584837 2.592492 2.555254 2.542540 2.539250 2.538990 2.539440 2.540050 2.540000 
2.540000 2.535020 2.492559 2.469137 2.474776 2.503215 2.536277 2.570476 2.592517 2.515493 2.480367 2.497608 2.591853 2.521742 2.519195 2.528650 2.534849 2.537940 2.539320 2.540060 2.540000 
2.540000 2.530213 2.469130 2.435244 2.455548 2.517854 2.604582 2.697710 2.511534 2.199810 2.540473 2.729637 2.556549 2.455059 2.495520 2.525375 2.536748 2.540039 2.540480 2.540080 2.540000 
2.540000 2.520998 2.442521 2.396318 2.461255 2.607252 2.630106 2.542177 2.470837 2.453124 2.572305 2.520979 2.520115 2.512727 2.541350 2.551921 2.550106 2.546349 2.543010 2.540300 2.540000 
2.540000 2.508011 2.438458 2.391806 2.565476 2.745646 2.488981 2.179261 2.520400 2.786957 2.443742 2.208723 2.509260 2.674069 2.643378 2.589061 2.563576 2.551569 2.545020 2.540420 2.540000 
2.540000 2.538728 2.537205 2.567175 2.631191 2.531866 2.467498 2.474713 2.567494 2.506532 2.471181 2.475166 2.572286 2.568553 2.571986 2.561570 2.554368 2.548870 2.544350 2.540370 2.540000 
2.540000 2.570529 2.616231 2.704013 2.528026 2.200103 2.519393 2.792651 2.454762 2.126346 2.530452 2.788889 2.509760 2.303698 2.431908 2.513817 2.538449 2.543470 2.542590 2.540220 2.540000 
2.540000 2.540290 2.535368 2.520918 2.508109 2.484157 2.566803 2.515645 2.469217 2.447903 2.568391 2.538213 2.501892 2.496712 2.529295 2.543235 2.545139 2.543760 2.541950 2.540220 2.540000 
2.540000 2.510828 2.458543 2.366018 2.541395 2.797681 2.474782 2.131177 2.509302 2.783488 2.447840 2.182486 2.542439 2.741762 2.646669 2.579323 2.552418 2.542990 2.540410 2.540190 2.540000 
2.540000 2.529379 2.518268 2.519692 2.601403 2.523104 2.476478 2.473844 2.562948 2.514236 2.482285 2.498219 2.556060 2.575968 2.559309 2.539780 2.532450 2.532360 2.535490 2.539880 2.540000 
2.540000 2.571410 2.622289 2.702983 2.527519 2.205809 2.527331 2.794200 2.463749 2.164510 2.531077 2.770575 2.527385 2.364670 2.417852 2.474260 2.501560 2.517540 2.529220 2.539360 2.540000 
2.540000 2.546832 2.570424 2.555412 2.461799 2.492375 2.609039 2.530088 2.478924 2.503773 2.551107 2.577290 2.547547 2.451860 2.435124 2.462071 2.488730 2.509250 2.525280 2.539110 2.540000 
2.540000 2.529711 2.522850 2.491086 2.572961 2.728550 2.502096 2.265222 2.540752 2.742606 2.535023 2.360752 2.448953 2.459326 2.454994 2.469940 2.490000 2.508600 2.524630 2.539060 2.540000 
2.540000 2.537202 2.539426 2.553498 2.625389 2.671848 2.512505 2.404073 2.559430 2.651523 2.533411 2.412553 2.434446 2.456518 2.468399 2.482361 2.498050 2.513010 2.526570 2.539230 2.540000 
2.540000 2.540097 2.547885 2.565434 2.597703 2.604072 2.537234 2.497319 2.548089 2.579316 2.531799 2.474508 2.467903 2.477280 2.487820 2.498800 2.509930 2.520450 2.530180 2.539450 2.540000 
2.540000 2.540450 2.546438 2.556369 2.568668 2.567649 2.543427 2.528810 2.543190 2.552070 2.534049 2.510619 2.503890 2.506710 2.512190 2.518130 2.524050 2.529560 2.534750 2.539740 2.540000 
2.540000 2.540000 2.540450 2.541500 2.543590 2.543960 2.539720 2.537250 2.540690 2.542750 2.539970 2.536700 2.536660 2.537490 2.538170 2.538720 2.539140 2.539460 2.539740 2.540000 2.540000 
2.540000 2.540000 2.540000 2.540000 2.540000 2.540000 2.540000 2.540000 2.540000 2.540000 2.540000 2.540000 2.540000 2.540000 2.540000 2.540000 2.540000 2.540000 2.540000 2.540000 2.540000 
2.580000 2.580000 2.580000 2.580000 2.580000 2.580000 2.580000 2.580000 2.580000 2.580000 2.580000 2.580000 2.580000 2.580000 2.580000 2.580000 2.580000 2.580000 2.580000 2.580000 2.580000 
2.580000 2.580000 2.577999 2.576588 2.576234 2.577205 2.579719 2.586560 2.606430 2.636641 2.595755 2.540259 2.587868 2.596060 2.585809 2.581608 2.580229 2.580040 2.580030 2.580000 2.580000 
2.580000 2.577988 2.554987 2.541149 2.542040 2.558347 2.589199 2.637502 2.705129 2.742265 2.624847 2.507029 2.591614 2.622972 2.604820 2.589209 2.581928 2.579699 2.579530 2.580030 2.580000 
2.580000 2.575319 2.528827 2.501843 2.505867 2.537970 2.588887 2.654210 2.741094 2.780093 2.597850 2.443332 2.613338 2.632161 2.599744 2.583079 2.577959 2.577639 2.578639 2.579980 2.580000 
2.580000 2.571090 2.497396 2.458010 2.472768 2.530880 2.602512 2.664072 2.661556 2.558612 2.533575 2.564342 2.632356 2.570796 2.556866 2.563729 2.571119 2.575769 2.578319 2.579830 2.580000 
2.580000 2.563465 2.461969 2.412351 2.456131 2.566364 2.676443 2.731282 2.549426 2.293980 2.566239 2.740003 2.625530 2.519373 2.535384 2.562009 2.574988 2.579439 2.580299 2.579980 2.580000 
2.580000 2.550126 2.431860 2.380390 2.487217 2.664180 2.683507 2.575858 2.521858 2.519246 2.605808 2.564652 2.574739 2.579743 2.599480 2.602766 2.596717 2.590039 2.584760 2.580370 2.580000 
2.580000 2.536436 2.448907 2.424508 2.608951 2.758285 2.540852 2.289717 2.573434 2.784495 2.516128 2.301804 2.538172 2.705580 2.701749 2.650284 2.616934 2.598819 2.588270 2.580760 2.580000 
2.580000 2.581117 2.578244 2.620187 2.672488 2.572419 2.513034 2.538277 2.613100 2.554108 2.523939 2.531656 2.603479 2.607663 2.618936 2.612509 2.603266 2.594749 2.587310 2.580690 2.580000 
2.580000 2.620170 2.663959 2.723260 2.569587 2.309977 2.568712 2.794681 2.517784 2.236950 2.571458 2.790084 2.576910 2.383436 2.469127 2.549537 2.579858 2.586239 2.584410 2.580390 2.580000 
2.580000 2.579060 2.573150 2.560927 2.558224 2.551501 2.611814 2.563845 2.523908 2.526281 2.612877 2.589297 2.557018 2.545269 2.570968 2.586646 2.588819 2.586320 2.583220 2.580470 2.580000 
2.580000 2.541558 2.491404 2.441381 2.617206 2.796731 2.523376 2.239190 2.561088 2.791681 2.517528 2.287099 2.576135 2.765394 2.704424 2.633657 2.598138 2.584340 2.580450 2.580490 2.580000 
2.580000 2.568365 2.566475 2.580781 2.644560 2.575906 2.527721 2.529000 2.606863 2.565738 2.533399 2.546358 2.613298 2.633073 2.604199 2.576409 2.565670 2.566140 2.571940 2.579790 2.580000 
2.580000 2.620989 2.674804 2.723101 2.554325 2.305005 2.584820 2.800198 2.523515 2.272117 2.570038 2.784926 2.596502 2.413655 2.426561 2.478358 2.515130 2.540830 2.560980 2.578900 2.580000 
2.580000 2.591201 2.625057 2.615100 2.527496 2.536301 2.642910 2.591357 2.533877 2.548838 2.608754 2.631813 2.558219 2.434250 2.412512 2.449740 2.491710 2.526130 2.554020 2.578380 2.580000 
2.580000 2.568643 2.574616 2.570081 2.649602 2.759867 2.557747 2.344877 2.580645 2.770146 2.598541 2.411538 2.432871 2.430230 2.431634 2.458263 2.492580 2.524720 2.552860 2.578360 2.580000 
2.580000 2.577007 2.587307 2.618158 2.704345 2.743039 2.561096 2.431715 2.599205 2.712353 2.578989 2.419549 2.413811 2.434881 2.454315 2.478951 2.506210 2.532370 2.556290 2.578600 2.580000 
2.580000 2.580538 2.596019 2.626506 2.673023 2.677038 2.584192 2.525857 2.592381 2.636072 2.567955 2.479889 2.460152 2.471260 2.488470 2.507570 2.526980 2.545400 2.562610 2.579020 2.580000 
2.580000 2.580769 2.591759 2.608940 2.628397 2.625798 2.588457 2.565310 2.586000 2.598859 2.570026 2.531447 2.518079 2.521820 2.531040 2.541430 2.551770 2.561490 2.570710 2.579500 2.580000 
2.580000 2.580000 2.580770 2.582750 2.586320 2.586790 2.579710 2.575590 2.581220 2.584790 2.580189 2.574499 2.574110 2.575510 2.576770 2.577750 2.578440 2.579000 2.579500 2.580000 2.580000 
2.580000 2.580000 2.580000 2.580000 2.580000 2.580000 2.580000 2.580000 2.580000 2.580000 2.580000 2.580000 2.580000 2.580000 2.580000 2.580000 2.580000 2.580000 2.580000 2.580000 2.580000 
2.620000 2.620000 2.620000 2.620000 2.620000 2.620000 2.620000 2.620000 2.620000 2.620000 2.620000 2.620000 2.620000 2.620000 2.620000 2.620000 2.620000 2.620000 2.620000 2.620000 2.620000 
2.620000 2.620000 2.617249 2.615318 2.614874 2.616194 2.619829 2.629200 2.654458 2.690312 2.639328 2.572655 2.629369 2.639615 2.627329 2.622049 2.620419 2.620020 2.619990 2.620000 2.620000 
2.620000 2.617247 2.585346 2.565899 2.566280 2.587709 2.629002 2.692484 2.776155 2.816118 2.674448 2.537523 2.632984 2.670680 2.650084 2.630839 2.621668 2.618919 2.618999 2.619990 2.620000 
2.620000 2.613668 2.549793 2.512428 2.516659 2.559836 2.629488 2.718592 2.824808 2.861804 2.649138 2.478630 2.662190 2.682355 2.643531 2.622209 2.615589 2.615529 2.617519 2.619820 2.620000 
2.620000 2.607990 2.508460 2.454846 2.474099 2.552451 2.650810 2.735471 2.735928 2.615391 2.586282 2.628036 2.696027 2.617412 2.593197 2.597589 2.605989 2.612419 2.616639 2.619710 2.620000 
2.620000 2.598185 2.463230 2.398295 2.455795 2.599692 2.741559 2.807572 2.607591 2.329180 2.635763 2.830915 2.698292 2.564019 2.569204 2.595270 2.610210 2.616569 2.618959 2.619850 2.620000 
2.620000 2.581403 2.427578 2.363396 2.496477 2.718002 2.756431 2.636728 2.584100 2.598234 2.696026 2.637963 2.636743 2.632706 2.645965 2.645380 2.637379 2.630059 2.624650 2.620380 2.620000 
2.620000 2.564528 2.452318 2.423669 2.644839 2.826798 2.598189 2.329043 2.657906 2.902393 2.601864 2.341858 2.588535 2.770890 2.764432 2.703126 2.663066 2.641569 2.629340 2.620920 2.620000 
2.620000 2.620156 2.610984 2.661350 2.729449 2.624540 2.568543 2.619157 2.713967 2.644949 2.600615 2.598873 2.668262 2.663986 2.669486 2.659014 2.647346 2.637179 2.628530 2.620870 2.620000 
2.620000 2.668190 2.715451 2.783296 2.618304 2.340459 2.642404 2.912693 2.604938 2.286094 2.653595 2.891327 2.646049 2.414744 2.497295 2.584840 2.619529 2.627229 2.625270 2.620480 2.620000 
2.620000 2.618750 2.613199 2.605770 2.614969 2.622224 2.698723 2.651123 2.604952 2.614009 2.703639 2.664634 2.615479 2.591372 2.613935 2.629318 2.631040 2.627800 2.623970 2.620630 2.620000 
2.620000 2.574382 2.521805 2.480280 2.694792 2.901262 2.595486 2.280137 2.650312 2.915592 2.598410 2.321009 2.630818 2.839675 2.769173 2.685571 2.642449 2.625380 2.620580 2.620640 2.620000 
2.620000 2.607185 2.610026 2.635834 2.717542 2.646795 2.594096 2.605930 2.701826 2.655129 2.607153 2.610896 2.678194 2.692835 2.650741 2.615069 2.601630 2.602330 2.609780 2.619720 2.620000 
2.620000 2.670142 2.733446 2.787879 2.600246 2.328013 2.657816 2.910893 2.600468 2.313666 2.640727 2.878599 2.657930 2.434901 2.437874 2.494449 2.538370 2.570270 2.595840 2.618590 2.620000 
2.620000 2.634776 2.676443 2.668670 2.569833 2.578873 2.712060 2.665030 2.599517 2.613531 2.677297 2.696457 2.596911 2.444395 2.414620 2.457849 2.508930 2.551890 2.587040 2.617970 2.620000 
2.620000 2.607166 2.617816 2.620602 2.714677 2.837246 2.610579 2.370009 2.640858 2.857513 2.656378 2.430031 2.441034 2.434360 2.435836 2.467990 2.510200 2.550270 2.585670 2.617950 2.620000 
2.620000 2.616589 2.630407 2.671991 2.777638 2.823026 2.608371 2.456118 2.653369 2.785911 2.623619 2.426844 2.413510 2.438419 2.462931 2.493610 2.527410 2.560000 2.590030 2.618260 2.620000 
2.620000 2.620739 2.640190 2.679537 2.738563 2.743605 2.631279 2.560320 2.640521 2.691964 2.605693 2.494429 2.468281 2.482638 2.504949 2.529070 2.553330 2.576430 2.598060 2.618720 2.620000 
2.620000 2.620939 2.634709 2.656900 2.682028 2.679349 2.633209 2.604530 2.629879 2.644816 2.607312 2.557733 2.540706 2.545978 2.558139 2.571460 2.584480 2.596710 2.608240 2.619320 2.620000 
2.620000 2.620000 2.620940 2.623580 2.628340 2.628940 2.619950 2.614710 2.621910 2.626409 2.620369 2.612908 2.612399 2.614330 2.615980 2.617180 2.618090 2.618690 2.619320 2.620000 2.620000 
2.620000 2.620000 2.620000 2.620000 2.620000 2.620000 2.620000 2.620000 2.620000 2.620000 2.620000 2.620000 2.620000 2.620000 2.620000 2.620000 2.620000 2.620000 2.620000 2.620000 2.620000 
2.660000 2.660000 2.660000 2.660000 2.660000 2.660000 2.660000 2.660000 2.660000 2.660000 2.660000 2.660000 2.660000 2.660000 2.660000 2.660000 2.660000 2.660000 2.660000 2.660000 2.660000 
2.660000 2.660000 2.656729 2.654309 2.653525 2.654614 2.658289 2.668730 2.698129 2.739521 2.677990 2.599869 2.668940 2.683168 2.668850 2.662529 2.660449 2.659950 2.659960 2.660000 2.660000 
2.660000 2.656707 2.617805 2.592859 2.590350 2.611670 2.656131 2.727757 2.825865 2.874402 2.706935 2.547210 2.666680 2.716717 2.693817 2.671289 2.660639 2.657779 2.658299 2.659960 2.660000 
2.660000 2.652379 2.574852 2.527429 2.527280 2.571618 2.647271 2.748730 2.875789 2.925799 2.677345 2.479442 2.703110 2.731067 2.684737 2.659129 2.651799 2.652609 2.655939 2.659820 2.660000 
2.660000 2.645599 2.525656 2.458236 2.474378 2.559568 2.670453 2.770950 2.781607 2.658070 2.625198 2.671592 2.752594 2.655368 2.622218 2.626680 2.637890 2.647359 2.654199 2.659530 2.660000 
2.660000 2.633844 2.471740 2.390487 2.451437 2.615334 2.782680 2.869428 2.653608 2.352229 2.702707 2.922200 2.757159 2.587121 2.587516 2.619089 2.639810 2.650570 2.656139 2.659620 2.660000 
2.660000 2.613797 2.427813 2.346931 2.495872 2.754418 2.809280 2.686529 2.635087 2.660027 2.777406 2.704397 2.683527 2.661296 2.671756 2.674109 2.669630 2.665340 2.662390 2.660250 2.660000 
2.660000 2.592951 2.452013 2.410364 2.664736 2.886135 2.640423 2.346390 2.724910 3.012205 2.672794 2.369162 2.636872 2.827204 2.811809 2.742495 2.700118 2.679049 2.668080 2.660960 2.660000 
2.660000 2.655686 2.634004 2.682866 2.765034 2.664203 2.619007 2.681730 2.795153 2.722862 2.664045 2.653772 2.727256 2.709948 2.707981 2.695538 2.684408 2.675429 2.667770 2.660920 2.660000 
2.660000 2.714310 2.763865 2.840203 2.653618 2.348918 2.701387 3.017581 2.673820 2.320993 2.720015 2.981235 2.693368 2.424506 2.514354 2.614081 2.655199 2.665589 2.664739 2.660520 2.660000 
2.660000 2.658850 2.651161 2.645978 2.662009 2.676542 2.767409 2.720676 2.668694 2.680467 2.772766 2.719599 2.656002 2.626535 2.650732 2.668209 2.670810 2.667860 2.664079 2.660680 2.660000 
2.660000 2.607085 2.544334 2.499230 2.753214 3.002003 2.659305 2.309781 2.721446 3.025589 2.661000 2.336480 2.672531 2.908008 2.828019 2.733885 2.685559 2.666460 2.660869 2.660710 2.660000 
2.660000 2.644578 2.644635 2.674936 2.776146 2.706250 2.650340 2.668450 2.777696 2.727210 2.666857 2.657584 2.718150 2.732749 2.689560 2.653960 2.640590 2.641560 2.649329 2.659730 2.660000 
2.660000 2.717792 2.787974 2.851687 2.642438 2.338751 2.713420 3.011442 2.662485 2.338799 2.697913 2.956585 2.696422 2.447281 2.455413 2.522161 2.572060 2.607030 2.634399 2.658470 2.660000 
2.660000 2.675975 2.717459 2.705410 2.595301 2.612205 2.765090 2.720103 2.651507 2.662609 2.723097 2.741802 2.640249 2.479229 2.444630 2.489100 2.542870 2.588150 2.625270 2.657860 2.660000 
2.660000 2.643247 2.646615 2.644106 2.754688 2.903885 2.645797 2.379620 2.691665 2.934011 2.689391 2.434518 2.468359 2.472227 2.472639 2.503540 2.546040 2.587250 2.624100 2.657950 2.660000 
2.660000 2.654689 2.662678 2.705963 2.830180 2.889561 2.646510 2.479173 2.705152 2.850818 2.655085 2.433701 2.433468 2.470870 2.499129 2.530379 2.564430 2.597720 2.628790 2.658290 2.660000 
2.660000 2.660129 2.677110 2.719509 2.788844 2.798828 2.673635 2.596129 2.687874 2.742763 2.639615 2.514659 2.492500 2.514317 2.540648 2.566299 2.591120 2.614780 2.637150 2.658640 2.660000 
2.660000 2.660790 2.673959 2.697950 2.727550 2.726431 2.675600 2.644529 2.673447 2.688671 2.643997 2.588458 2.572241 2.580805 2.595308 2.609769 2.623240 2.635790 2.647720 2.659250 2.660000 
2.660000 2.660000 2.660790 2.663760 2.669390 2.670390 2.660160 2.654370 2.662650 2.667509 2.660057 2.651527 2.651408 2.653949 2.655920 2.657170 2.658100 2.658740 2.659250 2.660000 2.660000 
2.660000 2.660000 2.660000 2.660000 2.660000 2.660000 2.660000 2.660000 2.660000 2.660000 2.660000 2.660000 2.660000 2.660000 2.660000 2.660000 2.660000 2.660000 2.660000 2.660000 2.660000 
2.700000 2.700000 2.700000 2.700000 2.700000 2.700000 2.700000 2.700000 2.700000 2.700000 2.700000 2.700000 2.700000 2.700000 2.700000 2.700000 2.700000 2.700000 2.700000 2.700000 2.700000 
2.700000 2.699999 2.696408 2.693578 2.692152 2.692194 2.694459 2.703700 2.737899 2.794710 2.715677 2.610329 2.708300 2.729828 2.710800 2.702989 2.700509 2.700010 2.699920 2.700000 2.700000 
2.700000 2.696321 2.653132 2.623659 2.615825 2.631230 2.669900 2.740060 2.850005 2.917942 2.723142 2.532030 2.692783 2.761399 2.735756 2.710570 2.699118 2.696478 2.697609 2.699920 2.700000 
2.700000 2.691657 2.606004 2.550186 2.540782 2.574677 2.639872 2.737149 2.886199 2.974887 2.679348 2.429291 2.734025 2.777238 2.722459 2.693937 2.687020 2.689299 2.694269 2.699740 2.700000 
2.700000 2.684165 2.552650 2.473507 2.477914 2.552230 2.655192 2.759850 2.789230 2.679452 2.637485 2.676909 2.791248 2.676450 2.641766 2.651460 2.667870 2.681419 2.691409 2.699360 2.700000 
2.700000 2.670721 2.493092 2.396703 2.447821 2.610976 2.793120 2.915588 2.677216 2.331328 2.747835 3.004694 2.784113 2.574943 2.586788 2.633918 2.665020 2.682380 2.692479 2.699380 2.700000 
2.700000 2.645900 2.439113 2.339366 2.489222 2.773341 2.837780 2.717312 2.655798 2.673919 2.823431 2.741457 2.699122 2.654568 2.672836 2.688829 2.694290 2.696730 2.698540 2.700040 2.700000 
2.700000 2.613751 2.453168 2.388739 2.675243 2.947086 2.658586 2.307890 2.748779 3.100097 2.692845 2.347527 2.672539 2.874424 2.843390 2.767888 2.728438 2.711879 2.704770 2.700880 2.700000 
2.700000 2.686071 2.651637 2.689924 2.785451 2.690052 2.651133 2.698970 2.825084 2.755727 2.683851 2.674959 2.769104 2.738570 2.731825 2.721750 2.715018 2.709969 2.705279 2.700780 2.700000 
2.700000 2.767549 2.814548 2.904558 2.674086 2.309889 2.727267 3.099580 2.689860 2.294557 2.747751 3.055770 2.700671 2.392869 2.515609 2.637921 2.687869 2.702108 2.703279 2.700440 2.700000 
2.700000 2.700259 2.687141 2.677122 2.687423 2.695149 2.795575 2.744799 2.684180 2.695244 2.795782 2.737748 2.667351 2.646219 2.681435 2.704150 2.708920 2.706999 2.703748 2.700669 2.700000 
2.700000 2.631793 2.553482 2.479220 2.772003 3.095738 2.690847 2.287650 2.745943 3.107850 2.675144 2.304221 2.698582 2.979661 2.883520 2.779185 2.727820 2.707760 2.701528 2.700739 2.700000 
2.700000 2.675337 2.664990 2.686447 2.808574 2.738024 2.675701 2.691520 2.805486 2.751136 2.688329 2.671594 2.724950 2.750773 2.721333 2.694100 2.683370 2.684139 2.690758 2.699809 2.700000 
2.700000 2.773047 2.839277 2.919631 2.678848 2.315864 2.737217 3.097714 2.680733 2.308926 2.726332 3.018445 2.700342 2.441107 2.479052 2.563530 2.617460 2.651559 2.676839 2.698580 2.700000 
2.700000 2.715732 2.746805 2.722364 2.598333 2.634748 2.795807 2.739070 2.669727 2.682597 2.733484 2.759360 2.687035 2.540678 2.505077 2.545409 2.594399 2.635300 2.668730 2.698150 2.700000 
2.700000 2.672941 2.658488 2.633602 2.764053 2.964220 2.654588 2.355202 2.725099 3.000380 2.689051 2.415580 2.516900 2.547218 2.543838 2.565680 2.600280 2.635550 2.668000 2.698250 2.700000 
2.700000 2.690379 2.682610 2.716264 2.856974 2.939667 2.670807 2.497069 2.751414 2.903099 2.669724 2.439603 2.476657 2.534449 2.563746 2.589317 2.617069 2.645230 2.672310 2.698520 2.700000 
2.700000 2.698489 2.706039 2.744140 2.819968 2.838792 2.709381 2.633043 2.732367 2.785174 2.668787 2.542460 2.535348 2.567694 2.595966 2.618988 2.640069 2.660230 2.679760 2.698810 2.700000 
2.700000 2.700229 2.709059 2.731160 2.762870 2.765158 2.714756 2.685104 2.715723 2.729062 2.680008 2.624589 2.613923 2.626929 2.642664 2.656107 2.667869 2.678669 2.689120 2.699440 2.700000 
2.700000 2.700000 2.700239 2.703039 2.709329 2.711028 2.700148 2.694408 2.703390 2.707998 2.699254 2.690332 2.691263 2.694477 2.696618 2.697759 2.698440 2.698940 2.699440 2.700000 2.700000 
2.700000 2.700000 2.700000 2.700000 2.700000 2.700000 2.700000 2.700000 2.700000 2.700000 2.700000 2.700000 2.700000 2.700000 2.700000 2.700000 2.700000 2.700000 2.700000 2.700000 2.700000 
2.800000 2.800000 2.800000 2.800000 2.800000 2.800000 2.800000 2.800000 2.800000 2.800000 2.800000 2.800000 2.800000 2.800000 2.800000 2.800000 2.800000 2.800000 2.800000 2.800000 2.800000 
2.800000 2.799997 2.796446 2.793487 2.791531 2.790245 2.790349 2.795899 2.826649 2.885630 2.808175 2.699780 2.804590 2.830609 2.810999 2.803039 2.800509 2.799989 2.799880 2.800000 2.800000 
2.800000 2.796337 2.752892 2.721210 2.707899 2.714081 2.740090 2.796881 2.900287 2.977497 2.793265 2.604393 2.776970 2.855500 2.832546 2.808430 2.797649 2.795538 2.797119 2.799880 2.800000 
2.800000 2.791881 2.706699 2.647452 2.627900 2.644483 2.687111 2.762097 2.905300 3.023255 2.743930 2.482229 2.808017 2.866171 2.814970 2.788414 2.783230 2.786899 2.793089 2.799679 2.800000 
2.800000 2.784994 2.656651 2.574284 2.563724 2.613414 2.689059 2.776353 2.821047 2.767847 2.721582 2.722825 2.851479 2.751633 2.724824 2.739816 2.760260 2.776820 2.789299 2.799289 2.800000 
2.800000 2.772566 2.602499 2.504597 2.536680 2.668346 2.827383 2.964687 2.762618 2.462356 2.825898 3.055708 2.829798 2.629765 2.655136 2.713162 2.752268 2.775190 2.789190 2.799180 2.800000 
2.800000 2.749834 2.553086 2.454109 2.578302 2.826725 2.881222 2.803320 2.742100 2.721492 2.860873 2.807979 2.757486 2.699992 2.727702 2.759468 2.776949 2.787350 2.794360 2.799790 2.800000 
2.800000 2.718520 2.563245 2.493682 2.748059 3.010388 2.744401 2.425546 2.792649 3.109844 2.740458 2.464550 2.773792 2.936408 2.898423 2.837328 2.810638 2.802439 2.800600 2.800610 2.800000 
2.800000 2.780510 2.740960 2.756446 2.837390 2.781716 2.759200 2.747466 2.836501 2.805429 2.746684 2.747592 2.841010 2.805124 2.800901 2.801270 2.802689 2.803119 2.802249 2.800620 2.800000 
2.800000 2.866678 2.907660 2.990205 2.762844 2.430016 2.789492 3.103198 2.740026 2.431283 2.802867 3.078300 2.739438 2.477628 2.610347 2.732629 2.783208 2.798998 2.801768 2.800370 2.800000 
2.800000 2.803637 2.787816 2.774118 2.767423 2.753208 2.824329 2.789291 2.745379 2.744678 2.821598 2.787492 2.737318 2.739960 2.780383 2.802869 2.807809 2.806398 2.803477 2.800609 2.800000 
2.800000 2.731826 2.645992 2.550936 2.800788 3.123741 2.767956 2.437150 2.791212 3.103693 2.729700 2.439009 2.791122 3.056526 2.969269 2.874995 2.828239 2.809229 2.802587 2.800739 2.800000 
2.800000 2.770396 2.746114 2.743940 2.847046 2.801086 2.755932 2.756460 2.826251 2.788588 2.754952 2.742664 2.773858 2.811154 2.809218 2.797238 2.790140 2.789779 2.793787 2.799979 2.800000 
2.800000 2.870972 2.921795 2.998650 2.782302 2.459642 2.791074 3.111715 2.739440 2.437721 2.797689 3.042874 2.745038 2.548884 2.607917 2.689799 2.736349 2.763319 2.782528 2.798969 2.800000 
2.800000 2.809799 2.822503 2.788494 2.686874 2.740208 2.843713 2.785365 2.741609 2.758058 2.781467 2.806084 2.791175 2.699870 2.665759 2.688894 2.722317 2.751629 2.776420 2.798740 2.800000 
2.800000 2.766403 2.731240 2.685266 2.808679 3.018022 2.723492 2.474912 2.806564 3.047547 2.736726 2.513479 2.663976 2.714531 2.704559 2.710044 2.729347 2.752729 2.776150 2.798880 2.800000 
2.800000 2.786640 2.760050 2.775070 2.904449 2.995680 2.760843 2.625209 2.847335 2.968130 2.740663 2.551013 2.619404 2.687089 2.711130 2.725342 2.741547 2.760049 2.779450 2.799050 2.800000 
2.800000 2.796605 2.790935 2.817010 2.886450 2.912387 2.805111 2.746852 2.832702 2.870554 2.759137 2.653836 2.663608 2.701654 2.727164 2.743527 2.757218 2.770869 2.784929 2.799200 2.800000 
2.800000 2.799469 2.801408 2.817678 2.846778 2.852919 2.812565 2.790266 2.816578 2.824324 2.777773 2.731136 2.727948 2.743653 2.758250 2.768634 2.776767 2.784269 2.791839 2.799530 2.800000 
2.800000 2.800000 2.799479 2.801459 2.807248 2.809415 2.800303 2.796034 2.803699 2.806927 2.798310 2.790776 2.792668 2.796053 2.797846 2.798658 2.799029 2.799259 2.799530 2.800000 2.800000 
2.800000 2.800000 2.800000 2.800000 2.800000 2.800000 2.800000 2.800000 2.800000 2.800000 2.800000 2.800000 2.800000 2.800000 2.800000 2.800000 2.800000 2.800000 2.800000 2.800000 2.800000 
2.900000 2.900000 2.900000 2.900000 2.900000 2.900000 2.900000 2.900000 2.900000 2.900000 2.900000 2.900000 2.900000 2.900000 2.900000 2.900000 2.900000 2.900000 2.900000 2.900000 2.900000 
2.900000 2.899998 2.896876 2.894228 2.892157 2.890139 2.888510 2.890209 2.910049 2.952170 2.902186 2.826351 2.901720 2.923260 2.909090 2.902630 2.900539 2.899950 2.900000 2.900000 2.900000 
2.900000 2.896863 2.857528 2.827140 2.810633 2.808349 2.821167 2.859309 2.938768 3.007660 2.880439 2.738394 2.873270 2.941569 2.925798 2.906089 2.897009 2.895378 2.897099 2.900000 2.900000 
2.900000 2.893183 2.817870 2.762293 2.736618 2.737280 2.757502 2.805811 2.916910 3.034044 2.848451 2.640267 2.884169 2.942697 2.906830 2.886164 2.882530 2.886599 2.893009 2.899730 2.900000 
2.900000 2.888138 2.778694 2.704613 2.684094 2.707531 2.751769 2.813704 2.867503 2.889283 2.852859 2.800541 2.897538 2.840199 2.824694 2.839592 2.859268 2.875840 2.888700 2.899260 2.900000 
2.900000 2.880021 2.741600 2.659800 2.673077 2.756366 2.863954 2.984397 2.879337 2.708709 2.910762 3.037462 2.872220 2.731683 2.757327 2.810045 2.848246 2.872219 2.887660 2.899120 2.900000 
2.900000 2.866832 2.714465 2.640160 2.722395 2.883936 2.918607 2.910367 2.872336 2.808601 2.888369 2.881713 2.838882 2.782070 2.806575 2.842294 2.866007 2.881249 2.891610 2.899590 2.900000 
2.900000 2.851211 2.731873 2.683804 2.848319 3.031235 2.867060 2.673698 2.858696 3.033041 2.818508 2.690347 2.892677 2.973096 2.939290 2.905407 2.894769 2.894649 2.897260 2.900330 2.900000 
2.900000 2.887171 2.855887 2.852967 2.896971 2.897789 2.898449 2.827252 2.851669 2.872140 2.847950 2.850608 2.908627 2.876620 2.877073 2.886399 2.893840 2.898109 2.899889 2.900430 2.900000 
2.900000 2.948348 2.984260 3.038410 2.879116 2.673684 2.871766 3.023202 2.831494 2.699051 2.880942 3.029919 2.804567 2.657493 2.757483 2.846776 2.885418 2.898308 2.900988 2.900330 2.900000 
2.900000 2.907207 2.896955 2.885935 2.864215 2.832329 2.858980 2.856633 2.855666 2.837505 2.865268 2.862588 2.845373 2.865338 2.894888 2.907957 2.909328 2.906797 2.903557 2.900539 2.900000 
2.900000 2.853049 2.778205 2.692466 2.828087 3.047371 2.866517 2.709882 2.862405 3.015778 2.824872 2.702301 2.913454 3.085214 3.029528 2.963316 2.927269 2.910768 2.903707 2.900679 2.900000 
2.900000 2.876829 2.845349 2.822069 2.871523 2.865975 2.864648 2.850933 2.858300 2.847917 2.858789 2.856245 2.858956 2.891338 2.907978 2.906068 2.900129 2.897198 2.897697 2.900049 2.900000 
2.900000 2.947764 2.979107 3.029279 2.895871 2.709530 2.858179 3.033013 2.833328 2.693761 2.893629 3.014817 2.827028 2.736131 2.785766 2.837459 2.864509 2.879289 2.889928 2.899389 2.900000 
2.900000 2.901712 2.897524 2.866554 2.820774 2.875940 2.890757 2.850474 2.852567 2.870246 2.862835 2.872056 2.905354 2.878868 2.848546 2.847319 2.858805 2.872519 2.886100 2.899390 2.900000 
2.900000 2.870581 2.822150 2.772500 2.860793 3.019622 2.828191 2.701459 2.903040 3.041841 2.822922 2.701210 2.840664 2.890719 2.874826 2.863125 2.864674 2.873778 2.886070 2.899560 2.900000 
2.900000 2.886265 2.846414 2.842599 2.933091 3.010947 2.871871 2.806777 2.941620 3.002148 2.835413 2.722880 2.794657 2.853269 2.866966 2.867759 2.870695 2.877888 2.888019 2.899620 2.900000 
2.900000 2.895374 2.878004 2.888759 2.939789 2.968222 2.906626 2.878183 2.932145 2.946516 2.860684 2.792850 2.812317 2.847047 2.865285 2.872707 2.877688 2.883589 2.891069 2.899580 2.900000 
2.900000 2.898769 2.893838 2.902228 2.924426 2.933833 2.911318 2.900153 2.917058 2.917359 2.880450 2.848912 2.851643 2.866715 2.877810 2.883714 2.887416 2.890988 2.895069 2.899660 2.900000 
2.900000 2.900000 2.898769 2.899639 2.903778 2.905963 2.900819 2.898852 2.903469 2.904598 2.898061 2.893317 2.895388 2.898122 2.899325 2.899607 2.899668 2.899629 2.899660 2.900000 2.900000 
2.900000 2.900000 2.900000 2.900000 2.900000 2.900000 2.900000 2.900000 2.900000 2.900000 2.900000 2.900000 2.900000 2.900000 2.900000 2.900000 2.900000 2.900000 2.900000 2.900000 2.900000 
3.000000 3.000000 3.000000 3.000000 3.000000 3.000000 3.000000 3.000000 3.000000 3.000000 3.000000 3.000000 3.000000 3.000000 3.000000 3.000000 3.000000 3.000000 3.000000 3.000000 3.000000 
3.000000 2.999998 2.997627 2.995508 2.993559 2.991496 2.989230 2.988679 2.999808 3.028100 3.003358 2.956531 3.003560 3.017510 3.007270 3.002300 3.000579 3.000070 3.000060 3.000000 3.000000 
3.000000 2.997617 2.965620 2.939730 2.923095 2.915856 2.919315 2.942268 2.998488 3.057629 2.990068 2.898004 2.987138 3.034708 3.022199 3.006059 2.998070 2.996369 2.997640 3.000060 3.000000 
3.000000 2.995006 2.935616 2.889566 2.863367 2.854468 2.859775 2.889165 2.970830 3.079033 2.984860 2.836708 2.989508 3.033109 3.007109 2.989944 2.986000 2.988800 2.994000 2.999790 3.000000 
3.000000 2.992059 2.910158 2.852238 2.829174 2.834046 2.855982 2.901359 2.961672 3.030241 3.009485 2.925572 2.980122 2.951826 2.941923 2.951419 2.965817 2.979030 2.989980 2.999350 3.000000 
3.000000 2.988219 2.892396 2.834767 2.836132 2.879050 2.944339 3.046714 3.021693 2.945980 3.031016 3.067616 2.955926 2.868099 2.886427 2.924530 2.954444 2.974599 2.988450 2.999170 3.000000 
3.000000 2.983399 2.887476 2.843971 2.891085 2.977973 3.000007 3.042698 3.031968 2.949660 2.981229 2.993339 2.957035 2.904242 2.917012 2.944660 2.965886 2.980649 2.991190 2.999520 3.000000 
3.000000 2.979248 2.910325 2.888638 2.979105 3.087658 3.010837 2.920328 2.985724 3.043127 2.951590 2.916030 3.025467 3.043513 3.010489 2.991167 2.988339 2.991580 2.995950 3.000160 3.000000 
3.000000 2.996521 2.984563 2.979076 2.996949 3.030243 3.050246 2.962879 2.954095 2.996932 2.995066 2.986813 3.010118 2.982074 2.979624 2.986518 2.992740 2.996790 2.999040 3.000270 3.000000 
3.000000 3.033647 3.068259 3.104450 3.011283 2.908234 2.997766 3.033743 2.980542 2.958636 3.011691 3.051901 2.921948 2.856792 2.918895 2.970475 2.992668 2.999898 3.001109 3.000260 3.000000 
3.000000 3.010067 3.011907 3.008842 2.984841 2.952094 2.963275 2.984516 3.018876 2.990479 2.985033 2.990138 2.987460 3.004667 3.016164 3.016605 3.012477 3.007877 3.003857 3.000499 3.000000 
3.000000 2.973450 2.923577 2.859019 2.908936 3.033443 2.998062 2.963830 2.996418 3.027805 2.974732 2.956609 3.056859 3.136242 3.097556 3.052936 3.025888 3.011777 3.004567 3.000529 3.000000 
3.000000 2.986160 2.961060 2.934286 2.946998 2.965151 3.002804 2.989868 2.972587 2.976069 3.010553 3.010026 2.991741 3.003786 3.018718 3.017247 3.009708 3.003918 3.001087 3.000109 3.000000 
3.000000 3.029636 3.047435 3.080003 3.017989 2.933879 2.968965 3.033230 2.978134 2.947498 3.031117 3.056108 2.958039 2.932186 2.962476 2.983340 2.991039 2.994079 2.996719 2.999779 3.000000 
3.000000 2.997880 2.985854 2.965975 2.965357 3.018828 2.988624 2.967603 3.002755 3.018698 2.995073 2.988749 3.039273 3.046983 3.018538 2.998609 2.991685 2.991659 2.994990 2.999890 3.000000 
3.000000 2.977385 2.927850 2.884491 2.942387 3.054157 2.963033 2.926835 3.026013 3.080976 2.953200 2.907420 3.015612 3.053459 3.032470 3.008401 2.995912 2.992828 2.995199 3.000080 3.000000 
3.000000 2.987861 2.943669 2.927766 2.982229 3.045443 2.994449 2.984616 3.046195 3.058093 2.956312 2.908322 2.970023 3.011997 3.014704 3.004529 2.996575 2.994088 2.995888 3.000020 3.000000 
3.000000 2.995095 2.970794 2.969138 3.001577 3.030639 3.012023 3.008835 3.034171 3.030024 2.973890 2.940589 2.963167 2.989789 2.999488 2.998748 2.996019 2.995179 2.996778 2.999869 3.000000 
3.000000 2.998389 2.988609 2.990038 3.004844 3.016551 3.010945 3.009863 3.017909 3.012734 2.987465 2.970668 2.976948 2.989169 2.995902 2.997465 2.997117 2.997118 2.998069 2.999780 3.000000 
3.000000 3.000000 2.998390 2.998309 3.000788 3.002882 3.001268 3.001251 3.003138 3.002719 2.998513 2.996309 2.998209 3.000013 3.000565 3.000407 3.000108 2.999889 2.999779 3.000000 3.000000 
3.000000 3.000000 3.000000 3.000000 3.000000 3.000000 3.000000 3.000000 3.000000 3.000000 3.000000 3.000000 3.000000 3.000000 3.000000 3.000000 3.000000 3.000000 3.000000 3.000000 3.000000 
3.100000 3.100000 3.100000 3.100000 3.100000 3.100000 3.100000 3.100000 3.100000 3.100000 3.100000 3.100000 3.100000 3.100000 3.100000 3.100000 3.100000 3.100000 3.100000 3.100000 3.100000 
3.100000 3.099999 3.098368 3.096848 3.095348 3.093598 3.091499 3.090268 3.096176 3.115260 3.105899 3.078340 3.106970 3.114360 3.106230 3.102240 3.100700 3.100110 3.100090 3.100000 3.100000 
3.100000 3.098368 3.074920 3.055100 3.040787 3.032167 3.030875 3.044058 3.082707 3.131987 3.106033 3.052383 3.108218 3.136149 3.123260 3.108539 3.100680 3.098249 3.098560 3.100090 3.100000 
3.100000 3.096828 3.054798 3.020778 2.998408 2.986329 2.984675 3.002900 3.061770 3.153989 3.120438 3.023218 3.113729 3.139023 3.115638 3.098666 3.092570 3.092860 3.095900 3.099870 3.100000 
3.100000 3.095489 3.041539 3.001738 2.981663 2.977486 2.987538 3.022621 3.078885 3.157540 3.153402 3.070421 3.096006 3.079745 3.068872 3.070309 3.077187 3.085100 3.092610 3.099490 3.100000 
3.100000 3.094594 3.038152 3.003968 3.000992 3.019201 3.057274 3.140696 3.154925 3.125880 3.158524 3.149391 3.074368 3.019175 3.027435 3.048981 3.067435 3.081029 3.091100 3.099320 3.100000 
3.100000 3.094547 3.046768 3.028772 3.054457 3.094081 3.106618 3.168930 3.178985 3.102024 3.110866 3.121577 3.091058 3.045599 3.046412 3.061140 3.074527 3.084850 3.092870 3.099600 3.100000 
3.100000 3.095935 3.069289 3.067369 3.112950 3.169618 3.141495 3.112192 3.133375 3.130653 3.102630 3.099492 3.154175 3.143430 3.110582 3.094188 3.091040 3.093200 3.096580 3.100070 3.100000 
3.100000 3.102907 3.108956 3.107187 3.110095 3.150803 3.184010 3.114025 3.101941 3.141137 3.145545 3.125759 3.129761 3.106788 3.098316 3.096787 3.097390 3.098520 3.099510 3.100230 3.100000 
3.100000 3.123787 3.158709 3.185460 3.134659 3.090581 3.136051 3.122736 3.139577 3.156407 3.152871 3.134638 3.062329 3.036190 3.068888 3.092015 3.100458 3.102269 3.101629 3.100230 3.100000 
3.100000 3.111118 3.125158 3.131166 3.114007 3.090619 3.103877 3.131538 3.180781 3.151435 3.133052 3.130437 3.127389 3.132699 3.129763 3.121794 3.114127 3.108198 3.103858 3.100320 3.100000 
3.100000 3.087690 3.064818 3.025410 3.036259 3.100098 3.136755 3.155204 3.148179 3.123158 3.133350 3.148344 3.184448 3.203316 3.172074 3.141775 3.122317 3.111027 3.104568 3.100299 3.100000 
3.100000 3.094670 3.084160 3.067901 3.066506 3.088000 3.142472 3.137210 3.124421 3.129975 3.163627 3.156731 3.127238 3.118207 3.124149 3.121416 3.113828 3.107167 3.102838 3.099999 3.100000 
3.100000 3.119478 3.133623 3.159523 3.138652 3.106265 3.099300 3.111274 3.133638 3.145344 3.168688 3.145156 3.096494 3.093451 3.107137 3.110300 3.107099 3.103449 3.101169 3.099970 3.100000 
3.100000 3.097465 3.086370 3.078048 3.100190 3.149376 3.113379 3.105778 3.151085 3.160402 3.133895 3.119758 3.165942 3.181406 3.155062 3.128132 3.112166 3.104250 3.101060 3.100160 3.100000 
3.100000 3.083881 3.041422 3.008212 3.046908 3.126892 3.100160 3.107092 3.148300 3.156549 3.090472 3.084421 3.161853 3.186022 3.163415 3.135124 3.115864 3.105698 3.101559 3.100380 3.100000 
3.100000 3.090226 3.048912 3.028852 3.059800 3.110986 3.113077 3.130565 3.149578 3.136262 3.081682 3.072057 3.120856 3.147941 3.143316 3.127531 3.113676 3.105248 3.101498 3.100299 3.100000 
3.100000 3.095435 3.069465 3.060926 3.080023 3.107477 3.115502 3.126146 3.133777 3.120869 3.088571 3.078432 3.100167 3.118829 3.121929 3.116009 3.108669 3.103439 3.100938 3.100029 3.100000 
3.100000 3.098270 3.086369 3.083428 3.092543 3.104751 3.109927 3.114696 3.117120 3.109818 3.094659 3.088492 3.096243 3.105253 3.108354 3.106896 3.103887 3.101508 3.100319 3.099870 3.100000 
3.100000 3.100000 3.098270 3.097750 3.099068 3.100942 3.101438 3.102321 3.102679 3.101509 3.099165 3.098611 3.100142 3.101184 3.101226 3.100777 3.100368 3.100059 3.099869 3.100000 3.100000 
3.100000 3.100000 3.100000 3.100000 3.100000 3.100000 3.100000 3.100000 3.100000 3.100000 3.100000 3.100000 3.100000 3.100000 3.100000 3.100000 3.100000 3.100000 3.100000 3.100000 3.100000 
3.200000 3.200000 3.200000 3.200000 3.200000 3.200000 3.200000 3.200000 3.200000 3.200000 3.200000 3.200000 3.200000 3.200000 3.200000 3.200000 3.200000 3.200000 3.200000 3.200000 3.200000 
3.200000 3.199999 3.199068 3.198088 3.197068 3.195738 3.194108 3.192806 3.195704 3.208089 3.206140 3.190690 3.209250 3.212470 3.205620 3.202230 3.200790 3.200210 3.200100 3.200000 3.200000 
3.200000 3.199079 3.183420 3.169680 3.158790 3.150819 3.147578 3.154210 3.178955 3.216746 3.213429 3.186998 3.224669 3.239589 3.225780 3.211690 3.203570 3.200270 3.199630 3.200100 3.200000 
3.200000 3.198239 3.171468 3.148790 3.131929 3.120313 3.115656 3.125576 3.163680 3.233353 3.232037 3.176780 3.236030 3.248677 3.225838 3.208088 3.199630 3.197290 3.198010 3.199970 3.200000 
3.200000 3.197919 3.166489 3.142179 3.127174 3.119634 3.122380 3.146314 3.186018 3.249567 3.259483 3.201292 3.218106 3.207678 3.194693 3.189253 3.189278 3.191980 3.195710 3.199690 3.200000 
3.200000 3.198436 3.170706 3.153808 3.150085 3.154143 3.172957 3.232428 3.251697 3.237810 3.258507 3.242674 3.197500 3.163761 3.165052 3.173678 3.181927 3.188730 3.194440 3.199550 3.200000 
3.200000 3.200353 3.183681 3.180815 3.193562 3.204601 3.204800 3.261110 3.280089 3.219881 3.224871 3.232525 3.213166 3.180910 3.176446 3.180875 3.186109 3.191050 3.195580 3.199750 3.200000 
3.200000 3.203128 3.200910 3.207259 3.225726 3.246953 3.234982 3.233836 3.249533 3.227185 3.224352 3.226926 3.260007 3.247212 3.219576 3.203320 3.197570 3.196950 3.198220 3.200120 3.200000 
3.200000 3.204842 3.218667 3.216389 3.207126 3.239021 3.275553 3.231686 3.227060 3.251863 3.255924 3.234505 3.237158 3.224481 3.214592 3.207046 3.202849 3.201050 3.200430 3.200230 3.200000 
3.200000 3.216308 3.247169 3.264180 3.231772 3.213858 3.245839 3.219240 3.254936 3.272749 3.256365 3.223038 3.186648 3.178581 3.195669 3.203964 3.204938 3.203580 3.201910 3.200220 3.200000 
3.200000 3.210079 3.230080 3.240188 3.229069 3.213348 3.226126 3.243575 3.288777 3.264023 3.247028 3.237829 3.233590 3.232649 3.226444 3.218454 3.211738 3.206759 3.203139 3.200190 3.200000 
3.200000 3.195930 3.193049 3.174250 3.172978 3.199038 3.246881 3.269991 3.259594 3.221340 3.248135 3.261881 3.269900 3.263339 3.242144 3.225655 3.214837 3.207918 3.203419 3.200060 3.200000 
3.200000 3.200480 3.203820 3.200171 3.194807 3.204605 3.251367 3.248456 3.246548 3.248441 3.269142 3.255936 3.226798 3.208722 3.212080 3.213566 3.210357 3.206218 3.202739 3.199890 3.200000 
3.200000 3.213929 3.228894 3.251281 3.245502 3.229102 3.212313 3.204584 3.250966 3.265821 3.263287 3.226535 3.203812 3.206162 3.213887 3.214380 3.210459 3.206110 3.202700 3.199920 3.200000 
3.200000 3.198147 3.191224 3.189675 3.215320 3.254696 3.225910 3.222014 3.258729 3.258208 3.236040 3.223567 3.261126 3.275699 3.256187 3.233646 3.218308 3.209070 3.203710 3.200230 3.200000 
3.200000 3.188945 3.156096 3.131957 3.157518 3.214046 3.215619 3.231902 3.242817 3.230918 3.200861 3.212701 3.268556 3.284485 3.265855 3.241330 3.222806 3.211239 3.204579 3.200480 3.200000 
3.200000 3.192591 3.157825 3.138429 3.155222 3.194391 3.216596 3.239177 3.237633 3.216554 3.191194 3.200400 3.238897 3.256906 3.250530 3.234984 3.220598 3.210539 3.204358 3.200389 3.200000 
3.200000 3.196176 3.172276 3.161196 3.171601 3.194655 3.212503 3.226279 3.225055 3.210726 3.194674 3.197375 3.217067 3.230309 3.230379 3.222960 3.214350 3.207549 3.203099 3.200129 3.200000 
3.200000 3.198430 3.186649 3.181668 3.186763 3.197604 3.206752 3.213110 3.212673 3.205661 3.197833 3.197986 3.206037 3.212727 3.213867 3.211088 3.207168 3.203818 3.201519 3.199970 3.200000 
3.200000 3.200000 3.198430 3.197710 3.198358 3.199794 3.201100 3.202143 3.201809 3.200599 3.199486 3.199714 3.200974 3.201546 3.201358 3.200858 3.200398 3.200079 3.199969 3.200000 3.200000 
3.200000 3.200000 3.200000 3.200000 3.200000 3.200000 3.200000 3.200000 3.200000 3.200000 3.200000 3.200000 3.200000 3.200000 3.200000 3.200000 3.200000 3.200000 3.200000 3.200000 3.200000 
3.300000 3.300000 3.300000 3.300000 3.300000 3.300000 3.300000 3.300000 3.300000 3.300000 3.300000 3.300000 3.300000 3.300000 3.300000 3.300000 3.300000 3.300000 3.300000 3.300000 3.300000 
3.300000 3.300000 3.299538 3.298958 3.298368 3.297457 3.296227 3.295046 3.295954 3.303269 3.303959 3.296140 3.309550 3.310700 3.304950 3.302080 3.300890 3.300280 3.300050 3.300000 3.300000 
3.300000 3.299539 3.290079 3.281380 3.273740 3.267240 3.263089 3.264689 3.277804 3.303045 3.309230 3.301200 3.330999 3.339399 3.326190 3.313290 3.305450 3.301740 3.300380 3.300050 3.300000 
3.300000 3.299209 3.283739 3.269940 3.258250 3.248247 3.241749 3.243694 3.262070 3.306525 3.318727 3.296699 3.344780 3.352178 3.331319 3.314159 3.304700 3.300680 3.299740 3.300000 3.300000 
3.300000 3.299309 3.283109 3.269709 3.259098 3.250328 3.247034 3.257290 3.273629 3.311499 3.331051 3.306227 3.328320 3.323873 3.311396 3.302557 3.298459 3.297510 3.298330 3.299840 3.300000 
3.300000 3.300186 3.289347 3.282389 3.278217 3.273461 3.276309 3.308938 3.314438 3.300490 3.325999 3.324505 3.306677 3.290295 3.289972 3.291625 3.293309 3.295220 3.297449 3.299770 3.300000 
3.300000 3.302214 3.300546 3.303077 3.306325 3.298929 3.284125 3.320390 3.337763 3.295812 3.305865 3.315809 3.312663 3.298155 3.295680 3.295429 3.295610 3.296500 3.298070 3.299960 3.300000 
3.300000 3.304521 3.310310 3.314880 3.314849 3.310636 3.295756 3.301446 3.322303 3.300144 3.305318 3.308709 3.340739 3.340428 3.323379 3.309700 3.302810 3.300220 3.299750 3.300170 3.300000 
3.300000 3.303545 3.314558 3.305429 3.283759 3.299319 3.329712 3.305972 3.307810 3.317591 3.321352 3.308397 3.321857 3.324053 3.319147 3.311295 3.305729 3.302630 3.301110 3.300240 3.300000 
3.300000 3.309989 3.330930 3.335030 3.304947 3.293287 3.318639 3.290365 3.318370 3.324678 3.315283 3.292354 3.282606 3.287042 3.300830 3.305504 3.305018 3.303350 3.301710 3.300170 3.300000 
3.300000 3.307560 3.325530 3.332760 3.322239 3.307615 3.311339 3.308823 3.338954 3.320746 3.312749 3.304800 3.305386 3.308194 3.309144 3.308045 3.306018 3.303859 3.301919 3.300080 3.300000 
3.300000 3.299700 3.306330 3.299210 3.294360 3.294213 3.319981 3.324002 3.318236 3.286134 3.310756 3.316274 3.319711 3.313243 3.307685 3.306265 3.305018 3.303429 3.301669 3.299910 3.300000 
3.300000 3.303270 3.314030 3.317744 3.309237 3.300156 3.323799 3.314678 3.318612 3.315378 3.322430 3.308600 3.290077 3.276878 3.286792 3.297776 3.302068 3.302499 3.301420 3.299790 3.300000 
3.300000 3.310319 3.324946 3.342066 3.335307 3.315689 3.296002 3.279717 3.319992 3.322894 3.312372 3.282445 3.277302 3.283923 3.295546 3.303359 3.305159 3.304050 3.302110 3.299880 3.300000 
3.300000 3.298739 3.294887 3.294287 3.311609 3.336167 3.312676 3.304219 3.323037 3.312729 3.297894 3.294007 3.327217 3.342450 3.334170 3.322889 3.314229 3.308110 3.303700 3.300280 3.300000 
3.300000 3.292526 3.268233 3.249912 3.264272 3.300386 3.306069 3.314412 3.308797 3.290966 3.280850 3.300890 3.344908 3.359073 3.348763 3.333026 3.320058 3.310980 3.304969 3.300500 3.300000 
3.300000 3.294674 3.267387 3.250412 3.257952 3.284072 3.305478 3.321138 3.310858 3.291115 3.282409 3.299496 3.331313 3.345681 3.341754 3.330537 3.319379 3.310860 3.304929 3.300440 3.300000 
3.300000 3.297028 3.277247 3.266307 3.270902 3.287168 3.303586 3.314141 3.309082 3.297091 3.290977 3.299667 3.317197 3.327638 3.327549 3.321500 3.314290 3.308200 3.303679 3.300160 3.300000 
3.300000 3.298710 3.288539 3.283249 3.285545 3.293449 3.301780 3.306925 3.305177 3.299704 3.296575 3.299958 3.307579 3.312849 3.313489 3.310939 3.307459 3.304279 3.301869 3.300060 3.300000 
3.300000 3.300000 3.298710 3.298000 3.298259 3.299246 3.300444 3.301266 3.300729 3.299769 3.299357 3.299955 3.300936 3.301327 3.301139 3.300749 3.300329 3.300109 3.300060 3.300000 3.300000 
3.300000 3.300000 3.300000 3.300000 3.300000 3.300000 3.300000 3.300000 3.300000 3.300000 3.300000 3.300000 3.300000 3.300000 3.300000 3.300000 3.300000 3.300000 3.300000 3.300000 3.300000 
3.400000 3.400000 3.400000 3.400000 3.400000 3.400000 3.400000 3.400000 3.400000 3.400000 3.400000 3.400000 3.400000 3.400000 3.400000 3.400000 3.400000 3.400000 3.400000 3.400000 3.400000 
3.400000 3.400000 3.399809 3.399528 3.399228 3.398657 3.397798 3.396715 3.396425 3.400049 3.401100 3.397900 3.408240 3.408440 3.403910 3.401720 3.400710 3.400320 3.399990 3.400000 3.400000 
3.400000 3.399839 3.394669 3.389719 3.384880 3.380059 3.375819 3.374068 3.378263 3.392026 3.399960 3.402350 3.428310 3.433789 3.422570 3.412040 3.405510 3.402200 3.400740 3.399990 3.400000 
3.400000 3.399699 3.391729 3.384150 3.376610 3.368820 3.361596 3.357278 3.359669 3.381645 3.396197 3.396009 3.440890 3.446648 3.429259 3.414850 3.406400 3.402260 3.400579 3.399970 3.400000 
3.400000 3.399869 3.392588 3.385879 3.378749 3.370219 3.362837 3.361164 3.356110 3.368839 3.392325 3.395472 3.425754 3.426517 3.416628 3.408109 3.402989 3.400570 3.399869 3.399950 3.400000 
3.400000 3.400617 3.397667 3.395289 3.390948 3.381664 3.373449 3.383248 3.370778 3.351550 3.384669 3.400531 3.403034 3.399600 3.401067 3.400648 3.399629 3.399150 3.399319 3.399910 3.400000 
3.400000 3.402085 3.404778 3.407288 3.404467 3.386993 3.359547 3.374189 3.385344 3.358325 3.374668 3.387881 3.399068 3.400179 3.402801 3.402231 3.400670 3.399770 3.399659 3.400010 3.400000 
3.400000 3.403324 3.407910 3.407031 3.395761 3.375837 3.352117 3.354806 3.381126 3.365369 3.371596 3.374586 3.411940 3.425829 3.419668 3.410529 3.404710 3.401790 3.400640 3.400180 3.400000 
3.400000 3.401197 3.404669 3.387320 3.356350 3.357318 3.378562 3.366920 3.371718 3.369850 3.373900 3.371962 3.397849 3.412981 3.414671 3.409774 3.405418 3.402690 3.401210 3.400210 3.400000 
3.400000 3.404949 3.414340 3.406300 3.373108 3.360166 3.380940 3.353726 3.366100 3.360367 3.363234 3.358229 3.367073 3.379926 3.395632 3.401793 3.402738 3.402100 3.401140 3.400150 3.400000 
3.400000 3.404580 3.415850 3.417060 3.404829 3.388866 3.381543 3.359398 3.372979 3.361381 3.364080 3.361641 3.369579 3.380086 3.390725 3.397415 3.400339 3.401020 3.400730 3.400000 3.400000 
3.400000 3.400680 3.408510 3.405530 3.400062 3.383565 3.380486 3.361414 3.360341 3.340145 3.358569 3.357598 3.367014 3.371084 3.380665 3.391126 3.397189 3.399630 3.400230 3.399880 3.400000 
3.400000 3.403640 3.415310 3.420827 3.409747 3.384091 3.383847 3.366262 3.371689 3.364889 3.362616 3.352714 3.348489 3.345800 3.364713 3.384327 3.394729 3.398920 3.400020 3.399920 3.400000 
3.400000 3.407319 3.419178 3.429942 3.416693 3.388779 3.368336 3.348193 3.372652 3.362279 3.352726 3.336735 3.344573 3.355704 3.374186 3.390399 3.398249 3.400830 3.400880 3.399960 3.400000 
3.400000 3.399069 3.396343 3.393623 3.399659 3.410017 3.388821 3.373743 3.375175 3.358311 3.351066 3.357216 3.388987 3.405850 3.408260 3.408080 3.406769 3.404740 3.402500 3.400270 3.400000 
3.400000 3.395017 3.377677 3.362926 3.368213 3.387583 3.387068 3.383591 3.369819 3.353146 3.353539 3.376429 3.413519 3.428107 3.425888 3.419239 3.412859 3.407720 3.403770 3.400460 3.400000 
3.400000 3.396345 3.376708 3.363005 3.364438 3.378549 3.390869 3.396859 3.384262 3.369357 3.369270 3.387718 3.413985 3.426665 3.426297 3.420409 3.413760 3.408220 3.403960 3.400440 3.400000 
3.400000 3.397898 3.383398 3.374258 3.375194 3.384433 3.394780 3.400103 3.394206 3.385815 3.385018 3.394999 3.409548 3.418098 3.418969 3.415410 3.410690 3.406470 3.403040 3.400240 3.400000 
3.400000 3.399060 3.391430 3.386960 3.387468 3.392175 3.397626 3.400500 3.398459 3.394796 3.394217 3.398429 3.404849 3.409039 3.409779 3.408150 3.405760 3.403480 3.401610 3.400080 3.400000 
3.400000 3.400000 3.399060 3.398540 3.398560 3.399149 3.399897 3.400298 3.399850 3.399190 3.399158 3.399767 3.400507 3.400858 3.400759 3.400510 3.400250 3.400160 3.400080 3.400000 3.400000 
3.400000 3.400000 3.400000 3.400000 3.400000 3.400000 3.400000 3.400000 3.400000 3.400000 3.400000 3.400000 3.400000 3.400000 3.400000 3.400000 3.400000 3.400000 3.400000 3.400000 3.400000 
3.500000 3.500000 3.500000 3.500000 3.500000 3.500000 3.500000 3.500000 3.500000 3.500000 3.500000 3.500000 3.500000 3.500000 3.500000 3.500000 3.500000 3.500000 3.500000 3.500000 3.500000 
3.500000 3.500000 3.499899 3.499819 3.499638 3.499418 3.498958 3.498267 3.497648 3.498929 3.499500 3.498540 3.505420 3.505300 3.502320 3.501010 3.500400 3.500250 3.500000 3.500000 3.500000 
3.500000 3.499900 3.497720 3.495459 3.493020 3.490279 3.487279 3.484646 3.484035 3.489507 3.494690 3.499130 3.520619 3.523319 3.514560 3.507690 3.503630 3.501570 3.500540 3.500000 3.500000 
3.500000 3.499970 3.496620 3.493299 3.489510 3.484811 3.479309 3.473190 3.466688 3.473256 3.482668 3.488250 3.533129 3.534698 3.519929 3.510110 3.504660 3.501889 3.500620 3.499990 3.500000 
3.500000 3.500019 3.497479 3.494769 3.491039 3.485360 3.478680 3.472737 3.454301 3.447869 3.469706 3.485646 3.520077 3.519759 3.512469 3.506690 3.503060 3.501130 3.500290 3.499990 3.500000 
3.500000 3.500399 3.500317 3.500009 3.497449 3.489896 3.479799 3.479349 3.451500 3.422100 3.465209 3.490274 3.497473 3.498427 3.502359 3.502340 3.501220 3.500400 3.500040 3.500000 3.500000 
3.500000 3.501207 3.503848 3.506029 3.503898 3.486927 3.451569 3.453290 3.461427 3.443399 3.464200 3.473171 3.488319 3.495860 3.502231 3.502820 3.501640 3.500660 3.500190 3.500020 3.500000 
3.500000 3.501667 3.503811 3.501442 3.489782 3.464770 3.431749 3.429567 3.468069 3.456957 3.459433 3.452259 3.494710 3.515238 3.513337 3.507389 3.503530 3.501610 3.500620 3.500080 3.500000 
3.500000 3.499758 3.498031 3.476621 3.442061 3.439279 3.459192 3.455349 3.461789 3.450446 3.453259 3.455639 3.487492 3.506315 3.509184 3.505925 3.503278 3.501740 3.500780 3.500140 3.500000 
3.500000 3.501780 3.503930 3.491131 3.455679 3.442285 3.470769 3.443887 3.444701 3.425739 3.441786 3.450303 3.465337 3.476490 3.492577 3.499075 3.500728 3.500860 3.500540 3.500100 3.500000 
3.500000 3.502090 3.507290 3.505250 3.495640 3.483877 3.472668 3.436572 3.441874 3.436422 3.448029 3.447552 3.457302 3.470400 3.484948 3.493917 3.498059 3.499670 3.500100 3.499970 3.500000 
3.500000 3.500460 3.505060 3.502040 3.503536 3.483378 3.461707 3.425227 3.434601 3.424870 3.440462 3.429651 3.447188 3.458327 3.474347 3.487998 3.495230 3.498420 3.499640 3.499890 3.500000 
3.500000 3.502490 3.511010 3.517389 3.509284 3.474935 3.465337 3.444562 3.454202 3.447576 3.437950 3.432669 3.438503 3.439383 3.461894 3.482988 3.493459 3.497950 3.499520 3.499820 3.500000 
3.500000 3.504299 3.512989 3.521027 3.502468 3.468303 3.456296 3.437605 3.454478 3.431666 3.428719 3.423317 3.437415 3.446985 3.467786 3.486869 3.495749 3.499170 3.500050 3.500030 3.500000 
3.500000 3.499259 3.497118 3.492374 3.491328 3.497548 3.479601 3.462727 3.454102 3.434436 3.433788 3.445847 3.474686 3.488510 3.494320 3.499290 3.501440 3.501780 3.501170 3.500180 3.500000 
3.500000 3.497198 3.486339 3.474535 3.474896 3.485300 3.478187 3.467623 3.452914 3.441738 3.446890 3.467169 3.496989 3.508000 3.509031 3.507690 3.505800 3.503840 3.502050 3.500330 3.500000 
3.500000 3.498067 3.486609 3.477458 3.476007 3.481327 3.485418 3.486027 3.475564 3.466519 3.469440 3.483619 3.502108 3.510879 3.511930 3.509790 3.507000 3.504420 3.502240 3.500300 3.500000 
3.500000 3.498878 3.490599 3.484919 3.484198 3.488118 3.492611 3.494382 3.489817 3.485088 3.486120 3.493409 3.502908 3.508349 3.509389 3.507940 3.505680 3.503560 3.501770 3.500200 3.500000 
3.500000 3.499480 3.495190 3.492450 3.492260 3.494300 3.496841 3.497932 3.496390 3.494458 3.494778 3.497789 3.501870 3.504450 3.505010 3.504310 3.503120 3.501960 3.500950 3.499940 3.500000 
3.500000 3.500000 3.499480 3.499190 3.499190 3.499380 3.499700 3.499850 3.499590 3.499320 3.499349 3.499668 3.500169 3.500379 3.500380 3.500270 3.500160 3.500100 3.499940 3.500000 3.500000 
3.500000 3.500000 3.500000 3.500000 3.500000 3.500000 3.500000 3.500000 3.500000 3.500000 3.500000 3.500000 3.500000 3.500000 3.500000 3.500000 3.500000 3.500000 3.500000 3.500000 3.500000 
3.600000 3.600000 3.600000 3.600000 3.600000 3.600000 3.600000 3.600000 3.600000 3.600000 3.600000 3.600000 3.600000 3.600000 3.600000 3.600000 3.600000 3.600000 3.600000 3.600000 3.600000 
3.600000 3.600000 3.600000 3.600000 3.599999 3.600000 3.600000 3.599999 3.599999 3.600010 3.600030 3.600000 3.599990 3.600000 3.600000 3.600000 3.600000 3.600000 3.600000 3.600000 3.600000 
3.600000 3.600000 3.599900 3.599860 3.599640 3.599430 3.598979 3.598228 3.597318 3.598819 3.599670 3.596000 3.612470 3.609650 3.602309 3.601010 3.600400 3.600220 3.600000 3.600000 3.600000 
3.600000 3.600000 3.599970 3.599820 3.599640 3.599101 3.598079 3.594620 3.585518 3.590537 3.587180 3.564450 3.645359 3.624978 3.603760 3.601420 3.600500 3.600289 3.599990 3.600000 3.600000 
3.600000 3.600000 3.600020 3.600139 3.600109 3.599388 3.598769 3.601657 3.575271 3.552150 3.570005 3.576839 3.629739 3.607999 3.602079 3.600820 3.600290 3.600029 3.599990 3.600000 3.600000 
3.600000 3.600000 3.600378 3.601150 3.601830 3.603927 3.608228 3.625639 3.563042 3.481459 3.586508 3.617158 3.592426 3.588207 3.599550 3.600030 3.600070 3.600040 3.600000 3.600000 3.600000 
3.600000 3.600000 3.601457 3.606010 3.616819 3.617929 3.555327 3.563171 3.582749 3.559547 3.596640 3.580631 3.585299 3.584840 3.598100 3.600249 3.600210 3.600080 3.600020 3.600000 3.600000 
3.600000 3.599959 3.603100 3.611831 3.621281 3.590890 3.520220 3.502679 3.620459 3.592368 3.589071 3.522520 3.605320 3.625249 3.609548 3.601790 3.600559 3.600230 3.600080 3.600000 3.600000 
3.600000 3.600000 3.600541 3.572411 3.521950 3.542009 3.594239 3.598397 3.602579 3.574619 3.572859 3.564518 3.605768 3.618568 3.608848 3.601617 3.600499 3.600260 3.600150 3.600000 3.600000 
3.600000 3.600050 3.604400 3.601370 3.547697 3.520270 3.624756 3.566450 3.573442 3.504289 3.562588 3.581806 3.587869 3.573891 3.596470 3.599939 3.600060 3.600110 3.600100 3.600000 3.600000 
3.600000 3.600030 3.603380 3.606170 3.609590 3.617466 3.610930 3.545057 3.564340 3.568149 3.591298 3.579449 3.576631 3.586339 3.596560 3.599238 3.599730 3.599950 3.599970 3.600000 3.600000 
3.600000 3.600020 3.599490 3.583160 3.620359 3.607569 3.573689 3.498909 3.559689 3.540829 3.584769 3.522169 3.571399 3.580599 3.591600 3.598079 3.599230 3.599740 3.599890 3.600000 3.600000 
3.600000 3.599970 3.603010 3.616759 3.628370 3.571968 3.588479 3.566549 3.595950 3.599790 3.560369 3.566769 3.576826 3.552947 3.580248 3.596420 3.598779 3.599580 3.599830 3.600000 3.600000 
3.600000 3.600070 3.608720 3.632450 3.599061 3.536226 3.567861 3.542540 3.598031 3.526880 3.555200 3.542518 3.561298 3.553656 3.577217 3.596620 3.599000 3.599730 3.600030 3.600000 3.600000 
3.600000 3.599969 3.598090 3.587719 3.587010 3.626229 3.602160 3.590807 3.575061 3.548890 3.556209 3.569569 3.599748 3.601820 3.597420 3.599300 3.599870 3.600130 3.600180 3.600000 3.600000 
3.600000 3.599979 3.595960 3.582450 3.582331 3.599572 3.582859 3.569827 3.557850 3.559040 3.567459 3.580579 3.607590 3.604131 3.601321 3.600620 3.600450 3.600410 3.600340 3.600000 3.600000 
3.600000 3.600000 3.598049 3.595670 3.592910 3.590620 3.592938 3.599258 3.591908 3.587320 3.589770 3.594219 3.600910 3.601690 3.601260 3.600780 3.600550 3.600450 3.600310 3.600000 3.600000 
3.600000 3.600000 3.598899 3.598029 3.597769 3.598229 3.599138 3.600120 3.598607 3.597590 3.597870 3.599079 3.600409 3.600900 3.600800 3.600560 3.600380 3.600280 3.600210 3.600000 3.600000 
3.600000 3.600000 3.599470 3.599180 3.599200 3.599380 3.599690 3.599851 3.599590 3.599309 3.599359 3.599700 3.600190 3.600390 3.600380 3.600270 3.600160 3.600110 3.599940 3.600000 3.600000 
3.600000 3.600000 3.600000 3.600000 3.600000 3.600000 3.600000 3.600000 3.600000 3.600000 3.599999 3.599999 3.600000 3.600000 3.600000 3.600000 3.600000 3.600000 3.600000 3.600000 3.600000 
3.600000 3.600000 3.600000 3.600000 3.600000 3.600000 3.600000 3.600000 3.600000 3.600000 3.600000 3.600000 3.600000 3.600000 3.600000 3.600000 3.600000 3.600000 3.600000 3.600000 3.600000 
3.700000 3.700000 3.700000 3.700000 3.700000 3.700000 3.700000 3.700000 3.700000 3.700000 3.700000 3.700000 3.700000 3.700000 3.700000 3.700000 3.700000 3.700000 3.700000 3.700000 3.700000 
3.700000 3.700000 3.700000 3.700000 3.700000 3.700000 3.700000 3.700000 3.700000 3.700000 3.700000 3.700000 3.700000 3.700000 3.700000 3.700000 3.700000 3.700000 3.700000 3.700000 3.700000 
3.700000 3.700000 3.700000 3.700000 3.700000 3.700000 3.700000 3.700000 3.700000 3.700000 3.700000 3.700000 3.700000 3.700000 3.700000 3.700000 3.700000 3.700000 3.700000 3.700000 3.700000 
3.700000 3.700000 3.700000 3.700000 3.700000 3.700000 3.700000 3.700000 3.700000 3.700000 3.700000 3.700000 3.700000 3.700000 3.700000 3.700000 3.700000 3.700000 3.700000 3.700000 3.700000 
3.700000 3.700000 3.700000 3.700000 3.700000 3.700000 3.700000 3.700000 3.700000 3.700000 3.700000 3.700000 3.700000 3.700000 3.700000 3.700000 3.700000 3.700000 3.700000 3.700000 3.700000 
3.700000 3.700000 3.700000 3.700000 3.700000 3.700000 3.700000 3.700000 3.700000 3.700000 3.700000 3.700000 3.700000 3.700000 3.700000 3.700000 3.700000 3.700000 3.700000 3.700000 3.700000 
3.700000 3.700000 3.700000 3.700000 3.700000 3.700000 3.700000 3.700000 3.700000 3.700000 3.700000 3.700000 3.700000 3.700000 3.700000 3.700000 3.700000 3.700000 3.700000 3.700000 3.700000 
3.700000 3.700000 3.700000 3.700000 3.700000 3.700000 3.700000 3.700000 3.700000 3.700000 3.700000 3.700000 3.700000 3.700000 3.700000 3.700000 3.700000 3.700000 3.700000 3.700000 3.700000 
3.700000 3.700000 3.700000 3.700000 3.700000 3.700000 3.700000 3.700000 3.700000 3.700000 3.700000 3.700000 3.700000 3.700000 3.700000 3.700000 3.700000 3.700000 3.700000 3.700000 3.700000 
3.700000 3.700000 3.700000 3.700000 3.700000 3.700000 3.700000 3.700000 3.700000 3.700000 3.700000 3.700000 3.700000 3.700000 3.700000 3.700000 3.700000 3.700000 3.700000 3.700000 3.700000 
3.700000 3.700000 3.700000 3.700000 3.700000 3.700000 3.700000 3.700000 3.700000 3.700000 3.700000 3.700000 3.700000 3.700000 3.700000 3.700000 3.700000 3.700000 3.700000 3.700000 3.700000 
3.700000 3.700000 3.700000 3.700000 3.700000 3.700000 3.700000 3.700000 3.700000 3.700000 3.700000 3.700000 3.700000 3.700000 3.700000 3.700000 3.700000 3.700000 3.700000 3.700000 3.700000 
3.700000 3.700000 3.700000 3.700000 3.700000 3.700000 3.700000 3.700000 3.700000 3.700000 3.700000 3.700000 3.700000 3.700000 3.700000 3.700000 3.700000 3.700000 3.700000 3.700000 3.700000 
3.700000 3.700000 3.700000 3.700000 3.700000 3.700000 3.700000 3.700000 3.700000 3.700000 3.700000 3.700000 3.700000 3.700000 3.700000 3.700000 3.700000 3.700000 3.700000 3.700000 3.700000 
3.700000 3.700000 3.700000 3.700000 3.700000 3.700000 3.700000 3.700000 3.700000 3.700000 3.700000 3.700000 3.700000 3.700000 3.700000 3.700000 3.700000 3.700000 3.700000 3.700000 3.700000 
3.700000 3.700000 3.700000 3.700000 3.700000 3.700000 3.700000 3.700000 3.700000 3.700000 3.700000 3.700000 3.700000 3.700000 3.700000 3.700000 3.700000 3.700000 3.700000 3.700000 3.700000 
3.700000 3.700000 3.700000 3.700000 3.700000 3.700000 3.700000 3.700000 3.700000 3.700000 3.700000 3.700000 3.700000 3.700000 3.700000 3.700000 3.700000 3.700000 3.700000 3.700000 3.700000 
3.700000 3.700000 3.700000 3.700000 3.700000 3.700000 3.700000 3.700000 3.700000 3.700000 3.700000 3.700000 3.700000 3.700000 3.700000 3.700000 3.700000 3.700000 3.700000 3.700000 3.700000 
3.700000 3.700000 3.700000 3.700000 3.700000 3.700000 3.700000 3.700000 3.700000 3.700000 3.700000 3.700000 3.700000 3.700000 3.700000 3.700000 3.700000 3.700000 3.700000 3.700000 3.700000 
3.700000 3.700000 3.700000 3.700000 3.700000 3.700000 3.700000 3.700000 3.700000 3.700000 3.700000 3.700000 3.700000 3.700000 3.700000 3.700000 3.700000 3.700000 3.700000 3.700000 3.700000 
3.700000 3.700000 3.700000 3.700000 3.700000 3.700000 3.700000 3.700000 3.700000 3.700000 3.700000 3.700000 3.700000 3.700000 3.700000 3.700000 3.700000 3.700000 3.700000 3.700000 3.700000 
