97.000000 27.000000 2.673000
97.000000 26.750000 2.673000
97.000000 26.500000 2.673000
97.000000 26.250000 2.673000
97.000000 26.000000 2.673000
97.000000 25.750000 2.673000
97.000000 25.500000 2.673000
97.000000 25.250000 2.673000
97.000000 25.000000 2.673000
97.000000 24.750000 2.673000
97.000000 24.500000 2.673000
97.000000 24.250000 2.673000
97.000000 24.000000 2.673000
97.000000 23.750000 2.673000
97.000000 23.500000 2.673000
97.000000 23.250000 2.673000
97.000000 23.000000 2.673000
97.000000 22.750000 2.673000
97.000000 22.500000 2.673000
97.000000 22.250000 2.673000
97.000000 22.000000 2.673000
97.250000 27.000000 2.673000
97.250000 26.750000 2.674560
97.250000 26.500000 2.806979
97.250000 26.250000 2.641640
97.250000 26.000000 2.692100
97.250000 25.750000 2.791528
97.250000 25.500000 2.775158
97.250000 25.250000 2.851886
97.250000 25.000000 2.890149
97.250000 24.750000 2.694562
97.250000 24.500000 2.754435
97.250000 24.250000 2.866335
97.250000 24.000000 2.795297
97.250000 23.750000 2.833206
97.250000 23.500000 2.849198
97.250000 23.250000 2.721049
97.250000 23.000000 2.688140
97.250000 22.750000 2.679000
97.250000 22.500000 2.675880
97.250000 22.250000 2.673000
97.250000 22.000000 2.673000
97.500000 27.000000 2.673000
97.500000 26.750000 2.799580
97.500000 26.500000 2.885340
97.500000 26.250000 2.759220
97.500000 26.000000 2.798210
97.500000 25.750000 2.839356
97.500000 25.500000 2.898443
97.500000 25.250000 2.990830
97.500000 25.000000 2.999498
97.500000 24.750000 2.872235
97.500000 24.500000 2.874997
97.500000 24.250000 2.977667
97.500000 24.000000 2.991797
97.500000 23.750000 2.996497
97.500000 23.500000 3.008671
97.500000 23.250000 2.873571
97.500000 23.000000 2.787280
97.500000 22.750000 2.737810
97.500000 22.500000 2.704220
97.500000 22.250000 2.675460
97.500000 22.000000 2.673000
97.750000 27.000000 2.673000
97.750000 26.750000 2.691730
97.750000 26.500000 2.734301
97.750000 26.250000 2.706881
97.750000 26.000000 2.767352
97.750000 25.750000 2.724201
97.750000 25.500000 2.702446
97.750000 25.250000 2.621837
97.750000 25.000000 2.571389
97.750000 24.750000 2.775540
97.750000 24.500000 2.643341
97.750000 24.250000 2.686533
97.750000 24.000000 2.891879
97.750000 23.750000 2.849200
97.750000 23.500000 2.870030
97.750000 23.250000 2.858910
97.750000 23.000000 2.815950
97.750000 22.750000 2.768060
97.750000 22.500000 2.721860
97.750000 22.250000 2.676450
97.750000 22.000000 2.673000
98.000000 27.000000 2.673000
98.000000 26.750000 2.656290
98.000000 26.500000 2.581311
98.000000 26.250000 2.560951
98.000000 26.000000 2.644966
98.000000 25.750000 2.614597
98.000000 25.500000 2.480390
98.000000 25.250000 2.582121
98.000000 25.000000 2.724630
98.000000 24.750000 2.629093
98.000000 24.500000 2.693380
98.000000 24.250000 2.679430
98.000000 24.000000 2.799140
98.000000 23.750000 2.826730
98.000000 23.500000 2.878679
98.000000 23.250000 2.870041
98.000000 23.000000 2.830511
98.000000 22.750000 2.781351
98.000000 22.500000 2.729770
98.000000 22.250000 2.676660
98.000000 22.000000 2.673000
98.250000 27.000000 2.673000
98.250000 26.750000 2.581230
98.250000 26.500000 2.455451
98.250000 26.250000 2.579304
98.250000 26.000000 2.502919
98.250000 25.750000 2.473845
98.250000 25.500000 2.490430
98.250000 25.250000 2.618853
98.250000 25.000000 2.611380
98.250000 24.750000 2.639958
98.250000 24.500000 2.617672
98.250000 24.250000 2.716700
98.250000 24.000000 2.795261
98.250000 23.750000 2.864930
98.250000 23.500000 2.836476
98.250000 23.250000 2.846736
98.250000 23.000000 2.818273
98.250000 22.750000 2.774911
98.250000 22.500000 2.726540
98.250000 22.250000 2.675820
98.250000 22.000000 2.673000
98.500000 27.000000 2.673000
98.500000 26.750000 2.558969
98.500000 26.500000 2.374141
98.500000 26.250000 2.375340
98.500000 26.000000 2.287127
98.500000 25.750000 2.341736
98.500000 25.500000 2.413883
98.500000 25.250000 2.578634
98.500000 25.000000 2.548960
98.500000 24.750000 2.723016
98.500000 24.500000 2.702866
98.500000 24.250000 2.695882
98.500000 24.000000 2.762160
98.500000 23.750000 2.740541
98.500000 23.500000 2.789577
98.500000 23.250000 2.789147
98.500000 23.000000 2.774933
98.500000 22.750000 2.748821
98.500000 22.500000 2.713730
98.500000 22.250000 2.673950
98.500000 22.000000 2.673000
98.750000 27.000000 2.673000
98.750000 26.750000 2.552139
98.750000 26.500000 2.352726
98.750000 26.250000 2.482312
98.750000 26.000000 2.538126
98.750000 25.750000 2.394362
98.750000 25.500000 2.446208
98.750000 25.250000 2.489180
98.750000 25.000000 2.572329
98.750000 24.750000 2.620965
98.750000 24.500000 2.724747
98.750000 24.250000 2.669491
98.750000 24.000000 2.793301
98.750000 23.750000 2.798086
98.750000 23.500000 2.653419
98.750000 23.250000 2.682461
98.750000 23.000000 2.710301
98.750000 22.750000 2.712890
98.750000 22.500000 2.696870
98.750000 22.250000 2.672400
98.750000 22.000000 2.673000
99.000000 27.000000 2.673000
99.000000 26.750000 2.485751
99.000000 26.500000 2.254607
99.000000 26.250000 2.517758
99.000000 26.000000 2.578248
99.000000 25.750000 2.444364
99.000000 25.500000 2.616510
99.000000 25.250000 2.551383
99.000000 25.000000 2.715806
99.000000 24.750000 2.639459
99.000000 24.500000 2.575471
99.000000 24.250000 2.709918
99.000000 24.000000 2.677123
99.000000 23.750000 2.671811
99.000000 23.500000 2.639840
99.000000 23.250000 2.653130
99.000000 23.000000 2.679130
99.000000 22.750000 2.690210
99.000000 22.500000 2.684960
99.000000 22.250000 2.671870
99.000000 22.000000 2.673000
99.250000 27.000000 2.673000
99.250000 26.750000 2.588096
99.250000 26.500000 2.221712
99.250000 26.250000 2.318493
99.250000 26.000000 2.258211
99.250000 25.750000 2.277399
99.250000 25.500000 2.311841
99.250000 25.250000 2.427192
99.250000 25.000000 2.577142
99.250000 24.750000 2.571407
99.250000 24.500000 2.635151
99.250000 24.250000 2.745001
99.250000 24.000000 2.710149
99.250000 23.750000 2.583090
99.250000 23.500000 2.613451
99.250000 23.250000 2.643571
99.250000 23.000000 2.669120
99.250000 22.750000 2.681220
99.250000 22.500000 2.679620
99.250000 22.250000 2.672610
99.250000 22.000000 2.673000
99.500000 27.000000 2.673000
99.500000 26.750000 2.377739
99.500000 26.500000 2.007299
99.500000 26.250000 2.061432
99.500000 26.000000 2.166346
99.500000 25.750000 2.250973
99.500000 25.500000 2.397003
99.500000 25.250000 2.508820
99.500000 25.000000 2.667355
99.500000 24.750000 2.658930
99.500000 24.500000 2.615693
99.500000 24.250000 2.699853
99.500000 24.000000 2.707391
99.500000 23.750000 2.676499
99.500000 23.500000 2.614931
99.500000 23.250000 2.650661
99.500000 23.000000 2.670350
99.500000 22.750000 2.677740
99.500000 22.500000 2.676220
99.500000 22.250000 2.672740
99.500000 22.000000 2.673000
99.750000 27.000000 2.673000
99.750000 26.750000 2.582390
99.750000 26.500000 2.114430
99.750000 26.250000 1.942241
99.750000 26.000000 2.168606
99.750000 25.750000 2.231896
99.750000 25.500000 2.276029
99.750000 25.250000 2.425833
99.750000 25.000000 2.406912
99.750000 24.750000 2.476039
99.750000 24.500000 2.610043
99.750000 24.250000 2.689352
99.750000 24.000000 2.678419
99.750000 23.750000 2.607120
99.750000 23.500000 2.674311
99.750000 23.250000 2.671062
99.750000 23.000000 2.670531
99.750000 22.750000 2.672290
99.750000 22.500000 2.672060
99.750000 22.250000 2.672370
99.750000 22.000000 2.673000
100.000000 27.000000 2.673000
100.000000 26.750000 2.409777
100.000000 26.500000 2.043922
100.000000 26.250000 2.144290
100.000000 26.000000 2.182016
100.000000 25.750000 2.146487
100.000000 25.500000 2.347022
100.000000 25.250000 2.445317
100.000000 25.000000 2.496487
100.000000 24.750000 2.502561
100.000000 24.500000 2.571431
100.000000 24.250000 2.619222
100.000000 24.000000 2.655131
100.000000 23.750000 2.564171
100.000000 23.500000 2.584590
100.000000 23.250000 2.624271
100.000000 23.000000 2.650000
100.000000 22.750000 2.661650
100.000000 22.500000 2.666450
100.000000 22.250000 2.671130
100.000000 22.000000 2.673000
100.250000 27.000000 2.673000
100.250000 26.750000 2.542146
100.250000 26.500000 2.283163
100.250000 26.250000 2.363876
100.250000 26.000000 2.359580
100.250000 25.750000 2.234394
100.250000 25.500000 2.303204
100.250000 25.250000 2.393476
100.250000 25.000000 2.428879
100.250000 24.750000 2.468769
100.250000 24.500000 2.574381
100.250000 24.250000 2.656880
100.250000 24.000000 2.593190
100.250000 23.750000 2.679847
100.250000 23.500000 2.717648
100.250000 23.250000 2.678320
100.250000 23.000000 2.667950
100.250000 22.750000 2.666030
100.250000 22.500000 2.667170
100.250000 22.250000 2.670990
100.250000 22.000000 2.673000
100.500000 27.000000 2.673000
100.500000 26.750000 2.743704
100.500000 26.500000 2.482326
100.500000 26.250000 2.466961
100.500000 26.000000 2.427229
100.500000 25.750000 2.313788
100.500000 25.500000 2.301041
100.500000 25.250000 2.365813
100.500000 25.000000 2.381550
100.500000 24.750000 2.511777
100.500000 24.500000 2.583370
100.500000 24.250000 2.686020
100.500000 24.000000 2.729910
100.500000 23.750000 2.786031
100.500000 23.500000 2.739490
100.500000 23.250000 2.714500
100.500000 23.000000 2.694630
100.500000 22.750000 2.680500
100.500000 22.500000 2.672870
100.500000 22.250000 2.671240
100.500000 22.000000 2.673000
100.750000 27.000000 2.673000
100.750000 26.750000 2.422190
100.750000 26.500000 2.241890
100.750000 26.250000 2.370479
100.750000 26.000000 2.348652
100.750000 25.750000 2.208731
100.750000 25.500000 2.311891
100.750000 25.250000 2.315382
100.750000 25.000000 2.393443
100.750000 24.750000 2.503333
100.750000 24.500000 2.622878
100.750000 24.250000 2.660439
100.750000 24.000000 2.749990
100.750000 23.750000 2.738349
100.750000 23.500000 2.807260
100.750000 23.250000 2.774050
100.750000 23.000000 2.729750
100.750000 22.750000 2.698760
100.750000 22.500000 2.681300
100.750000 22.250000 2.672360
100.750000 22.000000 2.673000
101.000000 27.000000 2.673000
101.000000 26.750000 2.608227
101.000000 26.500000 2.427683
101.000000 26.250000 2.390899
101.000000 26.000000 2.281892
101.000000 25.750000 2.212858
101.000000 25.500000 2.232900
101.000000 25.250000 2.262032
101.000000 25.000000 2.338632
101.000000 24.750000 2.490610
101.000000 24.500000 2.601620
101.000000 24.250000 2.706248
101.000000 24.000000 2.756098
101.000000 23.750000 2.812340
101.000000 23.500000 2.830590
101.000000 23.250000 2.790500
101.000000 23.000000 2.742520
101.000000 22.750000 2.707350
101.000000 22.500000 2.686180
101.000000 22.250000 2.673310
101.000000 22.000000 2.673000
101.250000 27.000000 2.673000
101.250000 26.750000 2.664209
101.250000 26.500000 2.543908
101.250000 26.250000 2.477629
101.250000 26.000000 2.415729
101.250000 25.750000 2.380847
101.250000 25.500000 2.360009
101.250000 25.250000 2.369902
101.250000 25.000000 2.421681
101.250000 24.750000 2.533440
101.250000 24.500000 2.629660
101.250000 24.250000 2.717689
101.250000 24.000000 2.771689
101.250000 23.750000 2.797650
101.250000 23.500000 2.782110
101.250000 23.250000 2.757170
101.250000 23.000000 2.727590
101.250000 22.750000 2.702510
101.250000 22.500000 2.685560
101.250000 22.250000 2.673780
101.250000 22.000000 2.673000
101.500000 27.000000 2.673000
101.500000 26.750000 2.670080
101.500000 26.500000 2.614210
101.500000 26.250000 2.576460
101.500000 26.000000 2.548630
101.500000 25.750000 2.531130
101.500000 25.500000 2.515381
101.500000 25.250000 2.515882
101.500000 25.000000 2.542301
101.500000 24.750000 2.598570
101.500000 24.500000 2.653670
101.500000 24.250000 2.702530
101.500000 24.000000 2.734590
101.500000 23.750000 2.743840
101.500000 23.500000 2.731630
101.500000 23.250000 2.717140
101.500000 23.000000 2.702770
101.500000 22.750000 2.689580
101.500000 22.500000 2.680380
101.500000 22.250000 2.673560
101.500000 22.000000 2.673000
101.750000 27.000000 2.673000
101.750000 26.750000 2.672900
101.750000 26.500000 2.669400
101.750000 26.250000 2.667970
101.750000 26.000000 2.665240
101.750000 25.750000 2.665340
101.750000 25.500000 2.659520
101.750000 25.250000 2.656900
101.750000 25.000000 2.659210
101.750000 24.750000 2.668370
101.750000 24.500000 2.674600
101.750000 24.250000 2.680730
101.750000 24.000000 2.684710
101.750000 23.750000 2.683830
101.750000 23.500000 2.678330
101.750000 23.250000 2.676090
101.750000 23.000000 2.675560
101.750000 22.750000 2.673800
101.750000 22.500000 2.673560
101.750000 22.250000 2.673000
101.750000 22.000000 2.673000
102.000000 27.000000 2.673000
102.000000 26.750000 2.673000
102.000000 26.500000 2.673000
102.000000 26.250000 2.673000
102.000000 26.000000 2.673000
102.000000 25.750000 2.673000
102.000000 25.500000 2.673000
102.000000 25.250000 2.673000
102.000000 25.000000 2.673000
102.000000 24.750000 2.673000
102.000000 24.500000 2.673000
102.000000 24.250000 2.673000
102.000000 24.000000 2.673000
102.000000 23.750000 2.673000
102.000000 23.500000 2.673000
102.000000 23.250000 2.673000
102.000000 23.000000 2.673000
102.000000 22.750000 2.673000
102.000000 22.500000 2.673000
102.000000 22.250000 2.673000
102.000000 22.000000 2.673000
