97.000000 27.000000 3.680300
97.000000 26.750000 3.680300
97.000000 26.500000 3.680300
97.000000 26.250000 3.680300
97.000000 26.000000 3.680300
97.000000 25.750000 3.680300
97.000000 25.500000 3.680300
97.000000 25.250000 3.680300
97.000000 25.000000 3.680300
97.000000 24.750000 3.680300
97.000000 24.500000 3.680300
97.000000 24.250000 3.680300
97.000000 24.000000 3.680300
97.000000 23.750000 3.680300
97.000000 23.500000 3.680300
97.000000 23.250000 3.680300
97.000000 23.000000 3.680300
97.000000 22.750000 3.680300
97.000000 22.500000 3.680300
97.000000 22.250000 3.680300
97.000000 22.000000 3.680300
97.250000 27.000000 3.680300
97.250000 26.750000 3.671960
97.250000 26.500000 3.675480
97.250000 26.250000 3.676750
97.250000 26.000000 3.677690
97.250000 25.750000 3.678460
97.250000 25.500000 3.682130
97.250000 25.250000 3.686230
97.250000 25.000000 3.694090
97.250000 24.750000 3.705440
97.250000 24.500000 3.701210
97.250000 24.250000 3.675250
97.250000 24.000000 3.657360
97.250000 23.750000 3.674030
97.250000 23.500000 3.681740
97.250000 23.250000 3.678630
97.250000 23.000000 3.680770
97.250000 22.750000 3.684930
97.250000 22.500000 3.680440
97.250000 22.250000 3.682420
97.250000 22.000000 3.680300
97.500000 27.000000 3.680300
97.500000 26.750000 3.684060
97.500000 26.500000 3.713060
97.500000 26.250000 3.737030
97.500000 26.000000 3.752790
97.500000 25.750000 3.761930
97.500000 25.500000 3.772420
97.500000 25.250000 3.794270
97.500000 25.000000 3.831240
97.500000 24.750000 3.873920
97.500000 24.500000 3.859410
97.500000 24.250000 3.790250
97.500000 24.000000 3.746670
97.500000 23.750000 3.766000
97.500000 23.500000 3.767350
97.500000 23.250000 3.749320
97.500000 23.000000 3.726590
97.500000 22.750000 3.713430
97.500000 22.500000 3.693750
97.500000 22.250000 3.682660
97.500000 22.000000 3.680300
97.750000 27.000000 3.680300
97.750000 26.750000 3.686500
97.750000 26.500000 3.747610
97.750000 26.250000 3.798200
97.750000 26.000000 3.829210
97.750000 25.750000 3.840700
97.750000 25.500000 3.847370
97.750000 25.250000 3.868420
97.750000 25.000000 3.913730
97.750000 24.750000 4.008770
97.750000 24.500000 4.005770
97.750000 24.250000 3.907880
97.750000 24.000000 3.870040
97.750000 23.750000 3.907210
97.750000 23.500000 3.878510
97.750000 23.250000 3.826500
97.750000 23.000000 3.776070
97.750000 22.750000 3.742830
97.750000 22.500000 3.707180
97.750000 22.250000 3.682950
97.750000 22.000000 3.680300
98.000000 27.000000 3.680300
98.000000 26.750000 3.690740
98.000000 26.500000 3.789640
98.000000 26.250000 3.873710
98.000000 26.000000 3.922180
98.000000 25.750000 3.925870
98.000000 25.500000 3.905270
98.000000 25.250000 3.883170
98.000000 25.000000 3.850210
98.000000 24.750000 3.995440
98.000000 24.500000 4.048500
98.000000 24.250000 4.023640
98.000000 24.000000 4.087020
98.000000 23.750000 4.105220
98.000000 23.500000 4.006680
98.000000 23.250000 3.905950
98.000000 23.000000 3.824440
98.000000 22.750000 3.770870
98.000000 22.500000 3.719840
98.000000 22.250000 3.683350
98.000000 22.000000 3.680300
98.250000 27.000000 3.680300
98.250000 26.750000 3.697550
98.250000 26.500000 3.834090
98.250000 26.250000 3.959520
98.250000 26.000000 4.031170
98.250000 25.750000 4.016000
98.250000 25.500000 3.945690
98.250000 25.250000 3.842660
98.250000 25.000000 3.652150
98.250000 24.750000 3.865060
98.250000 24.500000 4.000720
98.250000 24.250000 4.100390
98.250000 24.000000 4.266040
98.250000 23.750000 4.243800
98.250000 23.500000 4.097240
98.250000 23.250000 3.965800
98.250000 23.000000 3.863030
98.250000 22.750000 3.793910
98.250000 22.500000 3.730460
98.250000 22.250000 3.683720
98.250000 22.000000 3.680300
98.500000 27.000000 3.680300
98.500000 26.750000 3.705690
98.500000 26.500000 3.857430
98.500000 26.250000 4.023350
98.500000 26.000000 4.123690
98.500000 25.750000 4.070990
98.500000 25.500000 3.934830
98.500000 25.250000 3.771810
98.500000 25.000000 3.517480
98.500000 24.750000 3.807460
98.500000 24.500000 3.922270
98.500000 24.250000 4.090150
98.500000 24.000000 4.298920
98.500000 23.750000 4.276870
98.500000 23.500000 4.134490
98.500000 23.250000 3.999140
98.500000 23.000000 3.887620
98.500000 22.750000 3.809310
98.500000 22.500000 3.737760
98.500000 22.250000 3.684020
98.500000 22.000000 3.680300
98.750000 27.000000 3.680300
98.750000 26.750000 3.702710
98.750000 26.500000 3.806830
98.750000 26.250000 3.973760
98.750000 26.000000 4.097820
98.750000 25.750000 4.026860
98.750000 25.500000 3.872560
98.750000 25.250000 3.766870
98.750000 25.000000 3.616730
98.750000 24.750000 3.925050
98.750000 24.500000 3.967090
98.750000 24.250000 4.095710
98.750000 24.000000 4.248690
98.750000 23.750000 4.247690
98.750000 23.500000 4.141290
98.750000 23.250000 4.009180
98.750000 23.000000 3.895780
98.750000 22.750000 3.814070
98.750000 22.500000 3.740250
98.750000 22.250000 3.684190
98.750000 22.000000 3.680300
99.000000 27.000000 3.680300
99.000000 26.750000 3.645210
99.000000 26.500000 3.647830
99.000000 26.250000 3.707890
99.000000 26.000000 3.868430
99.000000 25.750000 3.911760
99.000000 25.500000 3.808580
99.000000 25.250000 3.714240
99.000000 25.000000 3.804180
99.000000 24.750000 4.067550
99.000000 24.500000 4.063080
99.000000 24.250000 4.115400
99.000000 24.000000 4.118590
99.000000 23.750000 4.108390
99.000000 23.500000 4.072640
99.000000 23.250000 3.972330
99.000000 23.000000 3.876700
99.000000 22.750000 3.803780
99.000000 22.500000 3.736070
99.000000 22.250000 3.684030
99.000000 22.000000 3.680300
99.250000 27.000000 3.680300
99.250000 26.750000 3.645370
99.250000 26.500000 3.601970
99.250000 26.250000 3.599760
99.250000 26.000000 3.772470
99.250000 25.750000 3.980920
99.250000 25.500000 3.929840
99.250000 25.250000 3.708010
99.250000 25.000000 3.828070
99.250000 24.750000 4.032470
99.250000 24.500000 4.032940
99.250000 24.250000 4.019050
99.250000 24.000000 3.943870
99.250000 23.750000 3.911270
99.250000 23.500000 3.933920
99.250000 23.250000 3.891270
99.250000 23.000000 3.832440
99.250000 22.750000 3.780270
99.250000 22.500000 3.725970
99.250000 22.250000 3.683430
99.250000 22.000000 3.680300
99.500000 27.000000 3.680300
99.500000 26.750000 3.693680
99.500000 26.500000 3.680830
99.500000 26.250000 3.683340
99.500000 26.000000 3.701790
99.500000 25.750000 3.888410
99.500000 25.500000 3.943970
99.500000 25.250000 3.768080
99.500000 25.000000 3.883570
99.500000 24.750000 4.035670
99.500000 24.500000 4.097960
99.500000 24.250000 4.084100
99.500000 24.000000 4.044540
99.500000 23.750000 3.936430
99.500000 23.500000 3.881740
99.500000 23.250000 3.833430
99.500000 23.000000 3.791100
99.500000 22.750000 3.755750
99.500000 22.500000 3.714910
99.500000 22.250000 3.682840
99.500000 22.000000 3.680300
99.750000 27.000000 3.680300
99.750000 26.750000 3.698720
99.750000 26.500000 3.717700
99.750000 26.250000 3.665830
99.750000 26.000000 3.563820
99.750000 25.750000 3.769580
99.750000 25.500000 3.979980
99.750000 25.250000 3.963060
99.750000 25.000000 4.086990
99.750000 24.750000 4.117980
99.750000 24.500000 4.161910
99.750000 24.250000 4.134350
99.750000 24.000000 4.096460
99.750000 23.750000 3.932930
99.750000 23.500000 3.847750
99.750000 23.250000 3.800100
99.750000 23.000000 3.765480
99.750000 22.750000 3.739910
99.750000 22.500000 3.707270
99.750000 22.250000 3.682580
99.750000 22.000000 3.680300
100.000000 27.000000 3.680300
100.000000 26.750000 3.719810
100.000000 26.500000 3.779820
100.000000 26.250000 3.775690
100.000000 26.000000 3.705110
100.000000 25.750000 3.906470
100.000000 25.500000 4.133480
100.000000 25.250000 4.155880
100.000000 25.000000 4.184030
100.000000 24.750000 4.056380
100.000000 24.500000 4.137310
100.000000 24.250000 4.162430
100.000000 24.000000 4.179340
100.000000 23.750000 4.037950
100.000000 23.500000 3.895250
100.000000 23.250000 3.817910
100.000000 23.000000 3.768240
100.000000 22.750000 3.738780
100.000000 22.500000 3.705800
100.000000 22.250000 3.682790
100.000000 22.000000 3.680300
100.250000 27.000000 3.680300
100.250000 26.750000 3.724460
100.250000 26.500000 3.781580
100.250000 26.250000 3.822300
100.250000 26.000000 3.856470
100.250000 25.750000 4.004700
100.250000 25.500000 4.154550
100.250000 25.250000 4.202810
100.250000 25.000000 4.206380
100.250000 24.750000 4.084890
100.250000 24.500000 4.249150
100.250000 24.250000 4.333250
100.250000 24.000000 4.324940
100.250000 23.750000 4.209950
100.250000 23.500000 4.015260
100.250000 23.250000 3.875420
100.250000 23.000000 3.792070
100.250000 22.750000 3.747900
100.250000 22.500000 3.708900
100.250000 22.250000 3.683370
100.250000 22.000000 3.680300
100.500000 27.000000 3.680300
100.500000 26.750000 3.662040
100.500000 26.500000 3.661840
100.500000 26.250000 3.666840
100.500000 26.000000 3.807610
100.500000 25.750000 3.963070
100.500000 25.500000 4.109830
100.500000 25.250000 4.179120
100.500000 25.000000 4.182610
100.500000 24.750000 4.084880
100.500000 24.500000 4.210760
100.500000 24.250000 4.268530
100.500000 24.000000 4.251760
100.500000 23.750000 4.165500
100.500000 23.500000 4.020610
100.500000 23.250000 3.889530
100.500000 23.000000 3.802700
100.500000 22.750000 3.753150
100.500000 22.500000 3.711210
100.500000 22.250000 3.683780
100.500000 22.000000 3.680300
100.750000 27.000000 3.680300
100.750000 26.750000 3.665390
100.750000 26.500000 3.628610
100.750000 26.250000 3.631760
100.750000 26.000000 3.725700
100.750000 25.750000 3.819490
100.750000 25.500000 3.948810
100.750000 25.250000 4.034200
100.750000 25.000000 4.083180
100.750000 24.750000 4.065010
100.750000 24.500000 4.130370
100.750000 24.250000 4.134360
100.750000 24.000000 4.101110
100.750000 23.750000 4.040630
100.750000 23.500000 3.949980
100.750000 23.250000 3.858580
100.750000 23.000000 3.791060
100.750000 22.750000 3.748400
100.750000 22.500000 3.709660
100.750000 22.250000 3.683800
100.750000 22.000000 3.680300
101.000000 27.000000 3.680300
101.000000 26.750000 3.673740
101.000000 26.500000 3.631530
101.000000 26.250000 3.619820
101.000000 26.000000 3.654830
101.000000 25.750000 3.721380
101.000000 25.500000 3.822350
101.000000 25.250000 3.897030
101.000000 25.000000 3.955950
101.000000 24.750000 3.988550
101.000000 24.500000 4.026880
101.000000 24.250000 4.016610
101.000000 24.000000 3.977030
101.000000 23.750000 3.928510
101.000000 23.500000 3.870980
101.000000 23.250000 3.812220
101.000000 23.000000 3.766690
101.000000 22.750000 3.735990
101.000000 22.500000 3.704470
101.000000 22.250000 3.683550
101.000000 22.000000 3.680300
101.250000 27.000000 3.680300
101.250000 26.750000 3.677630
101.250000 26.500000 3.644630
101.250000 26.250000 3.629680
101.250000 26.000000 3.642220
101.250000 25.750000 3.681770
101.250000 25.500000 3.742910
101.250000 25.250000 3.797880
101.250000 25.000000 3.845940
101.250000 24.750000 3.881100
101.250000 24.500000 3.903740
101.250000 24.250000 3.896190
101.250000 24.000000 3.868850
101.250000 23.750000 3.835950
101.250000 23.500000 3.801090
101.250000 23.250000 3.765570
101.250000 23.000000 3.738290
101.250000 22.750000 3.719870
101.250000 22.500000 3.697190
101.250000 22.250000 3.683200
101.250000 22.000000 3.680300
101.500000 27.000000 3.680300
101.500000 26.750000 3.680220
101.500000 26.500000 3.661690
101.500000 26.250000 3.651720
101.500000 26.000000 3.655230
101.500000 25.750000 3.673340
101.500000 25.500000 3.702480
101.500000 25.250000 3.731910
101.500000 25.000000 3.758950
101.500000 24.750000 3.779870
101.500000 24.500000 3.791340
101.500000 24.250000 3.787900
101.500000 24.000000 3.774230
101.500000 23.750000 3.757540
101.500000 23.500000 3.740650
101.500000 23.250000 3.722570
101.500000 23.000000 3.701130
101.500000 22.750000 3.693900
101.500000 22.500000 3.678230
101.500000 22.250000 3.674360
101.500000 22.000000 3.680300
101.750000 27.000000 3.680300
101.750000 26.750000 3.676090
101.750000 26.500000 3.673790
101.750000 26.250000 3.672190
101.750000 26.000000 3.671760
101.750000 25.750000 3.675120
101.750000 25.500000 3.677890
101.750000 25.250000 3.680070
101.750000 25.000000 3.682340
101.750000 24.750000 3.686420
101.750000 24.500000 3.687630
101.750000 24.250000 3.686870
101.750000 24.000000 3.685240
101.750000 23.750000 3.686090
101.750000 23.500000 3.685120
101.750000 23.250000 3.672860
101.750000 23.000000 3.668580
101.750000 22.750000 3.686155
101.750000 22.500000 3.685090
101.750000 22.250000 3.686451
101.750000 22.000000 3.680300
102.000000 27.000000 3.680300
102.000000 26.750000 3.680300
102.000000 26.500000 3.680300
102.000000 26.250000 3.680300
102.000000 26.000000 3.680300
102.000000 25.750000 3.680300
102.000000 25.500000 3.680300
102.000000 25.250000 3.680300
102.000000 25.000000 3.680300
102.000000 24.750000 3.680300
102.000000 24.500000 3.680300
102.000000 24.250000 3.680300
102.000000 24.000000 3.680300
102.000000 23.750000 3.680300
102.000000 23.500000 3.680300
102.000000 23.250000 3.680300
102.000000 23.000000 3.680300
102.000000 22.750000 3.680300
102.000000 22.500000 3.680300
102.000000 22.250000 3.680300
102.000000 22.000000 3.680300
