2.5
2.5
2.5
2.5
2.5
2.5
2.5
2.5
2.5
2.5
2.5
2.5
2.5
2.5
2.5
2.5
2.5
2.5
2.5
2.5
2.5
2.5
2.5
2.5
2.5
2.5
2.5
2.5
2.5
2.5
2.50048
2.50065
2.49974
2.49953
2.49976
2.5
2.5
2.5
2.5
2.5
2.5
2.5
2.5
2.5
2.49895
2.49805
2.49744
2.49713
2.4972
2.49898
2.51369
2.60512
2.5518
2.40736
2.52359
2.53482
2.50447
2.5012
2.50032
2.5001
2.5
2.5
2.5
2.5
2.5
2.49751
2.49548
2.49413
2.49286
2.48707
2.44466
2.48877
2.89617
2.53253
2.00783
2.68214
2.59312
2.50414
2.5008
2.5
2.49991
2.49994
2.5
2.5
2.5
2.5
2.49523
2.49132
2.48897
2.48063
2.43506
2.37804
2.54845
2.61846
2.36004
2.37308
2.65436
2.45408
2.48773
2.49723
2.49894
2.49956
2.49984
2.5
2.5
2.5
2.5
2.49098
2.4822
2.46557
2.41747
2.48377
2.90647
2.60701
2
2.63087
3.13462
2.40981
2.3147
2.46665
2.49465
2.49851
2.49956
2.49985
2.5
2.5
2.5
2.49999
2.47908
2.42588
2.37214
2.52504
2.65738
2.71177
2.41228
2.31003
2.72586
2.56151
2.43672
2.37314
2.46166
2.4986
2.50023
2.5002
2.50007
2.5
2.5
2.5
2.49913
2.42835
2.23718
2.53117
3.0786
2.47494
2
2.54844
3.44111
2.31289
2
2.59117
2.83942
2.61427
2.51272
2.50301
2.50099
2.50034
2.5
2.5
2.5
2.4996
2.49152
2.46421
2.66035
2.58184
2.42736
2.4137
2.6515
2.59976
2.40597
2.42622
2.65854
2.6294
2.54259
2.50551
2.50146
2.50067
2.50033
2.5
2.5
2.5
2.50066
2.57761
2.9413
2.58131
2
2.54373
3.42186
2.4206
2
2.62501
3.32981
2.33412
2
2.38512
2.4907
2.49853
2.49997
2.50015
2.5
2.5
2.5
2.50039
2.51655
2.50138
2.47778
2.42313
2.61847
2.57695
2.41963
2.45411
2.6258
2.58537
2.41446
2.48525
2.5043
2.50189
2.50063
2.50039
2.50021
2.5
2.5
2.5
2.5001
2.45449
2.09394
2.35758
3.41597
2.48996
2.00181
2.58586
3.39421
2.36155
2
2.68262
3.02775
2.59453
2.51235
2.50294
2.50077
2.50018
2.5
2.5
2.5
2.49978
2.46451
2.38766
2.65055
2.49872
2.39112
2.47263
2.62749
2.54249
2.44376
2.51607
2.44797
2.52309
2.5211
2.50318
2.50057
2.50003
2.4999
2.5
2.5
2.5
2.50108
2.59129
2.97391
2.68109
2
2.48062
3.42915
2.41404
2
2.66338
3.20005
2.3344
2.15206
2.41777
2.49038
2.4972
2.49897
2.49957
2.5
2.5
2.5
2.49985
2.51628
2.46191
2.24654
2.53921
2.74019
2.44694
2.39071
2.59692
2.43608
2.54844
2.65795
2.5432
2.48976
2.49408
2.49735
2.49878
2.49949
2.5
2.5
2.5
2.4996
2.47154
2.3093
2.44985
3.00345
2.4134
2
2.60187
3.04839
2.4065
2.14098
2.53186
2.53214
2.49954
2.49728
2.49818
2.49903
2.4996
2.5
2.5
2.5
2.5
2.49462
2.48837
2.55933
2.63516
2.45133
2.39027
2.56001
2.59753
2.48788
2.41216
2.48271
2.49779
2.49779
2.49811
2.49872
2.49923
2.49968
2.5
2.5
2.5
2.5
2.49892
2.50019
2.50928
2.51529
2.49708
2.48909
2.50528
2.51162
2.49942
2.48977
2.49369
2.49697
2.49818
2.49872
2.4991
2.49945
2.49967
2.5
2.5
2.5
2.5
2.49988
2.50068
2.50295
2.50374
2.49987
2.49781
2.50092
2.50257
2.49977
2.49709
2.49752
2.49848
2.49903
2.49937
2.49955
2.49963
2.49983
2.5
2.5
2.5
2.5
2.5
2.5
2.5
2.5
2.5
2.5
2.5
2.5
2.5
2.5
2.5
2.5
2.5
2.5
2.5
2.5
2.5
2.5
2.5
2.5
2.5
2.5
2.5
2.5
2.5
2.5
2.5
2.5
2.5
2.5
2.5
2.5
2.5
2.5
2.5
2.5
2.5
2.5
2.5
2.5
2.54
2.54
2.54
2.54
2.54
2.54
2.54
2.54
2.54
2.54
2.54
2.54
2.54
2.54
2.54
2.54
2.54
2.54
2.54
2.54
2.54
2.54
2.54
2.53895
2.53805
2.53743
2.53713
2.53721
2.53959
2.55343
2.58555
2.55481
2.50388
2.54674
2.55395
2.54446
2.54119
2.54032
2.5401
2.54
2.54
2.54
2.54
2.53895
2.52494
2.51481
2.51085
2.5136
2.52361
2.54758
2.60151
2.66595
2.57371
2.4562
2.55071
2.57844
2.55841
2.54624
2.54128
2.53982
2.53971
2.54
2.54
2.54
2.53751
2.50992
2.49056
2.48476
2.49015
2.50414
2.53022
2.61358
2.73617
2.54469
2.34335
2.58386
2.59524
2.55566
2.54177
2.53833
2.53824
2.53901
2.53994
2.54
2.54
2.53523
2.49288
2.46526
2.46175
2.47753
2.50155
2.54118
2.58027
2.54585
2.48937
2.50399
2.59495
2.52141
2.51647
2.52556
2.53227
2.53615
2.53834
2.53983
2.54
2.54
2.53097
2.47304
2.43705
2.44771
2.49854
2.58535
2.71084
2.5433
2.24624
2.57092
2.76627
2.55073
2.44417
2.48583
2.51794
2.53156
2.53681
2.53887
2.53985
2.54
2.54
2.52234
2.45099
2.40451
2.46222
2.60564
2.63323
2.58957
2.51299
2.48727
2.60129
2.55102
2.50953
2.49675
2.52623
2.54074
2.54257
2.54186
2.54092
2.54007
2.54
2.54
2.50913
2.44707
2.40109
2.57599
2.76937
2.51969
2.23099
2.56576
2.85495
2.4813
2.25006
2.5357
2.68629
2.63631
2.57895
2.5559
2.5469
2.5428
2.54034
2.54
2.54
2.53929
2.54168
2.56242
2.61856
2.55456
2.50646
2.5167
2.59955
2.57736
2.50199
2.51628
2.591
2.58497
2.56992
2.55535
2.54886
2.54526
2.54262
2.54033
2.54
2.54
2.5758
2.62989
2.72616
2.54699
2.2293
2.56024
2.86431
2.5179
2.2225
2.58028
2.83688
2.50685
2.3106
2.43494
2.51252
2.53609
2.54151
2.54153
2.54015
2.54
2.54
2.54498
2.55061
2.53983
2.52353
2.51603
2.58781
2.57127
2.51386
2.52004
2.59171
2.57962
2.51538
2.52512
2.54048
2.54552
2.54498
2.54328
2.54163
2.54021
2.54
2.54
2.51225
2.46585
2.3628
2.53669
2.85107
2.53095
2.22339
2.57283
2.85317
2.50337
2.26059
2.57686
2.77027
2.65395
2.58124
2.55376
2.54415
2.54107
2.54018
2.54
2.54
2.52997
2.5224
2.51309
2.5929
2.54489
2.49268
2.52645
2.58922
2.56624
2.52141
2.52872
2.52933
2.56884
2.56113
2.54518
2.53812
2.53663
2.53776
2.5399
2.54
2.54
2.579
2.63447
2.72961
2.56211
2.25292
2.54832
2.85674
2.51342
2.24297
2.57794
2.80269
2.51709
2.37757
2.44207
2.49346
2.51519
2.5261
2.53344
2.53957
2.54
2.54
2.54621
2.56159
2.53633
2.45022
2.52277
2.61935
2.55339
2.50134
2.5369
2.5357
2.59602
2.58027
2.49596
2.47583
2.4916
2.50825
2.52093
2.53085
2.53949
2.54
2.54
2.52544
2.50467
2.45818
2.54854
2.74377
2.51485
2.29975
2.56719
2.76427
2.5182
2.37599
2.48956
2.50472
2.4951
2.49983
2.51005
2.52066
2.53044
2.5396
2.54
2.54
2.53501
2.52376
2.52843
2.60631
2.67218
2.51932
2.42514
2.57091
2.6524
2.52655
2.42602
2.46581
2.49201
2.49993
2.50669
2.51473
2.52319
2.53153
2.53968
2.54
2.54
2.53891
2.53773
2.54932
2.5833
2.59793
2.54009
2.50647
2.55263
2.57788
2.53028
2.48431
2.48789
2.50036
2.50874
2.51518
2.52139
2.52753
2.53365
2.53967
2.54
2.54
2.53989
2.54137
2.5483
2.56088
2.56346
2.54391
2.53225
2.54478
2.55118
2.53414
2.51583
2.51365
2.51807
2.52266
2.52644
2.52991
2.53322
2.53651
2.53983
2.54
2.54
2.54
2.53989
2.54068
2.54295
2.54374
2.53987
2.53781
2.54092
2.54257
2.53977
2.53709
2.53752
2.53848
2.53903
2.53937
2.53954
2.53963
2.53983
2.54
2.54
2.54
2.54
2.54
2.54
2.54
2.54
2.54
2.54
2.54
2.54
2.54
2.54
2.54
2.54
2.54
2.54
2.54
2.54
2.54
2.54
2.54
2.58
2.58
2.58
2.58
2.58
2.58
2.58
2.58
2.58
2.58
2.58
2.58
2.58
2.58
2.58
2.58
2.58
2.58
2.58
2.58
2.58
2.58
2.58
2.57805
2.57639
2.57541
2.57513
2.57589
2.58038
2.59847
2.63219
2.59547
2.54061
2.58751
2.59659
2.5861
2.58183
2.58044
2.5801
2.57999
2.58
2.58
2.58
2.57805
2.55243
2.53414
2.52761
2.53374
2.55339
2.59298
2.66091
2.71541
2.61385
2.50102
2.58609
2.6203
2.60346
2.58842
2.58147
2.57937
2.57936
2.57999
2.58
2.58
2.57551
2.52581
2.49181
2.48266
2.49692
2.52951
2.58359
2.67524
2.75064
2.58604
2.4315
2.60286
2.62817
2.59733
2.58109
2.57645
2.57658
2.57811
2.5799
2.58
2.58
2.57176
2.49804
2.45174
2.44955
2.4844
2.53775
2.60019
2.62299
2.57568
2.54229
2.55567
2.61845
2.564
2.55156
2.55889
2.56734
2.57321
2.57701
2.5797
2.58
2.58
2.56574
2.4707
2.41794
2.44251
2.52617
2.62528
2.71059
2.57003
2.35922
2.58881
2.73678
2.6013
2.5018
2.52113
2.55076
2.56707
2.57455
2.57793
2.57974
2.58
2.58
2.5557
2.45112
2.40148
2.48477
2.6352
2.65673
2.60544
2.55664
2.53698
2.60831
2.57719
2.55644
2.55303
2.57359
2.58346
2.58416
2.58277
2.58136
2.58018
2.58
2.58
2.54498
2.46931
2.44344
2.60015
2.74252
2.55708
2.35629
2.59609
2.78606
2.53328
2.35818
2.56112
2.69587
2.67656
2.62912
2.60299
2.59077
2.58456
2.5806
2.58
2.58
2.58087
2.57986
2.60162
2.63507
2.57809
2.54502
2.55811
2.61742
2.59769
2.54417
2.5547
2.60745
2.60984
2.60806
2.59982
2.59345
2.58852
2.58435
2.58049
2.58
2.58
2.6205
2.66822
2.72066
2.57215
2.35316
2.58687
2.79292
2.55769
2.34734
2.59695
2.78015
2.55768
2.40012
2.47918
2.54921
2.57629
2.58308
2.5827
2.58026
2.58
2.58
2.58513
2.58926
2.57775
2.56374
2.56062
2.60704
2.59219
2.55299
2.55828
2.61215
2.60817
2.5622
2.56585
2.5816
2.58862
2.58825
2.58555
2.5828
2.58031
2.58
2.58
2.5476
2.50407
2.44298
2.58867
2.78359
2.55854
2.34636
2.59227
2.78534
2.55328
2.37974
2.59677
2.76014
2.69675
2.63145
2.59926
2.58616
2.58164
2.58035
2.58
2.58
2.56989
2.56723
2.56487
2.61374
2.57419
2.5321
2.55629
2.60795
2.5934
2.56134
2.56276
2.57155
2.60489
2.59861
2.58305
2.57486
2.57344
2.57588
2.57989
2.58
2.58
2.62328
2.67284
2.72192
2.57748
2.3667
2.57807
2.78553
2.55558
2.36556
2.5956
2.76295
2.56682
2.43671
2.46672
2.51199
2.53887
2.55555
2.56816
2.57932
2.58
2.58
2.58716
2.60457
2.58349
2.51693
2.55757
2.62935
2.59137
2.54679
2.56337
2.57864
2.62332
2.58645
2.50207
2.48151
2.50078
2.52505
2.54577
2.5633
2.57912
2.58
2.58
2.563
2.54538
2.52081
2.6029
2.73934
2.564
2.39507
2.59113
2.7451
2.56296
2.43544
2.49541
2.50532
2.49966
2.50887
2.52605
2.54456
2.56229
2.57924
2.58
2.58
2.57329
2.56151
2.57478
2.6586
2.71656
2.56806
2.46902
2.60363
2.68796
2.56008
2.44557
2.46817
2.49518
2.50751
2.51926
2.53345
2.54874
2.56412
2.57931
2.58
2.58
2.57845
2.57851
2.59729
2.64173
2.65705
2.58632
2.54269
2.5948
2.6242
2.56199
2.49785
2.49498
2.51023
2.52315
2.53432
2.54536
2.55666
2.56805
2.57941
2.58
2.58
2.57983
2.58294
2.59427
2.61262
2.61561
2.58836
2.57141
2.58714
2.59463
2.56898
2.54064
2.53504
2.54093
2.5482
2.55486
2.56113
2.5673
2.57342
2.57963
2.58
2.58
2.58
2.57983
2.58112
2.58448
2.58555
2.58003
2.57698
2.58129
2.58374
2.57958
2.57546
2.57594
2.57732
2.57826
2.57878
2.57913
2.57939
2.57963
2.58
2.58
2.58
2.58
2.58
2.58
2.58
2.58
2.58
2.58
2.58
2.58
2.58
2.58
2.58
2.58
2.58
2.58
2.58
2.58
2.58
2.58
2.58
2.62
2.62
2.62
2.62
2.62
2.62
2.62
2.62
2.62
2.62
2.62
2.62
2.62
2.62
2.62
2.62
2.62
2.62
2.62
2.62
2.62
2.62
2.62
2.6173
2.61504
2.61371
2.61336
2.6145
2.61999
2.63979
2.67425
2.63486
2.57757
2.62718
2.63775
2.62686
2.62216
2.62052
2.62011
2.62001
2.62
2.62
2.62
2.61729
2.58157
2.55609
2.54695
2.55526
2.58134
2.63064
2.70778
2.76241
2.65283
2.53436
2.62191
2.66154
2.64561
2.62915
2.62117
2.6188
2.61895
2.62001
2.62
2.62
2.61387
2.54493
2.49792
2.48517
2.50488
2.54904
2.6179
2.71975
2.79297
2.62602
2.47043
2.63764
2.66802
2.63747
2.61958
2.61436
2.61488
2.61717
2.61984
2.62
2.62
2.60905
2.50801
2.44485
2.44136
2.48755
2.55718
2.633
2.66083
2.61845
2.58831
2.59875
2.65882
2.60426
2.58752
2.59363
2.60304
2.61047
2.6157
2.61959
2.62
2.62
2.60182
2.47437
2.40473
2.43435
2.5364
2.65134
2.7416
2.60675
2.4084
2.63055
2.77733
2.65021
2.54531
2.55688
2.5853
2.6031
2.61223
2.61688
2.61964
2.62
2.62
2.5909
2.45538
2.3938
2.4879
2.65504
2.68724
2.64217
2.59482
2.57208
2.64318
2.62294
2.60716
2.60092
2.61655
2.62407
2.62413
2.62266
2.62129
2.62016
2.62
2.62
2.58112
2.48494
2.45469
2.61702
2.76448
2.59298
2.40496
2.62938
2.80647
2.5716
2.40971
2.60736
2.74055
2.7231
2.67479
2.64642
2.63259
2.62541
2.62072
2.62
2.62
2.62039
2.61162
2.62959
2.66139
2.61076
2.5831
2.59069
2.64556
2.63188
2.58162
2.59132
2.64321
2.64726
2.64796
2.64134
2.63534
2.63006
2.62523
2.62065
2.62
2.62
2.66276
2.70988
2.75563
2.60742
2.40077
2.61944
2.80732
2.59033
2.39836
2.62913
2.80024
2.58836
2.43639
2.51307
2.58575
2.61587
2.62384
2.62339
2.6203
2.62
2.62
2.62621
2.63073
2.61995
2.60466
2.59734
2.63612
2.62149
2.58618
2.58979
2.64111
2.64108
2.59832
2.60382
2.62209
2.6305
2.63032
2.62711
2.62361
2.62043
2.62
2.62
2.58626
2.54164
2.48589
2.6269
2.80456
2.59232
2.39555
2.62073
2.79997
2.58805
2.42907
2.63491
2.79836
2.74383
2.67828
2.64297
2.62765
2.62208
2.62052
2.62
2.62
2.60993
2.60833
2.60634
2.6493
2.60952
2.56842
2.58865
2.63802
2.62724
2.59957
2.6003
2.60756
2.64157
2.63753
2.62188
2.61269
2.61115
2.61442
2.61993
2.62
2.62
2.66554
2.71748
2.76116
2.61802
2.41702
2.60933
2.8016
2.59319
2.41925
2.63259
2.78818
2.59863
2.46857
2.49319
2.53794
2.56747
2.58767
2.60408
2.61915
2.62
2.62
2.62732
2.64716
2.62669
2.56339
2.59787
2.65928
2.62459
2.58699
2.60344
2.6152
2.65269
2.61239
2.52615
2.50108
2.51993
2.54788
2.57398
2.59728
2.61887
2.62
2.62
2.60144
2.58399
2.5632
2.64776
2.77736
2.6044
2.44155
2.63139
2.77977
2.59641
2.46339
2.5158
2.52325
2.5158
2.526
2.54722
2.57147
2.59551
2.61896
2.62
2.62
2.61224
2.60025
2.61784
2.70806
2.76604
2.61284
2.51118
2.64745
2.7317
2.59189
2.46387
2.48102
2.5088
2.52288
2.53747
2.55597
2.57665
2.59784
2.61905
2.62
2.62
2.61813
2.61943
2.64297
2.6941
2.71026
2.63242
2.5843
2.63981
2.66918
2.59497
2.51765
2.51024
2.52673
2.54256
2.55697
2.57181
2.58734
2.60322
2.6192
2.62
2.62
2.61981
2.62428
2.63873
2.66088
2.66424
2.63276
2.61306
2.63036
2.63734
2.6049
2.56899
2.56053
2.56711
2.57631
2.58506
2.59356
2.60211
2.61077
2.61947
2.62
2.62
2.62
2.61981
2.62136
2.6253
2.62659
2.62032
2.61688
2.62179
2.62449
2.61945
2.61445
2.6149
2.61659
2.6177
2.61835
2.61878
2.61912
2.61947
2.62
2.62
2.62
2.62
2.62
2.62
2.62
2.62
2.62
2.62
2.62
2.62
2.62
2.62
2.62
2.62
2.62
2.62
2.62
2.62
2.62
2.62
2.62
2.66
2.66
2.66
2.66
2.66
2.66
2.66
2.66
2.66
2.66
2.66
2.66
2.66
2.66
2.66
2.66
2.66
2.66
2.66
2.66
2.66
2.66
2.66
2.65662
2.65378
2.65205
2.65145
2.65238
2.65834
2.68096
2.71921
2.67395
2.60845
2.66568
2.67943
2.66773
2.66242
2.66058
2.6601
2.65999
2.66
2.66
2.66
2.65661
2.61244
2.58067
2.56871
2.57763
2.60739
2.66435
2.75399
2.8166
2.68924
2.55118
2.65391
2.7036
2.68767
2.66948
2.66059
2.65814
2.65858
2.65999
2.66
2.66
2.65231
2.56683
2.50805
2.49084
2.5126
2.56314
2.64262
2.76235
2.84955
2.65982
2.47965
2.67216
2.71091
2.67759
2.6576
2.65203
2.65311
2.65624
2.65978
2.66
2.66
2.64631
2.52053
2.44085
2.43381
2.48699
2.56788
2.65617
2.69659
2.66309
2.63035
2.63867
2.70661
2.64241
2.62063
2.62696
2.63826
2.64758
2.65432
2.65947
2.66
2.66
2.6372
2.4777
2.38871
2.42054
2.54094
2.67766
2.78566
2.64495
2.43544
2.68377
2.84949
2.70566
2.57859
2.58581
2.61685
2.63783
2.6493
2.65555
2.65952
2.66
2.66
2.62369
2.45292
2.37243
2.48016
2.67906
2.72866
2.68667
2.63398
2.6084
2.69378
2.68134
2.6608
2.64303
2.65418
2.66128
2.66194
2.66126
2.66069
2.66012
2.66
2.66
2.61233
2.48816
2.44537
2.63343
2.8118
2.63448
2.42418
2.66443
2.86088
2.61069
2.44139
2.66116
2.79956
2.77435
2.71898
2.68753
2.67276
2.66543
2.66075
2.66
2.66
2.65846
2.64105
2.65805
2.69915
2.65249
2.62769
2.62443
2.68066
2.67508
2.62284
2.63371
2.68959
2.6877
2.68598
2.67971
2.67458
2.66993
2.66532
2.66066
2.66
2.66
2.70855
2.76189
2.81458
2.65134
2.4195
2.65836
2.8587
2.62518
2.42336
2.67135
2.85176
2.61379
2.44417
2.53163
2.61644
2.65281
2.66321
2.66341
2.66029
2.66
2.66
2.6681
2.67417
2.66465
2.64714
2.63365
2.67507
2.66069
2.624
2.62753
2.67697
2.67453
2.62953
2.63874
2.66082
2.67114
2.67136
2.66797
2.66408
2.66053
2.66
2.66
2.62196
2.57024
2.50785
2.66464
2.86344
2.63767
2.42147
2.65979
2.85178
2.61938
2.44684
2.67791
2.86269
2.80368
2.72896
2.68761
2.66932
2.66261
2.66067
2.66
2.66
2.6487
2.64643
2.644
2.69377
2.65653
2.61521
2.63078
2.67722
2.66618
2.63913
2.63832
2.64615
2.68688
2.68374
2.6648
2.65275
2.65005
2.65357
2.66002
2.66
2.66
2.71149
2.77274
2.82319
2.66825
2.44697
2.65144
2.85674
2.63078
2.44324
2.67708
2.84248
2.63257
2.49189
2.51924
2.56726
2.59925
2.62187
2.64104
2.65912
2.66
2.66
2.66829
2.692
2.66971
2.60108
2.63756
2.69688
2.65928
2.62861
2.64848
2.65388
2.68977
2.64974
2.5574
2.52643
2.54433
2.57474
2.60479
2.6325
2.65874
2.66
2.66
2.63856
2.6186
2.59519
2.69039
2.83309
2.63707
2.46082
2.68214
2.84509
2.62941
2.47484
2.53844
2.54899
2.53865
2.54837
2.57226
2.60092
2.63005
2.65873
2.66
2.66
2.65079
2.63738
2.65801
2.76108
2.82611
2.65322
2.54311
2.70165
2.79343
2.62564
2.47423
2.4944
2.52719
2.5432
2.55978
2.5816
2.60661
2.63269
2.65882
2.66
2.66
2.65776
2.66007
2.6881
2.74755
2.766
2.67726
2.6244
2.68978
2.72109
2.6304
2.53697
2.52734
2.54668
2.56528
2.58241
2.60042
2.61948
2.63914
2.65897
2.66
2.66
2.65979
2.66555
2.68294
2.70908
2.71301
2.67676
2.65484
2.67548
2.68241
2.64229
2.59833
2.58761
2.59522
2.60612
2.61674
2.62712
2.63771
2.6485
2.65939
2.66
2.66
2.66
2.65979
2.66164
2.66627
2.66776
2.66062
2.65683
2.66266
2.6656
2.65938
2.65333
2.65385
2.6559
2.65724
2.65801
2.65853
2.65896
2.65939
2.66
2.66
2.66
2.66
2.66
2.66
2.66
2.66
2.66
2.66
2.66
2.66
2.66
2.66
2.66
2.66
2.66
2.66
2.66
2.66
2.66
2.66
2.66
2.7
2.7
2.7
2.7
2.7
2.7
2.7
2.7
2.7
2.7
2.7
2.7
2.7
2.7
2.7
2.7
2.7
2.7
2.7
2.7
2.7
2.7
2.7
2.69605
2.69274
2.6906
2.68948
2.68983
2.69585
2.72472
2.77981
2.71817
2.62233
2.70506
2.72508
2.70936
2.70277
2.70056
2.70005
2.69993
2.7
2.7
2.7
2.69604
2.64599
2.60982
2.59567
2.60452
2.63626
2.69996
2.8081
2.8908
2.72871
2.54694
2.68431
2.74972
2.73092
2.71003
2.70018
2.69764
2.69827
2.69993
2.7
2.7
2.691
2.59336
2.52573
2.50477
2.52669
2.57943
2.66617
2.81462
2.93747
2.68912
2.44414
2.7096
2.76028
2.71871
2.69562
2.68989
2.69167
2.69553
2.69971
2.7
2.7
2.68356
2.53802
2.44451
2.43358
2.49091
2.57879
2.67918
2.73909
2.71075
2.66159
2.66857
2.76244
2.67485
2.64896
2.65861
2.67327
2.6849
2.69313
2.69938
2.7
2.7
2.67143
2.48326
2.37474
2.40812
2.54905
2.71682
2.86094
2.68759
2.41525
2.74528
2.96187
2.76094
2.59005
2.6029
2.64428
2.67142
2.68617
2.69425
2.6994
2.7
2.7
2.65149
2.44477
2.33963
2.46776
2.72146
2.7938
2.74445
2.67345
2.64195
2.76168
2.74488
2.70548
2.66923
2.68247
2.69434
2.69791
2.6991
2.69972
2.70005
2.7
2.7
2.63024
2.4775
2.41398
2.66093
2.90691
2.68217
2.38729
2.7033
2.97161
2.6438
2.42303
2.71432
2.8774
2.83369
2.76315
2.72713
2.71186
2.70492
2.70073
2.7
2.7
2.69444
2.6715
2.69411
2.75976
2.70613
2.67658
2.6581
2.72872
2.72841
2.66402
2.67884
2.74919
2.7328
2.72341
2.71579
2.71195
2.70862
2.7048
2.70063
2.7
2.7
2.7677
2.83167
2.9117
2.70451
2.38108
2.7043
2.97153
2.66039
2.39177
2.72646
2.95814
2.63477
2.40755
2.52863
2.64028
2.68732
2.70146
2.70293
2.70026
2.7
2.7
2.71224
2.7188
2.70884
2.68701
2.66485
2.72749
2.71205
2.66577
2.67093
2.72592
2.71282
2.65659
2.67137
2.69862
2.71103
2.71168
2.70822
2.70423
2.70063
2.7
2.7
2.64726
2.58224
2.49186
2.69851
2.97981
2.69114
2.39345
2.71215
2.96418
2.64453
2.40804
2.7293
2.97089
2.88432
2.78565
2.73352
2.71111
2.70309
2.70087
2.7
2.7
2.68248
2.67842
2.67302
2.74829
2.71213
2.66724
2.67988
2.72845
2.70943
2.67712
2.67566
2.68966
2.74597
2.73983
2.71204
2.6945
2.68967
2.69303
2.70018
2.7
2.7
2.77232
2.84487
2.91929
2.72523
2.42737
2.70439
2.97305
2.66198
2.40556
2.72962
2.94637
2.67015
2.49603
2.53824
2.59657
2.6324
2.65727
2.67864
2.69911
2.7
2.7
2.71167
2.74071
2.7112
2.6202
2.6726
2.74838
2.69512
2.66592
2.69514
2.69531
2.74093
2.70251
2.59122
2.55129
2.56966
2.60333
2.63711
2.66865
2.69861
2.7
2.7
2.67063
2.64789
2.61247
2.73191
2.92093
2.65796
2.4291
2.74234
2.95654
2.66255
2.45864
2.55882
2.57731
2.56289
2.57234
2.59917
2.63191
2.66547
2.69854
2.7
2.7
2.68829
2.67329
2.69666
2.82373
2.90625
2.68551
2.55227
2.76559
2.88041
2.66227
2.47017
2.50307
2.54585
2.56469
2.58368
2.60893
2.63796
2.66823
2.69863
2.7
2.7
2.69737
2.70112
2.73439
2.80552
2.82786
2.71923
2.65797
2.74329
2.78174
2.66869
2.55377
2.54369
2.56736
2.58926
2.60932
2.63038
2.6527
2.6757
2.69885
2.7
2.7
2.69985
2.70728
2.72791
2.75869
2.76312
2.71983
2.69495
2.72152
2.73008
2.6812
2.62796
2.6152
2.62415
2.63691
2.64931
2.66154
2.67396
2.6866
2.69934
2.7
2.7
2.7
2.69985
2.70209
2.70776
2.70962
2.70069
2.6963
2.70391
2.70739
2.69936
2.69175
2.69256
2.69514
2.69677
2.69769
2.69832
2.69885
2.69934
2.7
2.7
2.7
2.7
2.7
2.7
2.7
2.7
2.7
2.7
2.7
2.7
2.7
2.7
2.7
2.7
2.7
2.7
2.7
2.7
2.7
2.7
2.7
2.8
2.8
2.8
2.8
2.8
2.8
2.8
2.8
2.8
2.8
2.8
2.8
2.8
2.8
2.8
2.8
2.8
2.8
2.8
2.8
2.8
2.8
2.8
2.79581
2.79234
2.79008
2.78892
2.78912
2.79562
2.82904
2.89577
2.82281
2.70496
2.80339
2.8279
2.81015
2.80287
2.8006
2.8
2.79993
2.8
2.8
2.8
2.79579
2.744
2.70694
2.69312
2.70331
2.73732
2.80585
2.92542
3.01957
2.8323
2.61938
2.77726
2.85249
2.83255
2.81045
2.80018
2.79755
2.79821
2.79993
2.8
2.8
2.79039
2.68877
2.61885
2.59834
2.62267
2.67832
2.77006
2.93544
3.07572
2.78262
2.49302
2.80554
2.86393
2.81856
2.79445
2.78899
2.79116
2.7953
2.79971
2.8
2.8
2.7821
2.62885
2.53072
2.52068
2.58314
2.6765
2.78305
2.85292
2.81675
2.74755
2.75728
2.86955
2.76635
2.73992
2.75305
2.77044
2.78364
2.79265
2.79936
2.8
2.8
2.76795
2.56647
2.44968
2.4873
2.64354
2.83056
2.99169
2.79443
2.47456
2.8553
3.10355
2.86233
2.66404
2.68429
2.73471
2.76698
2.78425
2.79355
2.79934
2.8
2.8
2.74325
2.51769
2.3996
2.54395
2.83686
2.92381
2.8579
2.77507
2.74857
2.88671
2.85281
2.79311
2.74683
2.76717
2.78625
2.79386
2.79721
2.79899
2.79997
2.8
2.8
2.71439
2.54653
2.47134
2.76173
3.05639
2.79621
2.42983
2.80422
3.12857
2.74374
2.47531
2.80947
2.98862
2.93701
2.861
2.82469
2.81036
2.80427
2.80068
2.8
2.8
2.79181
2.76796
2.7998
2.88782
2.82345
2.78367
2.76021
2.84268
2.8376
2.76769
2.78734
2.86377
2.8324
2.81659
2.81002
2.8085
2.8069
2.80412
2.80055
2.8
2.8
2.88087
2.95213
3.05489
2.82015
2.42059
2.80969
3.13607
2.76118
2.42829
2.84107
3.11506
2.73432
2.4609
2.60001
2.72863
2.78287
2.79977
2.80236
2.8002
2.8
2.8
2.81345
2.81771
2.80467
2.77993
2.7542
2.84171
2.82609
2.77225
2.782
2.84134
2.81307
2.7517
2.76938
2.79779
2.81061
2.81133
2.80792
2.80408
2.80067
2.8
2.8
2.73549
2.65878
2.54617
2.79104
3.13777
2.8015
2.43172
2.82901
3.13029
2.73798
2.44338
2.83947
3.12359
3.0148
2.89737
2.83706
2.81183
2.80309
2.80103
2.8
2.8
2.77692
2.76961
2.7607
2.8569
2.82371
2.77801
2.79059
2.84064
2.81127
2.77443
2.77606
2.80633
2.8737
2.85785
2.8186
2.79544
2.78885
2.79233
2.80029
2.8
2.8
2.88634
2.96524
3.05459
2.82888
2.47293
2.82164
3.13986
2.75154
2.43246
2.83799
3.10218
2.78441
2.57966
2.62606
2.68864
2.72648
2.75313
2.77655
2.79911
2.8
2.8
2.81493
2.84817
2.81271
2.69852
2.76153
2.86029
2.79546
2.76382
2.79936
2.80439
2.85832
2.81344
2.67908
2.63329
2.6548
2.69267
2.73026
2.76524
2.7985
2.8
2.8
2.76665
2.74511
2.70374
2.83748
3.05528
2.73942
2.46682
2.85825
3.11581
2.76827
2.51952
2.63521
2.65636
2.6421
2.65512
2.68664
2.72389
2.76153
2.79836
2.8
2.8
2.78748
2.77504
2.80303
2.94706
3.03862
2.77655
2.62218
2.88296
3.01986
2.76678
2.53914
2.57414
2.62194
2.64433
2.66744
2.69712
2.73038
2.76449
2.79848
2.8
2.8
2.79757
2.80489
2.84347
2.92281
2.94557
2.81911
2.74984
2.85245
2.89883
2.77074
2.63776
2.62389
2.6491
2.6737
2.69692
2.72134
2.74687
2.77283
2.7988
2.8
2.8
2.80005
2.80991
2.83359
2.86748
2.87121
2.82139
2.79364
2.82545
2.8363
2.78168
2.72093
2.70532
2.71438
2.72844
2.74256
2.75658
2.77078
2.785
2.79927
2.8
2.8
2.8
2.80005
2.80274
2.80916
2.81112
2.80064
2.79556
2.80469
2.80883
2.79957
2.79064
2.79135
2.79431
2.79624
2.79735
2.79814
2.79874
2.79927
2.8
2.8
2.8
2.8
2.8
2.8
2.8
2.8
2.8
2.8
2.8
2.8
2.8
2.8
2.8
2.8
2.8
2.8
2.8
2.8
2.8
2.8
2.8
2.9
2.9
2.9
2.9
2.9
2.9
2.9
2.9
2.9
2.9
2.9
2.9
2.9
2.9
2.9
2.9
2.9
2.9
2.9
2.9
2.9
2.9
2.9
2.89602
2.89288
2.89107
2.89052
2.89171
2.89933
2.93139
2.99096
2.92338
2.81737
2.90251
2.92449
2.90931
2.90272
2.9006
2.90003
2.89996
2.9
2.9
2.9
2.89601
2.84757
2.81394
2.80368
2.81756
2.85486
2.92445
3.03822
3.12069
2.93955
2.73944
2.88108
2.95014
2.93217
2.91115
2.90103
2.89818
2.89857
2.89996
2.9
2.9
2.89091
2.79552
2.73197
2.71784
2.7487
2.8102
2.90432
3.05744
3.17041
2.88725
2.62384
2.90546
2.95921
2.91861
2.8961
2.89067
2.89237
2.89594
2.89976
2.9
2.9
2.88307
2.73853
2.64914
2.64742
2.71714
2.81509
2.91824
2.9728
2.91067
2.83554
2.85715
2.9621
2.8667
2.84277
2.85566
2.87248
2.88505
2.89338
2.89942
2.9
2.9
2.8697
2.67878
2.57268
2.61823
2.7773
2.95521
3.08954
2.89633
2.59177
2.93939
3.16904
2.94764
2.76601
2.78674
2.83612
2.86811
2.88519
2.89409
2.8994
2.9
2.9
2.84687
2.63264
2.52644
2.67309
2.95674
3.03416
2.94799
2.87297
2.86753
2.98827
2.93267
2.86777
2.83211
2.85952
2.88257
2.8926
2.89708
2.89907
2.89996
2.9
2.9
2.82173
2.66181
2.59773
2.87618
3.15287
2.90218
2.54695
2.90586
3.21945
2.8559
2.58313
2.87945
3.052
3.0155
2.95216
2.92148
2.90932
2.90397
2.9006
2.9
2.9
2.89358
2.87268
2.91052
2.998
2.92575
2.87591
2.87087
2.952
2.93043
2.86818
2.89047
2.95695
2.92469
2.9095
2.90596
2.90658
2.90606
2.90378
2.90046
2.9
2.9
2.97309
3.04175
3.13896
2.92109
2.53663
2.90687
3.23366
2.86604
2.52774
2.93742
3.20952
2.86316
2.59909
2.71471
2.83175
2.88291
2.89939
2.90209
2.90018
2.9
2.9
2.90861
2.90815
2.89036
2.86741
2.84994
2.9429
2.92604
2.87339
2.89106
2.95042
2.91384
2.86069
2.87618
2.89947
2.91028
2.91041
2.90716
2.90367
2.90068
2.9
2.9
2.8383
2.75986
2.65531
2.89237
3.22138
2.89213
2.52563
2.93355
3.23357
2.84944
2.55362
2.93677
3.21117
3.10845
2.99429
2.93492
2.91034
2.90236
2.90107
2.9
2.9
2.87782
2.86754
2.8584
2.94983
2.91601
2.87016
2.8893
2.94302
2.91126
2.87259
2.88154
2.93068
2.9929
2.96408
2.91779
2.89274
2.8865
2.89107
2.90034
2.9
2.9
2.97741
3.05333
3.12952
2.90406
2.56641
2.92637
3.23825
2.85025
2.53275
2.9342
3.20409
2.91509
2.70336
2.73013
2.78439
2.82115
2.84918
2.87454
2.89908
2.9
2.9
2.91496
2.9493
2.91401
2.79237
2.84597
2.96074
2.90505
2.86674
2.89869
2.9202
2.97306
2.90922
2.75917
2.71414
2.74069
2.78301
2.82432
2.86242
2.89841
2.9
2.9
2.87204
2.85774
2.82619
2.9488
3.14382
2.83862
2.57317
2.9569
3.2131
2.89054
2.6353
2.71509
2.72554
2.71679
2.73747
2.77516
2.8171
2.85833
2.89824
2.9
2.9
2.88994
2.88595
2.92058
3.05993
3.14007
2.8753
2.71752
2.9795
3.12209
2.87965
2.64456
2.65894
2.69902
2.72371
2.75203
2.78676
2.82412
2.86156
2.89837
2.9
2.9
2.89861
2.91193
2.95457
3.03268
3.05009
2.91887
2.84638
2.95077
3.00114
2.87573
2.7377
2.71443
2.73505
2.76014
2.78619
2.81388
2.84228
2.87066
2.89872
2.9
2.9
2.90047
2.91346
2.93909
2.97272
2.97414
2.92162
2.89219
2.92484
2.9374
2.88322
2.82009
2.80068
2.80764
2.82172
2.83705
2.8527
2.86836
2.88389
2.89932
2.9
2.9
2.9
2.90047
2.90341
2.90978
2.91134
2.90046
2.89511
2.90441
2.90895
2.89997
2.89076
2.89094
2.89367
2.8957
2.89701
2.89796
2.89867
2.89932
2.9
2.9
2.9
2.9
2.9
2.9
2.9
2.9
2.9
2.9
2.9
2.9
2.9
2.9
2.9
2.9
2.9
2.9
2.9
2.9
2.9
2.9
2.9
3
3
3
3
3
3
3
3
3
3
3
3
3
3
3
3
3
3
3
3
3
3
3
2.99666
2.99411
2.99302
2.99341
2.99573
3.00398
3.03185
3.08035
3.02327
2.93837
3.00518
3.02133
3.0084
3.0026
3.0006
3.00013
3.00001
3
3
3
2.99666
2.95565
2.92877
2.92412
2.94219
2.9815
3.04718
3.14436
3.2072
3.04948
2.88443
2.99855
3.05207
3.0339
3.01368
3.00335
2.99979
2.99935
3.00001
3
3
2.99235
2.91161
2.86089
2.85655
2.89419
2.95908
3.04816
3.17247
3.24598
2.99882
2.79264
3.02252
3.06237
3.0248
3.00262
2.99567
2.99554
2.99751
2.99986
3
3
2.98582
2.86345
2.7925
2.80218
2.87622
2.97199
3.06153
3.0871
2.99589
2.92678
2.96893
3.06188
2.98144
2.95896
2.96753
2.9801
2.98943
2.99544
2.99957
3
3
2.97481
2.81339
2.73042
2.78271
2.93131
3.08273
3.17615
2.99084
2.71874
3.0138
3.21559
3.03507
2.88853
2.90728
2.94897
2.97568
2.98943
2.99607
2.99955
3
3
2.9565
2.77626
2.69548
2.83237
3.07787
3.12949
3.0273
2.96379
2.97951
3.07673
3.00538
2.94646
2.93097
2.96386
2.98689
2.99622
2.99958
3.00038
3.00006
3
3
2.93695
2.80368
2.75898
2.99835
3.22643
2.99446
2.68741
3.00835
3.29054
2.96805
2.70967
2.94856
3.11059
3.09381
3.04581
3.02088
3.01008
3.00454
3.00055
3
3
2.99588
2.98092
3.01877
3.09147
3.01367
2.95691
2.97981
3.05662
3.0184
2.96211
2.98604
3.04428
3.0236
3.01166
3.00829
3.0082
3.00705
3.0042
3.00046
3
3
3.05942
3.11763
3.198
3.00998
2.6797
3.00016
3.30524
2.9682
2.65373
3.02336
3.28167
2.99883
2.77017
2.85297
2.94574
2.98734
3.0006
3.00238
3.00025
3
3
3.00331
2.99889
2.97876
2.96097
2.95558
3.03652
3.01482
2.96389
2.99201
3.05176
3.01634
2.97287
2.9855
3.00226
3.00996
3.00922
3.0061
3.00309
3.00065
3
3
2.94706
2.87818
2.79514
3.00694
3.28711
2.97343
2.64279
3.02718
3.31351
2.96692
2.69477
3.02591
3.26762
3.17915
3.07965
3.02774
3.00681
3.0009
3.00098
3
3
2.98124
2.97277
2.96743
3.04406
3.00197
2.94929
2.97881
3.04102
3.01541
2.97314
2.98784
3.04428
3.09222
3.05397
3.00811
2.98607
2.98266
2.98934
3.00029
3
3
3.06329
3.1297
3.18679
2.97539
2.68161
3.0203
3.31297
2.95894
2.67256
3.02904
3.28487
3.0382
2.83073
2.83561
2.88024
2.91592
2.94556
2.97276
2.99907
3
3
3.01322
3.04695
3.01485
2.8954
2.93573
3.0592
3.02021
2.97205
2.99739
3.03244
3.08224
2.99943
2.84119
2.7987
2.82971
2.8758
2.9201
2.96049
2.99826
3
3
2.97917
2.97589
2.95795
3.0609
3.22038
2.9522
2.71488
3.04716
3.28155
3.01183
2.77463
2.80737
2.80044
2.79602
2.82387
2.86702
2.91266
2.95635
2.99812
3
3
2.99332
3.00047
3.04057
3.16444
3.22676
2.98116
2.83066
3.06452
3.20099
2.99214
2.77105
2.75997
2.78513
2.80898
2.84122
2.87995
2.92038
2.95989
2.99827
3
3
2.99993
3.01991
3.06438
3.13525
3.14546
3.01944
2.94754
3.04177
3.09174
2.98068
2.84932
2.81651
2.82901
2.85205
2.87948
2.90939
2.93976
2.96953
2.9987
3
3
3.00092
3.01686
3.04314
3.074
3.07269
3.02103
2.99121
3.02072
3.03373
2.98495
2.92445
2.9019
2.90545
2.91821
2.93394
2.95055
2.9671
2.98332
2.9993
3
3
3
3.00092
3.00392
3.00965
3.01069
3.00026
2.99491
3.00344
3.008
3.00032
2.9917
2.99119
2.99342
2.99535
2.99678
2.99785
2.99859
2.9993
3
3
3
3
3
3
3
3
3
3
3
3
3
3
3
3
3
3
3
3
3
3
3
3.1
3.1
3.1
3.1
3.1
3.1
3.1
3.1
3.1
3.1
3.1
3.1
3.1
3.1
3.1
3.1
3.1
3.1
3.1
3.1
3.1
3.1
3.1
3.09747
3.09568
3.09527
3.09637
3.09944
3.1074
3.13017
3.16766
3.12176
3.05837
3.10938
3.11947
3.10793
3.10266
3.10075
3.1002
3.10007
3.1
3.1
3.1
3.09747
3.06604
3.04727
3.04816
3.069
3.10742
3.16499
3.24191
3.28584
3.15761
3.03367
3.12302
3.15935
3.13886
3.11811
3.10679
3.10204
3.10046
3.10007
3.1
3.1
3.0942
3.03228
2.99683
3.00196
3.04325
3.10622
3.18338
3.2747
3.31363
3.11206
2.96917
3.15218
3.17583
3.13764
3.1133
3.10321
3.10008
3.09964
3.09999
3.1
3.1
3.08926
2.99535
2.94613
2.96571
3.03836
3.1246
3.19455
3.19069
3.08128
3.02741
3.09224
3.17597
3.10938
3.08509
3.08594
3.0915
3.09586
3.09839
3.09978
3.1
3.1
3.08097
2.95723
2.9006
2.95562
3.08484
3.2034
3.25787
3.0833
2.85062
3.0954
3.27338
3.1377
3.02627
3.03995
3.06982
3.08786
3.09607
3.09907
3.0998
3.1
3.1
3.06726
2.9297
2.87626
2.99615
3.1931
3.21614
3.10822
3.05655
3.08791
3.16551
3.09134
3.0445
3.04688
3.08022
3.09877
3.10411
3.10428
3.10258
3.10017
3.1
3.1
3.05265
2.95213
2.92577
3.11826
3.29169
3.08325
2.83705
3.11445
3.35996
3.08333
2.85223
3.03703
3.18498
3.18277
3.14577
3.12382
3.11263
3.10589
3.10057
3.1
3.1
3.09748
3.08913
3.12259
3.17606
3.09911
3.04255
3.08975
3.16098
3.11375
3.06099
3.08558
3.13853
3.1323
3.12283
3.11647
3.11305
3.10953
3.10523
3.10049
3.1
3.1
3.14562
3.19267
3.25517
3.10011
2.83605
3.0997
3.37118
3.07424
2.80016
3.11248
3.3488
3.13003
2.9435
2.9973
3.06423
3.0941
3.10289
3.10304
3.10031
3.1
3.1
3.09995
3.09618
3.07976
3.07068
3.07647
3.13617
3.10769
3.05656
3.09275
3.14949
3.11962
3.08308
3.09292
3.10424
3.10914
3.10777
3.10497
3.10251
3.1006
3.1
3.1
3.05816
3.00726
2.95231
3.1371
3.36283
3.0689
2.78509
3.12161
3.38548
3.08463
2.84514
3.11025
3.31159
3.23954
3.15914
3.11794
3.10236
3.09911
3.1008
3.1
3.1
3.08617
3.08561
3.08955
3.15306
3.10385
3.04128
3.07594
3.14132
3.12436
3.07659
3.09062
3.1411
3.17285
3.13199
3.09305
3.07752
3.07838
3.08759
3.10015
3.1
3.1
3.14992
3.20846
3.25176
3.06588
2.82403
3.11996
3.38386
3.07585
2.83105
3.12419
3.35193
3.14366
2.94923
2.93908
2.9769
3.01235
3.04334
3.07181
3.09897
3.1
3.1
3.1112
3.145
3.11971
3.01178
3.0413
3.16138
3.13666
3.07953
3.09619
3.13532
3.18066
3.08687
2.93078
2.89194
2.92552
2.9735
3.01906
3.06012
3.09827
3.1
3.1
3.08559
3.09355
3.08859
3.17289
3.29867
3.07354
2.87005
3.13547
3.33751
3.12241
2.91627
2.91202
2.88979
2.88725
2.91921
2.96519
3.0122
3.05636
3.09806
3.1
3.1
3.09644
3.1138
3.15704
3.26259
3.30838
3.09171
2.95412
3.14663
3.26863
3.09887
2.90432
2.87454
2.88485
2.90545
2.93883
2.97922
3.0205
3.06015
3.09828
3.1
3.1
3.10102
3.12635
3.17047
3.23181
3.23578
3.12089
3.05239
3.13021
3.17602
3.0837
2.96683
2.92847
2.93286
2.95234
2.97928
3.00959
3.04023
3.06993
3.09871
3.1
3.1
3.10126
3.11922
3.14482
3.17178
3.16827
3.12009
3.09096
3.1151
3.12741
3.0862
3.03199
3.00834
3.00851
3.01927
3.03436
3.05091
3.06752
3.08366
3.09933
3.1
3.1
3.1
3.10126
3.10418
3.10907
3.10956
3.10015
3.09507
3.10227
3.10663
3.10042
3.09299
3.09201
3.09365
3.09535
3.09669
3.0978
3.09863
3.09933
3.1
3.1
3.1
3.1
3.1
3.1
3.1
3.1
3.1
3.1
3.1
3.1
3.1
3.1
3.1
3.1
3.1
3.1
3.1
3.1
3.1
3.1
3.1
3.2
3.2
3.2
3.2
3.2
3.2
3.2
3.2
3.2
3.2
3.2
3.2
3.2
3.2
3.2
3.2
3.2
3.2
3.2
3.2
3.2
3.2
3.2
3.19824
3.19712
3.19722
3.1987
3.20194
3.20898
3.22669
3.25474
3.21908
3.17418
3.21297
3.21819
3.20772
3.20281
3.20095
3.2003
3.20011
3.2
3.2
3.2
3.19824
3.1764
3.16507
3.17006
3.19122
3.22582
3.27311
3.33066
3.35982
3.26122
3.17549
3.24592
3.26764
3.24441
3.22272
3.21026
3.20421
3.20149
3.20011
3.2
3.2
3.19598
3.15279
3.13139
3.14309
3.18363
3.2397
3.30178
3.36374
3.37895
3.2239
3.137
3.28302
3.29249
3.25203
3.22455
3.21084
3.20464
3.20176
3.20011
3.2
3.2
3.19251
3.12667
3.09715
3.12241
3.18823
3.26032
3.31029
3.28555
3.17381
3.13921
3.22161
3.29791
3.24179
3.21354
3.20553
3.2035
3.20247
3.20135
3.20002
3.2
3.2
3.18661
3.09948
3.06599
3.11887
3.22489
3.3121
3.33752
3.18043
2.99137
3.19236
3.34969
3.2541
3.17023
3.17596
3.19267
3.201
3.2031
3.20216
3.20003
3.2
3.2
3.17677
3.07964
3.04895
3.14868
3.29864
3.29977
3.19801
3.15928
3.20076
3.26352
3.19691
3.16273
3.17473
3.20286
3.21379
3.21337
3.2095
3.20494
3.20036
3.2
3.2
3.16591
3.09578
3.08317
3.2312
3.35696
3.17816
2.99324
3.22745
3.43572
3.20586
3.00971
3.14842
3.27651
3.28069
3.24954
3.22821
3.21568
3.20734
3.20066
3.2
3.2
3.19833
3.19603
3.22363
3.26037
3.19185
3.14308
3.20591
3.27063
3.22246
3.17293
3.19624
3.24324
3.24679
3.23737
3.22643
3.21867
3.21235
3.20636
3.20053
3.2
3.2
3.23396
3.2725
3.32099
3.19956
3.00094
3.21132
3.44318
3.19061
2.96326
3.21281
3.41883
3.25365
3.10586
3.13724
3.18182
3.20081
3.20518
3.20373
3.20033
3.2
3.2
3.19883
3.20048
3.19324
3.19568
3.21101
3.24935
3.21494
3.16225
3.20025
3.24876
3.22374
3.19071
3.19718
3.20457
3.20765
3.20615
3.20383
3.20191
3.20052
3.2
3.2
3.16947
3.14059
3.11514
3.27677
3.45457
3.18797
2.95115
3.22498
3.45588
3.20028
2.99493
3.19389
3.35447
3.29885
3.23816
3.20827
3.19824
3.19759
3.2006
3.2
3.2
3.19157
3.20309
3.22039
3.27725
3.22789
3.1579
3.18877
3.24676
3.23479
3.18106
3.18869
3.22592
3.24406
3.20693
3.17831
3.17051
3.17559
3.18668
3.20002
3.2
3.2
3.23907
3.29382
3.33165
3.18029
2.991
3.23288
3.45761
3.19587
2.99219
3.21776
3.40868
3.23434
3.0615
3.04479
3.07835
3.11323
3.14432
3.1725
3.19896
3.2
3.2
3.2096
3.24486
3.22965
3.14061
3.16284
3.26826
3.2509
3.18718
3.19384
3.22851
3.2679
3.17416
3.03125
2.99787
3.03172
3.07867
3.12287
3.16219
3.19833
3.2
3.2
3.1908
3.20801
3.21395
3.28329
3.3807
3.1959
3.02523
3.224
3.38878
3.22131
3.05155
3.02643
2.9961
2.99447
3.027
3.0721
3.11731
3.15909
3.19816
3.2
3.2
3.19877
3.22324
3.26692
3.35478
3.38744
3.20291
3.0812
3.22982
3.33228
3.1992
3.03738
2.99921
2.99921
3.01587
3.04764
3.08646
3.12573
3.16298
3.19839
3.2
3.2
3.20175
3.22978
3.27139
3.32275
3.32255
3.22209
3.15923
3.21897
3.25801
3.18473
3.08663
3.04819
3.04696
3.06251
3.08715
3.11572
3.1445
3.1722
3.19884
3.2
3.2
3.20139
3.21991
3.24362
3.26626
3.26158
3.21861
3.19134
3.20947
3.22013
3.18706
3.14137
3.11895
3.11695
3.1255
3.13907
3.15447
3.16999
3.18495
3.19946
3.2
3.2
3.2
3.20139
3.20407
3.20811
3.20826
3.20011
3.19552
3.20123
3.20508
3.20036
3.19426
3.19311
3.19422
3.19563
3.19689
3.19793
3.19872
3.19946
3.2
3.2
3.2
3.2
3.2
3.2
3.2
3.2
3.2
3.2
3.2
3.2
3.2
3.2
3.2
3.2
3.2
3.2
3.2
3.2
3.2
3.2
3.2
3.3
3.3
3.3
3.3
3.3
3.3
3.3
3.3
3.3
3.3
3.3
3.3
3.3
3.3
3.3
3.3
3.3
3.3
3.3
3.3
3.3
3.3
3.3
3.29889
3.29829
3.29866
3.30015
3.30299
3.30879
3.32207
3.34256
3.31579
3.28535
3.31486
3.31684
3.30727
3.30279
3.30105
3.30035
3.30013
3.3
3.3
3.3
3.29889
3.28511
3.27946
3.28624
3.30528
3.33386
3.37038
3.41182
3.43106
3.35888
3.30403
3.36012
3.37114
3.34655
3.32492
3.31213
3.30553
3.30214
3.30013
3.3
3.3
3.29743
3.27001
3.25925
3.2735
3.30909
3.35504
3.40191
3.44193
3.44433
3.33109
3.28653
3.40356
3.40239
3.36085
3.33172
3.31582
3.30763
3.30314
3.30022
3.3
3.3
3.29515
3.25286
3.23795
3.26384
3.31875
3.37513
3.40878
3.37445
3.27328
3.25679
3.34718
3.41533
3.36663
3.33486
3.31998
3.31212
3.30715
3.30337
3.30015
3.3
3.3
3.29111
3.23435
3.21759
3.26395
3.3463
3.40766
3.41568
3.28263
3.13708
3.30087
3.43778
3.37233
3.30766
3.3053
3.31048
3.31081
3.30806
3.30424
3.30022
3.3
3.3
3.2842
3.22008
3.20519
3.28403
3.39387
3.38258
3.29571
3.2707
3.31755
3.36881
3.3138
3.28927
3.30297
3.32256
3.32549
3.31988
3.31284
3.30636
3.30043
3.3
3.3
3.27618
3.23028
3.22611
3.3363
3.42552
3.27993
3.14914
3.34373
3.51695
3.33078
3.1705
3.27176
3.37608
3.38004
3.35171
3.33052
3.31712
3.30796
3.30069
3.3
3.3
3.29892
3.30095
3.32291
3.3475
3.29224
3.25584
3.32545
3.38305
3.339
3.29322
3.31312
3.35231
3.35937
3.34824
3.33316
3.32206
3.31371
3.30678
3.30053
3.3
3.3
3.32476
3.35724
3.39602
3.30579
3.16397
3.32985
3.52171
3.31289
3.13038
3.32103
3.49243
3.36779
3.25155
3.2672
3.29475
3.30537
3.30645
3.30392
3.30033
3.3
3.3
3.29909
3.30744
3.31057
3.32411
3.34697
3.36934
3.33169
3.27802
3.31203
3.34923
3.3271
3.2955
3.29834
3.30325
3.30553
3.30442
3.30275
3.30141
3.30041
3.3
3.3
3.27934
3.27047
3.26972
3.41169
3.55219
3.31936
3.12453
3.33365
3.52547
3.31126
3.1384
3.28033
3.40438
3.36379
3.32084
3.30107
3.29566
3.29683
3.3004
3.3
3.3
3.29629
3.31907
3.34892
3.40364
3.36055
3.28828
3.30952
3.35277
3.34145
3.2838
3.28347
3.30729
3.31685
3.28742
3.26949
3.26815
3.27592
3.28733
3.29992
3.3
3.3
3.33056
3.38305
3.42037
3.30597
3.16351
3.35105
3.53206
3.31189
3.1442
3.30867
3.46161
3.31915
3.17459
3.1584
3.18878
3.22139
3.25015
3.27556
3.29904
3.3
3.3
3.30838
3.34432
3.33952
3.27172
3.28919
3.37437
3.35867
3.29186
3.28897
3.31538
3.34921
3.26586
3.14515
3.11927
3.15109
3.19358
3.23285
3.26725
3.29853
3.3
3.3
3.29461
3.31704
3.33019
3.38742
3.46215
3.31271
3.17173
3.31285
3.44099
3.31289
3.18037
3.14967
3.11943
3.11909
3.14904
3.18933
3.22892
3.26499
3.29843
3.3
3.3
3.30025
3.32718
3.36792
3.43933
3.46251
3.31052
3.20641
3.3155
3.3971
3.29614
3.16901
3.13233
3.12786
3.14106
3.16877
3.20271
3.23672
3.26859
3.29865
3.3
3.3
3.30199
3.32918
3.36578
3.40733
3.40505
3.32115
3.26621
3.30946
3.34084
3.28521
3.20801
3.17453
3.17101
3.18297
3.20384
3.22836
3.25308
3.27659
3.29905
3.3
3.3
3.30142
3.3185
3.33898
3.35717
3.35228
3.3161
3.29204
3.30471
3.31332
3.28818
3.25222
3.2333
3.23057
3.23711
3.24838
3.26155
3.27472
3.28737
3.2996
3.3
3.3
3.3
3.30142
3.30365
3.30684
3.30681
3.30012
3.29616
3.30045
3.30362
3.30016
3.29546
3.29441
3.29517
3.29627
3.29734
3.29823
3.29899
3.2996
3.3
3.3
3.3
3.3
3.3
3.3
3.3
3.3
3.3
3.3
3.3
3.3
3.3
3.3
3.3
3.3
3.3
3.3
3.3
3.3
3.3
3.3
3.3
3.4
3.4
3.4
3.4
3.4
3.4
3.4
3.4
3.4
3.4
3.4
3.4
3.4
3.4
3.4
3.4
3.4
3.4
3.4
3.4
3.4
3.4
3.4
3.39933
3.3991
3.39948
3.40069
3.40292
3.40718
3.41665
3.4313
3.41212
3.39232
3.4142
3.41428
3.4061
3.40237
3.40088
3.40031
3.40012
3.4
3.4
3.4
3.39934
3.39165
3.38944
3.39579
3.41042
3.43141
3.4574
3.48634
3.50021
3.44961
3.41634
3.46096
3.46484
3.44163
3.42248
3.41123
3.40523
3.40208
3.40012
3.4
3.4
3.39854
3.38291
3.37868
3.39143
3.41856
3.45218
3.48526
3.51124
3.51033
3.42947
3.41106
3.50544
3.49699
3.45775
3.43083
3.41588
3.40787
3.40329
3.40021
3.4
3.4
3.39712
3.37256
3.36654
3.38811
3.42889
3.46948
3.49182
3.45805
3.3736
3.36971
3.45836
3.5164
3.47267
3.44123
3.42432
3.41451
3.40827
3.40383
3.4002
3.4
3.4
3.39452
3.36061
3.35376
3.38948
3.44869
3.49054
3.4921
3.3848
3.27498
3.40989
3.5264
3.47829
3.42631
3.41931
3.41782
3.41401
3.40922
3.40459
3.40029
3.4
3.4
3.38984
3.35029
3.34388
3.40181
3.47943
3.46364
3.39459
3.3812
3.42942
3.47214
3.42669
3.40774
3.41884
3.43055
3.42816
3.4203
3.41253
3.40605
3.40038
3.4
3.4
3.38393
3.35519
3.35411
3.43392
3.49813
3.3822
3.291
3.45352
3.5983
3.44596
3.31565
3.39057
3.47249
3.47296
3.4469
3.42751
3.41528
3.40702
3.40056
3.4
3.4
3.39917
3.40314
3.41952
3.43601
3.39376
3.36841
3.43801
3.48882
3.44949
3.40759
3.42375
3.45563
3.46257
3.44949
3.4325
3.42055
3.41225
3.4059
3.40044
3.4
3.4
3.41748
3.44432
3.47609
3.40958
3.30863
3.44194
3.60122
3.4275
3.28027
3.42624
3.56721
3.46953
3.37702
3.38421
3.40105
3.40647
3.40598
3.40337
3.40028
3.4
3.4
3.39961
3.41119
3.42008
3.43947
3.46676
3.48071
3.44278
3.38943
3.41814
3.44623
3.4262
3.39574
3.39613
3.40039
3.403
3.40274
3.40178
3.40095
3.40029
3.4
3.4
3.38691
3.38959
3.40162
3.52514
3.64104
3.44078
3.27892
3.43672
3.59468
3.41424
3.26964
3.37146
3.46751
3.43838
3.4096
3.39763
3.39532
3.39707
3.40024
3.4
3.4
3.39935
3.42628
3.46178
3.51495
3.47956
3.40974
3.42207
3.45161
3.43973
3.3823
3.3774
3.3929
3.39964
3.37927
3.37005
3.37245
3.38031
3.38989
3.39991
3.4
3.4
3.4232
3.47041
3.50749
3.42357
3.31514
3.45932
3.60388
3.41699
3.2783
3.39815
3.52093
3.40733
3.29399
3.28383
3.31102
3.33844
3.36165
3.3814
3.39929
3.4
3.4
3.40698
3.43938
3.4411
3.39057
3.40513
3.47202
3.45576
3.3905
3.38215
3.40115
3.43263
3.36741
3.27426
3.25748
3.28496
3.31902
3.34944
3.37551
3.39891
3.4
3.4
3.39709
3.4184
3.43266
3.47915
3.53839
3.41812
3.3028
3.40229
3.50087
3.40334
3.30595
3.28253
3.25973
3.26121
3.28567
3.31705
3.34717
3.37411
3.39888
3.4
3.4
3.40085
3.42437
3.45782
3.51359
3.53126
3.4108
3.32628
3.40461
3.46729
3.39385
3.30122
3.27404
3.27039
3.28067
3.30208
3.3279
3.35337
3.37693
3.39901
3.4
3.4
3.40179
3.42393
3.45254
3.48405
3.48178
3.41652
3.37251
3.40266
3.42656
3.38732
3.33202
3.30755
3.3046
3.31333
3.32897
3.34732
3.36566
3.38293
3.39934
3.4
3.4
3.40112
3.41466
3.43029
3.44384
3.43977
3.41199
3.39293
3.40137
3.40797
3.39053
3.36502
3.35134
3.34911
3.3538
3.36211
3.37184
3.38163
3.39088
3.39974
3.4
3.4
3.4
3.40112
3.40287
3.40517
3.40509
3.40004
3.39702
3.39998
3.40233
3.4
3.39673
3.39596
3.39646
3.39724
3.39804
3.39874
3.39926
3.39974
3.4
3.4
3.4
3.4
3.4
3.4
3.4
3.4
3.4
3.4
3.4
3.4
3.4
3.4
3.4
3.4
3.4
3.4
3.4
3.4
3.4
3.4
3.4
3.5
3.5
3.5
3.5
3.5
3.5
3.5
3.5
3.5
3.5
3.5
3.5
3.5
3.5
3.5
3.5
3.5
3.5
3.5
3.5
3.5
3.5
3.5
3.49968
3.49962
3.49987
3.50053
3.5018
3.50421
3.50978
3.5192
3.50765
3.49614
3.51013
3.5094
3.50375
3.5014
3.50048
3.50018
3.50008
3.5
3.5
3.5
3.49968
3.49625
3.49567
3.49954
3.50788
3.51973
3.5349
3.55388
3.56836
3.53387
3.51085
3.5469
3.54622
3.52736
3.51431
3.50704
3.50329
3.5013
3.50008
3.5
3.5
3.4993
3.49216
3.49094
3.49868
3.5141
3.5333
3.55303
3.57365
3.58495
3.51589
3.50096
3.58975
3.57328
3.53932
3.52026
3.51032
3.50509
3.50214
3.50013
3.5
3.5
3.49864
3.48698
3.48502
3.49781
3.52111
3.54506
3.56193
3.54019
3.46688
3.46276
3.54818
3.59891
3.55282
3.52894
3.51687
3.50992
3.50556
3.50254
3.50016
3.5
3.5
3.49729
3.48027
3.47746
3.49818
3.53304
3.56277
3.57485
3.48227
3.37593
3.51143
3.62039
3.56108
3.51665
3.51432
3.51301
3.50971
3.50618
3.503
3.50018
3.5
3.5
3.4946
3.47291
3.4681
3.50304
3.55769
3.54521
3.4886
3.47631
3.52659
3.57288
3.52257
3.50468
3.5131
3.52188
3.51934
3.51336
3.50803
3.50383
3.50022
3.5
3.5
3.49066
3.47182
3.4652
3.52509
3.58649
3.47692
3.3882
3.54909
3.6993
3.53851
3.41536
3.49177
3.56415
3.5565
3.53204
3.51768
3.5095
3.5043
3.5003
3.5
3.5
3.4993
3.50196
3.51136
3.52688
3.49071
3.46265
3.53333
3.58739
3.54139
3.49805
3.51453
3.54845
3.55574
3.53924
3.52265
3.51328
3.50759
3.50359
3.50025
3.5
3.5
3.51053
3.53193
3.56546
3.50416
3.40406
3.53583
3.7041
3.51969
3.37224
3.51935
3.66252
3.55886
3.47315
3.48642
3.50072
3.50421
3.50369
3.50205
3.50017
3.5
3.5
3.49989
3.50805
3.51212
3.52643
3.55545
3.57706
3.53591
3.47574
3.50818
3.54097
3.5196
3.48643
3.48842
3.49616
3.50057
3.50123
3.50094
3.50053
3.50015
3.5
3.5
3.49269
3.49355
3.49444
3.60561
3.73742
3.53234
3.36968
3.52707
3.69396
3.50559
3.36571
3.46882
3.55679
3.52472
3.50467
3.49801
3.49708
3.49826
3.50012
3.5
3.5
3.50015
3.51916
3.54841
3.60573
3.56891
3.49705
3.51213
3.54304
3.53013
3.47232
3.472
3.48842
3.498
3.48463
3.4808
3.48355
3.4887
3.49432
3.49994
3.5
3.5
3.51469
3.55194
3.5939
3.52045
3.40808
3.54728
3.70061
3.50506
3.37109
3.49082
3.61345
3.50399
3.41494
3.42049
3.4458
3.46448
3.47844
3.48971
3.49956
3.5
3.5
3.50456
3.52706
3.52861
3.4811
3.49893
3.56374
3.54049
3.47884
3.47619
3.48889
3.52691
3.48457
3.41772
3.41182
3.43301
3.45437
3.47205
3.48659
3.49943
3.5
3.5
3.49845
3.5108
3.51613
3.55519
3.61997
3.50781
3.40239
3.4951
3.58693
3.49681
3.42427
3.42524
3.41665
3.4198
3.4356
3.45409
3.4711
3.48595
3.49942
3.5
3.5
3.50065
3.51475
3.53549
3.57708
3.59543
3.50138
3.43764
3.49946
3.54714
3.49544
3.43535
3.42509
3.42611
3.43315
3.44589
3.46058
3.47474
3.4876
3.49949
3.5
3.5
3.50107
3.51412
3.53122
3.55147
3.55119
3.50802
3.47906
3.49941
3.51588
3.49253
3.46023
3.44768
3.44697
3.45229
3.4612
3.47143
3.48151
3.49087
3.49971
3.5
3.5
3.50064
3.50847
3.51756
3.52566
3.52337
3.50632
3.49458
3.4998
3.50423
3.49453
3.48038
3.47303
3.4721
3.47478
3.47944
3.48483
3.49015
3.49514
3.49987
3.5
3.5
3.5
3.50064
3.50161
3.50292
3.50286
3.50003
3.49824
3.49984
3.50118
3.49997
3.49821
3.49783
3.49807
3.49851
3.49895
3.49935
3.49973
3.49987
3.5
3.5
3.5
3.5
3.5
3.5
3.5
3.5
3.5
3.5
3.5
3.5
3.5
3.5
3.5
3.5
3.5
3.5
3.5
3.5
3.5
3.5
3.5
3.6
3.6
3.6
3.6
3.6
3.6
3.6
3.6
3.6
3.6
3.6
3.6
3.6
3.6
3.6
3.6
3.6
3.6
3.6
3.6
3.6
3.6
3.6
3.6
3.6
3.6
3.6
3.6
3.6
3.6
3.60003
3.60012
3.6
3.59995
3.59998
3.6
3.6
3.6
3.6
3.6
3.6
3.6
3.6
3.6
3.59968
3.59962
3.59988
3.60053
3.60182
3.60414
3.61103
3.64195
3.62146
3.58646
3.62193
3.61759
3.60371
3.60141
3.60048
3.60018
3.60008
3.6
3.6
3.6
3.6
3.59929
3.59908
3.59964
3.60107
3.60282
3.60203
3.62903
3.73568
3.59219
3.50515
3.70056
3.64271
3.60552
3.60199
3.60069
3.6003
3.60013
3.6
3.6
3.6
3.6
3.59863
3.59809
3.59913
3.60076
3.59998
3.6165
3.65147
3.54531
3.48076
3.61591
3.70227
3.59942
3.60103
3.60094
3.60054
3.60031
3.60016
3.6
3.6
3.6
3.6
3.59728
3.59582
3.59592
3.59406
3.62565
3.73154
3.58553
3.29513
3.62025
3.82898
3.60238
3.56254
3.59513
3.60001
3.60038
3.60035
3.60018
3.6
3.6
3.6
3.6
3.59401
3.58437
3.57952
3.62889
3.6576
3.58792
3.5121
3.59284
3.73739
3.59094
3.56745
3.57363
3.59546
3.60136
3.60102
3.60053
3.60022
3.6
3.6
3.6
3.59983
3.58102
3.53349
3.6045
3.78731
3.5582
3.28746
3.63432
4.02995
3.58186
3.35113
3.57197
3.69449
3.64201
3.60648
3.60206
3.60083
3.6003
3.6
3.6
3.6
3.59996
3.59614
3.58457
3.64565
3.59624
3.48296
3.59815
3.74891
3.60973
3.52697
3.55901
3.65301
3.67025
3.62442
3.60404
3.60141
3.60065
3.60025
3.6
3.6
3.6
3.60005
3.62001
3.72939
3.60437
3.30483
3.60107
4.06307
3.56487
3.21842
3.607
3.95444
3.64157
3.47933
3.57012
3.5977
3.60001
3.60029
3.60017
3.6
3.6
3.6
3.60002
3.6004
3.57697
3.56104
3.59065
3.71293
3.61737
3.47673
3.5663
3.67711
3.61456
3.53853
3.56001
3.5906
3.59962
3.60023
3.60027
3.60015
3.6
3.6
3.6
3.60001
3.58659
3.49467
3.63847
4.06849
3.57662
3.19922
3.61684
4.0627
3.56191
3.27437
3.5857
3.74784
3.62053
3.60288
3.6008
3.60027
3.60013
3.6
3.6
3.6
3.59993
3.59316
3.59222
3.73345
3.62861
3.4958
3.563
3.66664
3.62114
3.52295
3.56128
3.59882
3.61889
3.60174
3.5991
3.59937
3.59973
3.59994
3.6
3.6
3.6
3.60027
3.62878
3.75091
3.61333
3.28501
3.61407
4.06174
3.54708
3.26431
3.60696
3.88501
3.59119
3.48167
3.55736
3.5925
3.59726
3.59888
3.59956
3.6
3.6
3.6
3.60002
3.60863
3.60373
3.49352
3.56179
3.71049
3.59932
3.52998
3.58706
3.56296
3.64385
3.63366
3.56669
3.57784
3.59293
3.59674
3.59849
3.59943
3.6
3.6
3.6
3.59997
3.59576
3.56199
3.61763
3.81273
3.5642
3.36591
3.60469
3.80259
3.58323
3.47845
3.5732
3.59095
3.59211
3.59501
3.59717
3.59856
3.59942
3.6
3.6
3.6
3.6
3.60061
3.60303
3.6396
3.67321
3.57507
3.53108
3.60861
3.63884
3.60174
3.56837
3.58568
3.5929
3.59485
3.59654
3.59788
3.59886
3.59949
3.6
3.6
3.6
3.6
3.60106
3.60323
3.60822
3.60999
3.59837
3.59185
3.6001
3.60515
3.60031
3.59469
3.59462
3.59578
3.59685
3.59781
3.59861
3.59928
3.59971
3.6
3.6
3.6
3.6
3.60067
3.60162
3.60292
3.60286
3.60002
3.59824
3.59984
3.60117
3.59997
3.59821
3.59783
3.59807
3.59852
3.59895
3.59935
3.59973
3.59987
3.6
3.6
3.6
3.6
3.6
3.6
3.6
3.6
3.6
3.6
3.6
3.6
3.6
3.6
3.6
3.6
3.6
3.6
3.6
3.6
3.6
3.6
3.6
3.6
3.6
3.6
3.6
3.6
3.6
3.6
3.6
3.6
3.6
3.6
3.6
3.6
3.6
3.6
3.6
3.6
3.6
3.6
3.6
3.6
3.7
3.7
3.7
3.7
3.7
3.7
3.7
3.7
3.7
3.7
3.7
3.7
3.7
3.7
3.7
3.7
3.7
3.7
3.7
3.7
3.7
3.7
3.7
3.7
3.7
3.7
3.7
3.7
3.7
3.7
3.7
3.7
3.7
3.7
3.7
3.7
3.7
3.7
3.7
3.7
3.7
3.7
3.7
3.7
3.7
3.7
3.7
3.7
3.7
3.7
3.7
3.7
3.7
3.7
3.7
3.7
3.7
3.7
3.7
3.7
3.7
3.7
3.7
3.7
3.7
3.7
3.7
3.7
3.7
3.7
3.7
3.7
3.7
3.7
3.7
3.7
3.7
3.7
3.7
3.7
3.7
3.7
3.7
3.7
3.7
3.7
3.7
3.7
3.7
3.7
3.7
3.7
3.7
3.7
3.7
3.7
3.7
3.7
3.7
3.7
3.7
3.7
3.7
3.7
3.7
3.7
3.7
3.7
3.7
3.7
3.7
3.7
3.7
3.7
3.7
3.7
3.7
3.7
3.7
3.7
3.7
3.7
3.7
3.7
3.7
3.7
3.7
3.7
3.7
3.7
3.7
3.7
3.7
3.7
3.7
3.7
3.7
3.7
3.7
3.7
3.7
3.7
3.7
3.7
3.7
3.7
3.7
3.7
3.7
3.7
3.7
3.7
3.7
3.7
3.7
3.7
3.7
3.7
3.7
3.7
3.7
3.7
3.7
3.7
3.7
3.7
3.7
3.7
3.7
3.7
3.7
3.7
3.7
3.7
3.7
3.7
3.7
3.7
3.7
3.7
3.7
3.7
3.7
3.7
3.7
3.7
3.7
3.7
3.7
3.7
3.7
3.7
3.7
3.7
3.7
3.7
3.7
3.7
3.7
3.7
3.7
3.7
3.7
3.7
3.7
3.7
3.7
3.7
3.7
3.7
3.7
3.7
3.7
3.7
3.7
3.7
3.7
3.7
3.7
3.7
3.7
3.7
3.7
3.7
3.7
3.7
3.7
3.7
3.7
3.7
3.7
3.7
3.7
3.7
3.7
3.7
3.7
3.7
3.7
3.7
3.7
3.7
3.7
3.7
3.7
3.7
3.7
3.7
3.7
3.7
3.7
3.7
3.7
3.7
3.7
3.7
3.7
3.7
3.7
3.7
3.7
3.7
3.7
3.7
3.7
3.7
3.7
3.7
3.7
3.7
3.7
3.7
3.7
3.7
3.7
3.7
3.7
3.7
3.7
3.7
3.7
3.7
3.7
3.7
3.7
3.7
3.7
3.7
3.7
3.7
3.7
3.7
3.7
3.7
3.7
3.7
3.7
3.7
3.7
3.7
3.7
3.7
3.7
3.7
3.7
3.7
3.7
3.7
3.7
3.7
3.7
3.7
3.7
3.7
3.7
3.7
3.7
3.7
3.7
3.7
3.7
3.7
3.7
3.7
3.7
3.7
3.7
3.7
3.7
3.7
3.7
3.7
3.7
3.7
3.7
3.7
3.7
3.7
3.7
3.7
3.7
3.7
3.7
3.7
3.7
3.7
3.7
3.7
3.7
3.7
3.7
3.7
3.7
3.7
3.7
3.7
3.7
3.7
3.7
3.7
3.7
3.7
3.7
3.7
3.7
3.7
3.7
3.7
3.7
3.7
3.7
3.7
3.7
3.7
3.7
3.7
3.7
3.7
3.7
3.7
3.7
3.7
3.7
3.7
3.7
3.7
3.7
3.7
3.7
3.7
3.7
3.7
3.7
3.7
3.7
3.7
3.7
3.7
3.7
3.7
3.7
3.7
3.7
3.7
3.7
3.7
3.7
3.7
3.7
3.7
3.7
3.7
3.7
3.7
3.7
3.7
3.7
3.7
3.7
3.7
3.7
3.7
3.7
3.7
3.7
3.7
3.7
3.7
3.7
3.7
3.7
3.7
3.7
3.7
3.7
3.7
3.7
3.7
3.7
3.7
3.7
