97 27 4.3377
97 26.75 4.3377
97 26.5 4.3377
97 26.25 4.3377
97 26 4.3377
97 25.75 4.3377
97 25.5 4.3377
97 25.25 4.3377
97 25 4.3377
97 24.75 4.3377
97 24.5 4.3377
97 24.25 4.3377
97 24 4.3377
97 23.75 4.3377
97 23.5 4.3377
97 23.25 4.3377
97 23 4.3377
97 22.75 4.3377
97 22.5 4.3377
97 22.25 4.3377
97 22 4.3377
97.25 27 4.3377
97.25 26.75 4.3377
97.25 26.5 4.3377
97.25 26.25 4.3377
97.25 26 4.3377
97.25 25.75 4.3377
97.25 25.5 4.3377
97.25 25.25 4.3377
97.25 25 4.3377
97.25 24.75 4.3377
97.25 24.5 4.3377
97.25 24.25 4.3377
97.25 24 4.3377
97.25 23.75 4.3377
97.25 23.5 4.3377
97.25 23.25 4.3377
97.25 23 4.3377
97.25 22.75 4.3377
97.25 22.5 4.3377
97.25 22.25 4.3377
97.25 22 4.3377
97.5 27 4.3377
97.5 26.75 4.3377
97.5 26.5 4.33625
97.5 26.25 4.33538
97.5 26 4.33485
97.5 25.75 4.33503
97.5 25.5 4.33686
97.5 25.25 4.34086
97.5 25 4.34564
97.5 24.75 4.34715
97.5 24.5 4.33784
97.5 24.25 4.33478
97.5 24 4.30625
97.5 23.75 4.22862
97.5 23.5 4.27268
97.5 23.25 4.31126
97.5 23 4.32798
97.5 22.75 4.3347
97.5 22.5 4.33712
97.5 22.25 4.3377
97.5 22 4.3377
97.75 27 4.3377
97.75 26.75 4.3377
97.75 26.5 4.33463
97.75 26.25 4.33189
97.75 26 4.32906
97.75 25.75 4.32765
97.75 25.5 4.33101
97.75 25.25 4.3419
97.75 25 4.35868
97.75 24.75 4.3894
97.75 24.5 4.33086
97.75 24.25 4.45372
97.75 24 4.27687
97.75 23.75 3.25444
97.75 23.5 4.00616
97.75 23.25 4.27973
97.75 23 4.31823
97.75 22.75 4.33183
97.75 22.5 4.33647
97.75 22.25 4.3377
97.75 22 4.3377
98 27 4.3377
98 26.75 4.3377
98 26.5 4.33139
98 26.25 4.32373
98 26 4.31381
98 25.75 4.30491
98 25.5 4.30663
98 25.25 4.33979
98 25 4.46184
98 24.75 4.62526
98 24.5 3.98503
98 24.25 4.20348
98 24 3.25759
98 23.75 2.7
98 23.5 3.64466
98 23.25 4.25296
98 23 4.31508
98 22.75 4.33103
98 22.5 4.33631
98 22.25 4.3377
98 22 4.3377
98.25 27 4.3377
98.25 26.75 4.3377
98.25 26.5 4.32467
98.25 26.25 4.30567
98.25 26 4.27652
98.25 25.75 4.2417
98.25 25.5 4.22273
98.25 25.25 4.22513
98.25 25 4.19546
98.25 24.75 3.75818
98.25 24.5 2.7
98.25 24.25 3.61247
98.25 24 2.7
98.25 23.75 2.7
98.25 23.5 4.4913
98.25 23.25 4.29236
98.25 23 4.32587
98.25 22.75 4.33308
98.25 22.5 4.33673
98.25 22.25 4.3377
98.25 22 4.3377
98.5 27 4.3377
98.5 26.75 4.3377
98.5 26.5 4.31254
98.5 26.25 4.27037
98.5 26 4.19239
98.5 25.75 4.02707
98.5 25.5 3.60281
98.5 25.25 3.17394
98.5 25 2.78427
98.5 24.75 2.7
98.5 24.5 2.83645
98.5 24.25 4.42994
98.5 24 3.80318
98.5 23.75 4.9
98.5 23.5 4.53811
98.5 23.25 4.27608
98.5 23 4.327
98.5 22.75 4.33293
98.5 22.5 4.33665
98.5 22.25 4.3377
98.5 22 4.3377
98.75 27 4.3377
98.75 26.75 4.3377
98.75 26.5 4.29436
98.75 26.25 4.1961
98.75 26 3.81901
98.75 25.75 2.71264
98.75 25.5 2.7
98.75 25.25 3.41581
98.75 25 2.7
98.75 24.75 2.7
98.75 24.5 3.71893
98.75 24.25 2.7
98.75 24 4.9
98.75 23.75 4.9
98.75 23.5 4.47833
98.75 23.25 4.18745
98.75 23 4.31269
98.75 22.75 4.3304
98.75 22.5 4.33623
98.75 22.25 4.3377
98.75 22 4.3377
99 27 4.3377
99 26.75 4.3377
99 26.5 4.27168
99 26.25 3.96468
99 26 2.83037
99 25.75 2.92004
99 25.5 3.09736
99 25.25 3.92668
99 25 4.29417
99 24.75 2.7
99 24.5 2.7
99 24.25 2.7
99 24 2.7
99 23.75 2.7
99 23.5 2.82082
99 23.25 3.98888
99 23 4.3023
99 22.75 4.33104
99 22.5 4.33689
99 22.25 4.3377
99 22 4.3377
99.25 27 4.3377
99.25 26.75 4.3377
99.25 26.5 4.25645
99.25 26.25 3.77237
99.25 26 2.7
99.25 25.75 4.19263
99.25 25.5 3.13483
99.25 25.25 2.7
99.25 25 2.7
99.25 24.75 2.7
99.25 24.5 4.9
99.25 24.25 4.29084
99.25 24 4.53374
99.25 23.75 3.03604
99.25 23.5 3.0946
99.25 23.25 4.4234
99.25 23 4.35492
99.25 22.75 4.34043
99.25 22.5 4.33913
99.25 22.25 4.3377
99.25 22 4.3377
99.5 27 4.3377
99.5 26.75 4.3377
99.5 26.5 4.2615
99.5 26.25 3.93238
99.5 26 2.7
99.5 25.75 2.7
99.5 25.5 3.51058
99.5 25.25 3.7709
99.5 25 2.7
99.5 24.75 2.7
99.5 24.5 3.72858
99.5 24.25 2.7
99.5 24 2.7
99.5 23.75 2.7
99.5 23.5 3.68171
99.5 23.25 4.5079
99.5 23 4.35312
99.5 22.75 4.34097
99.5 22.5 4.33886
99.5 22.25 4.3377
99.5 22 4.3377
99.75 27 4.3377
99.75 26.75 4.3377
99.75 26.5 4.28228
99.75 26.25 4.14428
99.75 26 4.15121
99.75 25.75 2.75635
99.75 25.5 2.7
99.75 25.25 2.75391
99.75 25 2.7
99.75 24.75 2.7
99.75 24.5 2.7
99.75 24.25 2.7
99.75 24 4.384
99.75 23.75 4.54461
99.75 23.5 4.33465
99.75 23.25 4.3912
99.75 23 4.32536
99.75 22.75 4.33235
99.75 22.5 4.33564
99.75 22.25 4.3377
99.75 22 4.3377
100 27 4.3377
100 26.75 4.3377
100 26.5 4.28108
100 26.25 4.05854
100 26 2.77064
100 25.75 2.7
100 25.5 2.7
100 25.25 3.20934
100 25 2.7
100 24.75 3.00723
100 24.5 4.09126
100 24.25 3.32558
100 24 3.39481
100 23.75 3.56493
100 23.5 3.29446
100 23.25 4.1425
100 23 4.28512
100 22.75 4.31789
100 22.5 4.33089
100 22.25 4.3377
100 22 4.3377
100.25 27 4.3377
100.25 26.75 4.3377
100.25 26.5 4.29503
100.25 26.25 4.0723
100.25 26 2.7
100.25 25.75 2.7
100.25 25.5 2.7
100.25 25.25 3.60928
100.25 25 2.7
100.25 24.75 2.8712
100.25 24.5 2.7
100.25 24.25 2.7
100.25 24 2.7
100.25 23.75 3.53446
100.25 23.5 3.29046
100.25 23.25 3.65603
100.25 23 4.24624
100.25 22.75 4.30748
100.25 22.5 4.32765
100.25 22.25 4.3377
100.25 22 4.3377
100.5 27 4.3377
100.5 26.75 4.3377
100.5 26.5 4.31693
100.5 26.25 4.32458
100.5 26 3.89393
100.5 25.75 3.23464
100.5 25.5 2.73229
100.5 25.25 2.7
100.5 25 2.7
100.5 24.75 4.06306
100.5 24.5 3.76726
100.5 24.25 4.11935
100.5 24 4.44354
100.5 23.75 3.83029
100.5 23.5 3.99797
100.5 23.25 3.82297
100.5 23 4.25701
100.5 22.75 4.3111
100.5 22.5 4.32824
100.5 22.25 4.3377
100.5 22 4.3377
100.75 27 4.3377
100.75 26.75 4.3377
100.75 26.5 4.28775
100.75 26.25 4.0248
100.75 26 2.7
100.75 25.75 3.10641
100.75 25.5 3.72103
100.75 25.25 4.51184
100.75 25 4.11008
100.75 24.75 3.34613
100.75 24.5 2.7
100.75 24.25 2.99654
100.75 24 3.47902
100.75 23.75 4.02786
100.75 23.5 4.08609
100.75 23.25 4.21252
100.75 23 4.29691
100.75 22.75 4.32011
100.75 22.5 4.33072
100.75 22.25 4.3377
100.75 22 4.3377
101 27 4.3377
101 26.75 4.3377
101 26.5 4.31766
101 26.25 4.27723
101 26 4.45778
101 25.75 4.31887
101 25.5 2.7
101 25.25 2.7
101 25 2.7
101 24.75 3.80487
101 24.5 4.29777
101 24.25 4.30938
101 24 3.7883
101 23.75 4.2251
101 23.5 4.31301
101 23.25 4.30543
101 23 4.31862
101 22.75 4.32749
101 22.5 4.33313
101 22.25 4.3377
101 22 4.3377
101.25 27 4.3377
101.25 26.75 4.3377
101.25 26.5 4.33438
101.25 26.25 4.33808
101.25 26 4.42043
101.25 25.75 4.23085
101.25 25.5 3.87461
101.25 25.25 4.58679
101.25 25 4.355
101.25 24.75 4.09589
101.25 24.5 4.13226
101.25 24.25 4.3289
101.25 24 4.33541
101.25 23.75 4.31443
101.25 23.5 4.32044
101.25 23.25 4.32407
101.25 23 4.32867
101.25 22.75 4.3322
101.25 22.5 4.33495
101.25 22.25 4.3377
101.25 22 4.3377
101.5 27 4.3377
101.5 26.75 4.3377
101.5 26.5 4.33767
101.5 26.25 4.33795
101.5 26 4.33767
101.5 25.75 4.31836
101.5 25.5 4.30956
101.5 25.25 4.35482
101.5 25 4.3092
101.5 24.75 4.27811
101.5 24.5 4.29798
101.5 24.25 4.32525
101.5 24 4.33092
101.5 23.75 4.33076
101.5 23.5 4.33157
101.5 23.25 4.33277
101.5 23 4.33411
101.5 22.75 4.33526
101.5 22.5 4.33638
101.5 22.25 4.3377
101.5 22 4.3377
101.75 27 4.3377
101.75 26.75 4.3377
101.75 26.5 4.3377
101.75 26.25 4.3377
101.75 26 4.3377
101.75 25.75 4.3377
101.75 25.5 4.3377
101.75 25.25 4.3377
101.75 25 4.3377
101.75 24.75 4.3377
101.75 24.5 4.3377
101.75 24.25 4.3377
101.75 24 4.3377
101.75 23.75 4.3377
101.75 23.5 4.3377
101.75 23.25 4.3377
101.75 23 4.3377
101.75 22.75 4.3377
101.75 22.5 4.3377
101.75 22.25 4.3377
101.75 22 4.3377
102 27 4.3377
102 26.75 4.3377
102 26.5 4.3377
102 26.25 4.3377
102 26 4.3377
102 25.75 4.3377
102 25.5 4.3377
102 25.25 4.3377
102 25 4.3377
102 24.75 4.3377
102 24.5 4.3377
102 24.25 4.3377
102 24 4.3377
102 23.75 4.3377
102 23.5 4.3377
102 23.25 4.3377
102 23 4.3377
102 22.75 4.3377
102 22.5 4.3377
102 22.25 4.3377
102 22 4.3377
