  97.0   27.0    4   1.8999 
  97.2   27.0    4   2.3737 
  97.5   27.0    4   2.6095 
  97.8   27.0    4   2.8273 
  98.0   27.0    4   2.6226 
  98.2   27.0    4   2.3394 
  98.5   27.0    4   2.5329 
  98.8   27.0    4   2.8197 
  99.0   27.0    4   2.6272 
  99.2   27.0    4   2.3403 
  99.5   27.0    4   2.5328 
  99.8   27.0    4   2.8197 
 100.0   27.0    4   2.6272 
 100.2   27.0    4   2.3403 
 100.5   27.0    4   2.5326 
 100.8   27.0    4   2.8193 
 101.0   27.0    4   2.6265 
 101.2   27.0    4   2.3394 
 101.5   27.0    4   2.5413 
 101.8   27.0    4   2.9048 
 102.0   27.0    4   2.9623 
  97.0   26.8    4   2.0902 
  97.2   26.8    4   2.2800 
  97.5   26.8    4   2.5909 
  97.8   26.8    4   2.8800 
  98.0   26.8    4   2.6127 
  98.2   26.8    4   2.2800 
  98.5   26.8    4   2.5433 
  98.8   26.8    4   2.8800 
  99.0   26.8    4   2.6170 
  99.2   26.8    4   2.2800 
  99.5   26.8    4   2.5430 
  99.8   26.8    4   2.8800 
 100.0   26.8    4   2.6170 
 100.2   26.8    4   2.2800 
 100.5   26.8    4   2.5429 
 100.8   26.8    4   2.8800 
 101.0   26.8    4   2.6181 
 101.2   26.8    4   2.2800 
 101.5   26.8    4   2.5216 
 101.8   26.8    4   2.8800 
 102.0   26.8    4   2.9048 
  97.0   26.5    4   2.5185 
  97.2   26.5    4   2.6151 
  97.5   26.5    4   2.6232 
  97.8   26.5    4   2.5466 
  98.0   26.5    4   2.5490 
  98.2   26.5    4   2.6139 
  98.5   26.5    4   2.6092 
  98.8   26.5    4   2.5460 
  99.0   26.5    4   2.5509 
  99.2   26.5    4   2.6140 
  99.5   26.5    4   2.6090 
  99.8   26.5    4   2.5460 
 100.0   26.5    4   2.5510 
 100.2   26.5    4   2.6140 
 100.5   26.5    4   2.6091 
 100.8   26.5    4   2.5461 
 101.0   26.5    4   2.5509 
 101.2   26.5    4   2.6108 
 101.5   26.5    4   2.5931 
 101.8   26.5    4   2.5216 
 102.0   26.5    4   2.5413 
  97.0   26.2    4   2.7993 
  97.2   26.2    4   2.8800 
  97.5   26.2    4   2.5934 
  97.8   26.2    4   2.2800 
  98.0   26.2    4   2.5576 
  98.2   26.2    4   2.8800 
  98.5   26.2    4   2.6024 
  98.8   26.2    4   2.2800 
  99.0   26.2    4   2.5576 
  99.2   26.2    4   2.8800 
  99.5   26.2    4   2.6023 
  99.8   26.2    4   2.2800 
 100.0   26.2    4   2.5577 
 100.2   26.2    4   2.8800 
 100.5   26.2    4   2.6024 
 100.8   26.2    4   2.2800 
 101.0   26.2    4   2.5574 
 101.2   26.2    4   2.8800 
 101.5   26.2    4   2.6108 
 101.8   26.2    4   2.2800 
 102.0   26.2    4   2.3394 
  97.0   26.0    4   2.5689 
  97.2   26.0    4   2.5622 
  97.5   26.0    4   2.5454 
  97.8   26.0    4   2.6035 
  98.0   26.0    4   2.6159 
  98.2   26.0    4   2.5556 
  98.5   26.0    4   2.5438 
  98.8   26.0    4   2.6045 
  99.0   26.0    4   2.6162 
  99.2   26.0    4   2.5555 
  99.5   26.0    4   2.5438 
  99.8   26.0    4   2.6045 
 100.0   26.0    4   2.6162 
 100.2   26.0    4   2.5555 
 100.5   26.0    4   2.5438 
 100.8   26.0    4   2.6045 
 101.0   26.0    4   2.6166 
 101.2   26.0    4   2.5574 
 101.5   26.0    4   2.5509 
 101.8   26.0    4   2.6181 
 102.0   26.0    4   2.6265 
  97.0   25.8    4   2.3416 
  97.2   25.8    4   2.2800 
  97.5   25.8    4   2.5698 
  97.8   25.8    4   2.8800 
  98.0   25.8    4   2.6032 
  98.2   25.8    4   2.2800 
  98.5   25.8    4   2.5560 
  98.8   25.8    4   2.8800 
  99.0   25.8    4   2.6040 
  99.2   25.8    4   2.2800 
  99.5   25.8    4   2.5560 
  99.8   25.8    4   2.8800 
 100.0   25.8    4   2.6040 
 100.2   25.8    4   2.2800 
 100.5   25.8    4   2.5559 
 100.8   25.8    4   2.8800 
 101.0   25.8    4   2.6045 
 101.2   25.8    4   2.2800 
 101.5   25.8    4   2.5461 
 101.8   25.8    4   2.8800 
 102.0   25.8    4   2.8193 
  97.0   25.5    4   2.5872 
  97.2   25.5    4   2.5977 
  97.5   25.5    4   2.6157 
  97.8   25.5    4   2.5570 
  98.0   25.5    4   2.5440 
  98.2   25.5    4   2.6039 
  98.5   25.5    4   2.6160 
  98.8   25.5    4   2.5560 
  99.0   25.5    4   2.5440 
  99.2   25.5    4   2.6040 
  99.5   25.5    4   2.6160 
  99.8   25.5    4   2.5560 
 100.0   25.5    4   2.5440 
 100.2   25.5    4   2.6040 
 100.5   25.5    4   2.6160 
 100.8   25.5    4   2.5559 
 101.0   25.5    4   2.5438 
 101.2   25.5    4   2.6024 
 101.5   25.5    4   2.6091 
 101.8   25.5    4   2.5429 
 102.0   25.5    4   2.5326 
  97.0   25.2    4   2.8181 
  97.2   25.2    4   2.8800 
  97.5   25.2    4   2.5904 
  97.8   25.2    4   2.2800 
  98.0   25.2    4   2.5567 
  98.2   25.2    4   2.8800 
  98.5   25.2    4   2.6040 
  98.8   25.2    4   2.2800 
  99.0   25.2    4   2.5560 
  99.2   25.2    4   2.8800 
  99.5   25.2    4   2.6040 
  99.8   25.2    4   2.2800 
 100.0   25.2    4   2.5560 
 100.2   25.2    4   2.8800 
 100.5   25.2    4   2.6040 
 100.8   25.2    4   2.2800 
 101.0   25.2    4   2.5555 
 101.2   25.2    4   2.8800 
 101.5   25.2    4   2.6140 
 101.8   25.2    4   2.2800 
 102.0   25.2    4   2.3403 
  97.0   25.0    4   2.5731 
  97.2   25.0    4   2.5624 
  97.5   25.0    4   2.5443 
  97.8   25.0    4   2.6030 
  98.0   25.0    4   2.6160 
  98.2   25.0    4   2.5561 
  98.5   25.0    4   2.5440 
  98.8   25.0    4   2.6040 
  99.0   25.0    4   2.6160 
  99.2   25.0    4   2.5560 
  99.5   25.0    4   2.5440 
  99.8   25.0    4   2.6040 
 100.0   25.0    4   2.6160 
 100.2   25.0    4   2.5560 
 100.5   25.0    4   2.5440 
 100.8   25.0    4   2.6040 
 101.0   25.0    4   2.6162 
 101.2   25.0    4   2.5577 
 101.5   25.0    4   2.5510 
 101.8   25.0    4   2.6170 
 102.0   25.0    4   2.6272 
  97.0   24.8    4   2.3421 
  97.2   24.8    4   2.2800 
  97.5   24.8    4   2.5696 
  97.8   24.8    4   2.8800 
  98.0   24.8    4   2.6033 
  98.2   24.8    4   2.2800 
  98.5   24.8    4   2.5560 
  98.8   24.8    4   2.8800 
  99.0   24.8    4   2.6040 
  99.2   24.8    4   2.2800 
  99.5   24.8    4   2.5560 
  99.8   24.8    4   2.8800 
 100.0   24.8    4   2.6040 
 100.2   24.8    4   2.2800 
 100.5   24.8    4   2.5560 
 100.8   24.8    4   2.8800 
 101.0   24.8    4   2.6045 
 101.2   24.8    4   2.2800 
 101.5   24.8    4   2.5460 
 101.8   24.8    4   2.8800 
 102.0   24.8    4   2.8197 
  97.0   24.5    4   2.5870 
  97.2   24.5    4   2.5976 
  97.5   24.5    4   2.6157 
  97.8   24.5    4   2.5570 
  98.0   24.5    4   2.5440 
  98.2   24.5    4   2.6039 
  98.5   24.5    4   2.6160 
  98.8   24.5    4   2.5560 
  99.0   24.5    4   2.5440 
  99.2   24.5    4   2.6040 
  99.5   24.5    4   2.6160 
  99.8   24.5    4   2.5560 
 100.0   24.5    4   2.5440 
 100.2   24.5    4   2.6040 
 100.5   24.5    4   2.6160 
 100.8   24.5    4   2.5560 
 101.0   24.5    4   2.5438 
 101.2   24.5    4   2.6023 
 101.5   24.5    4   2.6090 
 101.8   24.5    4   2.5430 
 102.0   24.5    4   2.5328 
  97.0   24.2    4   2.8179 
  97.2   24.2    4   2.8800 
  97.5   24.2    4   2.5904 
  97.8   24.2    4   2.2800 
  98.0   24.2    4   2.5567 
  98.2   24.2    4   2.8800 
  98.5   24.2    4   2.6040 
  98.8   24.2    4   2.2800 
  99.0   24.2    4   2.5560 
  99.2   24.2    4   2.8800 
  99.5   24.2    4   2.6040 
  99.8   24.2    4   2.2800 
 100.0   24.2    4   2.5560 
 100.2   24.2    4   2.8800 
 100.5   24.2    4   2.6040 
 100.8   24.2    4   2.2800 
 101.0   24.2    4   2.5555 
 101.2   24.2    4   2.8800 
 101.5   24.2    4   2.6140 
 101.8   24.2    4   2.2800 
 102.0   24.2    4   2.3403 
  97.0   24.0    4   2.5729 
  97.2   24.0    4   2.5624 
  97.5   24.0    4   2.5443 
  97.8   24.0    4   2.6030 
  98.0   24.0    4   2.6160 
  98.2   24.0    4   2.5561 
  98.5   24.0    4   2.5440 
  98.8   24.0    4   2.6040 
  99.0   24.0    4   2.6160 
  99.2   24.0    4   2.5560 
  99.5   24.0    4   2.5440 
  99.8   24.0    4   2.6040 
 100.0   24.0    4   2.6160 
 100.2   24.0    4   2.5560 
 100.5   24.0    4   2.5440 
 100.8   24.0    4   2.6040 
 101.0   24.0    4   2.6162 
 101.2   24.0    4   2.5576 
 101.5   24.0    4   2.5509 
 101.8   24.0    4   2.6170 
 102.0   24.0    4   2.6272 
  97.0   23.8    4   2.3416 
  97.2   23.8    4   2.2800 
  97.5   23.8    4   2.5696 
  97.8   23.8    4   2.8800 
  98.0   23.8    4   2.6033 
  98.2   23.8    4   2.2800 
  98.5   23.8    4   2.5560 
  98.8   23.8    4   2.8800 
  99.0   23.8    4   2.6040 
  99.2   23.8    4   2.2800 
  99.5   23.8    4   2.5560 
  99.8   23.8    4   2.8800 
 100.0   23.8    4   2.6040 
 100.2   23.8    4   2.2800 
 100.5   23.8    4   2.5560 
 100.8   23.8    4   2.8800 
 101.0   23.8    4   2.6045 
 101.2   23.8    4   2.2800 
 101.5   23.8    4   2.5460 
 101.8   23.8    4   2.8800 
 102.0   23.8    4   2.8197 
  97.0   23.5    4   2.5856 
  97.2   23.5    4   2.5976 
  97.5   23.5    4   2.6157 
  97.8   23.5    4   2.5570 
  98.0   23.5    4   2.5441 
  98.2   23.5    4   2.6039 
  98.5   23.5    4   2.6160 
  98.8   23.5    4   2.5560 
  99.0   23.5    4   2.5440 
  99.2   23.5    4   2.6040 
  99.5   23.5    4   2.6160 
  99.8   23.5    4   2.5560 
 100.0   23.5    4   2.5440 
 100.2   23.5    4   2.6040 
 100.5   23.5    4   2.6160 
 100.8   23.5    4   2.5560 
 101.0   23.5    4   2.5438 
 101.2   23.5    4   2.6024 
 101.5   23.5    4   2.6092 
 101.8   23.5    4   2.5433 
 102.0   23.5    4   2.5329 
  97.0   23.2    4   2.8153 
  97.2   23.2    4   2.8800 
  97.5   23.2    4   2.5904 
  97.8   23.2    4   2.2800 
  98.0   23.2    4   2.5568 
  98.2   23.2    4   2.8800 
  98.5   23.2    4   2.6039 
  98.8   23.2    4   2.2800 
  99.0   23.2    4   2.5561 
  99.2   23.2    4   2.8800 
  99.5   23.2    4   2.6039 
  99.8   23.2    4   2.2800 
 100.0   23.2    4   2.5561 
 100.2   23.2    4   2.8800 
 100.5   23.2    4   2.6039 
 100.8   23.2    4   2.2800 
 101.0   23.2    4   2.5556 
 101.2   23.2    4   2.8800 
 101.5   23.2    4   2.6139 
 101.8   23.2    4   2.2800 
 102.0   23.2    4   2.3394 
  97.0   23.0    4   2.5699 
  97.2   23.0    4   2.5660 
  97.5   23.0    4   2.5465 
  97.8   23.0    4   2.6019 
  98.0   23.0    4   2.6156 
  98.2   23.0    4   2.5568 
  98.5   23.0    4   2.5441 
  98.8   23.0    4   2.6033 
  99.0   23.0    4   2.6160 
  99.2   23.0    4   2.5567 
  99.5   23.0    4   2.5440 
  99.8   23.0    4   2.6033 
 100.0   23.0    4   2.6160 
 100.2   23.0    4   2.5567 
 100.5   23.0    4   2.5440 
 100.8   23.0    4   2.6032 
 101.0   23.0    4   2.6159 
 101.2   23.0    4   2.5576 
 101.5   23.0    4   2.5490 
 101.8   23.0    4   2.6127 
 102.0   23.0    4   2.6226 
  97.0   22.8    4   2.3406 
  97.2   22.8    4   2.2800 
  97.5   22.8    4   2.5745 
  97.8   22.8    4   2.8800 
  98.0   22.8    4   2.6019 
  98.2   22.8    4   2.2800 
  98.5   22.8    4   2.5570 
  98.8   22.8    4   2.8800 
  99.0   22.8    4   2.6030 
  99.2   22.8    4   2.2800 
  99.5   22.8    4   2.5570 
  99.8   22.8    4   2.8800 
 100.0   22.8    4   2.6030 
 100.2   22.8    4   2.2800 
 100.5   22.8    4   2.5570 
 100.8   22.8    4   2.8800 
 101.0   22.8    4   2.6035 
 101.2   22.8    4   2.2800 
 101.5   22.8    4   2.5466 
 101.8   22.8    4   2.8800 
 102.0   22.8    4   2.8273 
  97.0   22.5    4   2.6258 
  97.2   22.5    4   2.5338 
  97.5   22.5    4   2.5962 
  97.8   22.5    4   2.5745 
  98.0   22.5    4   2.5465 
  98.2   22.5    4   2.5904 
  98.5   22.5    4   2.6157 
  98.8   22.5    4   2.5696 
  99.0   22.5    4   2.5443 
  99.2   22.5    4   2.5904 
  99.5   22.5    4   2.6157 
  99.8   22.5    4   2.5696 
 100.0   22.5    4   2.5443 
 100.2   22.5    4   2.5904 
 100.5   22.5    4   2.6157 
 100.8   22.5    4   2.5698 
 101.0   22.5    4   2.5454 
 101.2   22.5    4   2.5934 
 101.5   22.5    4   2.6232 
 101.8   22.5    4   2.5909 
 102.0   22.5    4   2.6095 
  97.0   22.2    4   3.1628 
  97.2   22.2    4   2.8800 
  97.5   22.2    4   2.5338 
  97.8   22.2    4   2.2800 
  98.0   22.2    4   2.5660 
  98.2   22.2    4   2.8800 
  98.5   22.2    4   2.5976 
  98.8   22.2    4   2.2800 
  99.0   22.2    4   2.5624 
  99.2   22.2    4   2.8800 
  99.5   22.2    4   2.5976 
  99.8   22.2    4   2.2800 
 100.0   22.2    4   2.5624 
 100.2   22.2    4   2.8800 
 100.5   22.2    4   2.5977 
 100.8   22.2    4   2.2800 
 101.0   22.2    4   2.5622 
 101.2   22.2    4   2.8800 
 101.5   22.2    4   2.6151 
 101.8   22.2    4   2.2800 
 102.0   22.2    4   2.3737 
  97.0   22.0    4   3.6990 
  97.2   22.0    4   3.1627 
  97.5   22.0    4   2.6258 
  97.8   22.0    4   2.3406 
  98.0   22.0    4   2.5699 
  98.2   22.0    4   2.8153 
  98.5   22.0    4   2.5856 
  98.8   22.0    4   2.3416 
  99.0   22.0    4   2.5729 
  99.2   22.0    4   2.8179 
  99.5   22.0    4   2.5870 
  99.8   22.0    4   2.3421 
 100.0   22.0    4   2.5731 
 100.2   22.0    4   2.8181 
 100.5   22.0    4   2.5872 
 100.8   22.0    4   2.3416 
 101.0   22.0    4   2.5689 
 101.2   22.0    4   2.7993 
 101.5   22.0    4   2.5185 
 101.8   22.0    4   2.0902 
 102.0   22.0    4   1.8999 
