  97.0   27.0    6   1.9399 
  97.2   27.0    6   2.4137 
  97.5   27.0    6   2.6495 
  97.8   27.0    6   2.8673 
  98.0   27.0    6   2.6626 
  98.2   27.0    6   2.3794 
  98.5   27.0    6   2.5729 
  98.8   27.0    6   2.8597 
  99.0   27.0    6   2.6672 
  99.2   27.0    6   2.3803 
  99.5   27.0    6   2.5728 
  99.8   27.0    6   2.8597 
 100.0   27.0    6   2.6672 
 100.2   27.0    6   2.3803 
 100.5   27.0    6   2.5726 
 100.8   27.0    6   2.8593 
 101.0   27.0    6   2.6665 
 101.2   27.0    6   2.3794 
 101.5   27.0    6   2.5813 
 101.8   27.0    6   2.9448 
 102.0   27.0    6   3.0023 
  97.0   26.8    6   2.1302 
  97.2   26.8    6   2.3200 
  97.5   26.8    6   2.6309 
  97.8   26.8    6   2.9200 
  98.0   26.8    6   2.6527 
  98.2   26.8    6   2.3200 
  98.5   26.8    6   2.5833 
  98.8   26.8    6   2.9200 
  99.0   26.8    6   2.6570 
  99.2   26.8    6   2.3200 
  99.5   26.8    6   2.5830 
  99.8   26.8    6   2.9200 
 100.0   26.8    6   2.6570 
 100.2   26.8    6   2.3200 
 100.5   26.8    6   2.5829 
 100.8   26.8    6   2.9200 
 101.0   26.8    6   2.6581 
 101.2   26.8    6   2.3200 
 101.5   26.8    6   2.5616 
 101.8   26.8    6   2.9200 
 102.0   26.8    6   2.9448 
  97.0   26.5    6   2.5585 
  97.2   26.5    6   2.6551 
  97.5   26.5    6   2.6632 
  97.8   26.5    6   2.5866 
  98.0   26.5    6   2.5890 
  98.2   26.5    6   2.6539 
  98.5   26.5    6   2.6492 
  98.8   26.5    6   2.5860 
  99.0   26.5    6   2.5909 
  99.2   26.5    6   2.6540 
  99.5   26.5    6   2.6490 
  99.8   26.5    6   2.5860 
 100.0   26.5    6   2.5910 
 100.2   26.5    6   2.6540 
 100.5   26.5    6   2.6491 
 100.8   26.5    6   2.5861 
 101.0   26.5    6   2.5909 
 101.2   26.5    6   2.6508 
 101.5   26.5    6   2.6331 
 101.8   26.5    6   2.5616 
 102.0   26.5    6   2.5813 
  97.0   26.2    6   2.8393 
  97.2   26.2    6   2.9200 
  97.5   26.2    6   2.6334 
  97.8   26.2    6   2.3200 
  98.0   26.2    6   2.5976 
  98.2   26.2    6   2.9200 
  98.5   26.2    6   2.6424 
  98.8   26.2    6   2.3200 
  99.0   26.2    6   2.5976 
  99.2   26.2    6   2.9200 
  99.5   26.2    6   2.6423 
  99.8   26.2    6   2.3200 
 100.0   26.2    6   2.5977 
 100.2   26.2    6   2.9200 
 100.5   26.2    6   2.6424 
 100.8   26.2    6   2.3200 
 101.0   26.2    6   2.5974 
 101.2   26.2    6   2.9200 
 101.5   26.2    6   2.6508 
 101.8   26.2    6   2.3200 
 102.0   26.2    6   2.3794 
  97.0   26.0    6   2.6089 
  97.2   26.0    6   2.6022 
  97.5   26.0    6   2.5854 
  97.8   26.0    6   2.6435 
  98.0   26.0    6   2.6559 
  98.2   26.0    6   2.5956 
  98.5   26.0    6   2.5838 
  98.8   26.0    6   2.6445 
  99.0   26.0    6   2.6562 
  99.2   26.0    6   2.5955 
  99.5   26.0    6   2.5838 
  99.8   26.0    6   2.6445 
 100.0   26.0    6   2.6562 
 100.2   26.0    6   2.5955 
 100.5   26.0    6   2.5838 
 100.8   26.0    6   2.6445 
 101.0   26.0    6   2.6566 
 101.2   26.0    6   2.5974 
 101.5   26.0    6   2.5909 
 101.8   26.0    6   2.6581 
 102.0   26.0    6   2.6665 
  97.0   25.8    6   2.3816 
  97.2   25.8    6   2.3200 
  97.5   25.8    6   2.6098 
  97.8   25.8    6   2.9200 
  98.0   25.8    6   2.6432 
  98.2   25.8    6   2.3200 
  98.5   25.8    6   2.5960 
  98.8   25.8    6   2.9200 
  99.0   25.8    6   2.6440 
  99.2   25.8    6   2.3200 
  99.5   25.8    6   2.5960 
  99.8   25.8    6   2.9200 
 100.0   25.8    6   2.6440 
 100.2   25.8    6   2.3200 
 100.5   25.8    6   2.5959 
 100.8   25.8    6   2.9200 
 101.0   25.8    6   2.6445 
 101.2   25.8    6   2.3200 
 101.5   25.8    6   2.5861 
 101.8   25.8    6   2.9200 
 102.0   25.8    6   2.8593 
  97.0   25.5    6   2.6272 
  97.2   25.5    6   2.6377 
  97.5   25.5    6   2.6557 
  97.8   25.5    6   2.5970 
  98.0   25.5    6   2.5840 
  98.2   25.5    6   2.6439 
  98.5   25.5    6   2.6560 
  98.8   25.5    6   2.5960 
  99.0   25.5    6   2.5840 
  99.2   25.5    6   2.6440 
  99.5   25.5    6   2.6560 
  99.8   25.5    6   2.5960 
 100.0   25.5    6   2.5840 
 100.2   25.5    6   2.6440 
 100.5   25.5    6   2.6560 
 100.8   25.5    6   2.5959 
 101.0   25.5    6   2.5838 
 101.2   25.5    6   2.6424 
 101.5   25.5    6   2.6491 
 101.8   25.5    6   2.5829 
 102.0   25.5    6   2.5726 
  97.0   25.2    6   2.8581 
  97.2   25.2    6   2.9200 
  97.5   25.2    6   2.6304 
  97.8   25.2    6   2.3200 
  98.0   25.2    6   2.5967 
  98.2   25.2    6   2.9200 
  98.5   25.2    6   2.6440 
  98.8   25.2    6   2.3200 
  99.0   25.2    6   2.5960 
  99.2   25.2    6   2.9200 
  99.5   25.2    6   2.6440 
  99.8   25.2    6   2.3200 
 100.0   25.2    6   2.5960 
 100.2   25.2    6   2.9200 
 100.5   25.2    6   2.6440 
 100.8   25.2    6   2.3200 
 101.0   25.2    6   2.5955 
 101.2   25.2    6   2.9200 
 101.5   25.2    6   2.6540 
 101.8   25.2    6   2.3200 
 102.0   25.2    6   2.3803 
  97.0   25.0    6   2.6131 
  97.2   25.0    6   2.6024 
  97.5   25.0    6   2.5843 
  97.8   25.0    6   2.6430 
  98.0   25.0    6   2.6560 
  98.2   25.0    6   2.5961 
  98.5   25.0    6   2.5840 
  98.8   25.0    6   2.6440 
  99.0   25.0    6   2.6560 
  99.2   25.0    6   2.5960 
  99.5   25.0    6   2.5840 
  99.8   25.0    6   2.6440 
 100.0   25.0    6   2.6560 
 100.2   25.0    6   2.5960 
 100.5   25.0    6   2.5840 
 100.8   25.0    6   2.6440 
 101.0   25.0    6   2.6562 
 101.2   25.0    6   2.5977 
 101.5   25.0    6   2.5910 
 101.8   25.0    6   2.6570 
 102.0   25.0    6   2.6672 
  97.0   24.8    6   2.3821 
  97.2   24.8    6   2.3200 
  97.5   24.8    6   2.6096 
  97.8   24.8    6   2.9200 
  98.0   24.8    6   2.6433 
  98.2   24.8    6   2.3200 
  98.5   24.8    6   2.5960 
  98.8   24.8    6   2.9200 
  99.0   24.8    6   2.6440 
  99.2   24.8    6   2.3200 
  99.5   24.8    6   2.5960 
  99.8   24.8    6   2.9200 
 100.0   24.8    6   2.6440 
 100.2   24.8    6   2.3200 
 100.5   24.8    6   2.5960 
 100.8   24.8    6   2.9200 
 101.0   24.8    6   2.6445 
 101.2   24.8    6   2.3200 
 101.5   24.8    6   2.5860 
 101.8   24.8    6   2.9200 
 102.0   24.8    6   2.8597 
  97.0   24.5    6   2.6270 
  97.2   24.5    6   2.6376 
  97.5   24.5    6   2.6557 
  97.8   24.5    6   2.5970 
  98.0   24.5    6   2.5840 
  98.2   24.5    6   2.6439 
  98.5   24.5    6   2.6560 
  98.8   24.5    6   2.5960 
  99.0   24.5    6   2.5840 
  99.2   24.5    6   2.6440 
  99.5   24.5    6   2.6560 
  99.8   24.5    6   2.5960 
 100.0   24.5    6   2.5840 
 100.2   24.5    6   2.6440 
 100.5   24.5    6   2.6560 
 100.8   24.5    6   2.5960 
 101.0   24.5    6   2.5838 
 101.2   24.5    6   2.6423 
 101.5   24.5    6   2.6490 
 101.8   24.5    6   2.5830 
 102.0   24.5    6   2.5728 
  97.0   24.2    6   2.8579 
  97.2   24.2    6   2.9200 
  97.5   24.2    6   2.6304 
  97.8   24.2    6   2.3200 
  98.0   24.2    6   2.5967 
  98.2   24.2    6   2.9200 
  98.5   24.2    6   2.6440 
  98.8   24.2    6   2.3200 
  99.0   24.2    6   2.5960 
  99.2   24.2    6   2.9200 
  99.5   24.2    6   2.6440 
  99.8   24.2    6   2.3200 
 100.0   24.2    6   2.5960 
 100.2   24.2    6   2.9200 
 100.5   24.2    6   2.6440 
 100.8   24.2    6   2.3200 
 101.0   24.2    6   2.5955 
 101.2   24.2    6   2.9200 
 101.5   24.2    6   2.6540 
 101.8   24.2    6   2.3200 
 102.0   24.2    6   2.3803 
  97.0   24.0    6   2.6129 
  97.2   24.0    6   2.6024 
  97.5   24.0    6   2.5843 
  97.8   24.0    6   2.6430 
  98.0   24.0    6   2.6560 
  98.2   24.0    6   2.5961 
  98.5   24.0    6   2.5840 
  98.8   24.0    6   2.6440 
  99.0   24.0    6   2.6560 
  99.2   24.0    6   2.5960 
  99.5   24.0    6   2.5840 
  99.8   24.0    6   2.6440 
 100.0   24.0    6   2.6560 
 100.2   24.0    6   2.5960 
 100.5   24.0    6   2.5840 
 100.8   24.0    6   2.6440 
 101.0   24.0    6   2.6562 
 101.2   24.0    6   2.5976 
 101.5   24.0    6   2.5909 
 101.8   24.0    6   2.6570 
 102.0   24.0    6   2.6672 
  97.0   23.8    6   2.3816 
  97.2   23.8    6   2.3200 
  97.5   23.8    6   2.6096 
  97.8   23.8    6   2.9200 
  98.0   23.8    6   2.6433 
  98.2   23.8    6   2.3200 
  98.5   23.8    6   2.5960 
  98.8   23.8    6   2.9200 
  99.0   23.8    6   2.6440 
  99.2   23.8    6   2.3200 
  99.5   23.8    6   2.5960 
  99.8   23.8    6   2.9200 
 100.0   23.8    6   2.6440 
 100.2   23.8    6   2.3200 
 100.5   23.8    6   2.5960 
 100.8   23.8    6   2.9200 
 101.0   23.8    6   2.6445 
 101.2   23.8    6   2.3200 
 101.5   23.8    6   2.5860 
 101.8   23.8    6   2.9200 
 102.0   23.8    6   2.8597 
  97.0   23.5    6   2.6256 
  97.2   23.5    6   2.6376 
  97.5   23.5    6   2.6557 
  97.8   23.5    6   2.5970 
  98.0   23.5    6   2.5841 
  98.2   23.5    6   2.6439 
  98.5   23.5    6   2.6560 
  98.8   23.5    6   2.5960 
  99.0   23.5    6   2.5840 
  99.2   23.5    6   2.6440 
  99.5   23.5    6   2.6560 
  99.8   23.5    6   2.5960 
 100.0   23.5    6   2.5840 
 100.2   23.5    6   2.6440 
 100.5   23.5    6   2.6560 
 100.8   23.5    6   2.5960 
 101.0   23.5    6   2.5838 
 101.2   23.5    6   2.6424 
 101.5   23.5    6   2.6492 
 101.8   23.5    6   2.5833 
 102.0   23.5    6   2.5729 
  97.0   23.2    6   2.8553 
  97.2   23.2    6   2.9200 
  97.5   23.2    6   2.6304 
  97.8   23.2    6   2.3200 
  98.0   23.2    6   2.5968 
  98.2   23.2    6   2.9200 
  98.5   23.2    6   2.6439 
  98.8   23.2    6   2.3200 
  99.0   23.2    6   2.5961 
  99.2   23.2    6   2.9200 
  99.5   23.2    6   2.6439 
  99.8   23.2    6   2.3200 
 100.0   23.2    6   2.5961 
 100.2   23.2    6   2.9200 
 100.5   23.2    6   2.6439 
 100.8   23.2    6   2.3200 
 101.0   23.2    6   2.5956 
 101.2   23.2    6   2.9200 
 101.5   23.2    6   2.6539 
 101.8   23.2    6   2.3200 
 102.0   23.2    6   2.3794 
  97.0   23.0    6   2.6099 
  97.2   23.0    6   2.6060 
  97.5   23.0    6   2.5865 
  97.8   23.0    6   2.6419 
  98.0   23.0    6   2.6556 
  98.2   23.0    6   2.5968 
  98.5   23.0    6   2.5841 
  98.8   23.0    6   2.6433 
  99.0   23.0    6   2.6560 
  99.2   23.0    6   2.5967 
  99.5   23.0    6   2.5840 
  99.8   23.0    6   2.6433 
 100.0   23.0    6   2.6560 
 100.2   23.0    6   2.5967 
 100.5   23.0    6   2.5840 
 100.8   23.0    6   2.6432 
 101.0   23.0    6   2.6559 
 101.2   23.0    6   2.5976 
 101.5   23.0    6   2.5890 
 101.8   23.0    6   2.6527 
 102.0   23.0    6   2.6626 
  97.0   22.8    6   2.3806 
  97.2   22.8    6   2.3200 
  97.5   22.8    6   2.6145 
  97.8   22.8    6   2.9200 
  98.0   22.8    6   2.6419 
  98.2   22.8    6   2.3200 
  98.5   22.8    6   2.5970 
  98.8   22.8    6   2.9200 
  99.0   22.8    6   2.6430 
  99.2   22.8    6   2.3200 
  99.5   22.8    6   2.5970 
  99.8   22.8    6   2.9200 
 100.0   22.8    6   2.6430 
 100.2   22.8    6   2.3200 
 100.5   22.8    6   2.5970 
 100.8   22.8    6   2.9200 
 101.0   22.8    6   2.6435 
 101.2   22.8    6   2.3200 
 101.5   22.8    6   2.5866 
 101.8   22.8    6   2.9200 
 102.0   22.8    6   2.8673 
  97.0   22.5    6   2.6658 
  97.2   22.5    6   2.5738 
  97.5   22.5    6   2.6362 
  97.8   22.5    6   2.6145 
  98.0   22.5    6   2.5865 
  98.2   22.5    6   2.6304 
  98.5   22.5    6   2.6557 
  98.8   22.5    6   2.6096 
  99.0   22.5    6   2.5843 
  99.2   22.5    6   2.6304 
  99.5   22.5    6   2.6557 
  99.8   22.5    6   2.6096 
 100.0   22.5    6   2.5843 
 100.2   22.5    6   2.6304 
 100.5   22.5    6   2.6557 
 100.8   22.5    6   2.6098 
 101.0   22.5    6   2.5854 
 101.2   22.5    6   2.6334 
 101.5   22.5    6   2.6632 
 101.8   22.5    6   2.6309 
 102.0   22.5    6   2.6495 
  97.0   22.2    6   3.2028 
  97.2   22.2    6   2.9200 
  97.5   22.2    6   2.5738 
  97.8   22.2    6   2.3200 
  98.0   22.2    6   2.6060 
  98.2   22.2    6   2.9200 
  98.5   22.2    6   2.6376 
  98.8   22.2    6   2.3200 
  99.0   22.2    6   2.6024 
  99.2   22.2    6   2.9200 
  99.5   22.2    6   2.6376 
  99.8   22.2    6   2.3200 
 100.0   22.2    6   2.6024 
 100.2   22.2    6   2.9200 
 100.5   22.2    6   2.6377 
 100.8   22.2    6   2.3200 
 101.0   22.2    6   2.6022 
 101.2   22.2    6   2.9200 
 101.5   22.2    6   2.6551 
 101.8   22.2    6   2.3200 
 102.0   22.2    6   2.4137 
  97.0   22.0    6   3.7390 
  97.2   22.0    6   3.2027 
  97.5   22.0    6   2.6658 
  97.8   22.0    6   2.3806 
  98.0   22.0    6   2.6099 
  98.2   22.0    6   2.8553 
  98.5   22.0    6   2.6256 
  98.8   22.0    6   2.3816 
  99.0   22.0    6   2.6129 
  99.2   22.0    6   2.8579 
  99.5   22.0    6   2.6270 
  99.8   22.0    6   2.3821 
 100.0   22.0    6   2.6131 
 100.2   22.0    6   2.8581 
 100.5   22.0    6   2.6272 
 100.8   22.0    6   2.3816 
 101.0   22.0    6   2.6089 
 101.2   22.0    6   2.8393 
 101.5   22.0    6   2.5585 
 101.8   22.0    6   2.1302 
 102.0   22.0    6   1.9399 
