  97.0   27.0    8   1.9799 
  97.2   27.0    8   2.4537 
  97.5   27.0    8   2.6895 
  97.8   27.0    8   2.9073 
  98.0   27.0    8   2.7026 
  98.2   27.0    8   2.4194 
  98.5   27.0    8   2.6129 
  98.8   27.0    8   2.8997 
  99.0   27.0    8   2.7072 
  99.2   27.0    8   2.4203 
  99.5   27.0    8   2.6128 
  99.8   27.0    8   2.8997 
 100.0   27.0    8   2.7072 
 100.2   27.0    8   2.4203 
 100.5   27.0    8   2.6126 
 100.8   27.0    8   2.8993 
 101.0   27.0    8   2.7065 
 101.2   27.0    8   2.4194 
 101.5   27.0    8   2.6213 
 101.8   27.0    8   2.9848 
 102.0   27.0    8   3.0423 
  97.0   26.8    8   2.1702 
  97.2   26.8    8   2.3600 
  97.5   26.8    8   2.6709 
  97.8   26.8    8   2.9600 
  98.0   26.8    8   2.6927 
  98.2   26.8    8   2.3600 
  98.5   26.8    8   2.6233 
  98.8   26.8    8   2.9600 
  99.0   26.8    8   2.6970 
  99.2   26.8    8   2.3600 
  99.5   26.8    8   2.6230 
  99.8   26.8    8   2.9600 
 100.0   26.8    8   2.6970 
 100.2   26.8    8   2.3600 
 100.5   26.8    8   2.6229 
 100.8   26.8    8   2.9600 
 101.0   26.8    8   2.6981 
 101.2   26.8    8   2.3600 
 101.5   26.8    8   2.6016 
 101.8   26.8    8   2.9600 
 102.0   26.8    8   2.9848 
  97.0   26.5    8   2.5985 
  97.2   26.5    8   2.6951 
  97.5   26.5    8   2.7032 
  97.8   26.5    8   2.6266 
  98.0   26.5    8   2.6290 
  98.2   26.5    8   2.6939 
  98.5   26.5    8   2.6892 
  98.8   26.5    8   2.6260 
  99.0   26.5    8   2.6309 
  99.2   26.5    8   2.6940 
  99.5   26.5    8   2.6890 
  99.8   26.5    8   2.6260 
 100.0   26.5    8   2.6310 
 100.2   26.5    8   2.6940 
 100.5   26.5    8   2.6891 
 100.8   26.5    8   2.6261 
 101.0   26.5    8   2.6309 
 101.2   26.5    8   2.6908 
 101.5   26.5    8   2.6731 
 101.8   26.5    8   2.6016 
 102.0   26.5    8   2.6213 
  97.0   26.2    8   2.8793 
  97.2   26.2    8   2.9600 
  97.5   26.2    8   2.6734 
  97.8   26.2    8   2.3600 
  98.0   26.2    8   2.6376 
  98.2   26.2    8   2.9600 
  98.5   26.2    8   2.6824 
  98.8   26.2    8   2.3600 
  99.0   26.2    8   2.6376 
  99.2   26.2    8   2.9600 
  99.5   26.2    8   2.6823 
  99.8   26.2    8   2.3600 
 100.0   26.2    8   2.6377 
 100.2   26.2    8   2.9600 
 100.5   26.2    8   2.6824 
 100.8   26.2    8   2.3600 
 101.0   26.2    8   2.6374 
 101.2   26.2    8   2.9600 
 101.5   26.2    8   2.6908 
 101.8   26.2    8   2.3600 
 102.0   26.2    8   2.4194 
  97.0   26.0    8   2.6489 
  97.2   26.0    8   2.6422 
  97.5   26.0    8   2.6254 
  97.8   26.0    8   2.6835 
  98.0   26.0    8   2.6959 
  98.2   26.0    8   2.6356 
  98.5   26.0    8   2.6238 
  98.8   26.0    8   2.6845 
  99.0   26.0    8   2.6962 
  99.2   26.0    8   2.6355 
  99.5   26.0    8   2.6238 
  99.8   26.0    8   2.6845 
 100.0   26.0    8   2.6962 
 100.2   26.0    8   2.6355 
 100.5   26.0    8   2.6238 
 100.8   26.0    8   2.6845 
 101.0   26.0    8   2.6966 
 101.2   26.0    8   2.6374 
 101.5   26.0    8   2.6309 
 101.8   26.0    8   2.6981 
 102.0   26.0    8   2.7065 
  97.0   25.8    8   2.4216 
  97.2   25.8    8   2.3600 
  97.5   25.8    8   2.6498 
  97.8   25.8    8   2.9600 
  98.0   25.8    8   2.6832 
  98.2   25.8    8   2.3600 
  98.5   25.8    8   2.6360 
  98.8   25.8    8   2.9600 
  99.0   25.8    8   2.6840 
  99.2   25.8    8   2.3600 
  99.5   25.8    8   2.6360 
  99.8   25.8    8   2.9600 
 100.0   25.8    8   2.6840 
 100.2   25.8    8   2.3600 
 100.5   25.8    8   2.6359 
 100.8   25.8    8   2.9600 
 101.0   25.8    8   2.6845 
 101.2   25.8    8   2.3600 
 101.5   25.8    8   2.6261 
 101.8   25.8    8   2.9600 
 102.0   25.8    8   2.8993 
  97.0   25.5    8   2.6672 
  97.2   25.5    8   2.6776 
  97.5   25.5    8   2.6957 
  97.8   25.5    8   2.6370 
  98.0   25.5    8   2.6240 
  98.2   25.5    8   2.6839 
  98.5   25.5    8   2.6960 
  98.8   25.5    8   2.6360 
  99.0   25.5    8   2.6240 
  99.2   25.5    8   2.6840 
  99.5   25.5    8   2.6960 
  99.8   25.5    8   2.6360 
 100.0   25.5    8   2.6240 
 100.2   25.5    8   2.6840 
 100.5   25.5    8   2.6960 
 100.8   25.5    8   2.6359 
 101.0   25.5    8   2.6238 
 101.2   25.5    8   2.6824 
 101.5   25.5    8   2.6891 
 101.8   25.5    8   2.6229 
 102.0   25.5    8   2.6126 
  97.0   25.2    8   2.8981 
  97.2   25.2    8   2.9600 
  97.5   25.2    8   2.6704 
  97.8   25.2    8   2.3600 
  98.0   25.2    8   2.6367 
  98.2   25.2    8   2.9600 
  98.5   25.2    8   2.6840 
  98.8   25.2    8   2.3600 
  99.0   25.2    8   2.6360 
  99.2   25.2    8   2.9600 
  99.5   25.2    8   2.6840 
  99.8   25.2    8   2.3600 
 100.0   25.2    8   2.6360 
 100.2   25.2    8   2.9600 
 100.5   25.2    8   2.6840 
 100.8   25.2    8   2.3600 
 101.0   25.2    8   2.6355 
 101.2   25.2    8   2.9600 
 101.5   25.2    8   2.6940 
 101.8   25.2    8   2.3600 
 102.0   25.2    8   2.4203 
  97.0   25.0    8   2.6531 
  97.2   25.0    8   2.6424 
  97.5   25.0    8   2.6243 
  97.8   25.0    8   2.6830 
  98.0   25.0    8   2.6960 
  98.2   25.0    8   2.6361 
  98.5   25.0    8   2.6240 
  98.8   25.0    8   2.6840 
  99.0   25.0    8   2.6960 
  99.2   25.0    8   2.6360 
  99.5   25.0    8   2.6240 
  99.8   25.0    8   2.6840 
 100.0   25.0    8   2.6960 
 100.2   25.0    8   2.6360 
 100.5   25.0    8   2.6240 
 100.8   25.0    8   2.6840 
 101.0   25.0    8   2.6962 
 101.2   25.0    8   2.6377 
 101.5   25.0    8   2.6310 
 101.8   25.0    8   2.6970 
 102.0   25.0    8   2.7072 
  97.0   24.8    8   2.4221 
  97.2   24.8    8   2.3600 
  97.5   24.8    8   2.6496 
  97.8   24.8    8   2.9600 
  98.0   24.8    8   2.6833 
  98.2   24.8    8   2.3600 
  98.5   24.8    8   2.6360 
  98.8   24.8    8   2.9600 
  99.0   24.8    8   2.6840 
  99.2   24.8    8   2.3600 
  99.5   24.8    8   2.6360 
  99.8   24.8    8   2.9600 
 100.0   24.8    8   2.6840 
 100.2   24.8    8   2.3600 
 100.5   24.8    8   2.6360 
 100.8   24.8    8   2.9600 
 101.0   24.8    8   2.6845 
 101.2   24.8    8   2.3600 
 101.5   24.8    8   2.6260 
 101.8   24.8    8   2.9600 
 102.0   24.8    8   2.8997 
  97.0   24.5    8   2.6670 
  97.2   24.5    8   2.6776 
  97.5   24.5    8   2.6957 
  97.8   24.5    8   2.6370 
  98.0   24.5    8   2.6240 
  98.2   24.5    8   2.6839 
  98.5   24.5    8   2.6960 
  98.8   24.5    8   2.6360 
  99.0   24.5    8   2.6240 
  99.2   24.5    8   2.6840 
  99.5   24.5    8   2.6960 
  99.8   24.5    8   2.6360 
 100.0   24.5    8   2.6240 
 100.2   24.5    8   2.6840 
 100.5   24.5    8   2.6960 
 100.8   24.5    8   2.6360 
 101.0   24.5    8   2.6238 
 101.2   24.5    8   2.6823 
 101.5   24.5    8   2.6890 
 101.8   24.5    8   2.6230 
 102.0   24.5    8   2.6128 
  97.0   24.2    8   2.8979 
  97.2   24.2    8   2.9600 
  97.5   24.2    8   2.6704 
  97.8   24.2    8   2.3600 
  98.0   24.2    8   2.6367 
  98.2   24.2    8   2.9600 
  98.5   24.2    8   2.6840 
  98.8   24.2    8   2.3600 
  99.0   24.2    8   2.6360 
  99.2   24.2    8   2.9600 
  99.5   24.2    8   2.6840 
  99.8   24.2    8   2.3600 
 100.0   24.2    8   2.6360 
 100.2   24.2    8   2.9600 
 100.5   24.2    8   2.6840 
 100.8   24.2    8   2.3600 
 101.0   24.2    8   2.6355 
 101.2   24.2    8   2.9600 
 101.5   24.2    8   2.6940 
 101.8   24.2    8   2.3600 
 102.0   24.2    8   2.4203 
  97.0   24.0    8   2.6529 
  97.2   24.0    8   2.6424 
  97.5   24.0    8   2.6243 
  97.8   24.0    8   2.6830 
  98.0   24.0    8   2.6960 
  98.2   24.0    8   2.6361 
  98.5   24.0    8   2.6240 
  98.8   24.0    8   2.6840 
  99.0   24.0    8   2.6960 
  99.2   24.0    8   2.6360 
  99.5   24.0    8   2.6240 
  99.8   24.0    8   2.6840 
 100.0   24.0    8   2.6960 
 100.2   24.0    8   2.6360 
 100.5   24.0    8   2.6240 
 100.8   24.0    8   2.6840 
 101.0   24.0    8   2.6962 
 101.2   24.0    8   2.6376 
 101.5   24.0    8   2.6309 
 101.8   24.0    8   2.6970 
 102.0   24.0    8   2.7072 
  97.0   23.8    8   2.4216 
  97.2   23.8    8   2.3600 
  97.5   23.8    8   2.6496 
  97.8   23.8    8   2.9600 
  98.0   23.8    8   2.6833 
  98.2   23.8    8   2.3600 
  98.5   23.8    8   2.6360 
  98.8   23.8    8   2.9600 
  99.0   23.8    8   2.6840 
  99.2   23.8    8   2.3600 
  99.5   23.8    8   2.6360 
  99.8   23.8    8   2.9600 
 100.0   23.8    8   2.6840 
 100.2   23.8    8   2.3600 
 100.5   23.8    8   2.6360 
 100.8   23.8    8   2.9600 
 101.0   23.8    8   2.6845 
 101.2   23.8    8   2.3600 
 101.5   23.8    8   2.6260 
 101.8   23.8    8   2.9600 
 102.0   23.8    8   2.8997 
  97.0   23.5    8   2.6656 
  97.2   23.5    8   2.6776 
  97.5   23.5    8   2.6957 
  97.8   23.5    8   2.6370 
  98.0   23.5    8   2.6241 
  98.2   23.5    8   2.6839 
  98.5   23.5    8   2.6960 
  98.8   23.5    8   2.6360 
  99.0   23.5    8   2.6240 
  99.2   23.5    8   2.6840 
  99.5   23.5    8   2.6960 
  99.8   23.5    8   2.6360 
 100.0   23.5    8   2.6240 
 100.2   23.5    8   2.6840 
 100.5   23.5    8   2.6960 
 100.8   23.5    8   2.6360 
 101.0   23.5    8   2.6238 
 101.2   23.5    8   2.6824 
 101.5   23.5    8   2.6892 
 101.8   23.5    8   2.6233 
 102.0   23.5    8   2.6129 
  97.0   23.2    8   2.8953 
  97.2   23.2    8   2.9600 
  97.5   23.2    8   2.6704 
  97.8   23.2    8   2.3600 
  98.0   23.2    8   2.6368 
  98.2   23.2    8   2.9600 
  98.5   23.2    8   2.6839 
  98.8   23.2    8   2.3600 
  99.0   23.2    8   2.6361 
  99.2   23.2    8   2.9600 
  99.5   23.2    8   2.6839 
  99.8   23.2    8   2.3600 
 100.0   23.2    8   2.6361 
 100.2   23.2    8   2.9600 
 100.5   23.2    8   2.6839 
 100.8   23.2    8   2.3600 
 101.0   23.2    8   2.6356 
 101.2   23.2    8   2.9600 
 101.5   23.2    8   2.6939 
 101.8   23.2    8   2.3600 
 102.0   23.2    8   2.4194 
  97.0   23.0    8   2.6499 
  97.2   23.0    8   2.6460 
  97.5   23.0    8   2.6265 
  97.8   23.0    8   2.6819 
  98.0   23.0    8   2.6956 
  98.2   23.0    8   2.6368 
  98.5   23.0    8   2.6241 
  98.8   23.0    8   2.6833 
  99.0   23.0    8   2.6960 
  99.2   23.0    8   2.6367 
  99.5   23.0    8   2.6240 
  99.8   23.0    8   2.6833 
 100.0   23.0    8   2.6960 
 100.2   23.0    8   2.6367 
 100.5   23.0    8   2.6240 
 100.8   23.0    8   2.6832 
 101.0   23.0    8   2.6959 
 101.2   23.0    8   2.6376 
 101.5   23.0    8   2.6290 
 101.8   23.0    8   2.6927 
 102.0   23.0    8   2.7026 
  97.0   22.8    8   2.4206 
  97.2   22.8    8   2.3600 
  97.5   22.8    8   2.6545 
  97.8   22.8    8   2.9600 
  98.0   22.8    8   2.6819 
  98.2   22.8    8   2.3600 
  98.5   22.8    8   2.6370 
  98.8   22.8    8   2.9600 
  99.0   22.8    8   2.6830 
  99.2   22.8    8   2.3600 
  99.5   22.8    8   2.6370 
  99.8   22.8    8   2.9600 
 100.0   22.8    8   2.6830 
 100.2   22.8    8   2.3600 
 100.5   22.8    8   2.6370 
 100.8   22.8    8   2.9600 
 101.0   22.8    8   2.6835 
 101.2   22.8    8   2.3600 
 101.5   22.8    8   2.6266 
 101.8   22.8    8   2.9600 
 102.0   22.8    8   2.9073 
  97.0   22.5    8   2.7058 
  97.2   22.5    8   2.6138 
  97.5   22.5    8   2.6762 
  97.8   22.5    8   2.6545 
  98.0   22.5    8   2.6265 
  98.2   22.5    8   2.6704 
  98.5   22.5    8   2.6957 
  98.8   22.5    8   2.6496 
  99.0   22.5    8   2.6243 
  99.2   22.5    8   2.6704 
  99.5   22.5    8   2.6957 
  99.8   22.5    8   2.6496 
 100.0   22.5    8   2.6243 
 100.2   22.5    8   2.6704 
 100.5   22.5    8   2.6957 
 100.8   22.5    8   2.6498 
 101.0   22.5    8   2.6254 
 101.2   22.5    8   2.6734 
 101.5   22.5    8   2.7032 
 101.8   22.5    8   2.6709 
 102.0   22.5    8   2.6895 
  97.0   22.2    8   3.2428 
  97.2   22.2    8   2.9600 
  97.5   22.2    8   2.6138 
  97.8   22.2    8   2.3600 
  98.0   22.2    8   2.6460 
  98.2   22.2    8   2.9600 
  98.5   22.2    8   2.6776 
  98.8   22.2    8   2.3600 
  99.0   22.2    8   2.6424 
  99.2   22.2    8   2.9600 
  99.5   22.2    8   2.6776 
  99.8   22.2    8   2.3600 
 100.0   22.2    8   2.6424 
 100.2   22.2    8   2.9600 
 100.5   22.2    8   2.6777 
 100.8   22.2    8   2.3600 
 101.0   22.2    8   2.6422 
 101.2   22.2    8   2.9600 
 101.5   22.2    8   2.6951 
 101.8   22.2    8   2.3600 
 102.0   22.2    8   2.4537 
  97.0   22.0    8   3.7790 
  97.2   22.0    8   3.2427 
  97.5   22.0    8   2.7058 
  97.8   22.0    8   2.4206 
  98.0   22.0    8   2.6499 
  98.2   22.0    8   2.8953 
  98.5   22.0    8   2.6656 
  98.8   22.0    8   2.4216 
  99.0   22.0    8   2.6529 
  99.2   22.0    8   2.8979 
  99.5   22.0    8   2.6670 
  99.8   22.0    8   2.4221 
 100.0   22.0    8   2.6531 
 100.2   22.0    8   2.8981 
 100.5   22.0    8   2.6672 
 100.8   22.0    8   2.4216 
 101.0   22.0    8   2.6489 
 101.2   22.0    8   2.8793 
 101.5   22.0    8   2.5985 
 101.8   22.0    8   2.1702 
 102.0   22.0    8   1.9799 
