  97.0   27.0   15   2.1199 
  97.2   27.0   15   2.5937 
  97.5   27.0   15   2.8295 
  97.8   27.0   15   3.0473 
  98.0   27.0   15   2.8426 
  98.2   27.0   15   2.5594 
  98.5   27.0   15   2.7529 
  98.8   27.0   15   3.0397 
  99.0   27.0   15   2.8472 
  99.2   27.0   15   2.5603 
  99.5   27.0   15   2.7528 
  99.8   27.0   15   3.0397 
 100.0   27.0   15   2.8472 
 100.2   27.0   15   2.5603 
 100.5   27.0   15   2.7526 
 100.8   27.0   15   3.0393 
 101.0   27.0   15   2.8465 
 101.2   27.0   15   2.5594 
 101.5   27.0   15   2.7613 
 101.8   27.0   15   3.1248 
 102.0   27.0   15   3.1823 
  97.0   26.8   15   2.3102 
  97.2   26.8   15   2.5000 
  97.5   26.8   15   2.8109 
  97.8   26.8   15   3.1000 
  98.0   26.8   15   2.8327 
  98.2   26.8   15   2.5000 
  98.5   26.8   15   2.7633 
  98.8   26.8   15   3.1000 
  99.0   26.8   15   2.8370 
  99.2   26.8   15   2.5000 
  99.5   26.8   15   2.7630 
  99.8   26.8   15   3.1000 
 100.0   26.8   15   2.8370 
 100.2   26.8   15   2.5000 
 100.5   26.8   15   2.7629 
 100.8   26.8   15   3.1000 
 101.0   26.8   15   2.8381 
 101.2   26.8   15   2.5000 
 101.5   26.8   15   2.7416 
 101.8   26.8   15   3.1000 
 102.0   26.8   15   3.1248 
  97.0   26.5   15   2.7385 
  97.2   26.5   15   2.8351 
  97.5   26.5   15   2.8432 
  97.8   26.5   15   2.7666 
  98.0   26.5   15   2.7690 
  98.2   26.5   15   2.8339 
  98.5   26.5   15   2.8292 
  98.8   26.5   15   2.7660 
  99.0   26.5   15   2.7709 
  99.2   26.5   15   2.8340 
  99.5   26.5   15   2.8290 
  99.8   26.5   15   2.7660 
 100.0   26.5   15   2.7710 
 100.2   26.5   15   2.8340 
 100.5   26.5   15   2.8291 
 100.8   26.5   15   2.7661 
 101.0   26.5   15   2.7709 
 101.2   26.5   15   2.8308 
 101.5   26.5   15   2.8131 
 101.8   26.5   15   2.7416 
 102.0   26.5   15   2.7613 
  97.0   26.2   15   3.0193 
  97.2   26.2   15   3.1000 
  97.5   26.2   15   2.8134 
  97.8   26.2   15   2.5000 
  98.0   26.2   15   2.7776 
  98.2   26.2   15   3.1000 
  98.5   26.2   15   2.8224 
  98.8   26.2   15   2.5000 
  99.0   26.2   15   2.7776 
  99.2   26.2   15   3.1000 
  99.5   26.2   15   2.8223 
  99.8   26.2   15   2.5000 
 100.0   26.2   15   2.7777 
 100.2   26.2   15   3.1000 
 100.5   26.2   15   2.8224 
 100.8   26.2   15   2.5000 
 101.0   26.2   15   2.7774 
 101.2   26.2   15   3.1000 
 101.5   26.2   15   2.8308 
 101.8   26.2   15   2.5000 
 102.0   26.2   15   2.5594 
  97.0   26.0   15   2.7889 
  97.2   26.0   15   2.7822 
  97.5   26.0   15   2.7654 
  97.8   26.0   15   2.8235 
  98.0   26.0   15   2.8359 
  98.2   26.0   15   2.7756 
  98.5   26.0   15   2.7638 
  98.8   26.0   15   2.8245 
  99.0   26.0   15   2.8362 
  99.2   26.0   15   2.7755 
  99.5   26.0   15   2.7638 
  99.8   26.0   15   2.8245 
 100.0   26.0   15   2.8362 
 100.2   26.0   15   2.7755 
 100.5   26.0   15   2.7638 
 100.8   26.0   15   2.8245 
 101.0   26.0   15   2.8366 
 101.2   26.0   15   2.7774 
 101.5   26.0   15   2.7709 
 101.8   26.0   15   2.8381 
 102.0   26.0   15   2.8465 
  97.0   25.8   15   2.5616 
  97.2   25.8   15   2.5000 
  97.5   25.8   15   2.7898 
  97.8   25.8   15   3.1000 
  98.0   25.8   15   2.8232 
  98.2   25.8   15   2.5000 
  98.5   25.8   15   2.7760 
  98.8   25.8   15   3.1000 
  99.0   25.8   15   2.8240 
  99.2   25.8   15   2.5000 
  99.5   25.8   15   2.7760 
  99.8   25.8   15   3.1000 
 100.0   25.8   15   2.8240 
 100.2   25.8   15   2.5000 
 100.5   25.8   15   2.7759 
 100.8   25.8   15   3.1000 
 101.0   25.8   15   2.8245 
 101.2   25.8   15   2.5000 
 101.5   25.8   15   2.7661 
 101.8   25.8   15   3.1000 
 102.0   25.8   15   3.0393 
  97.0   25.5   15   2.8072 
  97.2   25.5   15   2.8177 
  97.5   25.5   15   2.8357 
  97.8   25.5   15   2.7770 
  98.0   25.5   15   2.7640 
  98.2   25.5   15   2.8239 
  98.5   25.5   15   2.8360 
  98.8   25.5   15   2.7760 
  99.0   25.5   15   2.7640 
  99.2   25.5   15   2.8240 
  99.5   25.5   15   2.8360 
  99.8   25.5   15   2.7760 
 100.0   25.5   15   2.7640 
 100.2   25.5   15   2.8240 
 100.5   25.5   15   2.8360 
 100.8   25.5   15   2.7759 
 101.0   25.5   15   2.7638 
 101.2   25.5   15   2.8224 
 101.5   25.5   15   2.8291 
 101.8   25.5   15   2.7629 
 102.0   25.5   15   2.7526 
  97.0   25.2   15   3.0381 
  97.2   25.2   15   3.1000 
  97.5   25.2   15   2.8104 
  97.8   25.2   15   2.5000 
  98.0   25.2   15   2.7767 
  98.2   25.2   15   3.1000 
  98.5   25.2   15   2.8240 
  98.8   25.2   15   2.5000 
  99.0   25.2   15   2.7760 
  99.2   25.2   15   3.1000 
  99.5   25.2   15   2.8240 
  99.8   25.2   15   2.5000 
 100.0   25.2   15   2.7760 
 100.2   25.2   15   3.1000 
 100.5   25.2   15   2.8240 
 100.8   25.2   15   2.5000 
 101.0   25.2   15   2.7755 
 101.2   25.2   15   3.1000 
 101.5   25.2   15   2.8340 
 101.8   25.2   15   2.5000 
 102.0   25.2   15   2.5603 
  97.0   25.0   15   2.7931 
  97.2   25.0   15   2.7824 
  97.5   25.0   15   2.7643 
  97.8   25.0   15   2.8230 
  98.0   25.0   15   2.8360 
  98.2   25.0   15   2.7761 
  98.5   25.0   15   2.7640 
  98.8   25.0   15   2.8240 
  99.0   25.0   15   2.8360 
  99.2   25.0   15   2.7760 
  99.5   25.0   15   2.7640 
  99.8   25.0   15   2.8240 
 100.0   25.0   15   2.8360 
 100.2   25.0   15   2.7760 
 100.5   25.0   15   2.7640 
 100.8   25.0   15   2.8240 
 101.0   25.0   15   2.8362 
 101.2   25.0   15   2.7777 
 101.5   25.0   15   2.7710 
 101.8   25.0   15   2.8370 
 102.0   25.0   15   2.8472 
  97.0   24.8   15   2.5621 
  97.2   24.8   15   2.5000 
  97.5   24.8   15   2.7896 
  97.8   24.8   15   3.1000 
  98.0   24.8   15   2.8233 
  98.2   24.8   15   2.5000 
  98.5   24.8   15   2.7760 
  98.8   24.8   15   3.1000 
  99.0   24.8   15   2.8240 
  99.2   24.8   15   2.5000 
  99.5   24.8   15   2.7760 
  99.8   24.8   15   3.1000 
 100.0   24.8   15   2.8240 
 100.2   24.8   15   2.5000 
 100.5   24.8   15   2.7760 
 100.8   24.8   15   3.1000 
 101.0   24.8   15   2.8245 
 101.2   24.8   15   2.5000 
 101.5   24.8   15   2.7660 
 101.8   24.8   15   3.1000 
 102.0   24.8   15   3.0397 
  97.0   24.5   15   2.8070 
  97.2   24.5   15   2.8176 
  97.5   24.5   15   2.8357 
  97.8   24.5   15   2.7770 
  98.0   24.5   15   2.7640 
  98.2   24.5   15   2.8239 
  98.5   24.5   15   2.8360 
  98.8   24.5   15   2.7760 
  99.0   24.5   15   2.7640 
  99.2   24.5   15   2.8240 
  99.5   24.5   15   2.8360 
  99.8   24.5   15   2.7760 
 100.0   24.5   15   2.7640 
 100.2   24.5   15   2.8240 
 100.5   24.5   15   2.8360 
 100.8   24.5   15   2.7760 
 101.0   24.5   15   2.7638 
 101.2   24.5   15   2.8223 
 101.5   24.5   15   2.8290 
 101.8   24.5   15   2.7630 
 102.0   24.5   15   2.7528 
  97.0   24.2   15   3.0379 
  97.2   24.2   15   3.1000 
  97.5   24.2   15   2.8104 
  97.8   24.2   15   2.5000 
  98.0   24.2   15   2.7767 
  98.2   24.2   15   3.1000 
  98.5   24.2   15   2.8240 
  98.8   24.2   15   2.5000 
  99.0   24.2   15   2.7760 
  99.2   24.2   15   3.1000 
  99.5   24.2   15   2.8240 
  99.8   24.2   15   2.5000 
 100.0   24.2   15   2.7760 
 100.2   24.2   15   3.1000 
 100.5   24.2   15   2.8240 
 100.8   24.2   15   2.5000 
 101.0   24.2   15   2.7755 
 101.2   24.2   15   3.1000 
 101.5   24.2   15   2.8340 
 101.8   24.2   15   2.5000 
 102.0   24.2   15   2.5603 
  97.0   24.0   15   2.7929 
  97.2   24.0   15   2.7824 
  97.5   24.0   15   2.7643 
  97.8   24.0   15   2.8230 
  98.0   24.0   15   2.8360 
  98.2   24.0   15   2.7761 
  98.5   24.0   15   2.7640 
  98.8   24.0   15   2.8240 
  99.0   24.0   15   2.8360 
  99.2   24.0   15   2.7760 
  99.5   24.0   15   2.7640 
  99.8   24.0   15   2.8240 
 100.0   24.0   15   2.8360 
 100.2   24.0   15   2.7760 
 100.5   24.0   15   2.7640 
 100.8   24.0   15   2.8240 
 101.0   24.0   15   2.8362 
 101.2   24.0   15   2.7776 
 101.5   24.0   15   2.7709 
 101.8   24.0   15   2.8370 
 102.0   24.0   15   2.8472 
  97.0   23.8   15   2.5616 
  97.2   23.8   15   2.5000 
  97.5   23.8   15   2.7896 
  97.8   23.8   15   3.1000 
  98.0   23.8   15   2.8233 
  98.2   23.8   15   2.5000 
  98.5   23.8   15   2.7760 
  98.8   23.8   15   3.1000 
  99.0   23.8   15   2.8240 
  99.2   23.8   15   2.5000 
  99.5   23.8   15   2.7760 
  99.8   23.8   15   3.1000 
 100.0   23.8   15   2.8240 
 100.2   23.8   15   2.5000 
 100.5   23.8   15   2.7760 
 100.8   23.8   15   3.1000 
 101.0   23.8   15   2.8245 
 101.2   23.8   15   2.5000 
 101.5   23.8   15   2.7660 
 101.8   23.8   15   3.1000 
 102.0   23.8   15   3.0397 
  97.0   23.5   15   2.8056 
  97.2   23.5   15   2.8176 
  97.5   23.5   15   2.8357 
  97.8   23.5   15   2.7770 
  98.0   23.5   15   2.7641 
  98.2   23.5   15   2.8239 
  98.5   23.5   15   2.8360 
  98.8   23.5   15   2.7760 
  99.0   23.5   15   2.7640 
  99.2   23.5   15   2.8240 
  99.5   23.5   15   2.8360 
  99.8   23.5   15   2.7760 
 100.0   23.5   15   2.7640 
 100.2   23.5   15   2.8240 
 100.5   23.5   15   2.8360 
 100.8   23.5   15   2.7760 
 101.0   23.5   15   2.7638 
 101.2   23.5   15   2.8224 
 101.5   23.5   15   2.8292 
 101.8   23.5   15   2.7633 
 102.0   23.5   15   2.7529 
  97.0   23.2   15   3.0353 
  97.2   23.2   15   3.1000 
  97.5   23.2   15   2.8104 
  97.8   23.2   15   2.5000 
  98.0   23.2   15   2.7768 
  98.2   23.2   15   3.1000 
  98.5   23.2   15   2.8239 
  98.8   23.2   15   2.5000 
  99.0   23.2   15   2.7761 
  99.2   23.2   15   3.1000 
  99.5   23.2   15   2.8239 
  99.8   23.2   15   2.5000 
 100.0   23.2   15   2.7761 
 100.2   23.2   15   3.1000 
 100.5   23.2   15   2.8239 
 100.8   23.2   15   2.5000 
 101.0   23.2   15   2.7756 
 101.2   23.2   15   3.1000 
 101.5   23.2   15   2.8339 
 101.8   23.2   15   2.5000 
 102.0   23.2   15   2.5594 
  97.0   23.0   15   2.7899 
  97.2   23.0   15   2.7860 
  97.5   23.0   15   2.7665 
  97.8   23.0   15   2.8219 
  98.0   23.0   15   2.8356 
  98.2   23.0   15   2.7768 
  98.5   23.0   15   2.7641 
  98.8   23.0   15   2.8233 
  99.0   23.0   15   2.8360 
  99.2   23.0   15   2.7767 
  99.5   23.0   15   2.7640 
  99.8   23.0   15   2.8233 
 100.0   23.0   15   2.8360 
 100.2   23.0   15   2.7767 
 100.5   23.0   15   2.7640 
 100.8   23.0   15   2.8232 
 101.0   23.0   15   2.8359 
 101.2   23.0   15   2.7776 
 101.5   23.0   15   2.7690 
 101.8   23.0   15   2.8327 
 102.0   23.0   15   2.8426 
  97.0   22.8   15   2.5606 
  97.2   22.8   15   2.5000 
  97.5   22.8   15   2.7945 
  97.8   22.8   15   3.1000 
  98.0   22.8   15   2.8219 
  98.2   22.8   15   2.5000 
  98.5   22.8   15   2.7770 
  98.8   22.8   15   3.1000 
  99.0   22.8   15   2.8230 
  99.2   22.8   15   2.5000 
  99.5   22.8   15   2.7770 
  99.8   22.8   15   3.1000 
 100.0   22.8   15   2.8230 
 100.2   22.8   15   2.5000 
 100.5   22.8   15   2.7770 
 100.8   22.8   15   3.1000 
 101.0   22.8   15   2.8235 
 101.2   22.8   15   2.5000 
 101.5   22.8   15   2.7666 
 101.8   22.8   15   3.1000 
 102.0   22.8   15   3.0473 
  97.0   22.5   15   2.8458 
  97.2   22.5   15   2.7538 
  97.5   22.5   15   2.8162 
  97.8   22.5   15   2.7945 
  98.0   22.5   15   2.7665 
  98.2   22.5   15   2.8104 
  98.5   22.5   15   2.8357 
  98.8   22.5   15   2.7896 
  99.0   22.5   15   2.7643 
  99.2   22.5   15   2.8104 
  99.5   22.5   15   2.8357 
  99.8   22.5   15   2.7896 
 100.0   22.5   15   2.7643 
 100.2   22.5   15   2.8104 
 100.5   22.5   15   2.8357 
 100.8   22.5   15   2.7898 
 101.0   22.5   15   2.7654 
 101.2   22.5   15   2.8134 
 101.5   22.5   15   2.8432 
 101.8   22.5   15   2.8109 
 102.0   22.5   15   2.8295 
  97.0   22.2   15   3.3828 
  97.2   22.2   15   3.1000 
  97.5   22.2   15   2.7538 
  97.8   22.2   15   2.5000 
  98.0   22.2   15   2.7860 
  98.2   22.2   15   3.1000 
  98.5   22.2   15   2.8176 
  98.8   22.2   15   2.5000 
  99.0   22.2   15   2.7824 
  99.2   22.2   15   3.1000 
  99.5   22.2   15   2.8176 
  99.8   22.2   15   2.5000 
 100.0   22.2   15   2.7824 
 100.2   22.2   15   3.1000 
 100.5   22.2   15   2.8177 
 100.8   22.2   15   2.5000 
 101.0   22.2   15   2.7822 
 101.2   22.2   15   3.1000 
 101.5   22.2   15   2.8351 
 101.8   22.2   15   2.5000 
 102.0   22.2   15   2.5937 
  97.0   22.0   15   3.9190 
  97.2   22.0   15   3.3827 
  97.5   22.0   15   2.8458 
  97.8   22.0   15   2.5606 
  98.0   22.0   15   2.7899 
  98.2   22.0   15   3.0353 
  98.5   22.0   15   2.8056 
  98.8   22.0   15   2.5616 
  99.0   22.0   15   2.7929 
  99.2   22.0   15   3.0379 
  99.5   22.0   15   2.8070 
  99.8   22.0   15   2.5621 
 100.0   22.0   15   2.7931 
 100.2   22.0   15   3.0381 
 100.5   22.0   15   2.8072 
 100.8   22.0   15   2.5616 
 101.0   22.0   15   2.7889 
 101.2   22.0   15   3.0193 
 101.5   22.0   15   2.7385 
 101.8   22.0   15   2.3102 
 102.0   22.0   15   2.1199 
