  97.0   27.0   20   2.2199 
  97.2   27.0   20   2.6937 
  97.5   27.0   20   2.9295 
  97.8   27.0   20   3.1473 
  98.0   27.0   20   2.9426 
  98.2   27.0   20   2.6594 
  98.5   27.0   20   2.8529 
  98.8   27.0   20   3.1397 
  99.0   27.0   20   2.9472 
  99.2   27.0   20   2.6603 
  99.5   27.0   20   2.8528 
  99.8   27.0   20   3.1397 
 100.0   27.0   20   2.9472 
 100.2   27.0   20   2.6603 
 100.5   27.0   20   2.8526 
 100.8   27.0   20   3.1393 
 101.0   27.0   20   2.9465 
 101.2   27.0   20   2.6594 
 101.5   27.0   20   2.8613 
 101.8   27.0   20   3.2248 
 102.0   27.0   20   3.2823 
  97.0   26.8   20   2.4102 
  97.2   26.8   20   2.6000 
  97.5   26.8   20   2.9109 
  97.8   26.8   20   3.2000 
  98.0   26.8   20   2.9327 
  98.2   26.8   20   2.6000 
  98.5   26.8   20   2.8633 
  98.8   26.8   20   3.2000 
  99.0   26.8   20   2.9370 
  99.2   26.8   20   2.6000 
  99.5   26.8   20   2.8630 
  99.8   26.8   20   3.2000 
 100.0   26.8   20   2.9370 
 100.2   26.8   20   2.6000 
 100.5   26.8   20   2.8629 
 100.8   26.8   20   3.2000 
 101.0   26.8   20   2.9381 
 101.2   26.8   20   2.6000 
 101.5   26.8   20   2.8416 
 101.8   26.8   20   3.2000 
 102.0   26.8   20   3.2248 
  97.0   26.5   20   2.8385 
  97.2   26.5   20   2.9351 
  97.5   26.5   20   2.9432 
  97.8   26.5   20   2.8666 
  98.0   26.5   20   2.8690 
  98.2   26.5   20   2.9339 
  98.5   26.5   20   2.9292 
  98.8   26.5   20   2.8660 
  99.0   26.5   20   2.8709 
  99.2   26.5   20   2.9340 
  99.5   26.5   20   2.9290 
  99.8   26.5   20   2.8660 
 100.0   26.5   20   2.8710 
 100.2   26.5   20   2.9340 
 100.5   26.5   20   2.9291 
 100.8   26.5   20   2.8661 
 101.0   26.5   20   2.8709 
 101.2   26.5   20   2.9308 
 101.5   26.5   20   2.9131 
 101.8   26.5   20   2.8416 
 102.0   26.5   20   2.8613 
  97.0   26.2   20   3.1193 
  97.2   26.2   20   3.2000 
  97.5   26.2   20   2.9134 
  97.8   26.2   20   2.6000 
  98.0   26.2   20   2.8776 
  98.2   26.2   20   3.2000 
  98.5   26.2   20   2.9224 
  98.8   26.2   20   2.6000 
  99.0   26.2   20   2.8776 
  99.2   26.2   20   3.2000 
  99.5   26.2   20   2.9223 
  99.8   26.2   20   2.6000 
 100.0   26.2   20   2.8777 
 100.2   26.2   20   3.2000 
 100.5   26.2   20   2.9224 
 100.8   26.2   20   2.6000 
 101.0   26.2   20   2.8774 
 101.2   26.2   20   3.2000 
 101.5   26.2   20   2.9308 
 101.8   26.2   20   2.6000 
 102.0   26.2   20   2.6594 
  97.0   26.0   20   2.8889 
  97.2   26.0   20   2.8822 
  97.5   26.0   20   2.8654 
  97.8   26.0   20   2.9235 
  98.0   26.0   20   2.9359 
  98.2   26.0   20   2.8756 
  98.5   26.0   20   2.8638 
  98.8   26.0   20   2.9245 
  99.0   26.0   20   2.9362 
  99.2   26.0   20   2.8755 
  99.5   26.0   20   2.8638 
  99.8   26.0   20   2.9245 
 100.0   26.0   20   2.9362 
 100.2   26.0   20   2.8755 
 100.5   26.0   20   2.8638 
 100.8   26.0   20   2.9245 
 101.0   26.0   20   2.9366 
 101.2   26.0   20   2.8774 
 101.5   26.0   20   2.8709 
 101.8   26.0   20   2.9381 
 102.0   26.0   20   2.9465 
  97.0   25.8   20   2.6616 
  97.2   25.8   20   2.6000 
  97.5   25.8   20   2.8898 
  97.8   25.8   20   3.2000 
  98.0   25.8   20   2.9232 
  98.2   25.8   20   2.6000 
  98.5   25.8   20   2.8760 
  98.8   25.8   20   3.2000 
  99.0   25.8   20   2.9240 
  99.2   25.8   20   2.6000 
  99.5   25.8   20   2.8760 
  99.8   25.8   20   3.2000 
 100.0   25.8   20   2.9240 
 100.2   25.8   20   2.6000 
 100.5   25.8   20   2.8759 
 100.8   25.8   20   3.2000 
 101.0   25.8   20   2.9245 
 101.2   25.8   20   2.6000 
 101.5   25.8   20   2.8661 
 101.8   25.8   20   3.2000 
 102.0   25.8   20   3.1393 
  97.0   25.5   20   2.9072 
  97.2   25.5   20   2.9177 
  97.5   25.5   20   2.9357 
  97.8   25.5   20   2.8770 
  98.0   25.5   20   2.8640 
  98.2   25.5   20   2.9239 
  98.5   25.5   20   2.9360 
  98.8   25.5   20   2.8760 
  99.0   25.5   20   2.8640 
  99.2   25.5   20   2.9240 
  99.5   25.5   20   2.9360 
  99.8   25.5   20   2.8760 
 100.0   25.5   20   2.8640 
 100.2   25.5   20   2.9240 
 100.5   25.5   20   2.9360 
 100.8   25.5   20   2.8759 
 101.0   25.5   20   2.8638 
 101.2   25.5   20   2.9224 
 101.5   25.5   20   2.9291 
 101.8   25.5   20   2.8629 
 102.0   25.5   20   2.8526 
  97.0   25.2   20   3.1381 
  97.2   25.2   20   3.2000 
  97.5   25.2   20   2.9104 
  97.8   25.2   20   2.6000 
  98.0   25.2   20   2.8767 
  98.2   25.2   20   3.2000 
  98.5   25.2   20   2.9240 
  98.8   25.2   20   2.6000 
  99.0   25.2   20   2.8760 
  99.2   25.2   20   3.2000 
  99.5   25.2   20   2.9240 
  99.8   25.2   20   2.6000 
 100.0   25.2   20   2.8760 
 100.2   25.2   20   3.2000 
 100.5   25.2   20   2.9240 
 100.8   25.2   20   2.6000 
 101.0   25.2   20   2.8755 
 101.2   25.2   20   3.2000 
 101.5   25.2   20   2.9340 
 101.8   25.2   20   2.6000 
 102.0   25.2   20   2.6603 
  97.0   25.0   20   2.8931 
  97.2   25.0   20   2.8824 
  97.5   25.0   20   2.8643 
  97.8   25.0   20   2.9230 
  98.0   25.0   20   2.9360 
  98.2   25.0   20   2.8761 
  98.5   25.0   20   2.8640 
  98.8   25.0   20   2.9240 
  99.0   25.0   20   2.9360 
  99.2   25.0   20   2.8760 
  99.5   25.0   20   2.8640 
  99.8   25.0   20   2.9240 
 100.0   25.0   20   2.9360 
 100.2   25.0   20   2.8760 
 100.5   25.0   20   2.8640 
 100.8   25.0   20   2.9240 
 101.0   25.0   20   2.9362 
 101.2   25.0   20   2.8777 
 101.5   25.0   20   2.8710 
 101.8   25.0   20   2.9370 
 102.0   25.0   20   2.9472 
  97.0   24.8   20   2.6621 
  97.2   24.8   20   2.6000 
  97.5   24.8   20   2.8896 
  97.8   24.8   20   3.2000 
  98.0   24.8   20   2.9233 
  98.2   24.8   20   2.6000 
  98.5   24.8   20   2.8760 
  98.8   24.8   20   3.2000 
  99.0   24.8   20   2.9240 
  99.2   24.8   20   2.6000 
  99.5   24.8   20   2.8760 
  99.8   24.8   20   3.2000 
 100.0   24.8   20   2.9240 
 100.2   24.8   20   2.6000 
 100.5   24.8   20   2.8760 
 100.8   24.8   20   3.2000 
 101.0   24.8   20   2.9245 
 101.2   24.8   20   2.6000 
 101.5   24.8   20   2.8660 
 101.8   24.8   20   3.2000 
 102.0   24.8   20   3.1397 
  97.0   24.5   20   2.9070 
  97.2   24.5   20   2.9176 
  97.5   24.5   20   2.9357 
  97.8   24.5   20   2.8770 
  98.0   24.5   20   2.8640 
  98.2   24.5   20   2.9239 
  98.5   24.5   20   2.9360 
  98.8   24.5   20   2.8760 
  99.0   24.5   20   2.8640 
  99.2   24.5   20   2.9240 
  99.5   24.5   20   2.9360 
  99.8   24.5   20   2.8760 
 100.0   24.5   20   2.8640 
 100.2   24.5   20   2.9240 
 100.5   24.5   20   2.9360 
 100.8   24.5   20   2.8760 
 101.0   24.5   20   2.8638 
 101.2   24.5   20   2.9223 
 101.5   24.5   20   2.9290 
 101.8   24.5   20   2.8630 
 102.0   24.5   20   2.8528 
  97.0   24.2   20   3.1379 
  97.2   24.2   20   3.2000 
  97.5   24.2   20   2.9104 
  97.8   24.2   20   2.6000 
  98.0   24.2   20   2.8767 
  98.2   24.2   20   3.2000 
  98.5   24.2   20   2.9240 
  98.8   24.2   20   2.6000 
  99.0   24.2   20   2.8760 
  99.2   24.2   20   3.2000 
  99.5   24.2   20   2.9240 
  99.8   24.2   20   2.6000 
 100.0   24.2   20   2.8760 
 100.2   24.2   20   3.2000 
 100.5   24.2   20   2.9240 
 100.8   24.2   20   2.6000 
 101.0   24.2   20   2.8755 
 101.2   24.2   20   3.2000 
 101.5   24.2   20   2.9340 
 101.8   24.2   20   2.6000 
 102.0   24.2   20   2.6603 
  97.0   24.0   20   2.8929 
  97.2   24.0   20   2.8824 
  97.5   24.0   20   2.8643 
  97.8   24.0   20   2.9230 
  98.0   24.0   20   2.9360 
  98.2   24.0   20   2.8761 
  98.5   24.0   20   2.8640 
  98.8   24.0   20   2.9240 
  99.0   24.0   20   2.9360 
  99.2   24.0   20   2.8760 
  99.5   24.0   20   2.8640 
  99.8   24.0   20   2.9240 
 100.0   24.0   20   2.9360 
 100.2   24.0   20   2.8760 
 100.5   24.0   20   2.8640 
 100.8   24.0   20   2.9240 
 101.0   24.0   20   2.9362 
 101.2   24.0   20   2.8776 
 101.5   24.0   20   2.8709 
 101.8   24.0   20   2.9370 
 102.0   24.0   20   2.9472 
  97.0   23.8   20   2.6616 
  97.2   23.8   20   2.6000 
  97.5   23.8   20   2.8896 
  97.8   23.8   20   3.2000 
  98.0   23.8   20   2.9233 
  98.2   23.8   20   2.6000 
  98.5   23.8   20   2.8760 
  98.8   23.8   20   3.2000 
  99.0   23.8   20   2.9240 
  99.2   23.8   20   2.6000 
  99.5   23.8   20   2.8760 
  99.8   23.8   20   3.2000 
 100.0   23.8   20   2.9240 
 100.2   23.8   20   2.6000 
 100.5   23.8   20   2.8760 
 100.8   23.8   20   3.2000 
 101.0   23.8   20   2.9245 
 101.2   23.8   20   2.6000 
 101.5   23.8   20   2.8660 
 101.8   23.8   20   3.2000 
 102.0   23.8   20   3.1397 
  97.0   23.5   20   2.9056 
  97.2   23.5   20   2.9176 
  97.5   23.5   20   2.9357 
  97.8   23.5   20   2.8770 
  98.0   23.5   20   2.8641 
  98.2   23.5   20   2.9239 
  98.5   23.5   20   2.9360 
  98.8   23.5   20   2.8760 
  99.0   23.5   20   2.8640 
  99.2   23.5   20   2.9240 
  99.5   23.5   20   2.9360 
  99.8   23.5   20   2.8760 
 100.0   23.5   20   2.8640 
 100.2   23.5   20   2.9240 
 100.5   23.5   20   2.9360 
 100.8   23.5   20   2.8760 
 101.0   23.5   20   2.8638 
 101.2   23.5   20   2.9224 
 101.5   23.5   20   2.9292 
 101.8   23.5   20   2.8633 
 102.0   23.5   20   2.8529 
  97.0   23.2   20   3.1353 
  97.2   23.2   20   3.2000 
  97.5   23.2   20   2.9104 
  97.8   23.2   20   2.6000 
  98.0   23.2   20   2.8768 
  98.2   23.2   20   3.2000 
  98.5   23.2   20   2.9239 
  98.8   23.2   20   2.6000 
  99.0   23.2   20   2.8761 
  99.2   23.2   20   3.2000 
  99.5   23.2   20   2.9239 
  99.8   23.2   20   2.6000 
 100.0   23.2   20   2.8761 
 100.2   23.2   20   3.2000 
 100.5   23.2   20   2.9239 
 100.8   23.2   20   2.6000 
 101.0   23.2   20   2.8756 
 101.2   23.2   20   3.2000 
 101.5   23.2   20   2.9339 
 101.8   23.2   20   2.6000 
 102.0   23.2   20   2.6594 
  97.0   23.0   20   2.8899 
  97.2   23.0   20   2.8860 
  97.5   23.0   20   2.8665 
  97.8   23.0   20   2.9219 
  98.0   23.0   20   2.9356 
  98.2   23.0   20   2.8768 
  98.5   23.0   20   2.8641 
  98.8   23.0   20   2.9233 
  99.0   23.0   20   2.9360 
  99.2   23.0   20   2.8767 
  99.5   23.0   20   2.8640 
  99.8   23.0   20   2.9233 
 100.0   23.0   20   2.9360 
 100.2   23.0   20   2.8767 
 100.5   23.0   20   2.8640 
 100.8   23.0   20   2.9232 
 101.0   23.0   20   2.9359 
 101.2   23.0   20   2.8776 
 101.5   23.0   20   2.8690 
 101.8   23.0   20   2.9327 
 102.0   23.0   20   2.9426 
  97.0   22.8   20   2.6606 
  97.2   22.8   20   2.6000 
  97.5   22.8   20   2.8945 
  97.8   22.8   20   3.2000 
  98.0   22.8   20   2.9219 
  98.2   22.8   20   2.6000 
  98.5   22.8   20   2.8770 
  98.8   22.8   20   3.2000 
  99.0   22.8   20   2.9230 
  99.2   22.8   20   2.6000 
  99.5   22.8   20   2.8770 
  99.8   22.8   20   3.2000 
 100.0   22.8   20   2.9230 
 100.2   22.8   20   2.6000 
 100.5   22.8   20   2.8770 
 100.8   22.8   20   3.2000 
 101.0   22.8   20   2.9235 
 101.2   22.8   20   2.6000 
 101.5   22.8   20   2.8666 
 101.8   22.8   20   3.2000 
 102.0   22.8   20   3.1473 
  97.0   22.5   20   2.9458 
  97.2   22.5   20   2.8538 
  97.5   22.5   20   2.9162 
  97.8   22.5   20   2.8945 
  98.0   22.5   20   2.8665 
  98.2   22.5   20   2.9104 
  98.5   22.5   20   2.9357 
  98.8   22.5   20   2.8896 
  99.0   22.5   20   2.8643 
  99.2   22.5   20   2.9104 
  99.5   22.5   20   2.9357 
  99.8   22.5   20   2.8896 
 100.0   22.5   20   2.8643 
 100.2   22.5   20   2.9104 
 100.5   22.5   20   2.9357 
 100.8   22.5   20   2.8898 
 101.0   22.5   20   2.8654 
 101.2   22.5   20   2.9134 
 101.5   22.5   20   2.9432 
 101.8   22.5   20   2.9109 
 102.0   22.5   20   2.9295 
  97.0   22.2   20   3.4828 
  97.2   22.2   20   3.2000 
  97.5   22.2   20   2.8538 
  97.8   22.2   20   2.6000 
  98.0   22.2   20   2.8860 
  98.2   22.2   20   3.2000 
  98.5   22.2   20   2.9176 
  98.8   22.2   20   2.6000 
  99.0   22.2   20   2.8824 
  99.2   22.2   20   3.2000 
  99.5   22.2   20   2.9176 
  99.8   22.2   20   2.6000 
 100.0   22.2   20   2.8824 
 100.2   22.2   20   3.2000 
 100.5   22.2   20   2.9177 
 100.8   22.2   20   2.6000 
 101.0   22.2   20   2.8822 
 101.2   22.2   20   3.2000 
 101.5   22.2   20   2.9351 
 101.8   22.2   20   2.6000 
 102.0   22.2   20   2.6937 
  97.0   22.0   20   4.0190 
  97.2   22.0   20   3.4827 
  97.5   22.0   20   2.9458 
  97.8   22.0   20   2.6606 
  98.0   22.0   20   2.8899 
  98.2   22.0   20   3.1353 
  98.5   22.0   20   2.9056 
  98.8   22.0   20   2.6616 
  99.0   22.0   20   2.8929 
  99.2   22.0   20   3.1379 
  99.5   22.0   20   2.9070 
  99.8   22.0   20   2.6621 
 100.0   22.0   20   2.8931 
 100.2   22.0   20   3.1381 
 100.5   22.0   20   2.9072 
 100.8   22.0   20   2.6616 
 101.0   22.0   20   2.8889 
 101.2   22.0   20   3.1193 
 101.5   22.0   20   2.8385 
 101.8   22.0   20   2.4102 
 102.0   22.0   20   2.2199 
