  97.0   27.0   25   2.3199 
  97.2   27.0   25   2.7937 
  97.5   27.0   25   3.0295 
  97.8   27.0   25   3.2473 
  98.0   27.0   25   3.0426 
  98.2   27.0   25   2.7594 
  98.5   27.0   25   2.9529 
  98.8   27.0   25   3.2397 
  99.0   27.0   25   3.0472 
  99.2   27.0   25   2.7603 
  99.5   27.0   25   2.9528 
  99.8   27.0   25   3.2397 
 100.0   27.0   25   3.0472 
 100.2   27.0   25   2.7603 
 100.5   27.0   25   2.9526 
 100.8   27.0   25   3.2393 
 101.0   27.0   25   3.0465 
 101.2   27.0   25   2.7594 
 101.5   27.0   25   2.9613 
 101.8   27.0   25   3.3248 
 102.0   27.0   25   3.3823 
  97.0   26.8   25   2.5102 
  97.2   26.8   25   2.7000 
  97.5   26.8   25   3.0109 
  97.8   26.8   25   3.3000 
  98.0   26.8   25   3.0327 
  98.2   26.8   25   2.7000 
  98.5   26.8   25   2.9633 
  98.8   26.8   25   3.3000 
  99.0   26.8   25   3.0370 
  99.2   26.8   25   2.7000 
  99.5   26.8   25   2.9630 
  99.8   26.8   25   3.3000 
 100.0   26.8   25   3.0370 
 100.2   26.8   25   2.7000 
 100.5   26.8   25   2.9629 
 100.8   26.8   25   3.3000 
 101.0   26.8   25   3.0381 
 101.2   26.8   25   2.7000 
 101.5   26.8   25   2.9416 
 101.8   26.8   25   3.3000 
 102.0   26.8   25   3.3248 
  97.0   26.5   25   2.9385 
  97.2   26.5   25   3.0351 
  97.5   26.5   25   3.0432 
  97.8   26.5   25   2.9666 
  98.0   26.5   25   2.9690 
  98.2   26.5   25   3.0339 
  98.5   26.5   25   3.0292 
  98.8   26.5   25   2.9660 
  99.0   26.5   25   2.9709 
  99.2   26.5   25   3.0340 
  99.5   26.5   25   3.0290 
  99.8   26.5   25   2.9660 
 100.0   26.5   25   2.9710 
 100.2   26.5   25   3.0340 
 100.5   26.5   25   3.0291 
 100.8   26.5   25   2.9661 
 101.0   26.5   25   2.9709 
 101.2   26.5   25   3.0308 
 101.5   26.5   25   3.0131 
 101.8   26.5   25   2.9416 
 102.0   26.5   25   2.9613 
  97.0   26.2   25   3.2193 
  97.2   26.2   25   3.3000 
  97.5   26.2   25   3.0134 
  97.8   26.2   25   2.7000 
  98.0   26.2   25   2.9776 
  98.2   26.2   25   3.3000 
  98.5   26.2   25   3.0224 
  98.8   26.2   25   2.7000 
  99.0   26.2   25   2.9776 
  99.2   26.2   25   3.3000 
  99.5   26.2   25   3.0223 
  99.8   26.2   25   2.7000 
 100.0   26.2   25   2.9777 
 100.2   26.2   25   3.3000 
 100.5   26.2   25   3.0224 
 100.8   26.2   25   2.7000 
 101.0   26.2   25   2.9774 
 101.2   26.2   25   3.3000 
 101.5   26.2   25   3.0308 
 101.8   26.2   25   2.7000 
 102.0   26.2   25   2.7594 
  97.0   26.0   25   2.9889 
  97.2   26.0   25   2.9822 
  97.5   26.0   25   2.9654 
  97.8   26.0   25   3.0235 
  98.0   26.0   25   3.0359 
  98.2   26.0   25   2.9756 
  98.5   26.0   25   2.9638 
  98.8   26.0   25   3.0245 
  99.0   26.0   25   3.0362 
  99.2   26.0   25   2.9755 
  99.5   26.0   25   2.9638 
  99.8   26.0   25   3.0245 
 100.0   26.0   25   3.0362 
 100.2   26.0   25   2.9755 
 100.5   26.0   25   2.9638 
 100.8   26.0   25   3.0245 
 101.0   26.0   25   3.0366 
 101.2   26.0   25   2.9774 
 101.5   26.0   25   2.9709 
 101.8   26.0   25   3.0381 
 102.0   26.0   25   3.0465 
  97.0   25.8   25   2.7616 
  97.2   25.8   25   2.7000 
  97.5   25.8   25   2.9898 
  97.8   25.8   25   3.3000 
  98.0   25.8   25   3.0232 
  98.2   25.8   25   2.7000 
  98.5   25.8   25   2.9760 
  98.8   25.8   25   3.3000 
  99.0   25.8   25   3.0240 
  99.2   25.8   25   2.7000 
  99.5   25.8   25   2.9760 
  99.8   25.8   25   3.3000 
 100.0   25.8   25   3.0240 
 100.2   25.8   25   2.7000 
 100.5   25.8   25   2.9759 
 100.8   25.8   25   3.3000 
 101.0   25.8   25   3.0245 
 101.2   25.8   25   2.7000 
 101.5   25.8   25   2.9661 
 101.8   25.8   25   3.3000 
 102.0   25.8   25   3.2393 
  97.0   25.5   25   3.0072 
  97.2   25.5   25   3.0177 
  97.5   25.5   25   3.0357 
  97.8   25.5   25   2.9770 
  98.0   25.5   25   2.9640 
  98.2   25.5   25   3.0239 
  98.5   25.5   25   3.0360 
  98.8   25.5   25   2.9760 
  99.0   25.5   25   2.9640 
  99.2   25.5   25   3.0240 
  99.5   25.5   25   3.0360 
  99.8   25.5   25   2.9760 
 100.0   25.5   25   2.9640 
 100.2   25.5   25   3.0240 
 100.5   25.5   25   3.0360 
 100.8   25.5   25   2.9759 
 101.0   25.5   25   2.9638 
 101.2   25.5   25   3.0224 
 101.5   25.5   25   3.0291 
 101.8   25.5   25   2.9629 
 102.0   25.5   25   2.9526 
  97.0   25.2   25   3.2381 
  97.2   25.2   25   3.3000 
  97.5   25.2   25   3.0104 
  97.8   25.2   25   2.7000 
  98.0   25.2   25   2.9767 
  98.2   25.2   25   3.3000 
  98.5   25.2   25   3.0240 
  98.8   25.2   25   2.7000 
  99.0   25.2   25   2.9760 
  99.2   25.2   25   3.3000 
  99.5   25.2   25   3.0240 
  99.8   25.2   25   2.7000 
 100.0   25.2   25   2.9760 
 100.2   25.2   25   3.3000 
 100.5   25.2   25   3.0240 
 100.8   25.2   25   2.7000 
 101.0   25.2   25   2.9755 
 101.2   25.2   25   3.3000 
 101.5   25.2   25   3.0340 
 101.8   25.2   25   2.7000 
 102.0   25.2   25   2.7603 
  97.0   25.0   25   2.9931 
  97.2   25.0   25   2.9824 
  97.5   25.0   25   2.9643 
  97.8   25.0   25   3.0230 
  98.0   25.0   25   3.0360 
  98.2   25.0   25   2.9761 
  98.5   25.0   25   2.9640 
  98.8   25.0   25   3.0240 
  99.0   25.0   25   3.0360 
  99.2   25.0   25   2.9760 
  99.5   25.0   25   2.9640 
  99.8   25.0   25   3.0240 
 100.0   25.0   25   3.0360 
 100.2   25.0   25   2.9760 
 100.5   25.0   25   2.9640 
 100.8   25.0   25   3.0240 
 101.0   25.0   25   3.0362 
 101.2   25.0   25   2.9777 
 101.5   25.0   25   2.9710 
 101.8   25.0   25   3.0370 
 102.0   25.0   25   3.0472 
  97.0   24.8   25   2.7621 
  97.2   24.8   25   2.7000 
  97.5   24.8   25   2.9896 
  97.8   24.8   25   3.3000 
  98.0   24.8   25   3.0233 
  98.2   24.8   25   2.7000 
  98.5   24.8   25   2.9760 
  98.8   24.8   25   3.3000 
  99.0   24.8   25   3.0240 
  99.2   24.8   25   2.7000 
  99.5   24.8   25   2.9760 
  99.8   24.8   25   3.3000 
 100.0   24.8   25   3.0240 
 100.2   24.8   25   2.7000 
 100.5   24.8   25   2.9760 
 100.8   24.8   25   3.3000 
 101.0   24.8   25   3.0245 
 101.2   24.8   25   2.7000 
 101.5   24.8   25   2.9660 
 101.8   24.8   25   3.3000 
 102.0   24.8   25   3.2397 
  97.0   24.5   25   3.0070 
  97.2   24.5   25   3.0176 
  97.5   24.5   25   3.0357 
  97.8   24.5   25   2.9770 
  98.0   24.5   25   2.9640 
  98.2   24.5   25   3.0239 
  98.5   24.5   25   3.0360 
  98.8   24.5   25   2.9760 
  99.0   24.5   25   2.9640 
  99.2   24.5   25   3.0240 
  99.5   24.5   25   3.0360 
  99.8   24.5   25   2.9760 
 100.0   24.5   25   2.9640 
 100.2   24.5   25   3.0240 
 100.5   24.5   25   3.0360 
 100.8   24.5   25   2.9760 
 101.0   24.5   25   2.9638 
 101.2   24.5   25   3.0223 
 101.5   24.5   25   3.0290 
 101.8   24.5   25   2.9630 
 102.0   24.5   25   2.9528 
  97.0   24.2   25   3.2379 
  97.2   24.2   25   3.3000 
  97.5   24.2   25   3.0104 
  97.8   24.2   25   2.7000 
  98.0   24.2   25   2.9767 
  98.2   24.2   25   3.3000 
  98.5   24.2   25   3.0240 
  98.8   24.2   25   2.7000 
  99.0   24.2   25   2.9760 
  99.2   24.2   25   3.3000 
  99.5   24.2   25   3.0240 
  99.8   24.2   25   2.7000 
 100.0   24.2   25   2.9760 
 100.2   24.2   25   3.3000 
 100.5   24.2   25   3.0240 
 100.8   24.2   25   2.7000 
 101.0   24.2   25   2.9755 
 101.2   24.2   25   3.3000 
 101.5   24.2   25   3.0340 
 101.8   24.2   25   2.7000 
 102.0   24.2   25   2.7603 
  97.0   24.0   25   2.9929 
  97.2   24.0   25   2.9824 
  97.5   24.0   25   2.9643 
  97.8   24.0   25   3.0230 
  98.0   24.0   25   3.0360 
  98.2   24.0   25   2.9761 
  98.5   24.0   25   2.9640 
  98.8   24.0   25   3.0240 
  99.0   24.0   25   3.0360 
  99.2   24.0   25   2.9760 
  99.5   24.0   25   2.9640 
  99.8   24.0   25   3.0240 
 100.0   24.0   25   3.0360 
 100.2   24.0   25   2.9760 
 100.5   24.0   25   2.9640 
 100.8   24.0   25   3.0240 
 101.0   24.0   25   3.0362 
 101.2   24.0   25   2.9776 
 101.5   24.0   25   2.9709 
 101.8   24.0   25   3.0370 
 102.0   24.0   25   3.0472 
  97.0   23.8   25   2.7616 
  97.2   23.8   25   2.7000 
  97.5   23.8   25   2.9896 
  97.8   23.8   25   3.3000 
  98.0   23.8   25   3.0233 
  98.2   23.8   25   2.7000 
  98.5   23.8   25   2.9760 
  98.8   23.8   25   3.3000 
  99.0   23.8   25   3.0240 
  99.2   23.8   25   2.7000 
  99.5   23.8   25   2.9760 
  99.8   23.8   25   3.3000 
 100.0   23.8   25   3.0240 
 100.2   23.8   25   2.7000 
 100.5   23.8   25   2.9760 
 100.8   23.8   25   3.3000 
 101.0   23.8   25   3.0245 
 101.2   23.8   25   2.7000 
 101.5   23.8   25   2.9660 
 101.8   23.8   25   3.3000 
 102.0   23.8   25   3.2397 
  97.0   23.5   25   3.0056 
  97.2   23.5   25   3.0176 
  97.5   23.5   25   3.0357 
  97.8   23.5   25   2.9770 
  98.0   23.5   25   2.9641 
  98.2   23.5   25   3.0239 
  98.5   23.5   25   3.0360 
  98.8   23.5   25   2.9760 
  99.0   23.5   25   2.9640 
  99.2   23.5   25   3.0240 
  99.5   23.5   25   3.0360 
  99.8   23.5   25   2.9760 
 100.0   23.5   25   2.9640 
 100.2   23.5   25   3.0240 
 100.5   23.5   25   3.0360 
 100.8   23.5   25   2.9760 
 101.0   23.5   25   2.9638 
 101.2   23.5   25   3.0224 
 101.5   23.5   25   3.0292 
 101.8   23.5   25   2.9633 
 102.0   23.5   25   2.9529 
  97.0   23.2   25   3.2353 
  97.2   23.2   25   3.3000 
  97.5   23.2   25   3.0104 
  97.8   23.2   25   2.7000 
  98.0   23.2   25   2.9768 
  98.2   23.2   25   3.3000 
  98.5   23.2   25   3.0239 
  98.8   23.2   25   2.7000 
  99.0   23.2   25   2.9761 
  99.2   23.2   25   3.3000 
  99.5   23.2   25   3.0239 
  99.8   23.2   25   2.7000 
 100.0   23.2   25   2.9761 
 100.2   23.2   25   3.3000 
 100.5   23.2   25   3.0239 
 100.8   23.2   25   2.7000 
 101.0   23.2   25   2.9756 
 101.2   23.2   25   3.3000 
 101.5   23.2   25   3.0339 
 101.8   23.2   25   2.7000 
 102.0   23.2   25   2.7594 
  97.0   23.0   25   2.9899 
  97.2   23.0   25   2.9860 
  97.5   23.0   25   2.9665 
  97.8   23.0   25   3.0219 
  98.0   23.0   25   3.0356 
  98.2   23.0   25   2.9768 
  98.5   23.0   25   2.9641 
  98.8   23.0   25   3.0233 
  99.0   23.0   25   3.0360 
  99.2   23.0   25   2.9767 
  99.5   23.0   25   2.9640 
  99.8   23.0   25   3.0233 
 100.0   23.0   25   3.0360 
 100.2   23.0   25   2.9767 
 100.5   23.0   25   2.9640 
 100.8   23.0   25   3.0232 
 101.0   23.0   25   3.0359 
 101.2   23.0   25   2.9776 
 101.5   23.0   25   2.9690 
 101.8   23.0   25   3.0327 
 102.0   23.0   25   3.0426 
  97.0   22.8   25   2.7606 
  97.2   22.8   25   2.7000 
  97.5   22.8   25   2.9945 
  97.8   22.8   25   3.3000 
  98.0   22.8   25   3.0219 
  98.2   22.8   25   2.7000 
  98.5   22.8   25   2.9770 
  98.8   22.8   25   3.3000 
  99.0   22.8   25   3.0230 
  99.2   22.8   25   2.7000 
  99.5   22.8   25   2.9770 
  99.8   22.8   25   3.3000 
 100.0   22.8   25   3.0230 
 100.2   22.8   25   2.7000 
 100.5   22.8   25   2.9770 
 100.8   22.8   25   3.3000 
 101.0   22.8   25   3.0235 
 101.2   22.8   25   2.7000 
 101.5   22.8   25   2.9666 
 101.8   22.8   25   3.3000 
 102.0   22.8   25   3.2473 
  97.0   22.5   25   3.0458 
  97.2   22.5   25   2.9538 
  97.5   22.5   25   3.0162 
  97.8   22.5   25   2.9945 
  98.0   22.5   25   2.9665 
  98.2   22.5   25   3.0104 
  98.5   22.5   25   3.0357 
  98.8   22.5   25   2.9896 
  99.0   22.5   25   2.9643 
  99.2   22.5   25   3.0104 
  99.5   22.5   25   3.0357 
  99.8   22.5   25   2.9896 
 100.0   22.5   25   2.9643 
 100.2   22.5   25   3.0104 
 100.5   22.5   25   3.0357 
 100.8   22.5   25   2.9898 
 101.0   22.5   25   2.9654 
 101.2   22.5   25   3.0134 
 101.5   22.5   25   3.0432 
 101.8   22.5   25   3.0109 
 102.0   22.5   25   3.0295 
  97.0   22.2   25   3.5828 
  97.2   22.2   25   3.3000 
  97.5   22.2   25   2.9538 
  97.8   22.2   25   2.7000 
  98.0   22.2   25   2.9860 
  98.2   22.2   25   3.3000 
  98.5   22.2   25   3.0176 
  98.8   22.2   25   2.7000 
  99.0   22.2   25   2.9824 
  99.2   22.2   25   3.3000 
  99.5   22.2   25   3.0176 
  99.8   22.2   25   2.7000 
 100.0   22.2   25   2.9824 
 100.2   22.2   25   3.3000 
 100.5   22.2   25   3.0177 
 100.8   22.2   25   2.7000 
 101.0   22.2   25   2.9822 
 101.2   22.2   25   3.3000 
 101.5   22.2   25   3.0351 
 101.8   22.2   25   2.7000 
 102.0   22.2   25   2.7937 
  97.0   22.0   25   4.1190 
  97.2   22.0   25   3.5827 
  97.5   22.0   25   3.0458 
  97.8   22.0   25   2.7606 
  98.0   22.0   25   2.9899 
  98.2   22.0   25   3.2353 
  98.5   22.0   25   3.0056 
  98.8   22.0   25   2.7616 
  99.0   22.0   25   2.9929 
  99.2   22.0   25   3.2379 
  99.5   22.0   25   3.0070 
  99.8   22.0   25   2.7621 
 100.0   22.0   25   2.9931 
 100.2   22.0   25   3.2381 
 100.5   22.0   25   3.0072 
 100.8   22.0   25   2.7616 
 101.0   22.0   25   2.9889 
 101.2   22.0   25   3.2193 
 101.5   22.0   25   2.9385 
 101.8   22.0   25   2.5102 
 102.0   22.0   25   2.3199 
