  97.0   27.0   35   2.5199 
  97.2   27.0   35   2.9937 
  97.5   27.0   35   3.2295 
  97.8   27.0   35   3.4473 
  98.0   27.0   35   3.2426 
  98.2   27.0   35   2.9594 
  98.5   27.0   35   3.1529 
  98.8   27.0   35   3.4397 
  99.0   27.0   35   3.2472 
  99.2   27.0   35   2.9603 
  99.5   27.0   35   3.1528 
  99.8   27.0   35   3.4397 
 100.0   27.0   35   3.2472 
 100.2   27.0   35   2.9603 
 100.5   27.0   35   3.1526 
 100.8   27.0   35   3.4393 
 101.0   27.0   35   3.2465 
 101.2   27.0   35   2.9594 
 101.5   27.0   35   3.1613 
 101.8   27.0   35   3.5248 
 102.0   27.0   35   3.5823 
  97.0   26.8   35   2.7102 
  97.2   26.8   35   2.9000 
  97.5   26.8   35   3.2109 
  97.8   26.8   35   3.5000 
  98.0   26.8   35   3.2327 
  98.2   26.8   35   2.9000 
  98.5   26.8   35   3.1633 
  98.8   26.8   35   3.5000 
  99.0   26.8   35   3.2370 
  99.2   26.8   35   2.9000 
  99.5   26.8   35   3.1630 
  99.8   26.8   35   3.5000 
 100.0   26.8   35   3.2370 
 100.2   26.8   35   2.9000 
 100.5   26.8   35   3.1629 
 100.8   26.8   35   3.5000 
 101.0   26.8   35   3.2381 
 101.2   26.8   35   2.9000 
 101.5   26.8   35   3.1416 
 101.8   26.8   35   3.5000 
 102.0   26.8   35   3.5248 
  97.0   26.5   35   3.1385 
  97.2   26.5   35   3.2351 
  97.5   26.5   35   3.2432 
  97.8   26.5   35   3.1666 
  98.0   26.5   35   3.1690 
  98.2   26.5   35   3.2339 
  98.5   26.5   35   3.2292 
  98.8   26.5   35   3.1660 
  99.0   26.5   35   3.1709 
  99.2   26.5   35   3.2340 
  99.5   26.5   35   3.2290 
  99.8   26.5   35   3.1660 
 100.0   26.5   35   3.1710 
 100.2   26.5   35   3.2340 
 100.5   26.5   35   3.2291 
 100.8   26.5   35   3.1661 
 101.0   26.5   35   3.1709 
 101.2   26.5   35   3.2308 
 101.5   26.5   35   3.2131 
 101.8   26.5   35   3.1416 
 102.0   26.5   35   3.1613 
  97.0   26.2   35   3.4193 
  97.2   26.2   35   3.5000 
  97.5   26.2   35   3.2134 
  97.8   26.2   35   2.9000 
  98.0   26.2   35   3.1776 
  98.2   26.2   35   3.5000 
  98.5   26.2   35   3.2224 
  98.8   26.2   35   2.9000 
  99.0   26.2   35   3.1776 
  99.2   26.2   35   3.5000 
  99.5   26.2   35   3.2223 
  99.8   26.2   35   2.9000 
 100.0   26.2   35   3.1777 
 100.2   26.2   35   3.5000 
 100.5   26.2   35   3.2224 
 100.8   26.2   35   2.9000 
 101.0   26.2   35   3.1774 
 101.2   26.2   35   3.5000 
 101.5   26.2   35   3.2308 
 101.8   26.2   35   2.9000 
 102.0   26.2   35   2.9594 
  97.0   26.0   35   3.1889 
  97.2   26.0   35   3.1822 
  97.5   26.0   35   3.1654 
  97.8   26.0   35   3.2235 
  98.0   26.0   35   3.2359 
  98.2   26.0   35   3.1756 
  98.5   26.0   35   3.1638 
  98.8   26.0   35   3.2245 
  99.0   26.0   35   3.2362 
  99.2   26.0   35   3.1755 
  99.5   26.0   35   3.1638 
  99.8   26.0   35   3.2245 
 100.0   26.0   35   3.2362 
 100.2   26.0   35   3.1755 
 100.5   26.0   35   3.1638 
 100.8   26.0   35   3.2245 
 101.0   26.0   35   3.2366 
 101.2   26.0   35   3.1774 
 101.5   26.0   35   3.1709 
 101.8   26.0   35   3.2381 
 102.0   26.0   35   3.2465 
  97.0   25.8   35   2.9616 
  97.2   25.8   35   2.9000 
  97.5   25.8   35   3.1898 
  97.8   25.8   35   3.5000 
  98.0   25.8   35   3.2232 
  98.2   25.8   35   2.9000 
  98.5   25.8   35   3.1760 
  98.8   25.8   35   3.5000 
  99.0   25.8   35   3.2240 
  99.2   25.8   35   2.9000 
  99.5   25.8   35   3.1760 
  99.8   25.8   35   3.5000 
 100.0   25.8   35   3.2240 
 100.2   25.8   35   2.9000 
 100.5   25.8   35   3.1759 
 100.8   25.8   35   3.5000 
 101.0   25.8   35   3.2245 
 101.2   25.8   35   2.9000 
 101.5   25.8   35   3.1661 
 101.8   25.8   35   3.5000 
 102.0   25.8   35   3.4393 
  97.0   25.5   35   3.2072 
  97.2   25.5   35   3.2177 
  97.5   25.5   35   3.2357 
  97.8   25.5   35   3.1770 
  98.0   25.5   35   3.1640 
  98.2   25.5   35   3.2239 
  98.5   25.5   35   3.2360 
  98.8   25.5   35   3.1760 
  99.0   25.5   35   3.1640 
  99.2   25.5   35   3.2240 
  99.5   25.5   35   3.2360 
  99.8   25.5   35   3.1760 
 100.0   25.5   35   3.1640 
 100.2   25.5   35   3.2240 
 100.5   25.5   35   3.2360 
 100.8   25.5   35   3.1759 
 101.0   25.5   35   3.1638 
 101.2   25.5   35   3.2224 
 101.5   25.5   35   3.2291 
 101.8   25.5   35   3.1629 
 102.0   25.5   35   3.1526 
  97.0   25.2   35   3.4381 
  97.2   25.2   35   3.5000 
  97.5   25.2   35   3.2104 
  97.8   25.2   35   2.9000 
  98.0   25.2   35   3.1767 
  98.2   25.2   35   3.5000 
  98.5   25.2   35   3.2240 
  98.8   25.2   35   2.9000 
  99.0   25.2   35   3.1760 
  99.2   25.2   35   3.5000 
  99.5   25.2   35   3.2240 
  99.8   25.2   35   2.9000 
 100.0   25.2   35   3.1760 
 100.2   25.2   35   3.5000 
 100.5   25.2   35   3.2240 
 100.8   25.2   35   2.9000 
 101.0   25.2   35   3.1755 
 101.2   25.2   35   3.5000 
 101.5   25.2   35   3.2340 
 101.8   25.2   35   2.9000 
 102.0   25.2   35   2.9603 
  97.0   25.0   35   3.1931 
  97.2   25.0   35   3.1824 
  97.5   25.0   35   3.1643 
  97.8   25.0   35   3.2230 
  98.0   25.0   35   3.2360 
  98.2   25.0   35   3.1761 
  98.5   25.0   35   3.1640 
  98.8   25.0   35   3.2240 
  99.0   25.0   35   3.2360 
  99.2   25.0   35   3.1760 
  99.5   25.0   35   3.1640 
  99.8   25.0   35   3.2240 
 100.0   25.0   35   3.2360 
 100.2   25.0   35   3.1760 
 100.5   25.0   35   3.1640 
 100.8   25.0   35   3.2240 
 101.0   25.0   35   3.2362 
 101.2   25.0   35   3.1777 
 101.5   25.0   35   3.1710 
 101.8   25.0   35   3.2370 
 102.0   25.0   35   3.2472 
  97.0   24.8   35   2.9621 
  97.2   24.8   35   2.9000 
  97.5   24.8   35   3.1896 
  97.8   24.8   35   3.5000 
  98.0   24.8   35   3.2233 
  98.2   24.8   35   2.9000 
  98.5   24.8   35   3.1760 
  98.8   24.8   35   3.5000 
  99.0   24.8   35   3.2240 
  99.2   24.8   35   2.9000 
  99.5   24.8   35   3.1760 
  99.8   24.8   35   3.5000 
 100.0   24.8   35   3.2240 
 100.2   24.8   35   2.9000 
 100.5   24.8   35   3.1760 
 100.8   24.8   35   3.5000 
 101.0   24.8   35   3.2245 
 101.2   24.8   35   2.9000 
 101.5   24.8   35   3.1660 
 101.8   24.8   35   3.5000 
 102.0   24.8   35   3.4397 
  97.0   24.5   35   3.2070 
  97.2   24.5   35   3.2176 
  97.5   24.5   35   3.2357 
  97.8   24.5   35   3.1770 
  98.0   24.5   35   3.1640 
  98.2   24.5   35   3.2239 
  98.5   24.5   35   3.2360 
  98.8   24.5   35   3.1760 
  99.0   24.5   35   3.1640 
  99.2   24.5   35   3.2240 
  99.5   24.5   35   3.2360 
  99.8   24.5   35   3.1760 
 100.0   24.5   35   3.1640 
 100.2   24.5   35   3.2240 
 100.5   24.5   35   3.2360 
 100.8   24.5   35   3.1760 
 101.0   24.5   35   3.1638 
 101.2   24.5   35   3.2223 
 101.5   24.5   35   3.2290 
 101.8   24.5   35   3.1630 
 102.0   24.5   35   3.1528 
  97.0   24.2   35   3.4379 
  97.2   24.2   35   3.5000 
  97.5   24.2   35   3.2104 
  97.8   24.2   35   2.9000 
  98.0   24.2   35   3.1767 
  98.2   24.2   35   3.5000 
  98.5   24.2   35   3.2240 
  98.8   24.2   35   2.9000 
  99.0   24.2   35   3.1760 
  99.2   24.2   35   3.5000 
  99.5   24.2   35   3.2240 
  99.8   24.2   35   2.9000 
 100.0   24.2   35   3.1760 
 100.2   24.2   35   3.5000 
 100.5   24.2   35   3.2240 
 100.8   24.2   35   2.9000 
 101.0   24.2   35   3.1755 
 101.2   24.2   35   3.5000 
 101.5   24.2   35   3.2340 
 101.8   24.2   35   2.9000 
 102.0   24.2   35   2.9603 
  97.0   24.0   35   3.1929 
  97.2   24.0   35   3.1824 
  97.5   24.0   35   3.1643 
  97.8   24.0   35   3.2230 
  98.0   24.0   35   3.2360 
  98.2   24.0   35   3.1761 
  98.5   24.0   35   3.1640 
  98.8   24.0   35   3.2240 
  99.0   24.0   35   3.2360 
  99.2   24.0   35   3.1760 
  99.5   24.0   35   3.1640 
  99.8   24.0   35   3.2240 
 100.0   24.0   35   3.2360 
 100.2   24.0   35   3.1760 
 100.5   24.0   35   3.1640 
 100.8   24.0   35   3.2240 
 101.0   24.0   35   3.2362 
 101.2   24.0   35   3.1776 
 101.5   24.0   35   3.1709 
 101.8   24.0   35   3.2370 
 102.0   24.0   35   3.2472 
  97.0   23.8   35   2.9616 
  97.2   23.8   35   2.9000 
  97.5   23.8   35   3.1896 
  97.8   23.8   35   3.5000 
  98.0   23.8   35   3.2233 
  98.2   23.8   35   2.9000 
  98.5   23.8   35   3.1760 
  98.8   23.8   35   3.5000 
  99.0   23.8   35   3.2240 
  99.2   23.8   35   2.9000 
  99.5   23.8   35   3.1760 
  99.8   23.8   35   3.5000 
 100.0   23.8   35   3.2240 
 100.2   23.8   35   2.9000 
 100.5   23.8   35   3.1760 
 100.8   23.8   35   3.5000 
 101.0   23.8   35   3.2245 
 101.2   23.8   35   2.9000 
 101.5   23.8   35   3.1660 
 101.8   23.8   35   3.5000 
 102.0   23.8   35   3.4397 
  97.0   23.5   35   3.2056 
  97.2   23.5   35   3.2176 
  97.5   23.5   35   3.2357 
  97.8   23.5   35   3.1770 
  98.0   23.5   35   3.1641 
  98.2   23.5   35   3.2239 
  98.5   23.5   35   3.2360 
  98.8   23.5   35   3.1760 
  99.0   23.5   35   3.1640 
  99.2   23.5   35   3.2240 
  99.5   23.5   35   3.2360 
  99.8   23.5   35   3.1760 
 100.0   23.5   35   3.1640 
 100.2   23.5   35   3.2240 
 100.5   23.5   35   3.2360 
 100.8   23.5   35   3.1760 
 101.0   23.5   35   3.1638 
 101.2   23.5   35   3.2224 
 101.5   23.5   35   3.2292 
 101.8   23.5   35   3.1633 
 102.0   23.5   35   3.1529 
  97.0   23.2   35   3.4353 
  97.2   23.2   35   3.5000 
  97.5   23.2   35   3.2104 
  97.8   23.2   35   2.9000 
  98.0   23.2   35   3.1768 
  98.2   23.2   35   3.5000 
  98.5   23.2   35   3.2239 
  98.8   23.2   35   2.9000 
  99.0   23.2   35   3.1761 
  99.2   23.2   35   3.5000 
  99.5   23.2   35   3.2239 
  99.8   23.2   35   2.9000 
 100.0   23.2   35   3.1761 
 100.2   23.2   35   3.5000 
 100.5   23.2   35   3.2239 
 100.8   23.2   35   2.9000 
 101.0   23.2   35   3.1756 
 101.2   23.2   35   3.5000 
 101.5   23.2   35   3.2339 
 101.8   23.2   35   2.9000 
 102.0   23.2   35   2.9594 
  97.0   23.0   35   3.1899 
  97.2   23.0   35   3.1860 
  97.5   23.0   35   3.1665 
  97.8   23.0   35   3.2219 
  98.0   23.0   35   3.2356 
  98.2   23.0   35   3.1768 
  98.5   23.0   35   3.1641 
  98.8   23.0   35   3.2233 
  99.0   23.0   35   3.2360 
  99.2   23.0   35   3.1767 
  99.5   23.0   35   3.1640 
  99.8   23.0   35   3.2233 
 100.0   23.0   35   3.2360 
 100.2   23.0   35   3.1767 
 100.5   23.0   35   3.1640 
 100.8   23.0   35   3.2232 
 101.0   23.0   35   3.2359 
 101.2   23.0   35   3.1776 
 101.5   23.0   35   3.1690 
 101.8   23.0   35   3.2327 
 102.0   23.0   35   3.2426 
  97.0   22.8   35   2.9606 
  97.2   22.8   35   2.9000 
  97.5   22.8   35   3.1945 
  97.8   22.8   35   3.5000 
  98.0   22.8   35   3.2219 
  98.2   22.8   35   2.9000 
  98.5   22.8   35   3.1770 
  98.8   22.8   35   3.5000 
  99.0   22.8   35   3.2230 
  99.2   22.8   35   2.9000 
  99.5   22.8   35   3.1770 
  99.8   22.8   35   3.5000 
 100.0   22.8   35   3.2230 
 100.2   22.8   35   2.9000 
 100.5   22.8   35   3.1770 
 100.8   22.8   35   3.5000 
 101.0   22.8   35   3.2235 
 101.2   22.8   35   2.9000 
 101.5   22.8   35   3.1666 
 101.8   22.8   35   3.5000 
 102.0   22.8   35   3.4473 
  97.0   22.5   35   3.2458 
  97.2   22.5   35   3.1538 
  97.5   22.5   35   3.2162 
  97.8   22.5   35   3.1945 
  98.0   22.5   35   3.1665 
  98.2   22.5   35   3.2104 
  98.5   22.5   35   3.2357 
  98.8   22.5   35   3.1896 
  99.0   22.5   35   3.1643 
  99.2   22.5   35   3.2104 
  99.5   22.5   35   3.2357 
  99.8   22.5   35   3.1896 
 100.0   22.5   35   3.1643 
 100.2   22.5   35   3.2104 
 100.5   22.5   35   3.2357 
 100.8   22.5   35   3.1898 
 101.0   22.5   35   3.1654 
 101.2   22.5   35   3.2134 
 101.5   22.5   35   3.2432 
 101.8   22.5   35   3.2109 
 102.0   22.5   35   3.2295 
  97.0   22.2   35   3.7828 
  97.2   22.2   35   3.5000 
  97.5   22.2   35   3.1538 
  97.8   22.2   35   2.9000 
  98.0   22.2   35   3.1860 
  98.2   22.2   35   3.5000 
  98.5   22.2   35   3.2176 
  98.8   22.2   35   2.9000 
  99.0   22.2   35   3.1824 
  99.2   22.2   35   3.5000 
  99.5   22.2   35   3.2176 
  99.8   22.2   35   2.9000 
 100.0   22.2   35   3.1824 
 100.2   22.2   35   3.5000 
 100.5   22.2   35   3.2177 
 100.8   22.2   35   2.9000 
 101.0   22.2   35   3.1822 
 101.2   22.2   35   3.5000 
 101.5   22.2   35   3.2351 
 101.8   22.2   35   2.9000 
 102.0   22.2   35   2.9937 
  97.0   22.0   35   4.3190 
  97.2   22.0   35   3.7827 
  97.5   22.0   35   3.2458 
  97.8   22.0   35   2.9606 
  98.0   22.0   35   3.1899 
  98.2   22.0   35   3.4353 
  98.5   22.0   35   3.2056 
  98.8   22.0   35   2.9616 
  99.0   22.0   35   3.1929 
  99.2   22.0   35   3.4379 
  99.5   22.0   35   3.2070 
  99.8   22.0   35   2.9621 
 100.0   22.0   35   3.1931 
 100.2   22.0   35   3.4381 
 100.5   22.0   35   3.2072 
 100.8   22.0   35   2.9616 
 101.0   22.0   35   3.1889 
 101.2   22.0   35   3.4193 
 101.5   22.0   35   3.1385 
 101.8   22.0   35   2.7102 
 102.0   22.0   35   2.5199 
