  97.0   27.0   40   2.6199 
  97.2   27.0   40   3.0937 
  97.5   27.0   40   3.3295 
  97.8   27.0   40   3.5473 
  98.0   27.0   40   3.3426 
  98.2   27.0   40   3.0594 
  98.5   27.0   40   3.2529 
  98.8   27.0   40   3.5397 
  99.0   27.0   40   3.3472 
  99.2   27.0   40   3.0603 
  99.5   27.0   40   3.2528 
  99.8   27.0   40   3.5397 
 100.0   27.0   40   3.3472 
 100.2   27.0   40   3.0603 
 100.5   27.0   40   3.2526 
 100.8   27.0   40   3.5393 
 101.0   27.0   40   3.3465 
 101.2   27.0   40   3.0594 
 101.5   27.0   40   3.2613 
 101.8   27.0   40   3.6248 
 102.0   27.0   40   3.6823 
  97.0   26.8   40   2.8102 
  97.2   26.8   40   3.0000 
  97.5   26.8   40   3.3109 
  97.8   26.8   40   3.6000 
  98.0   26.8   40   3.3327 
  98.2   26.8   40   3.0000 
  98.5   26.8   40   3.2633 
  98.8   26.8   40   3.6000 
  99.0   26.8   40   3.3370 
  99.2   26.8   40   3.0000 
  99.5   26.8   40   3.2630 
  99.8   26.8   40   3.6000 
 100.0   26.8   40   3.3370 
 100.2   26.8   40   3.0000 
 100.5   26.8   40   3.2629 
 100.8   26.8   40   3.6000 
 101.0   26.8   40   3.3381 
 101.2   26.8   40   3.0000 
 101.5   26.8   40   3.2416 
 101.8   26.8   40   3.6000 
 102.0   26.8   40   3.6248 
  97.0   26.5   40   3.2385 
  97.2   26.5   40   3.3351 
  97.5   26.5   40   3.3432 
  97.8   26.5   40   3.2666 
  98.0   26.5   40   3.2690 
  98.2   26.5   40   3.3339 
  98.5   26.5   40   3.3292 
  98.8   26.5   40   3.2660 
  99.0   26.5   40   3.2709 
  99.2   26.5   40   3.3340 
  99.5   26.5   40   3.3290 
  99.8   26.5   40   3.2660 
 100.0   26.5   40   3.2710 
 100.2   26.5   40   3.3340 
 100.5   26.5   40   3.3291 
 100.8   26.5   40   3.2661 
 101.0   26.5   40   3.2709 
 101.2   26.5   40   3.3308 
 101.5   26.5   40   3.3131 
 101.8   26.5   40   3.2416 
 102.0   26.5   40   3.2613 
  97.0   26.2   40   3.5193 
  97.2   26.2   40   3.6000 
  97.5   26.2   40   3.3134 
  97.8   26.2   40   3.0000 
  98.0   26.2   40   3.2776 
  98.2   26.2   40   3.6000 
  98.5   26.2   40   3.3224 
  98.8   26.2   40   3.0000 
  99.0   26.2   40   3.2776 
  99.2   26.2   40   3.6000 
  99.5   26.2   40   3.3223 
  99.8   26.2   40   3.0000 
 100.0   26.2   40   3.2777 
 100.2   26.2   40   3.6000 
 100.5   26.2   40   3.3224 
 100.8   26.2   40   3.0000 
 101.0   26.2   40   3.2774 
 101.2   26.2   40   3.6000 
 101.5   26.2   40   3.3308 
 101.8   26.2   40   3.0000 
 102.0   26.2   40   3.0594 
  97.0   26.0   40   3.2889 
  97.2   26.0   40   3.2822 
  97.5   26.0   40   3.2654 
  97.8   26.0   40   3.3235 
  98.0   26.0   40   3.3359 
  98.2   26.0   40   3.2756 
  98.5   26.0   40   3.2638 
  98.8   26.0   40   3.3245 
  99.0   26.0   40   3.3362 
  99.2   26.0   40   3.2755 
  99.5   26.0   40   3.2638 
  99.8   26.0   40   3.3245 
 100.0   26.0   40   3.3362 
 100.2   26.0   40   3.2755 
 100.5   26.0   40   3.2638 
 100.8   26.0   40   3.3245 
 101.0   26.0   40   3.3366 
 101.2   26.0   40   3.2774 
 101.5   26.0   40   3.2709 
 101.8   26.0   40   3.3381 
 102.0   26.0   40   3.3465 
  97.0   25.8   40   3.0616 
  97.2   25.8   40   3.0000 
  97.5   25.8   40   3.2898 
  97.8   25.8   40   3.6000 
  98.0   25.8   40   3.3232 
  98.2   25.8   40   3.0000 
  98.5   25.8   40   3.2760 
  98.8   25.8   40   3.6000 
  99.0   25.8   40   3.3240 
  99.2   25.8   40   3.0000 
  99.5   25.8   40   3.2760 
  99.8   25.8   40   3.6000 
 100.0   25.8   40   3.3240 
 100.2   25.8   40   3.0000 
 100.5   25.8   40   3.2759 
 100.8   25.8   40   3.6000 
 101.0   25.8   40   3.3245 
 101.2   25.8   40   3.0000 
 101.5   25.8   40   3.2661 
 101.8   25.8   40   3.6000 
 102.0   25.8   40   3.5393 
  97.0   25.5   40   3.3072 
  97.2   25.5   40   3.3177 
  97.5   25.5   40   3.3357 
  97.8   25.5   40   3.2770 
  98.0   25.5   40   3.2640 
  98.2   25.5   40   3.3239 
  98.5   25.5   40   3.3360 
  98.8   25.5   40   3.2760 
  99.0   25.5   40   3.2640 
  99.2   25.5   40   3.3240 
  99.5   25.5   40   3.3360 
  99.8   25.5   40   3.2760 
 100.0   25.5   40   3.2640 
 100.2   25.5   40   3.3240 
 100.5   25.5   40   3.3360 
 100.8   25.5   40   3.2759 
 101.0   25.5   40   3.2638 
 101.2   25.5   40   3.3224 
 101.5   25.5   40   3.3291 
 101.8   25.5   40   3.2629 
 102.0   25.5   40   3.2526 
  97.0   25.2   40   3.5381 
  97.2   25.2   40   3.6000 
  97.5   25.2   40   3.3104 
  97.8   25.2   40   3.0000 
  98.0   25.2   40   3.2767 
  98.2   25.2   40   3.6000 
  98.5   25.2   40   3.3240 
  98.8   25.2   40   3.0000 
  99.0   25.2   40   3.2760 
  99.2   25.2   40   3.6000 
  99.5   25.2   40   3.3240 
  99.8   25.2   40   3.0000 
 100.0   25.2   40   3.2760 
 100.2   25.2   40   3.6000 
 100.5   25.2   40   3.3240 
 100.8   25.2   40   3.0000 
 101.0   25.2   40   3.2755 
 101.2   25.2   40   3.6000 
 101.5   25.2   40   3.3340 
 101.8   25.2   40   3.0000 
 102.0   25.2   40   3.0603 
  97.0   25.0   40   3.2931 
  97.2   25.0   40   3.2824 
  97.5   25.0   40   3.2643 
  97.8   25.0   40   3.3230 
  98.0   25.0   40   3.3360 
  98.2   25.0   40   3.2761 
  98.5   25.0   40   3.2640 
  98.8   25.0   40   3.3240 
  99.0   25.0   40   3.3360 
  99.2   25.0   40   3.2760 
  99.5   25.0   40   3.2640 
  99.8   25.0   40   3.3240 
 100.0   25.0   40   3.3360 
 100.2   25.0   40   3.2760 
 100.5   25.0   40   3.2640 
 100.8   25.0   40   3.3240 
 101.0   25.0   40   3.3362 
 101.2   25.0   40   3.2777 
 101.5   25.0   40   3.2710 
 101.8   25.0   40   3.3370 
 102.0   25.0   40   3.3472 
  97.0   24.8   40   3.0621 
  97.2   24.8   40   3.0000 
  97.5   24.8   40   3.2896 
  97.8   24.8   40   3.6000 
  98.0   24.8   40   3.3233 
  98.2   24.8   40   3.0000 
  98.5   24.8   40   3.2760 
  98.8   24.8   40   3.6000 
  99.0   24.8   40   3.3240 
  99.2   24.8   40   3.0000 
  99.5   24.8   40   3.2760 
  99.8   24.8   40   3.6000 
 100.0   24.8   40   3.3240 
 100.2   24.8   40   3.0000 
 100.5   24.8   40   3.2760 
 100.8   24.8   40   3.6000 
 101.0   24.8   40   3.3245 
 101.2   24.8   40   3.0000 
 101.5   24.8   40   3.2660 
 101.8   24.8   40   3.6000 
 102.0   24.8   40   3.5397 
  97.0   24.5   40   3.3070 
  97.2   24.5   40   3.3176 
  97.5   24.5   40   3.3357 
  97.8   24.5   40   3.2770 
  98.0   24.5   40   3.2640 
  98.2   24.5   40   3.3239 
  98.5   24.5   40   3.3360 
  98.8   24.5   40   3.2760 
  99.0   24.5   40   3.2640 
  99.2   24.5   40   3.3240 
  99.5   24.5   40   3.3360 
  99.8   24.5   40   3.2760 
 100.0   24.5   40   3.2640 
 100.2   24.5   40   3.3240 
 100.5   24.5   40   3.3360 
 100.8   24.5   40   3.2760 
 101.0   24.5   40   3.2638 
 101.2   24.5   40   3.3223 
 101.5   24.5   40   3.3290 
 101.8   24.5   40   3.2630 
 102.0   24.5   40   3.2528 
  97.0   24.2   40   3.5379 
  97.2   24.2   40   3.6000 
  97.5   24.2   40   3.3104 
  97.8   24.2   40   3.0000 
  98.0   24.2   40   3.2767 
  98.2   24.2   40   3.6000 
  98.5   24.2   40   3.3240 
  98.8   24.2   40   3.0000 
  99.0   24.2   40   3.2760 
  99.2   24.2   40   3.6000 
  99.5   24.2   40   3.3240 
  99.8   24.2   40   3.0000 
 100.0   24.2   40   3.2760 
 100.2   24.2   40   3.6000 
 100.5   24.2   40   3.3240 
 100.8   24.2   40   3.0000 
 101.0   24.2   40   3.2755 
 101.2   24.2   40   3.6000 
 101.5   24.2   40   3.3340 
 101.8   24.2   40   3.0000 
 102.0   24.2   40   3.0603 
  97.0   24.0   40   3.2929 
  97.2   24.0   40   3.2824 
  97.5   24.0   40   3.2643 
  97.8   24.0   40   3.3230 
  98.0   24.0   40   3.3360 
  98.2   24.0   40   3.2761 
  98.5   24.0   40   3.2640 
  98.8   24.0   40   3.3240 
  99.0   24.0   40   3.3360 
  99.2   24.0   40   3.2760 
  99.5   24.0   40   3.2640 
  99.8   24.0   40   3.3240 
 100.0   24.0   40   3.3360 
 100.2   24.0   40   3.2760 
 100.5   24.0   40   3.2640 
 100.8   24.0   40   3.3240 
 101.0   24.0   40   3.3362 
 101.2   24.0   40   3.2776 
 101.5   24.0   40   3.2709 
 101.8   24.0   40   3.3370 
 102.0   24.0   40   3.3472 
  97.0   23.8   40   3.0616 
  97.2   23.8   40   3.0000 
  97.5   23.8   40   3.2896 
  97.8   23.8   40   3.6000 
  98.0   23.8   40   3.3233 
  98.2   23.8   40   3.0000 
  98.5   23.8   40   3.2760 
  98.8   23.8   40   3.6000 
  99.0   23.8   40   3.3240 
  99.2   23.8   40   3.0000 
  99.5   23.8   40   3.2760 
  99.8   23.8   40   3.6000 
 100.0   23.8   40   3.3240 
 100.2   23.8   40   3.0000 
 100.5   23.8   40   3.2760 
 100.8   23.8   40   3.6000 
 101.0   23.8   40   3.3245 
 101.2   23.8   40   3.0000 
 101.5   23.8   40   3.2660 
 101.8   23.8   40   3.6000 
 102.0   23.8   40   3.5397 
  97.0   23.5   40   3.3056 
  97.2   23.5   40   3.3176 
  97.5   23.5   40   3.3357 
  97.8   23.5   40   3.2770 
  98.0   23.5   40   3.2641 
  98.2   23.5   40   3.3239 
  98.5   23.5   40   3.3360 
  98.8   23.5   40   3.2760 
  99.0   23.5   40   3.2640 
  99.2   23.5   40   3.3240 
  99.5   23.5   40   3.3360 
  99.8   23.5   40   3.2760 
 100.0   23.5   40   3.2640 
 100.2   23.5   40   3.3240 
 100.5   23.5   40   3.3360 
 100.8   23.5   40   3.2760 
 101.0   23.5   40   3.2638 
 101.2   23.5   40   3.3224 
 101.5   23.5   40   3.3292 
 101.8   23.5   40   3.2633 
 102.0   23.5   40   3.2529 
  97.0   23.2   40   3.5353 
  97.2   23.2   40   3.6000 
  97.5   23.2   40   3.3104 
  97.8   23.2   40   3.0000 
  98.0   23.2   40   3.2768 
  98.2   23.2   40   3.6000 
  98.5   23.2   40   3.3239 
  98.8   23.2   40   3.0000 
  99.0   23.2   40   3.2761 
  99.2   23.2   40   3.6000 
  99.5   23.2   40   3.3239 
  99.8   23.2   40   3.0000 
 100.0   23.2   40   3.2761 
 100.2   23.2   40   3.6000 
 100.5   23.2   40   3.3239 
 100.8   23.2   40   3.0000 
 101.0   23.2   40   3.2756 
 101.2   23.2   40   3.6000 
 101.5   23.2   40   3.3339 
 101.8   23.2   40   3.0000 
 102.0   23.2   40   3.0594 
  97.0   23.0   40   3.2899 
  97.2   23.0   40   3.2860 
  97.5   23.0   40   3.2665 
  97.8   23.0   40   3.3219 
  98.0   23.0   40   3.3356 
  98.2   23.0   40   3.2768 
  98.5   23.0   40   3.2641 
  98.8   23.0   40   3.3233 
  99.0   23.0   40   3.3360 
  99.2   23.0   40   3.2767 
  99.5   23.0   40   3.2640 
  99.8   23.0   40   3.3233 
 100.0   23.0   40   3.3360 
 100.2   23.0   40   3.2767 
 100.5   23.0   40   3.2640 
 100.8   23.0   40   3.3232 
 101.0   23.0   40   3.3359 
 101.2   23.0   40   3.2776 
 101.5   23.0   40   3.2690 
 101.8   23.0   40   3.3327 
 102.0   23.0   40   3.3426 
  97.0   22.8   40   3.0606 
  97.2   22.8   40   3.0000 
  97.5   22.8   40   3.2945 
  97.8   22.8   40   3.6000 
  98.0   22.8   40   3.3219 
  98.2   22.8   40   3.0000 
  98.5   22.8   40   3.2770 
  98.8   22.8   40   3.6000 
  99.0   22.8   40   3.3230 
  99.2   22.8   40   3.0000 
  99.5   22.8   40   3.2770 
  99.8   22.8   40   3.6000 
 100.0   22.8   40   3.3230 
 100.2   22.8   40   3.0000 
 100.5   22.8   40   3.2770 
 100.8   22.8   40   3.6000 
 101.0   22.8   40   3.3235 
 101.2   22.8   40   3.0000 
 101.5   22.8   40   3.2666 
 101.8   22.8   40   3.6000 
 102.0   22.8   40   3.5473 
  97.0   22.5   40   3.3458 
  97.2   22.5   40   3.2538 
  97.5   22.5   40   3.3162 
  97.8   22.5   40   3.2945 
  98.0   22.5   40   3.2665 
  98.2   22.5   40   3.3104 
  98.5   22.5   40   3.3357 
  98.8   22.5   40   3.2896 
  99.0   22.5   40   3.2643 
  99.2   22.5   40   3.3104 
  99.5   22.5   40   3.3357 
  99.8   22.5   40   3.2896 
 100.0   22.5   40   3.2643 
 100.2   22.5   40   3.3104 
 100.5   22.5   40   3.3357 
 100.8   22.5   40   3.2898 
 101.0   22.5   40   3.2654 
 101.2   22.5   40   3.3134 
 101.5   22.5   40   3.3432 
 101.8   22.5   40   3.3109 
 102.0   22.5   40   3.3295 
  97.0   22.2   40   3.8828 
  97.2   22.2   40   3.6000 
  97.5   22.2   40   3.2538 
  97.8   22.2   40   3.0000 
  98.0   22.2   40   3.2860 
  98.2   22.2   40   3.6000 
  98.5   22.2   40   3.3176 
  98.8   22.2   40   3.0000 
  99.0   22.2   40   3.2824 
  99.2   22.2   40   3.6000 
  99.5   22.2   40   3.3176 
  99.8   22.2   40   3.0000 
 100.0   22.2   40   3.2824 
 100.2   22.2   40   3.6000 
 100.5   22.2   40   3.3177 
 100.8   22.2   40   3.0000 
 101.0   22.2   40   3.2822 
 101.2   22.2   40   3.6000 
 101.5   22.2   40   3.3351 
 101.8   22.2   40   3.0000 
 102.0   22.2   40   3.0937 
  97.0   22.0   40   4.4190 
  97.2   22.0   40   3.8827 
  97.5   22.0   40   3.3458 
  97.8   22.0   40   3.0606 
  98.0   22.0   40   3.2899 
  98.2   22.0   40   3.5353 
  98.5   22.0   40   3.3056 
  98.8   22.0   40   3.0616 
  99.0   22.0   40   3.2929 
  99.2   22.0   40   3.5379 
  99.5   22.0   40   3.3070 
  99.8   22.0   40   3.0621 
 100.0   22.0   40   3.2931 
 100.2   22.0   40   3.5381 
 100.5   22.0   40   3.3072 
 100.8   22.0   40   3.0616 
 101.0   22.0   40   3.2889 
 101.2   22.0   40   3.5193 
 101.5   22.0   40   3.2385 
 101.8   22.0   40   2.8102 
 102.0   22.0   40   2.6199 
