1899  3.1628  0.0499  014
100.1470  24.4348  100.0690  23.8785  3.1489
98.5925  24.4245  100.0690  23.8785  3.2195
100.2540  25.6093  100.0690  23.8785  3.1565
98.8518  25.8317  100.0690  23.8785  3.1885
98.0709  24.0851  100.0690  23.8785  3.1725
99.2454  24.0357  100.0690  23.8785  3.1412
99.3717  25.8854  100.0690  23.8785  3.2163
98.5197  25.0289  100.0690  23.8785  3.1532
100.1470  24.4348  99.9475  26.1088  3.1766
98.5197  25.0289  99.9475  26.1088  3.1512
100.2540  25.6093  99.9475  26.1088  3.2706
98.5925  24.4245  99.9475  26.1088  3.1276
99.2454  24.0357  99.9475  26.1088  3.1554
98.0709  24.0851  99.9475  26.1088  3.1667
99.3717  25.8854  99.9475  26.1088  3.1231
98.8518  25.8317  99.9475  26.1088  3.0882
100.0690  23.8785  99.9475  26.1088  3.2035
100.1470  24.4348  99.3717  25.8854  3.2035
99.2454  24.0357  98.5197  25.0289  3.2620
98.0709  24.0851  98.5197  25.0289  3.2341
100.2540  25.6093  98.5197  25.0289  3.1199
100.1470  24.4348  98.5197  25.0289  3.1716
99.3717  25.8854  98.5197  25.0289  3.1683
100.1470  24.4348  98.0709  24.0851  3.2198
99.2454  24.0357  98.0709  24.0851  3.2023
99.3717  25.8854  98.0709  24.0851  3.1599
100.2540  25.6093  98.8518  25.8317  3.1280
98.5197  25.0289  98.8518  25.8317  3.1697
100.1470  24.4348  98.8518  25.8317  3.1801
98.0709  24.0851  98.8518  25.8317  3.2275
98.5925  24.4245  98.8518  25.8317  3.2027
99.3717  25.8854  98.8518  25.8317  3.2026
99.2454  24.0357  98.8518  25.8317  3.2054
99.3717  25.8854  99.2454  24.0357  3.1445
100.1470  24.4348  99.2454  24.0357  3.2160
98.0709  24.0851  100.2540  25.6093  3.1886
99.2454  24.0357  100.2540  25.6093  3.2007
100.1470  24.4348  100.2540  25.6093  3.1092
99.3717  25.8854  100.2540  25.6093  3.1126
100.1470  24.4348  98.5925  24.4245  3.1617
98.5197  25.0289  98.5925  24.4245  3.0913
99.3717  25.8854  98.5925  24.4245  3.2212
100.2540  25.6093  98.5925  24.4245  3.1516
99.2454  24.0357  98.5925  24.4245  3.2267
100.8080  24.4547  99.5713  23.7032  3.1782
100.7200  24.6420  99.5713  23.7032  3.2181
100.7810  24.1990  99.5713  23.7032  3.2195
100.4120  23.9586  99.5713  23.7032  3.2193
100.8160  25.0395  99.5713  23.7032  3.2289
98.8783  23.5554  99.5713  23.7032  3.2378
100.2940  23.5890  99.5713  23.7032  3.1761
99.8346  24.9958  99.4801  25.0480  3.1192
97.7857  24.1826  99.4801  25.0480  3.1789
99.6235  24.5257  99.4801  25.0480  3.1847
97.9350  25.1078  99.4801  25.0480  3.0807
98.0252  24.4972  99.4801  25.0480  3.1860
100.2940  23.5890  99.4801  25.0480  3.1724
100.4690  24.5924  99.4801  25.0480  3.2756
97.9699  24.7130  99.4801  25.0480  3.1548
99.0268  23.8963  99.4801  25.0480  3.1866
99.7242  24.0204  99.4801  25.0480  3.2090
98.5651  24.1350  99.4801  25.0480  3.1927
97.6622  23.9027  99.4801  25.0480  3.2015
99.5529  24.2045  99.4801  25.0480  3.1237
100.8160  25.0395  99.4801  25.0480  3.1031
100.1990  24.7084  99.4801  25.0480  3.2753
99.3404  24.5305  99.4801  25.0480  3.0833
100.3690  24.1603  99.4801  25.0480  3.1693
98.2175  24.6619  99.4801  25.0480  3.2150
98.3382  24.3368  99.4801  25.0480  3.1626
100.7200  24.6420  99.4801  25.0480  3.1643
97.7332  24.3999  99.4801  25.0480  3.1994
100.4120  23.9586  99.4801  25.0480  3.1609
99.5713  23.7032  99.4801  25.0480  3.1683
100.0910  24.8650  99.4801  25.0480  3.1968
97.6568  24.6108  99.4801  25.0480  3.1693
98.8783  23.5554  99.4801  25.0480  3.2127
100.8080  24.4547  99.4801  25.0480  3.2329
99.8799  24.7112  97.6568  24.6108  3.1329
99.7242  24.0204  97.6568  24.6108  3.1740
98.5651  24.1350  97.6568  24.6108  3.1772
100.8080  24.4547  97.6568  24.6108  3.1784
97.6622  23.9027  97.6568  24.6108  3.1295
99.0268  23.8963  97.6568  24.6108  3.2170
97.7857  24.1826  97.6568  24.6108  3.1503
98.8783  23.5554  97.6568  24.6108  3.1855
99.9445  24.3191  97.6568  24.6108  3.1665
100.4120  23.9586  97.6568  24.6108  3.1611
100.7810  24.1990  97.6568  24.6108  3.1690
98.3382  24.3368  97.6568  24.6108  3.1130
100.0910  24.8650  97.6568  24.6108  3.1448
100.8160  25.0395  97.6568  24.6108  3.1530
98.2175  24.6619  97.6568  24.6108  3.2383
99.5529  24.2045  97.6568  24.6108  3.1566
100.3690  24.1603  97.6568  24.6108  3.1674
99.5713  23.7032  97.6568  24.6108  3.1879
100.7200  24.6420  97.6568  24.6108  3.1753
100.1990  24.7084  97.6568  24.6108  3.1595
100.4690  24.5924  97.6568  24.6108  3.1734
100.7810  24.1990  99.5529  24.2045  3.1415
98.8783  23.5554  99.5529  24.2045  3.2266
100.7200  24.6420  99.5529  24.2045  3.2441
100.8160  25.0395  99.5529  24.2045  3.1462
100.8080  24.4547  99.5529  24.2045  3.2260
99.5713  23.7032  99.5529  24.2045  3.1161
100.2940  23.5890  99.5529  24.2045  3.1749
100.4120  23.9586  99.5529  24.2045  3.1855
99.1663  24.7523  99.8316  25.8146  3.1757
98.8350  24.6942  99.8316  25.8146  3.1448
100.5960  26.2944  99.8316  25.8146  3.1193
99.0384  24.3221  99.8316  25.8146  3.1924
100.7200  24.6420  99.8316  25.8146  3.1270
98.0252  24.4972  99.8316  25.8146  3.1621
99.9868  25.4893  99.8316  25.8146  3.1272
98.4849  24.7484  99.8316  25.8146  3.1513
97.7857  24.1826  99.8316  25.8146  3.1849
99.9445  24.3191  99.8316  25.8146  3.1787
98.3382  24.3368  99.8316  25.8146  3.1548
99.6235  24.5257  99.8316  25.8146  3.1257
97.6622  23.9027  99.8316  25.8146  3.1926
98.6668  24.9037  99.8316  25.8146  3.1184
99.4801  25.0480  99.8316  25.8146  3.1182
99.8346  24.9958  99.8316  25.8146  3.0858
100.1990  24.7084  99.8316  25.8146  3.2630
99.4137  25.2954  99.8316  25.8146  3.1349
100.0910  24.8650  99.8316  25.8146  3.2305
100.8990  25.3230  99.8316  25.8146  3.1060
98.8431  25.1964  99.8316  25.8146  3.1051
99.5713  23.7032  99.8316  25.8146  3.1738
97.9699  24.7130  99.8316  25.8146  3.1276
99.8799  24.7112  99.8316  25.8146  3.1406
100.8960  25.5945  99.8316  25.8146  3.0739
100.1000  25.9100  99.8316  25.8146  3.1904
99.3404  24.5305  99.8316  25.8146  3.1580
98.3349  25.2175  99.8316  25.8146  3.0979
100.8160  25.0395  99.8316  25.8146  3.1348
97.6568  24.6108  99.8316  25.8146  3.1429
98.8634  25.4505  99.8316  25.8146  3.1829
99.7242  24.0204  99.8316  25.8146  3.1528
98.2175  24.6619  99.8316  25.8146  3.1759
100.3200  25.2400  99.8316  25.8146  3.0850
99.2375  25.4847  99.8316  25.8146  3.1939
99.6453  24.8769  99.8316  25.8146  3.0943
98.5651  24.1350  99.8316  25.8146  3.1790
98.5433  25.5117  99.8316  25.8146  3.0891
100.4900  25.3500  99.8316  25.8146  3.0747
99.0268  23.8963  99.8316  25.8146  3.1835
99.5529  24.2045  99.8316  25.8146  3.1367
98.8783  23.5554  99.8316  25.8146  3.1945
100.2940  23.5890  99.8316  25.8146  3.2565
100.7810  24.1990  99.8316  25.8146  3.1524
100.4990  25.5666  99.8316  25.8146  3.1836
97.7332  24.3999  99.8316  25.8146  3.1519
97.9350  25.1078  99.8316  25.8146  3.0979
100.8080  24.4547  99.8316  25.8146  3.1649
99.0325  24.5549  99.8316  25.8146  3.1803
98.0252  24.4972  100.5230  25.0541  3.2179
99.0268  23.8963  100.5230  25.0541  3.1611
99.0325  24.5549  100.5230  25.0541  3.1679
100.8990  25.3230  100.5230  25.0541  3.1224
98.8634  25.4505  100.5230  25.0541  3.1207
99.0384  24.3221  100.5230  25.0541  3.1988
97.6622  23.9027  100.5230  25.0541  3.2003
99.9445  24.3191  100.5230  25.0541  3.2151
98.3382  24.3368  100.5230  25.0541  3.1687
99.5529  24.2045  100.5230  25.0541  3.1685
97.9699  24.7130  100.5230  25.0541  3.1199
97.9350  25.1078  100.5230  25.0541  3.1106
97.7332  24.3999  100.5230  25.0541  3.1646
99.8799  24.7112  100.5230  25.0541  3.1589
98.6668  24.9037  100.5230  25.0541  3.1476
99.6235  24.5257  100.5230  25.0541  3.1389
100.4690  24.5924  100.5230  25.0541  3.0866
98.8350  24.6942  100.5230  25.0541  3.1414
98.4849  24.7484  100.5230  25.0541  3.1598
99.6453  24.8769  100.5230  25.0541  3.2017
99.2375  25.4847  100.5230  25.0541  3.0877
99.4801  25.0480  100.5230  25.0541  3.1120
99.5713  23.7032  100.5230  25.0541  3.2232
99.1663  24.7523  100.5230  25.0541  3.1355
98.5651  24.1350  100.5230  25.0541  3.1592
97.7857  24.1826  100.5230  25.0541  3.2102
100.4120  23.9586  100.5230  25.0541  3.1896
98.8431  25.1964  100.5230  25.0541  3.0762
99.8346  24.9958  100.5230  25.0541  3.1400
100.2940  23.5890  100.5230  25.0541  3.1628
100.5960  26.2944  100.5230  25.0541  3.1050
100.3690  24.1603  100.5230  25.0541  3.2067
98.3349  25.2175  100.5230  25.0541  3.1171
99.7242  24.0204  100.5230  25.0541  3.2550
98.8783  23.5554  100.5230  25.0541  3.1807
99.3404  24.5305  100.5230  25.0541  3.1869
98.5433  25.5117  100.5230  25.0541  3.0912
100.8960  25.5945  100.5230  25.0541  3.0420
100.0910  24.8650  100.5230  25.0541  3.2382
97.6568  24.6108  100.5230  25.0541  3.1537
100.1990  24.7084  100.5230  25.0541  3.1433
98.2175  24.6619  100.5230  25.0541  3.1683
100.1000  25.9100  100.5230  25.0541  3.2456
99.6453  24.8769  100.4990  25.5666  3.0823
99.8799  24.7112  100.4990  25.5666  3.1702
97.9699  24.7130  100.4990  25.5666  3.1430
98.3349  25.2175  100.4990  25.5666  3.1099
99.7242  24.0204  100.4990  25.5666  3.1753
100.7200  24.6420  100.4990  25.5666  3.2218
98.0252  24.4972  100.4990  25.5666  3.1393
97.6622  23.9027  100.4990  25.5666  3.1597
99.5529  24.2045  100.4990  25.5666  3.2012
98.6668  24.9037  100.4990  25.5666  3.0987
99.8346  24.9958  100.4990  25.5666  3.1340
97.7332  24.3999  100.4990  25.5666  3.1503
97.7857  24.1826  100.4990  25.5666  3.1567
100.7810  24.1990  100.4990  25.5666  3.2708
100.3690  24.1603  100.4990  25.5666  3.1772
98.5433  25.5117  100.4990  25.5666  3.0866
98.8431  25.1964  100.4990  25.5666  3.1074
100.4690  24.5924  100.4990  25.5666  3.1230
100.0910  24.8650  100.4990  25.5666  3.0895
99.5713  23.7032  100.4990  25.5666  3.1885
99.9445  24.3191  100.4990  25.5666  3.1362
99.4801  25.0480  100.4990  25.5666  3.1176
99.0268  23.8963  100.4990  25.5666  3.1495
100.2940  23.5890  100.4990  25.5666  3.1614
99.0325  24.5549  100.4990  25.5666  3.1063
98.8634  25.4505  100.4990  25.5666  3.0969
98.4849  24.7484  100.4990  25.5666  3.1203
98.8783  23.5554  100.4990  25.5666  3.1644
99.1663  24.7523  100.4990  25.5666  3.1029
100.5960  26.2944  100.4990  25.5666  3.0665
100.1990  24.7084  100.4990  25.5666  3.0740
99.2375  25.4847  100.4990  25.5666  3.0446
98.3382  24.3368  100.4990  25.5666  3.1352
100.4120  23.9586  100.4990  25.5666  3.1773
99.6235  24.5257  100.4990  25.5666  3.1817
97.9350  25.1078  100.4990  25.5666  3.1001
98.2175  24.6619  100.4990  25.5666  3.1333
99.0384  24.3221  100.4990  25.5666  3.1009
97.6568  24.6108  100.4990  25.5666  3.1446
99.3404  24.5305  100.4990  25.5666  3.1012
98.8350  24.6942  100.4990  25.5666  3.1475
98.5651  24.1350  100.4990  25.5666  3.1660
100.8080  24.4547  100.4990  25.5666  3.2723
100.2940  23.5890  100.8990  25.3230  3.1492
99.8346  24.9958  100.8990  25.3230  3.1562
100.4120  23.9586  100.8990  25.3230  3.1481
99.0384  24.3221  100.8990  25.3230  3.1500
98.8431  25.1964  100.8990  25.3230  3.0530
100.5960  26.2944  100.8990  25.3230  3.2331
99.6235  24.5257  100.8990  25.3230  3.1136
97.6568  24.6108  100.8990  25.3230  3.1370
99.0325  24.5549  100.8990  25.3230  3.1102
100.1990  24.7084  100.8990  25.3230  3.1774
98.2175  24.6619  100.8990  25.3230  3.1688
98.5433  25.5117  100.8990  25.3230  3.0740
98.3349  25.2175  100.8990  25.3230  3.0945
97.9350  25.1078  100.8990  25.3230  3.1026
98.8634  25.4505  100.8990  25.3230  3.0861
98.5651  24.1350  100.8990  25.3230  3.1471
99.4801  25.0480  100.8990  25.3230  3.0766
98.8783  23.5554  100.8990  25.3230  3.1713
99.5529  24.2045  100.8990  25.3230  3.1229
100.1000  25.9100  100.8990  25.3230  3.1185
99.1663  24.7523  100.8990  25.3230  3.1109
98.4849  24.7484  100.8990  25.3230  3.1605
98.0252  24.4972  100.8990  25.3230  3.1835
98.8350  24.6942  100.8990  25.3230  3.1204
100.7810  24.1990  100.8990  25.3230  3.1512
98.3382  24.3368  100.8990  25.3230  3.1403
99.2375  25.4847  100.8990  25.3230  3.0581
99.7242  24.0204  100.8990  25.3230  3.2275
97.6622  23.9027  100.8990  25.3230  3.1716
97.7332  24.3999  100.8990  25.3230  3.1709
97.9699  24.7130  100.8990  25.3230  3.1117
99.0268  23.8963  100.8990  25.3230  3.1669
100.0910  24.8650  100.8990  25.3230  3.1501
100.3690  24.1603  100.8990  25.3230  3.1539
99.8799  24.7112  100.8990  25.3230  3.0792
100.7200  24.6420  100.8990  25.3230  3.0765
97.7857  24.1826  100.8990  25.3230  3.1791
100.8080  24.4547  100.8990  25.3230  3.1458
99.9445  24.3191  100.8990  25.3230  3.2352
99.5713  23.7032  100.8990  25.3230  3.2000
100.4690  24.5924  100.8990  25.3230  3.1145
99.6453  24.8769  100.8990  25.3230  3.1744
98.6668  24.9037  100.8990  25.3230  3.1441
99.3404  24.5305  100.8990  25.3230  3.1584
100.7200  24.6420  98.5651  24.1350  3.1957
100.0910  24.8650  98.5651  24.1350  3.2073
99.5713  23.7032  98.5651  24.1350  3.2177
100.8160  25.0395  98.5651  24.1350  3.1597
98.8783  23.5554  98.5651  24.1350  3.2757
99.9445  24.3191  98.5651  24.1350  3.1648
100.4690  24.5924  98.5651  24.1350  3.1934
99.5529  24.2045  98.5651  24.1350  3.1628
100.2940  23.5890  98.5651  24.1350  3.1979
100.4120  23.9586  98.5651  24.1350  3.1386
99.7242  24.0204  98.5651  24.1350  3.1634
100.7810  24.1990  98.5651  24.1350  3.1724
100.8080  24.4547  98.5651  24.1350  3.2118
100.3690  24.1603  98.5651  24.1350  3.1868
100.1990  24.7084  98.5651  24.1350  3.2063
99.8799  24.7112  98.5651  24.1350  3.2572
97.9699  24.7130  98.8634  25.4505  3.1330
100.8080  24.4547  98.8634  25.4505  3.2017
100.2940  23.5890  98.8634  25.4505  3.1645
100.4120  23.9586  98.8634  25.4505  3.1734
99.1663  24.7523  98.8634  25.4505  3.2407
100.8160  25.0395  98.8634  25.4505  3.0916
100.1990  24.7084  98.8634  25.4505  3.2046
98.5651  24.1350  98.8634  25.4505  3.2269
98.3382  24.3368  98.8634  25.4505  3.2153
97.6622  23.9027  98.8634  25.4505  3.1839
100.0910  24.8650  98.8634  25.4505  3.1876
99.0384  24.3221  98.8634  25.4505  3.1896
100.4690  24.5924  98.8634  25.4505  3.2299
99.3404  24.5305  98.8634  25.4505  3.2505
99.8799  24.7112  98.8634  25.4505  3.2226
99.7242  24.0204  98.8634  25.4505  3.1328
100.3690  24.1603  98.8634  25.4505  3.2014
99.6453  24.8769  98.8634  25.4505  3.1607
97.9350  25.1078  98.8634  25.4505  3.2306
99.5529  24.2045  98.8634  25.4505  3.2195
98.8350  24.6942  98.8634  25.4505  3.1380
100.7810  24.1990  98.8634  25.4505  3.2143
97.7332  24.3999  98.8634  25.4505  3.1759
98.2175  24.6619  98.8634  25.4505  3.1716
99.9445  24.3191  98.8634  25.4505  3.1671
97.7857  24.1826  98.8634  25.4505  3.1815
98.0252  24.4972  98.8634  25.4505  3.1749
99.6235  24.5257  98.8634  25.4505  3.1187
97.6568  24.6108  98.8634  25.4505  3.1684
99.8346  24.9958  98.8634  25.4505  3.2391
99.0268  23.8963  98.8634  25.4505  3.1834
98.8783  23.5554  98.8634  25.4505  3.1851
99.0325  24.5549  98.8634  25.4505  3.1734
99.4801  25.0480  98.8634  25.4505  3.2060
99.5713  23.7032  98.8634  25.4505  3.2321
100.7200  24.6420  98.8634  25.4505  3.1836
100.8160  25.0395  100.2940  23.5890  3.1594
100.8160  25.0395  100.7810  24.1990  3.1811
100.2940  23.5890  100.7810  24.1990  3.1756
98.3349  25.2175  99.4137  25.2954  3.0971
97.6622  23.9027  99.4137  25.2954  3.2307
99.5529  24.2045  99.4137  25.2954  3.1583
97.7332  24.3999  99.4137  25.2954  3.1430
99.6453  24.8769  99.4137  25.2954  3.2795
98.8431  25.1964  99.4137  25.2954  3.2220
98.8634  25.4505  99.4137  25.2954  3.1646
100.4990  25.5666  99.4137  25.2954  3.1443
100.1990  24.7084  99.4137  25.2954  3.2343
100.4900  25.3500  99.4137  25.2954  3.0609
100.8960  25.5945  99.4137  25.2954  3.0743
99.0268  23.8963  99.4137  25.2954  3.1654
100.4120  23.9586  99.4137  25.2954  3.1622
97.6568  24.6108  99.4137  25.2954  3.1680
97.9350  25.1078  99.4137  25.2954  3.1542
100.4690  24.5924  99.4137  25.2954  3.2662
100.8080  24.4547  99.4137  25.2954  3.2615
100.5230  25.0541  99.4137  25.2954  3.0629
99.0384  24.3221  99.4137  25.2954  3.1831
99.0325  24.5549  99.4137  25.2954  3.1565
100.2160  25.0148  99.4137  25.2954  3.1835
100.0910  24.8650  99.4137  25.2954  3.1823
99.6235  24.5257  99.4137  25.2954  3.2071
99.9868  25.4893  99.4137  25.2954  3.1439
99.7771  25.3419  99.4137  25.2954  3.1876
98.8783  23.5554  99.4137  25.2954  3.1908
99.7242  24.0204  99.4137  25.2954  3.2146
98.6668  24.9037  99.4137  25.2954  3.1933
100.7200  24.6420  99.4137  25.2954  3.1976
99.8799  24.7112  99.4137  25.2954  3.2818
97.9699  24.7130  99.4137  25.2954  3.1477
98.3382  24.3368  99.4137  25.2954  3.1555
98.5433  25.5117  99.4137  25.2954  3.1616
99.1663  24.7523  99.4137  25.2954  3.1506
98.2175  24.6619  99.4137  25.2954  3.2343
100.2940  23.5890  99.4137  25.2954  3.1587
100.3200  25.2400  99.4137  25.2954  3.0839
100.8990  25.3230  99.4137  25.2954  3.0869
99.5713  23.7032  99.4137  25.2954  3.1769
100.5960  26.2944  99.4137  25.2954  3.0730
97.7857  24.1826  99.4137  25.2954  3.2188
100.8160  25.0395  99.4137  25.2954  3.0909
100.7810  24.1990  99.4137  25.2954  3.2523
99.3404  24.5305  99.4137  25.2954  3.1029
98.5651  24.1350  99.4137  25.2954  3.2243
98.4849  24.7484  99.4137  25.2954  3.1452
98.0252  24.4972  99.4137  25.2954  3.2090
98.8350  24.6942  99.4137  25.2954  3.1690
100.1000  25.9100  99.4137  25.2954  3.1464
100.3690  24.1603  99.4137  25.2954  3.1853
100.0910  24.8650  97.6622  23.9027  3.1944
98.5651  24.1350  97.6622  23.9027  3.2787
99.8799  24.7112  97.6622  23.9027  3.2216
100.8080  24.4547  97.6622  23.9027  3.1984
100.7810  24.1990  97.6622  23.9027  3.1922
100.4690  24.5924  97.6622  23.9027  3.2225
100.4120  23.9586  97.6622  23.9027  3.1826
100.7200  24.6420  97.6622  23.9027  3.2290
99.5713  23.7032  97.6622  23.9027  3.1727
99.0268  23.8963  97.6622  23.9027  3.2004
98.8783  23.5554  97.6622  23.9027  3.1542
100.2940  23.5890  97.6622  23.9027  3.1723
99.9445  24.3191  97.6622  23.9027  3.2323
100.3690  24.1603  97.6622  23.9027  3.2109
100.8160  25.0395  97.6622  23.9027  3.2052
100.1990  24.7084  97.6622  23.9027  3.2252
99.7242  24.0204  97.6622  23.9027  3.1897
99.5529  24.2045  97.6622  23.9027  3.2402
97.9350  25.1078  99.9868  25.4893  3.1174
100.4990  25.5666  99.9868  25.4893  3.1681
98.6668  24.9037  99.9868  25.4893  3.1809
98.0252  24.4972  99.9868  25.4893  3.1205
97.6568  24.6108  99.9868  25.4893  3.1401
99.4801  25.0480  99.9868  25.4893  3.1408
97.7857  24.1826  99.9868  25.4893  3.1576
98.8431  25.1964  99.9868  25.4893  3.1444
100.8160  25.0395  99.9868  25.4893  3.1740
99.0384  24.3221  99.9868  25.4893  3.2229
100.7200  24.6420  99.9868  25.4893  3.0945
98.3382  24.3368  99.9868  25.4893  3.1657
99.6453  24.8769  99.9868  25.4893  3.1009
98.4849  24.7484  99.9868  25.4893  3.1605
98.5433  25.5117  99.9868  25.4893  3.0955
99.1663  24.7523  99.9868  25.4893  3.1174
99.2375  25.4847  99.9868  25.4893  3.0613
98.2175  24.6619  99.9868  25.4893  3.1322
99.8799  24.7112  99.9868  25.4893  3.0806
100.7810  24.1990  99.9868  25.4893  3.1117
99.9445  24.3191  99.9868  25.4893  3.1549
99.7242  24.0204  99.9868  25.4893  3.1468
100.8990  25.3230  99.9868  25.4893  3.0768
99.6235  24.5257  99.9868  25.4893  3.1350
100.8960  25.5945  99.9868  25.4893  3.1414
99.5713  23.7032  99.9868  25.4893  3.1743
98.8634  25.4505  99.9868  25.4893  3.0755
99.0325  24.5549  99.9868  25.4893  3.1205
100.2940  23.5890  99.9868  25.4893  3.2510
99.5529  24.2045  99.9868  25.4893  3.1449
98.5651  24.1350  99.9868  25.4893  3.1454
97.6622  23.9027  99.9868  25.4893  3.1871
98.8350  24.6942  99.9868  25.4893  3.0948
100.8080  24.4547  99.9868  25.4893  3.1528
100.5960  26.2944  99.9868  25.4893  3.1761
100.0910  24.8650  99.9868  25.4893  3.1180
98.8783  23.5554  99.9868  25.4893  3.2220
98.3349  25.2175  99.9868  25.4893  3.1065
97.7332  24.3999  99.9868  25.4893  3.1606
97.9699  24.7130  99.9868  25.4893  3.1332
100.1990  24.7084  99.9868  25.4893  3.2193
99.3404  24.5305  99.9868  25.4893  3.1894
99.0268  23.8963  99.9868  25.4893  3.2245
99.5529  24.2045  99.4300  26.2040  3.1528
98.4849  24.7484  99.4300  26.2040  3.2100
99.6453  24.8769  99.4300  26.2040  3.1573
100.8160  25.0395  99.4300  26.2040  3.1246
99.9868  25.4893  99.4300  26.2040  3.2498
99.4137  25.2954  99.4300  26.2040  3.1200
100.3200  25.2400  99.4300  26.2040  3.1006
100.1000  25.9100  99.4300  26.2040  3.1711
99.9445  24.3191  99.4300  26.2040  3.2232
100.4900  25.3500  99.4300  26.2040  3.1266
98.2175  24.6619  99.4300  26.2040  3.1272
99.4801  25.0480  99.4300  26.2040  3.1135
98.6668  24.9037  99.4300  26.2040  3.2205
100.8960  25.5945  99.4300  26.2040  3.0967
99.2375  25.4847  99.4300  26.2040  3.0877
98.8431  25.1964  99.4300  26.2040  3.1858
100.7810  24.1990  99.4300  26.2040  3.1702
98.5651  24.1350  99.4300  26.2040  3.2255
97.6568  24.6108  99.4300  26.2040  3.1470
98.3382  24.3368  99.4300  26.2040  3.2265
99.0325  24.5549  99.4300  26.2040  3.1446
97.6622  23.9027  99.4300  26.2040  3.1730
99.7771  25.3419  99.4300  26.2040  3.2064
100.4990  25.5666  99.4300  26.2040  3.1348
100.5960  26.2944  99.4300  26.2040  3.0556
99.4024  25.6322  99.4300  26.2040  3.0463
98.8350  24.6942  99.4300  26.2040  3.1748
100.2940  23.5890  99.4300  26.2040  3.1686
99.1663  24.7523  99.4300  26.2040  3.1276
97.9350  25.1078  99.4300  26.2040  3.1268
97.9699  24.7130  99.4300  26.2040  3.1505
100.5200  25.8500  99.4300  26.2040  3.1064
100.8560  25.9242  99.4300  26.2040  3.0869
98.3349  25.2175  99.4300  26.2040  3.0965
99.0384  24.3221  99.4300  26.2040  3.1470
100.2160  25.0148  99.4300  26.2040  3.0532
98.8634  25.4505  99.4300  26.2040  3.2059
98.5433  25.5117  99.4300  26.2040  3.0863
97.7332  24.3999  99.4300  26.2040  3.1569
99.8799  24.7112  99.4300  26.2040  3.2045
99.3404  24.5305  99.4300  26.2040  3.1347
99.8346  24.9958  99.4300  26.2040  3.2054
99.6235  24.5257  99.4300  26.2040  3.1686
99.0268  23.8963  99.4300  26.2040  3.1572
97.7857  24.1826  99.4300  26.2040  3.1606
100.4120  23.9586  99.4300  26.2040  3.1500
98.8783  23.5554  99.4300  26.2040  3.1721
99.7280  25.5410  99.4300  26.2040  3.2236
100.4690  24.5924  99.4300  26.2040  3.1463
99.7242  24.0204  99.4300  26.2040  3.1861
98.0252  24.4972  99.4300  26.2040  3.1272
100.8080  24.4547  99.4300  26.2040  3.1707
100.8990  25.3230  99.4300  26.2040  3.1074
100.7200  24.6420  99.4300  26.2040  3.1506
100.3690  24.1603  99.4300  26.2040  3.1596
100.5230  25.0541  99.4300  26.2040  3.1569
99.5713  23.7032  99.4300  26.2040  3.1668
97.6622  23.9027  99.1663  24.7523  3.2607
98.3382  24.3368  99.1663  24.7523  3.2498
100.0910  24.8650  99.1663  24.7523  3.1755
99.9445  24.3191  99.1663  24.7523  3.2335
98.2175  24.6619  99.1663  24.7523  3.1394
100.8080  24.4547  99.1663  24.7523  3.1467
98.0252  24.4972  99.1663  24.7523  3.2149
99.8799  24.7112  99.1663  24.7523  3.1319
97.7332  24.3999  99.1663  24.7523  3.2243
98.8783  23.5554  99.1663  24.7523  3.1871
100.4120  23.9586  99.1663  24.7523  3.1702
97.6568  24.6108  99.1663  24.7523  3.1782
97.9350  25.1078  99.1663  24.7523  3.1098
100.4690  24.5924  99.1663  24.7523  3.1460
100.7200  24.6420  99.1663  24.7523  3.1581
99.5713  23.7032  99.1663  24.7523  3.2191
100.2940  23.5890  99.1663  24.7523  3.1564
100.7810  24.1990  99.1663  24.7523  3.1772
97.9699  24.7130  99.1663  24.7523  3.1445
99.0268  23.8963  99.1663  24.7523  3.1497
100.8160  25.0395  99.1663  24.7523  3.1383
98.5651  24.1350  99.1663  24.7523  3.2490
100.1990  24.7084  99.1663  24.7523  3.1112
99.7242  24.0204  99.1663  24.7523  3.2150
100.3690  24.1603  99.1663  24.7523  3.2173
97.7857  24.1826  99.1663  24.7523  3.2590
97.7857  24.1826  99.6453  24.8769  3.2274
100.4120  23.9586  99.6453  24.8769  3.1023
97.9699  24.7130  99.6453  24.8769  3.1327
99.8346  24.9958  99.6453  24.8769  3.1869
99.0268  23.8963  99.6453  24.8769  3.2415
99.3404  24.5305  99.6453  24.8769  3.1571
100.7200  24.6420  99.6453  24.8769  3.1869
99.1663  24.7523  99.6453  24.8769  3.2373
100.0910  24.8650  99.6453  24.8769  3.0979
99.7242  24.0204  99.6453  24.8769  3.1493
98.3382  24.3368  99.6453  24.8769  3.2572
100.3690  24.1603  99.6453  24.8769  3.1075
100.8160  25.0395  99.6453  24.8769  3.1290
100.2940  23.5890  99.6453  24.8769  3.2397
99.5529  24.2045  99.6453  24.8769  3.0693
98.8783  23.5554  99.6453  24.8769  3.2340
97.9350  25.1078  99.6453  24.8769  3.0790
100.8080  24.4547  99.6453  24.8769  3.2054
98.2175  24.6619  99.6453  24.8769  3.1774
99.5713  23.7032  99.6453  24.8769  3.1598
100.1990  24.7084  99.6453  24.8769  3.2162
98.0252  24.4972  99.6453  24.8769  3.2144
97.6568  24.6108  99.6453  24.8769  3.1635
97.7332  24.3999  99.6453  24.8769  3.2064
97.6622  23.9027  99.6453  24.8769  3.2105
98.5651  24.1350  99.6453  24.8769  3.1283
99.5529  24.2045  97.9350  25.1078  3.1286
98.8783  23.5554  97.9350  25.1078  3.2032
100.2940  23.5890  97.9350  25.1078  3.1738
100.4690  24.5924  97.9350  25.1078  3.1365
99.5713  23.7032  97.9350  25.1078  3.2319
97.6568  24.6108  97.9350  25.1078  3.2601
98.0252  24.4972  97.9350  25.1078  3.1102
98.5651  24.1350  97.9350  25.1078  3.2783
100.7810  24.1990  97.9350  25.1078  3.1472
97.7857  24.1826  97.9350  25.1078  3.1610
99.8799  24.7112  97.9350  25.1078  3.1172
98.2175  24.6619  97.9350  25.1078  3.2445
98.3382  24.3368  97.9350  25.1078  3.2481
97.7332  24.3999  97.9350  25.1078  3.1791
99.0268  23.8963  97.9350  25.1078  3.1400
100.7200  24.6420  97.9350  25.1078  3.1426
100.8160  25.0395  97.9350  25.1078  3.1021
97.6622  23.9027  97.9350  25.1078  3.2220
99.7242  24.0204  97.9350  25.1078  3.1481
100.0910  24.8650  97.9350  25.1078  3.1080
99.9445  24.3191  97.9350  25.1078  3.1512
100.8080  24.4547  97.9350  25.1078  3.1484
100.3690  24.1603  97.9350  25.1078  3.1818
100.4120  23.9586  97.9350  25.1078  3.1610
100.1990  24.7084  97.9350  25.1078  3.1050
100.8160  25.0395  99.0268  23.8963  3.1920
100.7810  24.1990  99.0268  23.8963  3.1902
100.7200  24.6420  99.0268  23.8963  3.2152
100.4120  23.9586  99.0268  23.8963  3.1520
99.5713  23.7032  99.0268  23.8963  3.2613
99.7242  24.0204  99.0268  23.8963  3.2067
100.8080  24.4547  99.0268  23.8963  3.2327
100.2940  23.5890  99.0268  23.8963  3.1582
99.5529  24.2045  98.8350  24.6942  3.1629
97.7332  24.3999  98.8350  24.6942  3.2661
97.9699  24.7130  98.8350  24.6942  3.1137
97.9350  25.1078  98.8350  24.6942  3.1629
98.2175  24.6619  98.8350  24.6942  3.1698
99.6453  24.8769  98.8350  24.6942  3.1967
98.8783  23.5554  98.8350  24.6942  3.1704
98.0252  24.4972  98.8350  24.6942  3.2643
100.4120  23.9586  98.8350  24.6942  3.1691
97.6568  24.6108  98.8350  24.6942  3.1976
100.3690  24.1603  98.8350  24.6942  3.2357
99.9445  24.3191  98.8350  24.6942  3.1212
100.7810  24.1990  98.8350  24.6942  3.1505
98.5651  24.1350  98.8350  24.6942  3.2288
100.1990  24.7084  98.8350  24.6942  3.1195
99.8799  24.7112  98.8350  24.6942  3.1069
97.6622  23.9027  98.8350  24.6942  3.2706
100.7200  24.6420  98.8350  24.6942  3.1443
99.7242  24.0204  98.8350  24.6942  3.1779
99.4801  25.0480  98.8350  24.6942  3.1596
100.8080  24.4547  98.8350  24.6942  3.1518
100.8160  25.0395  98.8350  24.6942  3.1525
100.2940  23.5890  98.8350  24.6942  3.2050
99.0268  23.8963  98.8350  24.6942  3.1896
99.6235  24.5257  98.8350  24.6942  3.1225
100.0910  24.8650  98.8350  24.6942  3.1412
99.8346  24.9958  98.8350  24.6942  3.2261
99.5713  23.7032  98.8350  24.6942  3.2422
100.4690  24.5924  98.8350  24.6942  3.1272
99.3404  24.5305  98.8350  24.6942  3.1589
99.0268  23.8963  100.1000  25.9100  3.1905
99.0325  24.5549  100.1000  25.9100  3.1533
98.8350  24.6942  100.1000  25.9100  3.0925
100.3690  24.1603  100.1000  25.9100  3.2138
98.8431  25.1964  100.1000  25.9100  3.1354
100.8080  24.4547  100.1000  25.9100  3.0913
97.6568  24.6108  100.1000  25.9100  3.1494
100.1990  24.7084  100.1000  25.9100  3.1273
99.5529  24.2045  100.1000  25.9100  3.1276
100.4690  24.5924  100.1000  25.9100  3.2071
99.7242  24.0204  100.1000  25.9100  3.1245
97.7332  24.3999  100.1000  25.9100  3.1528
100.7810  24.1990  100.1000  25.9100  3.1251
98.8783  23.5554  100.1000  25.9100  3.1879
100.7200  24.6420  100.1000  25.9100  3.0818
98.3349  25.2175  100.1000  25.9100  3.0906
98.2175  24.6619  100.1000  25.9100  3.1723
98.4849  24.7484  100.1000  25.9100  3.1497
98.8634  25.4505  100.1000  25.9100  3.2035
98.6668  24.9037  100.1000  25.9100  3.1411
97.9350  25.1078  100.1000  25.9100  3.1125
99.5713  23.7032  100.1000  25.9100  3.1465
97.7857  24.1826  100.1000  25.9100  3.1752
99.6453  24.8769  100.1000  25.9100  3.0969
100.4120  23.9586  100.1000  25.9100  3.2191
99.8799  24.7112  100.1000  25.9100  3.0667
99.8346  24.9958  100.1000  25.9100  3.0439
97.9699  24.7130  100.1000  25.9100  3.1207
100.5960  26.2944  100.1000  25.9100  3.2725
99.4801  25.0480  100.1000  25.9100  3.1309
100.8160  25.0395  100.1000  25.9100  3.0605
99.1663  24.7523  100.1000  25.9100  3.1707
98.0252  24.4972  100.1000  25.9100  3.1584
98.5651  24.1350  100.1000  25.9100  3.1336
98.3382  24.3368  100.1000  25.9100  3.1571
99.3404  24.5305  100.1000  25.9100  3.1462
100.2940  23.5890  100.1000  25.9100  3.2018
99.2375  25.4847  100.1000  25.9100  3.1465
99.0384  24.3221  100.1000  25.9100  3.1856
98.5433  25.5117  100.1000  25.9100  3.1031
99.9445  24.3191  100.1000  25.9100  3.1066
100.0910  24.8650  100.1000  25.9100  3.0577
99.6235  24.5257  100.1000  25.9100  3.1124
100.3690  24.1603  98.0252  24.4972  3.1699
99.5529  24.2045  98.0252  24.4972  3.1552
100.1990  24.7084  98.0252  24.4972  3.1739
100.0910  24.8650  98.0252  24.4972  3.2285
100.7810  24.1990  98.0252  24.4972  3.1637
100.8080  24.4547  98.0252  24.4972  3.1618
97.6622  23.9027  98.0252  24.4972  3.2582
99.8799  24.7112  98.0252  24.4972  3.1981
100.8160  25.0395  98.0252  24.4972  3.1835
99.0268  23.8963  98.0252  24.4972  3.2816
100.2940  23.5890  98.0252  24.4972  3.1721
100.4690  24.5924  98.0252  24.4972  3.1736
100.4120  23.9586  98.0252  24.4972  3.1777
99.5713  23.7032  98.0252  24.4972  3.1921
99.7242  24.0204  98.0252  24.4972  3.2055
99.9445  24.3191  98.0252  24.4972  3.1494
100.7200  24.6420  98.0252  24.4972  3.1690
99.6235  24.5257  100.8960  25.5945  3.1054
99.1663  24.7523  100.8960  25.5945  3.1157
99.9445  24.3191  100.8960  25.5945  3.2166
100.2940  23.5890  100.8960  25.5945  3.1401
99.3404  24.5305  100.8960  25.5945  3.1162
99.0384  24.3221  100.8960  25.5945  3.1511
98.8634  25.4505  100.8960  25.5945  3.0683
98.2175  24.6619  100.8960  25.5945  3.1529
100.8080  24.4547  100.8960  25.5945  3.1545
99.6453  24.8769  100.8960  25.5945  3.1031
100.7200  24.6420  100.8960  25.5945  3.0906
99.2375  25.4847  100.8960  25.5945  3.0555
98.8350  24.6942  100.8960  25.5945  3.1287
98.3382  24.3368  100.8960  25.5945  3.1182
98.6668  24.9037  100.8960  25.5945  3.1210
100.7810  24.1990  100.8960  25.5945  3.1558
97.9350  25.1078  100.8960  25.5945  3.1056
100.1000  25.9100  100.8960  25.5945  3.0910
98.5651  24.1350  100.8960  25.5945  3.1553
97.6568  24.6108  100.8960  25.5945  3.1331
97.6622  23.9027  100.8960  25.5945  3.1549
98.0252  24.4972  100.8960  25.5945  3.1540
99.0268  23.8963  100.8960  25.5945  3.1484
97.7332  24.3999  100.8960  25.5945  3.1526
99.8346  24.9958  100.8960  25.5945  3.0610
99.5713  23.7032  100.8960  25.5945  3.1950
99.0325  24.5549  100.8960  25.5945  3.1255
99.4801  25.0480  100.8960  25.5945  3.1606
98.8783  23.5554  100.8960  25.5945  3.1602
99.7242  24.0204  100.8960  25.5945  3.2106
99.8799  24.7112  100.8960  25.5945  3.1365
98.4849  24.7484  100.8960  25.5945  3.1326
100.4990  25.5666  100.8960  25.5945  3.2558
99.5529  24.2045  100.8960  25.5945  3.1527
98.3349  25.2175  100.8960  25.5945  3.0990
100.4690  24.5924  100.8960  25.5945  3.1034
100.1990  24.7084  100.8960  25.5945  3.1600
100.3690  24.1603  100.8960  25.5945  3.1631
100.4120  23.9586  100.8960  25.5945  3.1429
98.5433  25.5117  100.8960  25.5945  3.0918
100.0910  24.8650  100.8960  25.5945  3.1767
97.9699  24.7130  100.8960  25.5945  3.1242
98.8431  25.1964  100.8960  25.5945  3.1240
97.7857  24.1826  100.8960  25.5945  3.1614
99.0268  23.8963  99.9445  24.3191  3.2276
100.4120  23.9586  99.9445  24.3191  3.1228
100.8080  24.4547  99.9445  24.3191  3.2711
100.7200  24.6420  99.9445  24.3191  3.2396
99.5713  23.7032  99.9445  24.3191  3.2119
98.8783  23.5554  99.9445  24.3191  3.1601
99.7242  24.0204  99.9445  24.3191  3.0732
100.7810  24.1990  99.9445  24.3191  3.0571
100.8160  25.0395  99.9445  24.3191  3.2174
100.3690  24.1603  99.9445  24.3191  3.1379
100.7200  24.6420  99.7771  25.3419  3.2382
97.9699  24.7130  99.7771  25.3419  3.1348
97.6622  23.9027  99.7771  25.3419  3.1993
98.4849  24.7484  99.7771  25.3419  3.2125
100.4990  25.5666  99.7771  25.3419  3.1057
98.8634  25.4505  99.7771  25.3419  3.0600
98.8350  24.6942  99.7771  25.3419  3.0891
98.0252  24.4972  99.7771  25.3419  3.1466
98.5433  25.5117  99.7771  25.3419  3.1010
99.1663  24.7523  99.7771  25.3419  3.1596
99.0384  24.3221  99.7771  25.3419  3.2168
100.3690  24.1603  99.7771  25.3419  3.1861
100.5960  26.2944  99.7771  25.3419  3.1550
100.8990  25.3230  99.7771  25.3419  3.0585
97.7332  24.3999  99.7771  25.3419  3.1569
97.6568  24.6108  99.7771  25.3419  3.1572
99.0325  24.5549  99.7771  25.3419  3.1687
99.3404  24.5305  99.7771  25.3419  3.1707
100.4900  25.3500  99.7771  25.3419  3.0600
98.5651  24.1350  99.7771  25.3419  3.1379
98.3349  25.2175  99.7771  25.3419  3.1137
99.6453  24.8769  99.7771  25.3419  3.0480
98.3382  24.3368  99.7771  25.3419  3.1924
99.6235  24.5257  99.7771  25.3419  3.1064
100.4690  24.5924  99.7771  25.3419  3.1202
99.5529  24.2045  99.7771  25.3419  3.1275
98.8431  25.1964  99.7771  25.3419  3.1753
100.3200  25.2400  99.7771  25.3419  3.1516
99.8799  24.7112  99.7771  25.3419  3.1569
99.7242  24.0204  99.7771  25.3419  3.1482
97.9350  25.1078  99.7771  25.3419  3.1264
99.0268  23.8963  99.7771  25.3419  3.2148
98.8783  23.5554  99.7771  25.3419  3.2112
99.9868  25.4893  99.7771  25.3419  3.0603
98.6668  24.9037  99.7771  25.3419  3.2098
99.9445  24.3191  99.7771  25.3419  3.2179
97.7857  24.1826  99.7771  25.3419  3.1897
99.5713  23.7032  99.7771  25.3419  3.1750
98.2175  24.6619  99.7771  25.3419  3.1456
100.5230  25.0541  99.7771  25.3419  3.1346
100.8960  25.5945  99.7771  25.3419  3.1052
100.8160  25.0395  99.7771  25.3419  3.1040
99.2375  25.4847  99.7771  25.3419  3.0756
99.5529  24.2045  100.5960  26.2944  3.1782
97.7857  24.1826  100.5960  26.2944  3.1570
100.0910  24.8650  100.5960  26.2944  3.1073
98.3349  25.2175  100.5960  26.2944  3.0949
99.4801  25.0480  100.5960  26.2944  3.1039
99.5713  23.7032  100.5960  26.2944  3.1780
100.8080  24.4547  100.5960  26.2944  3.2060
98.8431  25.1964  100.5960  26.2944  3.1628
99.2375  25.4847  100.5960  26.2944  3.1122
99.6235  24.5257  100.5960  26.2944  3.1855
100.8160  25.0395  100.5960  26.2944  3.1992
99.8799  24.7112  100.5960  26.2944  3.1481
100.3690  24.1603  100.5960  26.2944  3.1729
99.6453  24.8769  100.5960  26.2944  3.1949
98.5651  24.1350  100.5960  26.2944  3.1342
99.7242  24.0204  100.5960  26.2944  3.1630
97.9699  24.7130  100.5960  26.2944  3.1234
99.8346  24.9958  100.5960  26.2944  3.1677
98.6668  24.9037  100.5960  26.2944  3.1454
100.7810  24.1990  100.5960  26.2944  3.2155
98.3382  24.3368  100.5960  26.2944  3.1658
100.2940  23.5890  100.5960  26.2944  3.1568
100.1990  24.7084  100.5960  26.2944  3.1135
97.7332  24.3999  100.5960  26.2944  3.1529
99.1663  24.7523  100.5960  26.2944  3.1084
99.0384  24.3221  100.5960  26.2944  3.1393
98.8350  24.6942  100.5960  26.2944  3.1093
97.6568  24.6108  100.5960  26.2944  3.1178
100.7200  24.6420  100.5960  26.2944  3.1756
99.9445  24.3191  100.5960  26.2944  3.1376
97.6622  23.9027  100.5960  26.2944  3.1578
99.3404  24.5305  100.5960  26.2944  3.1675
100.4120  23.9586  100.5960  26.2944  3.1623
98.8783  23.5554  100.5960  26.2944  3.1908
98.8634  25.4505  100.5960  26.2944  3.1153
98.4849  24.7484  100.5960  26.2944  3.1525
100.4690  24.5924  100.5960  26.2944  3.1298
97.9350  25.1078  100.5960  26.2944  3.0973
98.5433  25.5117  100.5960  26.2944  3.0862
98.0252  24.4972  100.5960  26.2944  3.1343
99.0325  24.5549  100.5960  26.2944  3.0963
99.0268  23.8963  100.5960  26.2944  3.1855
98.2175  24.6619  100.5960  26.2944  3.1333
99.3404  24.5305  100.2160  25.0148  3.1392
98.6668  24.9037  100.2160  25.0148  3.1620
99.1663  24.7523  100.2160  25.0148  3.2174
97.9350  25.1078  100.2160  25.0148  3.1298
99.9868  25.4893  100.2160  25.0148  3.2857
99.8799  24.7112  100.2160  25.0148  3.0930
100.7200  24.6420  100.2160  25.0148  3.1374
99.0325  24.5549  100.2160  25.0148  3.2020
99.6235  24.5257  100.2160  25.0148  3.1948
98.8350  24.6942  100.2160  25.0148  3.1507
97.9699  24.7130  100.2160  25.0148  3.1254
98.8431  25.1964  100.2160  25.0148  3.0938
99.0268  23.8963  100.2160  25.0148  3.1724
98.8634  25.4505  100.2160  25.0148  3.1330
99.9445  24.3191  100.2160  25.0148  3.1256
98.4849  24.7484  100.2160  25.0148  3.1795
98.5651  24.1350  100.2160  25.0148  3.1977
97.6622  23.9027  100.2160  25.0148  3.2013
99.5713  23.7032  100.2160  25.0148  3.2129
99.2375  25.4847  100.2160  25.0148  3.2151
100.4120  23.9586  100.2160  25.0148  3.2819
97.7332  24.3999  100.2160  25.0148  3.2216
100.3690  24.1603  100.2160  25.0148  3.2745
98.2175  24.6619  100.2160  25.0148  3.1770
99.5529  24.2045  100.2160  25.0148  3.2034
99.4801  25.0480  100.2160  25.0148  3.1166
98.0252  24.4972  100.2160  25.0148  3.2124
100.8960  25.5945  100.2160  25.0148  3.1483
100.7810  24.1990  100.2160  25.0148  3.2136
97.7857  24.1826  100.2160  25.0148  3.2098
98.8783  23.5554  100.2160  25.0148  3.1963
99.0384  24.3221  100.2160  25.0148  3.1493
100.8160  25.0395  100.2160  25.0148  3.1609
98.3382  24.3368  100.2160  25.0148  3.1570
97.6568  24.6108  100.2160  25.0148  3.1502
100.1000  25.9100  100.2160  25.0148  3.0864
98.5433  25.5117  100.2160  25.0148  3.1254
99.7242  24.0204  100.2160  25.0148  3.1835
100.2940  23.5890  100.2160  25.0148  3.2163
100.5960  26.2944  100.2160  25.0148  3.0912
100.8080  24.4547  100.2160  25.0148  3.1379
100.5230  25.0541  100.2160  25.0148  3.1849
99.6453  24.8769  100.2160  25.0148  3.1593
98.3349  25.2175  100.2160  25.0148  3.1225
100.8990  25.3230  100.2160  25.0148  3.2155
99.8346  24.9958  100.2160  25.0148  3.1847
100.2940  23.5890  100.8080  24.4547  3.1639
100.8160  25.0395  100.8080  24.4547  3.1634
100.4120  23.9586  100.8080  24.4547  3.1179
99.5713  23.7032  100.1990  24.7084  3.2275
100.7200  24.6420  100.1990  24.7084  3.2767
100.7810  24.1990  100.1990  24.7084  3.2033
99.7242  24.0204  100.1990  24.7084  3.2236
100.2940  23.5890  100.1990  24.7084  3.2113
99.5529  24.2045  100.1990  24.7084  3.2285
100.8160  25.0395  100.1990  24.7084  3.2735
99.9445  24.3191  100.1990  24.7084  3.1009
99.0268  23.8963  100.1990  24.7084  3.1428
98.8783  23.5554  100.1990  24.7084  3.1751
100.8080  24.4547  98.3382  24.3368  3.1819
99.7242  24.0204  98.3382  24.3368  3.1573
100.3690  24.1603  98.3382  24.3368  3.1547
99.0268  23.8963  98.3382  24.3368  3.2574
99.5713  23.7032  98.3382  24.3368  3.2353
99.5529  24.2045  98.3382  24.3368  3.1841
100.2940  23.5890  98.3382  24.3368  3.2187
100.1990  24.7084  98.3382  24.3368  3.2122
99.8799  24.7112  98.3382  24.3368  3.1902
99.9445  24.3191  98.3382  24.3368  3.1714
100.7200  24.6420  98.3382  24.3368  3.2117
100.4120  23.9586  98.3382  24.3368  3.1666
100.0910  24.8650  98.3382  24.3368  3.2273
100.8160  25.0395  98.3382  24.3368  3.1944
100.7810  24.1990  98.3382  24.3368  3.1595
100.3690  24.1603  100.1700  26.3600  3.1986
99.4137  25.2954  100.1700  26.3600  3.1535
99.0325  24.5549  100.1700  26.3600  3.1611
100.8560  25.9242  100.1700  26.3600  3.1339
97.9699  24.7130  100.1700  26.3600  3.1321
98.8431  25.1964  100.1700  26.3600  3.0896
99.9868  25.4893  100.1700  26.3600  3.0482
100.4120  23.9586  100.1700  26.3600  3.2047
97.7332  24.3999  100.1700  26.3600  3.1433
99.9445  24.3191  100.1700  26.3600  3.1177
100.2160  25.0148  100.1700  26.3600  3.0895
100.8990  25.3230  100.1700  26.3600  3.0435
99.6235  24.5257  100.1700  26.3600  3.1225
100.8960  25.5945  100.1700  26.3600  3.0702
100.4690  24.5924  100.1700  26.3600  3.1894
99.8346  24.9958  100.1700  26.3600  3.0819
98.0252  24.4972  100.1700  26.3600  3.1439
98.5433  25.5117  100.1700  26.3600  3.1065
99.4801  25.0480  100.1700  26.3600  3.1466
98.8350  24.6942  100.1700  26.3600  3.1073
98.5651  24.1350  100.1700  26.3600  3.1598
99.7242  24.0204  100.1700  26.3600  3.1284
100.2940  23.5890  100.1700  26.3600  3.1854
100.4990  25.5666  100.1700  26.3600  3.2686
99.2375  25.4847  100.1700  26.3600  3.1109
99.6453  24.8769  100.1700  26.3600  3.1181
100.0910  24.8650  100.1700  26.3600  3.0882
98.4849  24.7484  100.1700  26.3600  3.1203
98.6668  24.9037  100.1700  26.3600  3.1063
99.8799  24.7112  100.1700  26.3600  3.0888
99.5529  24.2045  100.1700  26.3600  3.1282
99.1663  24.7523  100.1700  26.3600  3.1528
97.6568  24.6108  100.1700  26.3600  3.1187
99.7280  25.5410  100.1700  26.3600  3.1064
99.4300  26.2040  100.1700  26.3600  3.1132
97.6622  23.9027  100.1700  26.3600  3.1783
97.9350  25.1078  100.1700  26.3600  3.1035
97.7857  24.1826  100.1700  26.3600  3.1629
100.4900  25.3500  100.1700  26.3600  3.2364
98.3382  24.3368  100.1700  26.3600  3.1302
100.1990  24.7084  100.1700  26.3600  3.1163
100.5230  25.0541  100.1700  26.3600  3.2015
99.0268  23.8963  100.1700  26.3600  3.1715
99.5713  23.7032  100.1700  26.3600  3.1503
99.3404  24.5305  100.1700  26.3600  3.1515
98.3349  25.2175  100.1700  26.3600  3.1212
99.8316  25.8146  100.1700  26.3600  3.0521
98.8783  23.5554  100.1700  26.3600  3.1829
99.7771  25.3419  100.1700  26.3600  3.0856
100.3200  25.2400  100.1700  26.3600  3.1267
98.8634  25.4505  100.1700  26.3600  3.1146
98.2175  24.6619  100.1700  26.3600  3.1452
99.0384  24.3221  100.1700  26.3600  3.1837
99.4024  25.6322  100.1700  26.3600  3.1219
97.6568  24.6108  98.3349  25.2175  3.1397
100.8160  25.0395  98.3349  25.2175  3.0917
97.9350  25.1078  98.3349  25.2175  3.1990
100.4690  24.5924  98.3349  25.2175  3.1568
99.8346  24.9958  98.3349  25.2175  3.1045
100.7200  24.6420  98.3349  25.2175  3.1440
99.9445  24.3191  98.3349  25.2175  3.1167
99.8799  24.7112  98.3349  25.2175  3.1452
100.7810  24.1990  98.3349  25.2175  3.1927
98.5651  24.1350  98.3349  25.2175  3.1523
99.1663  24.7523  98.3349  25.2175  3.1635
99.4801  25.0480  98.3349  25.2175  3.0915
100.3690  24.1603  98.3349  25.2175  3.1563
99.6235  24.5257  98.3349  25.2175  3.1835
97.9699  24.7130  98.3349  25.2175  3.1965
100.1990  24.7084  98.3349  25.2175  3.1030
97.7857  24.1826  98.3349  25.2175  3.2308
100.8080  24.4547  98.3349  25.2175  3.1810
98.8634  25.4505  98.3349  25.2175  3.2152
98.4849  24.7484  98.3349  25.2175  3.0430
97.6622  23.9027  98.3349  25.2175  3.2292
98.0252  24.4972  98.3349  25.2175  3.1607
99.0384  24.3221  98.3349  25.2175  3.2698
98.3382  24.3368  98.3349  25.2175  3.1113
99.0325  24.5549  98.3349  25.2175  3.2047
99.5529  24.2045  98.3349  25.2175  3.1571
99.6453  24.8769  98.3349  25.2175  3.1014
97.7332  24.3999  98.3349  25.2175  3.2157
99.2375  25.4847  98.3349  25.2175  3.1703
98.8783  23.5554  98.3349  25.2175  3.2045
98.8431  25.1964  98.3349  25.2175  3.1004
99.3404  24.5305  98.3349  25.2175  3.2100
100.4120  23.9586  98.3349  25.2175  3.1607
99.7242  24.0204  98.3349  25.2175  3.1800
99.0268  23.8963  98.3349  25.2175  3.2279
100.7200  24.6420  98.2175  24.6619  3.1679
98.0252  24.4972  98.2175  24.6619  3.2529
100.8160  25.0395  98.2175  24.6619  3.1406
99.9445  24.3191  98.2175  24.6619  3.1423
100.4690  24.5924  98.2175  24.6619  3.1585
99.5713  23.7032  98.2175  24.6619  3.2158
98.3382  24.3368  98.2175  24.6619  3.0801
100.0910  24.8650  98.2175  24.6619  3.1840
99.7242  24.0204  98.2175  24.6619  3.1679
99.8799  24.7112  98.2175  24.6619  3.1421
100.8080  24.4547  98.2175  24.6619  3.1603
99.5529  24.2045  98.2175  24.6619  3.1764
98.8783  23.5554  98.2175  24.6619  3.2545
97.7857  24.1826  98.2175  24.6619  3.2545
97.6622  23.9027  98.2175  24.6619  3.2492
100.2940  23.5890  98.2175  24.6619  3.1775
100.3690  24.1603  98.2175  24.6619  3.1483
100.4120  23.9586  98.2175  24.6619  3.1820
100.1990  24.7084  98.2175  24.6619  3.1323
99.0268  23.8963  98.2175  24.6619  3.1637
100.7810  24.1990  98.2175  24.6619  3.1489
98.8350  24.6942  100.4900  25.3500  3.1428
98.4849  24.7484  100.4900  25.3500  3.1337
100.3200  25.2400  100.4900  25.3500  3.0824
98.3349  25.2175  100.4900  25.3500  3.0723
98.8431  25.1964  100.4900  25.3500  3.0954
98.3382  24.3368  100.4900  25.3500  3.1278
99.9868  25.4893  100.4900  25.3500  3.0629
100.4690  24.5924  100.4900  25.3500  3.1060
99.5713  23.7032  100.4900  25.3500  3.2039
99.6453  24.8769  100.4900  25.3500  3.0637
97.9699  24.7130  100.4900  25.3500  3.1247
99.2375  25.4847  100.4900  25.3500  3.0875
100.3690  24.1603  100.4900  25.3500  3.1812
99.6235  24.5257  100.4900  25.3500  3.1435
97.9350  25.1078  100.4900  25.3500  3.1062
98.5651  24.1350  100.4900  25.3500  3.1647
99.8346  24.9958  100.4900  25.3500  3.1209
100.8960  25.5945  100.4900  25.3500  3.2699
97.6622  23.9027  100.4900  25.3500  3.1590
99.4801  25.0480  100.4900  25.3500  3.1620
97.6568  24.6108  100.4900  25.3500  3.1287
99.9445  24.3191  100.4900  25.3500  3.1523
100.1990  24.7084  100.4900  25.3500  3.0476
99.8799  24.7112  100.4900  25.3500  3.2040
97.7332  24.3999  100.4900  25.3500  3.1837
99.0268  23.8963  100.4900  25.3500  3.1364
98.2175  24.6619  100.4900  25.3500  3.1487
98.5433  25.5117  100.4900  25.3500  3.0852
100.2940  23.5890  100.4900  25.3500  3.1607
98.8783  23.5554  100.4900  25.3500  3.1628
100.8990  25.3230  100.4900  25.3500  3.0506
98.6668  24.9037  100.4900  25.3500  3.1280
99.5529  24.2045  100.4900  25.3500  3.2195
99.0384  24.3221  100.4900  25.3500  3.1266
100.7200  24.6420  100.4900  25.3500  3.2770
100.7810  24.1990  100.4900  25.3500  3.2904
98.0252  24.4972  100.4900  25.3500  3.1670
99.1663  24.7523  100.4900  25.3500  3.1385
100.4120  23.9586  100.4900  25.3500  3.1860
99.0325  24.5549  100.4900  25.3500  3.1298
98.8634  25.4505  100.4900  25.3500  3.0542
100.0910  24.8650  100.4900  25.3500  3.0927
99.3404  24.5305  100.4900  25.3500  3.0948
97.7857  24.1826  100.4900  25.3500  3.1562
100.5960  26.2944  100.4900  25.3500  3.0898
100.1000  25.9100  100.4900  25.3500  3.2636
99.7242  24.0204  100.4900  25.3500  3.1903
100.7810  24.1990  100.7200  24.6420  3.2047
100.4120  23.9586  100.7200  24.6420  3.1204
100.2940  23.5890  100.7200  24.6420  3.1463
100.7200  24.6420  99.0384  24.3221  3.1953
100.1990  24.7084  99.0384  24.3221  3.2678
99.8799  24.7112  99.0384  24.3221  3.1842
99.6235  24.5257  99.0384  24.3221  3.1738
100.8160  25.0395  99.0384  24.3221  3.1550
98.0252  24.4972  99.0384  24.3221  3.1944
100.3690  24.1603  99.0384  24.3221  3.1688
100.4120  23.9586  99.0384  24.3221  3.1362
97.7332  24.3999  99.0384  24.3221  3.2093
99.8346  24.9958  99.0384  24.3221  3.1755
99.5529  24.2045  99.0384  24.3221  3.1388
97.7857  24.1826  99.0384  24.3221  3.2523
99.7242  24.0204  99.0384  24.3221  3.2125
99.6453  24.8769  99.0384  24.3221  3.2137
99.4801  25.0480  99.0384  24.3221  3.2132
98.2175  24.6619  99.0384  24.3221  3.2098
97.9350  25.1078  99.0384  24.3221  3.1840
99.1663  24.7523  99.0384  24.3221  3.1657
100.8080  24.4547  99.0384  24.3221  3.1887
97.6568  24.6108  99.0384  24.3221  3.1894
97.6622  23.9027  99.0384  24.3221  3.2462
98.3382  24.3368  99.0384  24.3221  3.2823
100.2940  23.5890  99.0384  24.3221  3.1952
97.9699  24.7130  99.0384  24.3221  3.2263
100.7810  24.1990  99.0384  24.3221  3.1264
100.4690  24.5924  99.0384  24.3221  3.1882
99.9445  24.3191  99.0384  24.3221  3.1134
99.5713  23.7032  99.0384  24.3221  3.2445
100.0910  24.8650  99.0384  24.3221  3.1513
99.0268  23.8963  99.0384  24.3221  3.1259
98.8783  23.5554  99.0384  24.3221  3.1710
99.3404  24.5305  98.8863  26.3578  3.2101
99.4801  25.0480  98.8863  26.3578  3.2605
99.4300  26.2040  98.8863  26.3578  3.0935
98.2175  24.6619  98.8863  26.3578  3.1885
97.7857  24.1826  98.8863  26.3578  3.1722
98.8431  25.1964  98.8863  26.3578  3.1504
99.4024  25.6322  98.8863  26.3578  3.2442
99.6453  24.8769  98.8863  26.3578  3.2364
100.5960  26.2944  98.8863  26.3578  3.0579
100.5200  25.8500  98.8863  26.3578  3.0848
100.4990  25.5666  98.8863  26.3578  3.0997
100.8560  25.9242  98.8863  26.3578  3.0808
99.1663  24.7523  98.8863  26.3578  3.1953
99.7242  24.0204  98.8863  26.3578  3.1629
99.5713  23.7032  98.8863  26.3578  3.2145
100.3690  24.1603  98.8863  26.3578  3.1646
99.0384  24.3221  98.8863  26.3578  3.1922
98.3382  24.3368  98.8863  26.3578  3.1968
99.9868  25.4893  98.8863  26.3578  3.1105
98.6668  24.9037  98.8863  26.3578  3.1672
98.8783  23.5554  98.8863  26.3578  3.1834
100.8990  25.3230  98.8863  26.3578  3.0917
100.7200  24.6420  98.8863  26.3578  3.1420
99.5529  24.2045  98.8863  26.3578  3.2356
99.9445  24.3191  98.8863  26.3578  3.1855
100.4690  24.5924  98.8863  26.3578  3.1882
98.8634  25.4505  98.8863  26.3578  3.1446
98.0252  24.4972  98.8863  26.3578  3.2069
100.2520  26.1294  98.8863  26.3578  3.0587
100.4900  25.3500  98.8863  26.3578  3.0556
98.8350  24.6942  98.8863  26.3578  3.1661
100.1000  25.9100  98.8863  26.3578  3.0925
98.5433  25.5117  98.8863  26.3578  3.2220
99.0268  23.8963  98.8863  26.3578  3.1820
100.2940  23.5890  98.8863  26.3578  3.2225
100.8160  25.0395  98.8863  26.3578  3.0935
100.8960  25.5945  98.8863  26.3578  3.0709
98.3349  25.2175  98.8863  26.3578  3.1922
99.7771  25.3419  98.8863  26.3578  3.1037
99.8316  25.8146  98.8863  26.3578  3.1393
98.5651  24.1350  98.8863  26.3578  3.1939
100.4120  23.9586  98.8863  26.3578  3.1719
99.7280  25.5410  98.8863  26.3578  3.0675
100.1990  24.7084  98.8863  26.3578  3.2048
100.2160  25.0148  98.8863  26.3578  3.1273
100.7810  24.1990  98.8863  26.3578  3.2414
97.7332  24.3999  98.8863  26.3578  3.1629
97.9699  24.7130  98.8863  26.3578  3.1812
100.8080  24.4547  98.8863  26.3578  3.1687
100.5230  25.0541  98.8863  26.3578  3.0848
100.1700  26.3600  98.8863  26.3578  3.0437
99.8799  24.7112  98.8863  26.3578  3.1704
97.9350  25.1078  98.8863  26.3578  3.1647
99.0325  24.5549  98.8863  26.3578  3.1918
98.4849  24.7484  98.8863  26.3578  3.1759
99.6235  24.5257  98.8863  26.3578  3.2537
99.8346  24.9958  98.8863  26.3578  3.1645
100.3200  25.2400  98.8863  26.3578  3.1062
97.6568  24.6108  98.8863  26.3578  3.1838
98.6668  24.9037  100.3200  25.2400  3.1352
99.6235  24.5257  100.3200  25.2400  3.1895
100.8080  24.4547  100.3200  25.2400  3.1940
98.5651  24.1350  100.3200  25.2400  3.1785
100.1000  25.9100  100.3200  25.2400  3.1418
98.3382  24.3368  100.3200  25.2400  3.1144
98.5433  25.5117  100.3200  25.2400  3.0957
99.0268  23.8963  100.3200  25.2400  3.1575
97.7857  24.1826  100.3200  25.2400  3.1727
99.1663  24.7523  100.3200  25.2400  3.1574
98.8783  23.5554  100.3200  25.2400  3.1864
99.9445  24.3191  100.3200  25.2400  3.1308
100.4120  23.9586  100.3200  25.2400  3.2166
100.5960  26.2944  100.3200  25.2400  3.0815
98.3349  25.2175  100.3200  25.2400  3.0843
99.0384  24.3221  100.3200  25.2400  3.1093
97.6622  23.9027  100.3200  25.2400  3.1743
100.7200  24.6420  100.3200  25.2400  3.2481
99.6453  24.8769  100.3200  25.2400  3.1042
97.9350  25.1078  100.3200  25.2400  3.1082
100.8990  25.3230  100.3200  25.2400  3.0857
97.6568  24.6108  100.3200  25.2400  3.1456
99.5529  24.2045  100.3200  25.2400  3.2150
98.8634  25.4505  100.3200  25.2400  3.0933
99.8346  24.9958  100.3200  25.2400  3.2209
99.7242  24.0204  100.3200  25.2400  3.1743
98.2175  24.6619  100.3200  25.2400  3.1722
99.0325  24.5549  100.3200  25.2400  3.1311
99.5713  23.7032  100.3200  25.2400  3.1982
98.4849  24.7484  100.3200  25.2400  3.1528
98.8431  25.1964  100.3200  25.2400  3.0915
99.3404  24.5305  100.3200  25.2400  3.0938
98.0252  24.4972  100.3200  25.2400  3.1541
100.2940  23.5890  100.3200  25.2400  3.1948
100.8960  25.5945  100.3200  25.2400  3.2655
97.9699  24.7130  100.3200  25.2400  3.1564
99.2375  25.4847  100.3200  25.2400  3.0711
97.7332  24.3999  100.3200  25.2400  3.1844
100.4690  24.5924  100.3200  25.2400  3.2520
98.8350  24.6942  100.3200  25.2400  3.1532
99.4801  25.0480  100.3200  25.2400  3.1575
99.8799  24.7112  100.3200  25.2400  3.1519
100.3690  24.1603  100.3200  25.2400  3.2296
100.7810  24.1990  100.5200  25.8500  3.2531
100.3690  24.1603  100.5200  25.8500  3.1869
98.5651  24.1350  100.5200  25.8500  3.1586
99.3404  24.5305  100.5200  25.8500  3.1677
99.7242  24.0204  100.5200  25.8500  3.1719
98.8783  23.5554  100.5200  25.8500  3.1947
99.7280  25.5410  100.5200  25.8500  3.1126
99.0325  24.5549  100.5200  25.8500  3.0892
98.0252  24.4972  100.5200  25.8500  3.1313
99.4801  25.0480  100.5200  25.8500  3.0670
100.8960  25.5945  100.5200  25.8500  3.2096
99.1663  24.7523  100.5200  25.8500  3.0704
100.8080  24.4547  100.5200  25.8500  3.2545
99.0384  24.3221  100.5200  25.8500  3.1137
97.6622  23.9027  100.5200  25.8500  3.1682
99.5713  23.7032  100.5200  25.8500  3.1814
99.7771  25.3419  100.5200  25.8500  3.1159
99.9445  24.3191  100.5200  25.8500  3.1380
98.8431  25.1964  100.5200  25.8500  3.1225
99.8799  24.7112  100.5200  25.8500  3.1628
100.5230  25.0541  100.5200  25.8500  3.0783
97.7332  24.3999  100.5200  25.8500  3.1339
100.4120  23.9586  100.5200  25.8500  3.1758
100.1990  24.7084  100.5200  25.8500  3.1050
100.0910  24.8650  100.5200  25.8500  3.1014
100.2940  23.5890  100.5200  25.8500  3.1605
98.8350  24.6942  100.5200  25.8500  3.1417
100.2160  25.0148  100.5200  25.8500  3.0634
97.9350  25.1078  100.5200  25.8500  3.1290
99.2375  25.4847  100.5200  25.8500  3.1642
98.3382  24.3368  100.5200  25.8500  3.1671
100.7200  24.6420  100.5200  25.8500  3.2051
100.4690  24.5924  100.5200  25.8500  3.1310
98.3349  25.2175  100.5200  25.8500  3.1216
99.6453  24.8769  100.5200  25.8500  3.1548
99.4137  25.2954  100.5200  25.8500  3.1077
97.9699  24.7130  100.5200  25.8500  3.1323
99.9868  25.4893  100.5200  25.8500  3.2822
98.5433  25.5117  100.5200  25.8500  3.1111
98.8634  25.4505  100.5200  25.8500  3.0922
99.6235  24.5257  100.5200  25.8500  3.1864
98.2175  24.6619  100.5200  25.8500  3.1254
99.0268  23.8963  100.5200  25.8500  3.1820
99.8316  25.8146  100.5200  25.8500  3.0727
97.7857  24.1826  100.5200  25.8500  3.1565
97.6568  24.6108  100.5200  25.8500  3.1380
99.5529  24.2045  100.5200  25.8500  3.1949
99.8346  24.9958  100.5200  25.8500  3.1677
99.7242  24.0204  99.8799  24.7112  3.1271
99.5713  23.7032  99.8799  24.7112  3.1850
99.0268  23.8963  99.8799  24.7112  3.2221
100.7200  24.6420  99.8799  24.7112  3.1751
100.8080  24.4547  99.8799  24.7112  3.1952
100.8160  25.0395  99.8799  24.7112  3.1845
98.8783  23.5554  99.8799  24.7112  3.2460
99.9445  24.3191  99.8799  24.7112  3.1414
99.5529  24.2045  99.8799  24.7112  3.1557
97.7857  24.1826  100.2520  26.1294  3.1551
99.0384  24.3221  100.2520  26.1294  3.1952
100.8960  25.5945  100.2520  26.1294  3.0705
97.7332  24.3999  100.2520  26.1294  3.1479
99.8316  25.8146  100.2520  26.1294  3.1659
99.1663  24.7523  100.2520  26.1294  3.1432
99.0268  23.8963  100.2520  26.1294  3.1897
99.7242  24.0204  100.2520  26.1294  3.1322
98.2175  24.6619  100.2520  26.1294  3.1616
100.4990  25.5666  100.2520  26.1294  3.2537
98.4849  24.7484  100.2520  26.1294  3.1481
100.5230  25.0541  100.2520  26.1294  3.1882
100.8080  24.4547  100.2520  26.1294  3.2600
97.6622  23.9027  100.2520  26.1294  3.1735
99.7280  25.5410  100.2520  26.1294  3.1483
99.6453  24.8769  100.2520  26.1294  3.1370
99.4137  25.2954  100.2520  26.1294  3.1416
99.3404  24.5305  100.2520  26.1294  3.1715
100.2940  23.5890  100.2520  26.1294  3.1822
100.2160  25.0148  100.2520  26.1294  3.0756
98.8783  23.5554  100.2520  26.1294  3.1945
98.6668  24.9037  100.2520  26.1294  3.1185
100.4900  25.3500  100.2520  26.1294  3.2024
100.3200  25.2400  100.2520  26.1294  3.0848
98.8350  24.6942  100.2520  26.1294  3.0751
99.5529  24.2045  100.2520  26.1294  3.1305
100.3690  24.1603  100.2520  26.1294  3.1943
97.9699  24.7130  100.2520  26.1294  3.1158
100.0910  24.8650  100.2520  26.1294  3.0692
99.8799  24.7112  100.2520  26.1294  3.0948
100.1990  24.7084  100.2520  26.1294  3.1061
98.5651  24.1350  100.2520  26.1294  3.1254
100.4120  23.9586  100.2520  26.1294  3.1963
99.9445  24.3191  100.2520  26.1294  3.1147
99.4024  25.6322  100.2520  26.1294  3.0685
98.0252  24.4972  100.2520  26.1294  3.1536
99.2375  25.4847  100.2520  26.1294  3.0628
100.7200  24.6420  100.2520  26.1294  3.2485
99.8346  24.9958  100.2520  26.1294  3.0926
99.0325  24.5549  100.2520  26.1294  3.1445
98.8634  25.4505  100.2520  26.1294  3.1420
99.6235  24.5257  100.2520  26.1294  3.1370
100.4690  24.5924  100.2520  26.1294  3.1777
97.9350  25.1078  100.2520  26.1294  3.0979
99.5713  23.7032  100.2520  26.1294  3.1551
99.7771  25.3419  100.2520  26.1294  3.0962
99.4801  25.0480  100.2520  26.1294  3.1580
98.5433  25.5117  100.2520  26.1294  3.0883
98.3382  24.3368  100.2520  26.1294  3.1487
97.6568  24.6108  100.2520  26.1294  3.1329
100.8560  25.9242  100.2520  26.1294  3.1943
100.8990  25.3230  100.2520  26.1294  3.0438
98.8431  25.1964  100.2520  26.1294  3.1321
98.3349  25.2175  100.2520  26.1294  3.0892
99.4801  25.0480  98.5433  25.5117  3.1934
100.8080  24.4547  98.5433  25.5117  3.1858
99.7242  24.0204  98.5433  25.5117  3.1532
97.7857  24.1826  98.5433  25.5117  3.1887
99.0268  23.8963  98.5433  25.5117  3.2151
99.8346  24.9958  98.5433  25.5117  3.1343
98.8350  24.6942  98.5433  25.5117  3.1795
99.5713  23.7032  98.5433  25.5117  3.1527
99.8799  24.7112  98.5433  25.5117  3.2216
99.0384  24.3221  98.5433  25.5117  3.2276
99.6453  24.8769  98.5433  25.5117  3.2365
97.9699  24.7130  98.5433  25.5117  3.2026
100.7810  24.1990  98.5433  25.5117  3.1906
99.3404  24.5305  98.5433  25.5117  3.1302
100.4690  24.5924  98.5433  25.5117  3.1933
98.4849  24.7484  98.5433  25.5117  3.0703
97.7332  24.3999  98.5433  25.5117  3.1472
98.3382  24.3368  98.5433  25.5117  3.1307
100.8160  25.0395  98.5433  25.5117  3.0957
99.5529  24.2045  98.5433  25.5117  3.1168
99.0325  24.5549  98.5433  25.5117  3.2826
97.6622  23.9027  98.5433  25.5117  3.1953
98.0252  24.4972  98.5433  25.5117  3.1664
99.9445  24.3191  98.5433  25.5117  3.1709
100.1990  24.7084  98.5433  25.5117  3.2005
100.7200  24.6420  98.5433  25.5117  3.1773
100.0910  24.8650  98.5433  25.5117  3.1588
97.9350  25.1078  98.5433  25.5117  3.1047
99.6235  24.5257  98.5433  25.5117  3.1392
100.2940  23.5890  98.5433  25.5117  3.1862
98.6668  24.9037  98.5433  25.5117  3.1292
100.3690  24.1603  98.5433  25.5117  3.1778
97.6568  24.6108  98.5433  25.5117  3.1346
99.1663  24.7523  98.5433  25.5117  3.2297
98.8783  23.5554  98.5433  25.5117  3.1699
98.5651  24.1350  98.5433  25.5117  3.1340
98.2175  24.6619  98.5433  25.5117  3.1093
99.2375  25.4847  98.5433  25.5117  3.1163
99.7242  24.0204  99.0325  24.5549  3.1799
100.8160  25.0395  99.0325  24.5549  3.1461
100.0910  24.8650  99.0325  24.5549  3.2202
98.0252  24.4972  99.0325  24.5549  3.1820
100.3690  24.1603  99.0325  24.5549  3.1147
99.8799  24.7112  99.0325  24.5549  3.1849
99.6453  24.8769  99.0325  24.5549  3.1926
100.1990  24.7084  99.0325  24.5549  3.1289
99.5713  23.7032  99.0325  24.5549  3.2606
100.2940  23.5890  99.0325  24.5549  3.2051
97.7332  24.3999  99.0325  24.5549  3.2102
97.6622  23.9027  99.0325  24.5549  3.2908
98.8783  23.5554  99.0325  24.5549  3.1588
99.0268  23.8963  99.0325  24.5549  3.1240
97.9350  25.1078  99.0325  24.5549  3.2043
99.6235  24.5257  99.0325  24.5549  3.2114
97.6568  24.6108  99.0325  24.5549  3.1660
99.5529  24.2045  99.0325  24.5549  3.1813
99.9445  24.3191  99.0325  24.5549  3.1098
97.9699  24.7130  99.0325  24.5549  3.1453
98.2175  24.6619  99.0325  24.5549  3.1406
100.4120  23.9586  99.0325  24.5549  3.1925
100.8080  24.4547  99.0325  24.5549  3.1365
100.7200  24.6420  99.0325  24.5549  3.1679
100.7810  24.1990  99.0325  24.5549  3.1289
100.4690  24.5924  99.0325  24.5549  3.1451
97.7857  24.1826  99.0325  24.5549  3.2835
99.8346  24.9958  99.0325  24.5549  3.1358
99.4801  25.0480  99.0325  24.5549  3.1831
99.9445  24.3191  99.1301  26.2006  3.1841
99.8316  25.8146  99.1301  26.2006  3.1507
100.4900  25.3500  99.1301  26.2006  3.0716
100.8560  25.9242  99.1301  26.2006  3.0779
100.7200  24.6420  99.1301  26.2006  3.1546
97.6568  24.6108  99.1301  26.2006  3.1548
100.4990  25.5666  99.1301  26.2006  3.0873
99.6235  24.5257  99.1301  26.2006  3.2000
98.8783  23.5554  99.1301  26.2006  3.1945
99.4801  25.0480  99.1301  26.2006  3.1909
97.6622  23.9027  99.1301  26.2006  3.1825
100.7810  24.1990  99.1301  26.2006  3.2130
100.5960  26.2944  99.1301  26.2006  3.0566
99.7280  25.5410  99.1301  26.2006  3.1359
98.4849  24.7484  99.1301  26.2006  3.2071
99.1663  24.7523  99.1301  26.2006  3.1564
97.9699  24.7130  99.1301  26.2006  3.1488
100.1700  26.3600  99.1301  26.2006  3.0481
100.3200  25.2400  99.1301  26.2006  3.1215
100.1990  24.7084  99.1301  26.2006  3.1777
98.8634  25.4505  99.1301  26.2006  3.1947
98.6668  24.9037  99.1301  26.2006  3.2124
99.8346  24.9958  99.1301  26.2006  3.1928
98.3349  25.2175  99.1301  26.2006  3.1521
100.5200  25.8500  99.1301  26.2006  3.0934
100.2160  25.0148  99.1301  26.2006  3.1323
99.2375  25.4847  99.1301  26.2006  3.1686
99.6453  24.8769  99.1301  26.2006  3.2182
100.8960  25.5945  99.1301  26.2006  3.0848
98.2175  24.6619  99.1301  26.2006  3.1844
98.0252  24.4972  99.1301  26.2006  3.1914
99.0325  24.5549  99.1301  26.2006  3.1641
97.7332  24.3999  99.1301  26.2006  3.1408
99.5529  24.2045  99.1301  26.2006  3.1934
100.8160  25.0395  99.1301  26.2006  3.0896
99.4024  25.6322  99.1301  26.2006  3.2458
99.7242  24.0204  99.1301  26.2006  3.1903
98.5651  24.1350  99.1301  26.2006  3.2142
99.7771  25.3419  99.1301  26.2006  3.1615
100.2940  23.5890  99.1301  26.2006  3.1833
98.8431  25.1964  99.1301  26.2006  3.1782
98.8350  24.6942  99.1301  26.2006  3.1743
99.5713  23.7032  99.1301  26.2006  3.2028
100.8080  24.4547  99.1301  26.2006  3.1740
97.9350  25.1078  99.1301  26.2006  3.1090
100.1000  25.9100  99.1301  26.2006  3.1270
98.5433  25.5117  99.1301  26.2006  3.1838
100.4120  23.9586  99.1301  26.2006  3.1955
100.3690  24.1603  99.1301  26.2006  3.1730
100.5230  25.0541  99.1301  26.2006  3.1150
100.8990  25.3230  99.1301  26.2006  3.0943
99.8799  24.7112  99.1301  26.2006  3.1869
98.3382  24.3368  99.1301  26.2006  3.2230
99.3404  24.5305  99.1301  26.2006  3.1727
100.4690  24.5924  99.1301  26.2006  3.1823
99.4137  25.2954  99.1301  26.2006  3.2136
100.2520  26.1294  99.1301  26.2006  3.0564
99.9868  25.4893  99.1301  26.2006  3.1144
99.0384  24.3221  99.1301  26.2006  3.1761
99.0268  23.8963  99.1301  26.2006  3.1757
97.7857  24.1826  99.1301  26.2006  3.1625
97.9699  24.7130  99.6235  24.5257  3.1176
97.7332  24.3999  99.6235  24.5257  3.1616
100.7810  24.1990  99.6235  24.5257  3.1609
98.8783  23.5554  99.6235  24.5257  3.2464
98.2175  24.6619  99.6235  24.5257  3.0678
98.3382  24.3368  99.6235  24.5257  3.1607
100.1990  24.7084  99.6235  24.5257  3.2108
98.5651  24.1350  99.6235  24.5257  3.2637
98.0252  24.4972  99.6235  24.5257  3.1640
100.8160  25.0395  99.6235  24.5257  3.2007
97.7857  24.1826  99.6235  24.5257  3.2537
99.7242  24.0204  99.6235  24.5257  3.1736
99.5713  23.7032  99.6235  24.5257  3.1588
99.0268  23.8963  99.6235  24.5257  3.2048
99.1663  24.7523  99.6235  24.5257  3.2564
97.9350  25.1078  99.6235  24.5257  3.1740
97.6622  23.9027  99.6235  24.5257  3.2260
100.4690  24.5924  99.6235  24.5257  3.2386
100.4120  23.9586  99.6235  24.5257  3.2593
100.7200  24.6420  99.6235  24.5257  3.2246
97.6568  24.6108  99.6235  24.5257  3.1206
100.8080  24.4547  99.6235  24.5257  3.1771
99.7280  25.5410  100.8560  25.9242  3.1743
99.4801  25.0480  100.8560  25.9242  3.0961
100.1000  25.9100  100.8560  25.9242  3.0562
100.8160  25.0395  100.8560  25.9242  3.1103
97.7857  24.1826  100.8560  25.9242  3.1398
100.4900  25.3500  100.8560  25.9242  3.0655
99.9868  25.4893  100.8560  25.9242  3.1192
99.1663  24.7523  100.8560  25.9242  3.1063
100.2160  25.0148  100.8560  25.9242  3.1238
98.8783  23.5554  100.8560  25.9242  3.1504
97.9350  25.1078  100.8560  25.9242  3.0983
99.0325  24.5549  100.8560  25.9242  3.1200
99.2375  25.4847  100.8560  25.9242  3.0805
100.0910  24.8650  100.8560  25.9242  3.1476
98.8634  25.4505  100.8560  25.9242  3.1072
100.8990  25.3230  100.8560  25.9242  3.0881
97.6622  23.9027  100.8560  25.9242  3.1601
98.8350  24.6942  100.8560  25.9242  3.1314
98.0252  24.4972  100.8560  25.9242  3.1249
99.4137  25.2954  100.8560  25.9242  3.1285
99.5529  24.2045  100.8560  25.9242  3.1717
100.4990  25.5666  100.8560  25.9242  3.0778
98.4849  24.7484  100.8560  25.9242  3.1080
99.6235  24.5257  100.8560  25.9242  3.1392
100.1990  24.7084  100.8560  25.9242  3.1184
98.5651  24.1350  100.8560  25.9242  3.1550
98.5433  25.5117  100.8560  25.9242  3.0908
100.4120  23.9586  100.8560  25.9242  3.1491
99.8799  24.7112  100.8560  25.9242  3.2003
99.0268  23.8963  100.8560  25.9242  3.1388
99.3404  24.5305  100.8560  25.9242  3.1087
99.9445  24.3191  100.8560  25.9242  3.1749
100.5230  25.0541  100.8560  25.9242  3.0608
100.3200  25.2400  100.8560  25.9242  3.1124
100.7200  24.6420  100.8560  25.9242  3.1346
100.2940  23.5890  100.8560  25.9242  3.1466
97.6568  24.6108  100.8560  25.9242  3.1337
98.6668  24.9037  100.8560  25.9242  3.1031
100.3690  24.1603  100.8560  25.9242  3.1590
98.3382  24.3368  100.8560  25.9242  3.1394
99.7771  25.3419  100.8560  25.9242  3.0902
98.2175  24.6619  100.8560  25.9242  3.1157
99.0384  24.3221  100.8560  25.9242  3.1210
99.8346  24.9958  100.8560  25.9242  3.1099
100.8080  24.4547  100.8560  25.9242  3.1599
99.8316  25.8146  100.8560  25.9242  3.0802
99.5713  23.7032  100.8560  25.9242  3.1889
100.7810  24.1990  100.8560  25.9242  3.1648
97.7332  24.3999  100.8560  25.9242  3.1399
97.9699  24.7130  100.8560  25.9242  3.1275
99.6453  24.8769  100.8560  25.9242  3.0821
98.3349  25.2175  100.8560  25.9242  3.1119
99.7242  24.0204  100.8560  25.9242  3.1805
99.9445  24.3191  99.3404  24.5305  3.1972
98.3382  24.3368  99.3404  24.5305  3.2389
98.0252  24.4972  99.3404  24.5305  3.1923
100.7810  24.1990  99.3404  24.5305  3.1245
100.1990  24.7084  99.3404  24.5305  3.1913
99.5529  24.2045  99.3404  24.5305  3.2500
100.3690  24.1603  99.3404  24.5305  3.1395
99.5713  23.7032  99.3404  24.5305  3.1979
97.7332  24.3999  99.3404  24.5305  3.1921
100.7200  24.6420  99.3404  24.5305  3.1690
97.9699  24.7130  99.3404  24.5305  3.1375
100.4690  24.5924  99.3404  24.5305  3.1638
100.4120  23.9586  99.3404  24.5305  3.2090
98.5651  24.1350  99.3404  24.5305  3.2405
100.2940  23.5890  99.3404  24.5305  3.2083
98.8783  23.5554  99.3404  24.5305  3.2453
99.0268  23.8963  99.3404  24.5305  3.2031
97.6622  23.9027  99.3404  24.5305  3.2223
99.8799  24.7112  99.3404  24.5305  3.1952
97.7857  24.1826  99.3404  24.5305  3.2549
100.8080  24.4547  99.3404  24.5305  3.1604
97.6568  24.6108  99.3404  24.5305  3.1569
97.9350  25.1078  99.3404  24.5305  3.1559
100.8160  25.0395  99.3404  24.5305  3.2215
98.2175  24.6619  99.3404  24.5305  3.1365
97.9699  24.7130  98.4849  24.7484  3.1436
98.8634  25.4505  98.4849  24.7484  3.1970
99.0325  24.5549  98.4849  24.7484  3.1326
98.3382  24.3368  98.4849  24.7484  3.1146
100.8080  24.4547  98.4849  24.7484  3.1520
100.1990  24.7084  98.4849  24.7484  3.1026
97.7332  24.3999  98.4849  24.7484  3.2717
98.8431  25.1964  98.4849  24.7484  3.2396
98.8350  24.6942  98.4849  24.7484  3.1092
99.5529  24.2045  98.4849  24.7484  3.2599
99.9445  24.3191  98.4849  24.7484  3.1637
99.7242  24.0204  98.4849  24.7484  3.1895
100.7200  24.6420  98.4849  24.7484  3.1565
99.8799  24.7112  98.4849  24.7484  3.0924
100.7810  24.1990  98.4849  24.7484  3.1465
99.1663  24.7523  98.4849  24.7484  3.1579
99.6235  24.5257  98.4849  24.7484  3.0943
100.4120  23.9586  98.4849  24.7484  3.2010
99.5713  23.7032  98.4849  24.7484  3.2084
99.4801  25.0480  98.4849  24.7484  3.2364
99.3404  24.5305  98.4849  24.7484  3.1625
98.5651  24.1350  98.4849  24.7484  3.1378
100.3690  24.1603  98.4849  24.7484  3.1609
100.4690  24.5924  98.4849  24.7484  3.1324
100.0910  24.8650  98.4849  24.7484  3.1694
99.8346  24.9958  98.4849  24.7484  3.1680
98.8783  23.5554  98.4849  24.7484  3.2090
97.6622  23.9027  98.4849  24.7484  3.2011
99.6453  24.8769  98.4849  24.7484  3.1041
100.8160  25.0395  98.4849  24.7484  3.1364
97.6568  24.6108  98.4849  24.7484  3.2039
97.7857  24.1826  98.4849  24.7484  3.1909
100.2940  23.5890  98.4849  24.7484  3.1648
99.2375  25.4847  98.4849  24.7484  3.1759
97.6622  23.9027  98.6668  24.9037  3.1995
100.1990  24.7084  98.6668  24.9037  3.0705
100.7810  24.1990  98.6668  24.9037  3.1563
99.7242  24.0204  98.6668  24.9037  3.2083
99.0268  23.8963  98.6668  24.9037  3.2466
100.4120  23.9586  98.6668  24.9037  3.1552
100.8160  25.0395  98.6668  24.9037  3.0784
99.9445  24.3191  98.6668  24.9037  3.1652
100.8080  24.4547  98.6668  24.9037  3.1636
98.8634  25.4505  98.6668  24.9037  3.1655
97.6568  24.6108  98.6668  24.9037  3.2509
99.5529  24.2045  98.6668  24.9037  3.1528
100.0910  24.8650  98.6668  24.9037  3.1248
98.5651  24.1350  98.6668  24.9037  3.1824
97.9350  25.1078  98.6668  24.9037  3.0784
99.6235  24.5257  98.6668  24.9037  3.1975
97.7857  24.1826  98.6668  24.9037  3.1779
98.0252  24.4972  98.6668  24.9037  3.2361
99.8346  24.9958  98.6668  24.9037  3.1120
99.4801  25.0480  98.6668  24.9037  3.1900
99.2375  25.4847  98.6668  24.9037  3.2306
97.7332  24.3999  98.6668  24.9037  3.2164
99.1663  24.7523  98.6668  24.9037  3.1841
100.7200  24.6420  98.6668  24.9037  3.1547
97.9699  24.7130  98.6668  24.9037  3.1997
99.8799  24.7112  98.6668  24.9037  3.1033
100.3690  24.1603  98.6668  24.9037  3.1877
98.3382  24.3368  98.6668  24.9037  3.2574
99.3404  24.5305  98.6668  24.9037  3.2173
100.2940  23.5890  98.6668  24.9037  3.2109
99.5713  23.7032  98.6668  24.9037  3.1302
100.4690  24.5924  98.6668  24.9037  3.1463
99.6453  24.8769  98.6668  24.9037  3.0625
99.7242  24.0204  100.0910  24.8650  3.1743
99.8799  24.7112  100.0910  24.8650  3.1486
99.5713  23.7032  100.0910  24.8650  3.2090
99.9445  24.3191  100.0910  24.8650  3.0750
100.7810  24.1990  100.0910  24.8650  3.2053
98.8783  23.5554  100.0910  24.8650  3.1999
100.2940  23.5890  100.0910  24.8650  3.2535
100.8160  25.0395  100.0910  24.8650  3.1237
99.0268  23.8963  100.0910  24.8650  3.1810
99.5529  24.2045  100.0910  24.8650  3.1963
100.7200  24.6420  100.3690  24.1603  3.1845
100.8160  25.0395  100.3690  24.1603  3.1530
99.7242  24.0204  100.3690  24.1603  3.2344
99.0268  23.8963  100.3690  24.1603  3.2020
99.5713  23.7032  100.3690  24.1603  3.2495
99.5529  24.2045  100.3690  24.1603  3.1179
100.7810  24.1990  100.3690  24.1603  3.1845
98.8783  23.5554  100.3690  24.1603  3.2271
98.8783  23.5554  100.4690  24.5924  3.2089
100.2940  23.5890  100.4690  24.5924  3.1545
99.0268  23.8963  100.4690  24.5924  3.2062
99.5713  23.7032  100.4690  24.5924  3.2470
100.4120  23.9586  100.4690  24.5924  3.1996
100.8160  25.0395  100.4690  24.5924  3.1222
99.5529  24.2045  100.4690  24.5924  3.2446
99.7242  24.0204  100.4690  24.5924  3.2321
100.3690  24.1603  100.4690  24.5924  3.2208
98.3349  25.2175  99.4024  25.6322  3.1700
99.5529  24.2045  99.4024  25.6322  3.1582
100.8960  25.5945  99.4024  25.6322  3.0920
99.7242  24.0204  99.4024  25.6322  3.1938
100.4900  25.3500  99.4024  25.6322  3.0722
97.9350  25.1078  99.4024  25.6322  3.1201
100.4120  23.9586  99.4024  25.6322  3.1646
99.6235  24.5257  99.4024  25.6322  3.1775
99.8316  25.8146  99.4024  25.6322  3.2458
98.2175  24.6619  99.4024  25.6322  3.1341
98.5433  25.5117  99.4024  25.6322  3.1204
100.7200  24.6420  99.4024  25.6322  3.1415
100.5200  25.8500  99.4024  25.6322  3.1237
98.4849  24.7484  99.4024  25.6322  3.1520
100.7810  24.1990  99.4024  25.6322  3.2469
100.8160  25.0395  99.4024  25.6322  3.1259
100.2940  23.5890  99.4024  25.6322  3.1725
100.3200  25.2400  99.4024  25.6322  3.1406
100.1990  24.7084  99.4024  25.6322  3.1315
100.8560  25.9242  99.4024  25.6322  3.0723
98.8431  25.1964  99.4024  25.6322  3.1518
100.8080  24.4547  99.4024  25.6322  3.2010
98.8783  23.5554  99.4024  25.6322  3.1735
100.8990  25.3230  99.4024  25.6322  3.0568
97.7332  24.3999  99.4024  25.6322  3.1745
100.5960  26.2944  99.4024  25.6322  3.1194
99.1663  24.7523  99.4024  25.6322  3.1242
99.0325  24.5549  99.4024  25.6322  3.1521
99.4801  25.0480  99.4024  25.6322  3.1028
99.9445  24.3191  99.4024  25.6322  3.2602
99.5713  23.7032  99.4024  25.6322  3.1789
97.7857  24.1826  99.4024  25.6322  3.2163
100.3690  24.1603  99.4024  25.6322  3.1739
99.8346  24.9958  99.4024  25.6322  3.2713
97.6568  24.6108  99.4024  25.6322  3.1637
97.6622  23.9027  99.4024  25.6322  3.2035
99.9868  25.4893  99.4024  25.6322  3.0955
99.7280  25.5410  99.4024  25.6322  3.1571
97.9699  24.7130  99.4024  25.6322  3.1805
99.0268  23.8963  99.4024  25.6322  3.1574
100.4990  25.5666  99.4024  25.6322  3.0857
100.4690  24.5924  99.4024  25.6322  3.2174
98.8350  24.6942  99.4024  25.6322  3.1842
99.0384  24.3221  99.4024  25.6322  3.1568
100.5230  25.0541  99.4024  25.6322  3.0469
99.4137  25.2954  99.4024  25.6322  3.1088
100.1000  25.9100  99.4024  25.6322  3.1269
100.0910  24.8650  99.4024  25.6322  3.1162
98.0252  24.4972  99.4024  25.6322  3.1640
98.8634  25.4505  99.4024  25.6322  3.1725
98.5651  24.1350  99.4024  25.6322  3.2257
99.6453  24.8769  99.4024  25.6322  3.1895
99.8799  24.7112  99.4024  25.6322  3.2579
99.3404  24.5305  99.4024  25.6322  3.1247
98.3382  24.3368  99.4024  25.6322  3.2120
100.2160  25.0148  99.4024  25.6322  3.0827
98.6668  24.9037  99.4024  25.6322  3.1973
100.4120  23.9586  98.8783  23.5554  3.2085
100.8080  24.4547  98.8783  23.5554  3.2101
100.7200  24.6420  98.8783  23.5554  3.2194
100.7810  24.1990  98.8783  23.5554  3.1873
100.8160  25.0395  98.8783  23.5554  3.1946
100.2940  23.5890  98.8783  23.5554  3.1625
98.5651  24.1350  99.2375  25.4847  3.2399
97.6622  23.9027  99.2375  25.4847  3.2025
100.7200  24.6420  99.2375  25.4847  3.1815
98.0252  24.4972  99.2375  25.4847  3.1535
97.7857  24.1826  99.2375  25.4847  3.2031
99.5713  23.7032  99.2375  25.4847  3.1950
99.5529  24.2045  99.2375  25.4847  3.1940
99.0384  24.3221  99.2375  25.4847  3.1269
100.3690  24.1603  99.2375  25.4847  3.2036
99.9445  24.3191  99.2375  25.4847  3.2308
98.3382  24.3368  99.2375  25.4847  3.2412
100.4120  23.9586  99.2375  25.4847  3.1986
99.8799  24.7112  99.2375  25.4847  3.1959
100.0910  24.8650  99.2375  25.4847  3.1244
100.1990  24.7084  99.2375  25.4847  3.2148
100.4690  24.5924  99.2375  25.4847  3.2180
99.7242  24.0204  99.2375  25.4847  3.2375
97.9699  24.7130  99.2375  25.4847  3.1741
100.7810  24.1990  99.2375  25.4847  3.2598
99.0268  23.8963  99.2375  25.4847  3.1560
98.8350  24.6942  99.2375  25.4847  3.1590
97.7332  24.3999  99.2375  25.4847  3.1880
98.2175  24.6619  99.2375  25.4847  3.1129
99.1663  24.7523  99.2375  25.4847  3.0934
98.8783  23.5554  99.2375  25.4847  3.1728
98.8431  25.1964  99.2375  25.4847  3.2435
99.8346  24.9958  99.2375  25.4847  3.1479
99.0325  24.5549  99.2375  25.4847  3.1201
100.2940  23.5890  99.2375  25.4847  3.1883
99.4801  25.0480  99.2375  25.4847  3.2909
98.8634  25.4505  99.2375  25.4847  3.2133
99.6235  24.5257  99.2375  25.4847  3.2573
97.6568  24.6108  99.2375  25.4847  3.1528
99.3404  24.5305  99.2375  25.4847  3.1374
97.9350  25.1078  99.2375  25.4847  3.1180
100.8160  25.0395  99.2375  25.4847  3.1357
99.4801  25.0480  98.8431  25.1964  3.1686
100.4690  24.5924  98.8431  25.1964  3.1685
98.0252  24.4972  98.8431  25.1964  3.1645
100.7810  24.1990  98.8431  25.1964  3.2222
99.5713  23.7032  98.8431  25.1964  3.2294
97.9350  25.1078  98.8431  25.1964  3.0847
99.5529  24.2045  98.8431  25.1964  3.1853
98.2175  24.6619  98.8431  25.1964  3.1790
99.8799  24.7112  98.8431  25.1964  3.2579
100.7200  24.6420  98.8431  25.1964  3.1660
100.1990  24.7084  98.8431  25.1964  3.1987
100.2940  23.5890  98.8431  25.1964  3.1552
100.8160  25.0395  98.8431  25.1964  3.1055
99.9445  24.3191  98.8431  25.1964  3.1926
99.0325  24.5549  98.8431  25.1964  3.2271
98.8783  23.5554  98.8431  25.1964  3.1841
100.3690  24.1603  98.8431  25.1964  3.1935
99.7242  24.0204  98.8431  25.1964  3.1261
98.8350  24.6942  98.8431  25.1964  3.1037
98.3382  24.3368  98.8431  25.1964  3.2429
97.6568  24.6108  98.8431  25.1964  3.1918
99.8346  24.9958  98.8431  25.1964  3.1028
99.0384  24.3221  98.8431  25.1964  3.2044
98.5651  24.1350  98.8431  25.1964  3.2278
99.6453  24.8769  98.8431  25.1964  3.2039
99.3404  24.5305  98.8431  25.1964  3.2822
97.7332  24.3999  98.8431  25.1964  3.1803
99.6235  24.5257  98.8431  25.1964  3.1189
100.4120  23.9586  98.8431  25.1964  3.2022
100.8080  24.4547  98.8431  25.1964  3.1953
100.0910  24.8650  98.8431  25.1964  3.1357
97.6622  23.9027  98.8431  25.1964  3.2050
97.9699  24.7130  98.8431  25.1964  3.1642
99.0268  23.8963  98.8431  25.1964  3.1928
97.7857  24.1826  98.8431  25.1964  3.1835
98.5651  24.1350  97.7857  24.1826  3.2663
99.8799  24.7112  97.7857  24.1826  3.2488
99.7242  24.0204  97.7857  24.1826  3.1590
100.3690  24.1603  97.7857  24.1826  3.1781
100.1990  24.7084  97.7857  24.1826  3.2511
100.7200  24.6420  97.7857  24.1826  3.2200
100.2940  23.5890  97.7857  24.1826  3.1959
99.5529  24.2045  97.7857  24.1826  3.1802
100.4690  24.5924  97.7857  24.1826  3.2263
98.8783  23.5554  97.7857  24.1826  3.1731
99.0268  23.8963  97.7857  24.1826  3.1300
100.4120  23.9586  97.7857  24.1826  3.1772
100.7810  24.1990  97.7857  24.1826  3.1946
100.8160  25.0395  97.7857  24.1826  3.2218
100.8080  24.4547  97.7857  24.1826  3.1952
99.9445  24.3191  97.7857  24.1826  3.1665
100.0910  24.8650  97.7857  24.1826  3.2289
99.5713  23.7032  97.7857  24.1826  3.1807
97.9699  24.7130  99.7280  25.5410  3.1356
97.7332  24.3999  99.7280  25.5410  3.1611
100.7810  24.1990  99.7280  25.5410  3.2428
100.8990  25.3230  99.7280  25.5410  3.0433
98.5433  25.5117  99.7280  25.5410  3.1103
99.5713  23.7032  99.7280  25.5410  3.1672
100.3690  24.1603  99.7280  25.5410  3.1862
98.8634  25.4505  99.7280  25.5410  3.1241
98.4849  24.7484  99.7280  25.5410  3.1673
100.8960  25.5945  99.7280  25.5410  3.1162
99.0384  24.3221  99.7280  25.5410  3.1918
98.2175  24.6619  99.7280  25.5410  3.1747
100.7200  24.6420  99.7280  25.5410  3.1718
97.7857  24.1826  99.7280  25.5410  3.1649
100.8160  25.0395  99.7280  25.5410  3.1317
99.6235  24.5257  99.7280  25.5410  3.1228
100.4990  25.5666  99.7280  25.5410  3.1061
99.4801  25.0480  99.7280  25.5410  3.0617
99.8346  24.9958  99.7280  25.5410  3.0791
97.9350  25.1078  99.7280  25.5410  3.1094
98.0252  24.4972  99.7280  25.5410  3.1678
99.2375  25.4847  99.7280  25.5410  3.1590
100.4900  25.3500  99.7280  25.5410  3.0798
100.5960  26.2944  99.7280  25.5410  3.1033
99.1663  24.7523  99.7280  25.5410  3.1543
99.9445  24.3191  99.7280  25.5410  3.2099
97.6622  23.9027  99.7280  25.5410  3.1962
99.3404  24.5305  99.7280  25.5410  3.1385
100.5230  25.0541  99.7280  25.5410  3.1540
98.8350  24.6942  99.7280  25.5410  3.1148
99.4137  25.2954  99.7280  25.5410  3.2241
100.4690  24.5924  99.7280  25.5410  3.1144
98.8431  25.1964  99.7280  25.5410  3.1589
98.8783  23.5554  99.7280  25.5410  3.1945
99.8799  24.7112  99.7280  25.5410  3.1657
97.6568  24.6108  99.7280  25.5410  3.1431
100.2160  25.0148  99.7280  25.5410  3.0842
98.3349  25.2175  99.7280  25.5410  3.1054
98.6668  24.9037  99.7280  25.5410  3.1184
100.8080  24.4547  99.7280  25.5410  3.2313
99.0268  23.8963  99.7280  25.5410  3.1837
99.0325  24.5549  99.7280  25.5410  3.1652
100.2940  23.5890  99.7280  25.5410  3.2771
99.6453  24.8769  99.7280  25.5410  3.0564
99.7242  24.0204  99.7280  25.5410  3.1658
100.1000  25.9100  99.7280  25.5410  3.0933
100.3200  25.2400  99.7280  25.5410  3.1162
98.5651  24.1350  99.7280  25.5410  3.1713
99.5529  24.2045  99.7280  25.5410  3.1326
98.3382  24.3368  99.7280  25.5410  3.1519
97.9699  24.7130  99.8346  24.9958  3.1521
99.0268  23.8963  99.8346  24.9958  3.2663
99.9445  24.3191  99.8346  24.9958  3.1959
100.3690  24.1603  99.8346  24.9958  3.2313
99.5713  23.7032  99.8346  24.9958  3.1920
97.9350  25.1078  99.8346  24.9958  3.0994
98.0252  24.4972  99.8346  24.9958  3.2139
99.3404  24.5305  99.8346  24.9958  3.1906
100.8160  25.0395  99.8346  24.9958  3.0933
99.5529  24.2045  99.8346  24.9958  3.1351
97.7857  24.1826  99.8346  24.9958  3.1894
98.8783  23.5554  99.8346  24.9958  3.2490
98.2175  24.6619  99.8346  24.9958  3.1751
100.4690  24.5924  99.8346  24.9958  3.2512
99.7242  24.0204  99.8346  24.9958  3.1437
99.6235  24.5257  99.8346  24.9958  3.1002
100.7200  24.6420  99.8346  24.9958  3.2257
97.7332  24.3999  99.8346  24.9958  3.2159
99.1663  24.7523  99.8346  24.9958  3.1893
98.3382  24.3368  99.8346  24.9958  3.2018
97.6622  23.9027  99.8346  24.9958  3.2104
97.6568  24.6108  99.8346  24.9958  3.1743
100.4120  23.9586  99.8346  24.9958  3.2194
98.5651  24.1350  99.8346  24.9958  3.1619
97.7857  24.1826  97.9699  24.7130  3.1748
99.7242  24.0204  97.9699  24.7130  3.2035
100.1990  24.7084  97.9699  24.7130  3.1423
100.3690  24.1603  97.9699  24.7130  3.1567
100.7200  24.6420  97.9699  24.7130  3.1715
97.7332  24.3999  97.9699  24.7130  3.2437
100.4120  23.9586  97.9699  24.7130  3.1519
99.5713  23.7032  97.9699  24.7130  3.1724
97.6568  24.6108  97.9699  24.7130  3.2900
100.7810  24.1990  97.9699  24.7130  3.1579
99.5529  24.2045  97.9699  24.7130  3.1783
100.4690  24.5924  97.9699  24.7130  3.1616
99.8799  24.7112  97.9699  24.7130  3.1160
100.8160  25.0395  97.9699  24.7130  3.1298
100.2940  23.5890  97.9699  24.7130  3.1876
99.0268  23.8963  97.9699  24.7130  3.1976
99.9445  24.3191  97.9699  24.7130  3.1537
97.6622  23.9027  97.9699  24.7130  3.2255
100.0910  24.8650  97.9699  24.7130  3.1364
100.8080  24.4547  97.9699  24.7130  3.1705
100.7200  24.6420  99.7242  24.0204  3.1785
98.8783  23.5554  99.7242  24.0204  3.2380
100.2940  23.5890  99.7242  24.0204  3.1531
100.8080  24.4547  99.7242  24.0204  3.2442
99.5713  23.7032  99.7242  24.0204  3.1972
100.7810  24.1990  99.7242  24.0204  3.2424
100.8160  25.0395  99.7242  24.0204  3.2012
100.4120  23.9586  99.7242  24.0204  3.2872
100.8160  25.0395  100.4120  23.9586  3.1525
99.0268  23.8963  97.7332  24.3999  3.2313
100.4120  23.9586  97.7332  24.3999  3.1752
100.8160  25.0395  97.7332  24.3999  3.1802
98.3382  24.3368  97.7332  24.3999  3.1985
99.5529  24.2045  97.7332  24.3999  3.1680
100.7810  24.1990  97.7332  24.3999  3.1762
100.3690  24.1603  97.7332  24.3999  3.1754
100.7200  24.6420  97.7332  24.3999  3.1777
97.6622  23.9027  97.7332  24.3999  3.0899
99.5713  23.7032  97.7332  24.3999  3.2258
98.8783  23.5554  97.7332  24.3999  3.1814
100.8080  24.4547  97.7332  24.3999  3.1825
99.8799  24.7112  97.7332  24.3999  3.2071
99.9445  24.3191  97.7332  24.3999  3.1691
100.2940  23.5890  97.7332  24.3999  3.1796
100.0910  24.8650  97.7332  24.3999  3.2806
100.4690  24.5924  97.7332  24.3999  3.1788
99.7242  24.0204  97.7332  24.3999  3.1939
100.1990  24.7084  97.7332  24.3999  3.1723
98.5651  24.1350  97.7332  24.3999  3.1937
