1882  3.2705  0.0667  018
100.1470  24.4348  100.0690  23.8785  3.4224
98.5925  24.4245  100.0690  23.8785  3.3009
100.2540  25.6093  100.0690  23.8785  3.2691
98.8518  25.8317  100.0690  23.8785  3.2990
98.0709  24.0851  100.0690  23.8785  3.2929
99.2454  24.0357  100.0690  23.8785  3.2521
99.3717  25.8854  100.0690  23.8785  3.3269
98.5197  25.0289  100.0690  23.8785  3.2943
100.1470  24.4348  99.9475  26.1088  3.2517
98.5197  25.0289  99.9475  26.1088  3.2085
98.5925  24.4245  99.9475  26.1088  3.2428
99.2454  24.0357  99.9475  26.1088  3.2307
98.0709  24.0851  99.9475  26.1088  3.2321
99.3717  25.8854  99.9475  26.1088  3.3246
98.8518  25.8317  99.9475  26.1088  3.1732
100.0690  23.8785  99.9475  26.1088  3.2843
100.1470  24.4348  99.3717  25.8854  3.3034
98.0709  24.0851  98.5197  25.0289  3.3510
100.2540  25.6093  98.5197  25.0289  3.1848
100.1470  24.4348  98.5197  25.0289  3.2578
99.3717  25.8854  98.5197  25.0289  3.2919
100.1470  24.4348  98.0709  24.0851  3.3657
99.2454  24.0357  98.0709  24.0851  3.3559
99.3717  25.8854  98.0709  24.0851  3.2671
100.2540  25.6093  98.8518  25.8317  3.2032
98.5197  25.0289  98.8518  25.8317  3.2716
100.1470  24.4348  98.8518  25.8317  3.3104
98.0709  24.0851  98.8518  25.8317  3.3143
98.5925  24.4245  98.8518  25.8317  3.2620
99.3717  25.8854  98.8518  25.8317  3.4034
99.2454  24.0357  98.8518  25.8317  3.2869
99.3717  25.8854  99.2454  24.0357  3.2609
100.1470  24.4348  99.2454  24.0357  3.3791
98.0709  24.0851  100.2540  25.6093  3.3142
99.2454  24.0357  100.2540  25.6093  3.2621
100.1470  24.4348  100.2540  25.6093  3.2326
99.3717  25.8854  100.2540  25.6093  3.2151
100.1470  24.4348  98.5925  24.4245  3.2833
98.5197  25.0289  98.5925  24.4245  3.3326
99.3717  25.8854  98.5925  24.4245  3.2763
100.2540  25.6093  98.5925  24.4245  3.2290
99.2454  24.0357  98.5925  24.4245  3.3822
100.8080  24.4547  99.5713  23.7032  3.2852
100.7200  24.6420  99.5713  23.7032  3.3167
100.7810  24.1990  99.5713  23.7032  3.3327
100.4120  23.9586  99.5713  23.7032  3.3623
100.8160  25.0395  99.5713  23.7032  3.3223
98.8783  23.5554  99.5713  23.7032  3.4133
100.2940  23.5890  99.5713  23.7032  3.2995
99.8346  24.9958  99.4801  25.0480  3.3129
97.7857  24.1826  99.4801  25.0480  3.2791
97.9350  25.1078  99.4801  25.0480  3.1697
98.0252  24.4972  99.4801  25.0480  3.3009
100.2940  23.5890  99.4801  25.0480  3.2670
100.4690  24.5924  99.4801  25.0480  3.3842
97.9699  24.7130  99.4801  25.0480  3.2482
99.0268  23.8963  99.4801  25.0480  3.2700
99.7242  24.0204  99.4801  25.0480  3.3399
98.5651  24.1350  99.4801  25.0480  3.3198
97.6622  23.9027  99.4801  25.0480  3.3605
99.5529  24.2045  99.4801  25.0480  3.3092
100.8160  25.0395  99.4801  25.0480  3.2022
100.1990  24.7084  99.4801  25.0480  3.3793
99.3404  24.5305  99.4801  25.0480  3.3079
100.3690  24.1603  99.4801  25.0480  3.2663
98.2175  24.6619  99.4801  25.0480  3.3702
98.3382  24.3368  99.4801  25.0480  3.2313
100.7810  24.1990  99.4801  25.0480  3.3864
100.7200  24.6420  99.4801  25.0480  3.1997
97.7332  24.3999  99.4801  25.0480  3.2428
100.4120  23.9586  99.4801  25.0480  3.2301
99.5713  23.7032  99.4801  25.0480  3.2701
100.0910  24.8650  99.4801  25.0480  3.3478
97.6568  24.6108  99.4801  25.0480  3.2908
98.8783  23.5554  99.4801  25.0480  3.2901
100.8080  24.4547  99.4801  25.0480  3.2560
99.8799  24.7112  97.6568  24.6108  3.2336
99.7242  24.0204  97.6568  24.6108  3.2845
98.5651  24.1350  97.6568  24.6108  3.2063
100.8080  24.4547  97.6568  24.6108  3.2964
97.6622  23.9027  97.6568  24.6108  3.3500
99.0268  23.8963  97.6568  24.6108  3.3307
98.8783  23.5554  97.6568  24.6108  3.3033
99.9445  24.3191  97.6568  24.6108  3.2848
100.4120  23.9586  97.6568  24.6108  3.2549
100.7810  24.1990  97.6568  24.6108  3.2700
98.3382  24.3368  97.6568  24.6108  3.1855
100.0910  24.8650  97.6568  24.6108  3.2569
100.8160  25.0395  97.6568  24.6108  3.2505
99.5529  24.2045  97.6568  24.6108  3.2653
100.3690  24.1603  97.6568  24.6108  3.2856
99.5713  23.7032  97.6568  24.6108  3.3037
100.7200  24.6420  97.6568  24.6108  3.2952
100.1990  24.7084  97.6568  24.6108  3.2882
100.2940  23.5890  97.6568  24.6108  3.2798
100.4690  24.5924  97.6568  24.6108  3.2718
100.7810  24.1990  99.5529  24.2045  3.2332
98.8783  23.5554  99.5529  24.2045  3.4272
100.7200  24.6420  99.5529  24.2045  3.3628
100.8160  25.0395  99.5529  24.2045  3.2393
100.8080  24.4547  99.5529  24.2045  3.3562
99.5713  23.7032  99.5529  24.2045  3.3347
100.2940  23.5890  99.5529  24.2045  3.3218
100.4120  23.9586  99.5529  24.2045  3.2936
99.1663  24.7523  99.8316  25.8146  3.2350
99.7280  25.5410  99.8316  25.8146  3.3106
98.8350  24.6942  99.8316  25.8146  3.2463
100.5960  26.2944  99.8316  25.8146  3.2914
99.0384  24.3221  99.8316  25.8146  3.2616
100.7200  24.6420  99.8316  25.8146  3.1888
98.0252  24.4972  99.8316  25.8146  3.2731
100.3690  24.1603  99.8316  25.8146  3.3606
98.4849  24.7484  99.8316  25.8146  3.2159
97.7857  24.1826  99.8316  25.8146  3.2944
99.9445  24.3191  99.8316  25.8146  3.2805
98.3382  24.3368  99.8316  25.8146  3.2386
99.6235  24.5257  99.8316  25.8146  3.2215
97.6622  23.9027  99.8316  25.8146  3.3044
98.6668  24.9037  99.8316  25.8146  3.1884
99.4801  25.0480  99.8316  25.8146  3.2306
99.8346  24.9958  99.8316  25.8146  3.2470
100.1990  24.7084  99.8316  25.8146  3.3532
99.4137  25.2954  99.8316  25.8146  3.2979
100.0910  24.8650  99.8316  25.8146  3.3821
100.8990  25.3230  99.8316  25.8146  3.1608
98.8431  25.1964  99.8316  25.8146  3.2144
99.5713  23.7032  99.8316  25.8146  3.2829
97.9699  24.7130  99.8316  25.8146  3.2197
99.8799  24.7112  99.8316  25.8146  3.2460
99.7771  25.3419  99.8316  25.8146  3.2470
100.8960  25.5945  99.8316  25.8146  3.1515
99.3404  24.5305  99.8316  25.8146  3.2254
98.3349  25.2175  99.8316  25.8146  3.2151
100.8160  25.0395  99.8316  25.8146  3.2675
97.6568  24.6108  99.8316  25.8146  3.2064
98.8634  25.4505  99.8316  25.8146  3.2659
99.7242  24.0204  99.8316  25.8146  3.2741
98.2175  24.6619  99.8316  25.8146  3.2513
100.3200  25.2400  99.8316  25.8146  3.2197
99.2375  25.4847  99.8316  25.8146  3.3764
99.6453  24.8769  99.8316  25.8146  3.2096
98.5651  24.1350  99.8316  25.8146  3.2810
98.5433  25.5117  99.8316  25.8146  3.1717
100.4900  25.3500  99.8316  25.8146  3.1472
99.0268  23.8963  99.8316  25.8146  3.2625
99.5529  24.2045  99.8316  25.8146  3.2383
98.8783  23.5554  99.8316  25.8146  3.2736
100.2940  23.5890  99.8316  25.8146  3.3405
100.5230  25.0541  99.8316  25.8146  3.1273
100.7810  24.1990  99.8316  25.8146  3.2106
100.4120  23.9586  99.8316  25.8146  3.3987
100.4990  25.5666  99.8316  25.8146  3.3341
97.7332  24.3999  99.8316  25.8146  3.2508
97.9350  25.1078  99.8316  25.8146  3.1656
100.8080  24.4547  99.8316  25.8146  3.2270
99.0325  24.5549  99.8316  25.8146  3.2430
98.0252  24.4972  100.5230  25.0541  3.3512
99.0268  23.8963  100.5230  25.0541  3.2704
99.0325  24.5549  100.5230  25.0541  3.3093
100.8990  25.3230  100.5230  25.0541  3.4463
98.8634  25.4505  100.5230  25.0541  3.2097
99.0384  24.3221  100.5230  25.0541  3.2888
97.6622  23.9027  100.5230  25.0541  3.3018
99.9445  24.3191  100.5230  25.0541  3.3067
98.3382  24.3368  100.5230  25.0541  3.2427
99.5529  24.2045  100.5230  25.0541  3.3129
97.9699  24.7130  100.5230  25.0541  3.2152
97.9350  25.1078  100.5230  25.0541  3.2202
97.7332  24.3999  100.5230  25.0541  3.2519
99.8799  24.7112  100.5230  25.0541  3.4035
98.6668  24.9037  100.5230  25.0541  3.2915
99.6235  24.5257  100.5230  25.0541  3.2895
100.4690  24.5924  100.5230  25.0541  3.3841
98.8350  24.6942  100.5230  25.0541  3.2191
98.4849  24.7484  100.5230  25.0541  3.3032
99.6453  24.8769  100.5230  25.0541  3.3434
99.2375  25.4847  100.5230  25.0541  3.1339
99.4801  25.0480  100.5230  25.0541  3.2232
100.4990  25.5666  100.5230  25.0541  3.2691
99.5713  23.7032  100.5230  25.0541  3.3008
99.1663  24.7523  100.5230  25.0541  3.2761
98.5651  24.1350  100.5230  25.0541  3.2688
97.7857  24.1826  100.5230  25.0541  3.3083
100.4120  23.9586  100.5230  25.0541  3.3044
98.8431  25.1964  100.5230  25.0541  3.1491
99.8346  24.9958  100.5230  25.0541  3.2641
100.2940  23.5890  100.5230  25.0541  3.2806
100.5960  26.2944  100.5230  25.0541  3.1919
100.3690  24.1603  100.5230  25.0541  3.3822
98.3349  25.2175  100.5230  25.0541  3.2234
99.7242  24.0204  100.5230  25.0541  3.3106
98.8783  23.5554  100.5230  25.0541  3.2891
99.3404  24.5305  100.5230  25.0541  3.2796
98.5433  25.5117  100.5230  25.0541  3.1676
100.8960  25.5945  100.5230  25.0541  3.2059
97.6568  24.6108  100.5230  25.0541  3.2482
98.2175  24.6619  100.5230  25.0541  3.3047
100.1000  25.9100  100.5230  25.0541  3.3793
99.6453  24.8769  100.4990  25.5666  3.2426
99.8799  24.7112  100.4990  25.5666  3.2284
97.9699  24.7130  100.4990  25.5666  3.2570
98.3349  25.2175  100.4990  25.5666  3.2047
99.7242  24.0204  100.4990  25.5666  3.2405
100.7200  24.6420  100.4990  25.5666  3.3914
98.0252  24.4972  100.4990  25.5666  3.2284
97.6622  23.9027  100.4990  25.5666  3.2524
99.5529  24.2045  100.4990  25.5666  3.2569
98.6668  24.9037  100.4990  25.5666  3.1503
99.8346  24.9958  100.4990  25.5666  3.2959
97.7332  24.3999  100.4990  25.5666  3.2408
97.7857  24.1826  100.4990  25.5666  3.2422
100.7810  24.1990  100.4990  25.5666  3.3351
100.3690  24.1603  100.4990  25.5666  3.2918
98.5433  25.5117  100.4990  25.5666  3.1675
98.8431  25.1964  100.4990  25.5666  3.1557
100.4690  24.5924  100.4990  25.5666  3.2797
100.0910  24.8650  100.4990  25.5666  3.2145
99.5713  23.7032  100.4990  25.5666  3.2622
99.9445  24.3191  100.4990  25.5666  3.2025
99.4801  25.0480  100.4990  25.5666  3.2099
99.0268  23.8963  100.4990  25.5666  3.2741
100.2940  23.5890  100.4990  25.5666  3.2710
99.0325  24.5549  100.4990  25.5666  3.1855
98.8634  25.4505  100.4990  25.5666  3.2018
98.4849  24.7484  100.4990  25.5666  3.2046
98.8783  23.5554  100.4990  25.5666  3.2878
99.1663  24.7523  100.4990  25.5666  3.1877
100.5960  26.2944  100.4990  25.5666  3.2066
100.1990  24.7084  100.4990  25.5666  3.1915
99.2375  25.4847  100.4990  25.5666  3.1187
98.3382  24.3368  100.4990  25.5666  3.2380
100.4120  23.9586  100.4990  25.5666  3.2818
99.6235  24.5257  100.4990  25.5666  3.2610
97.9350  25.1078  100.4990  25.5666  3.1696
98.2175  24.6619  100.4990  25.5666  3.2348
99.0384  24.3221  100.4990  25.5666  3.1901
97.6568  24.6108  100.4990  25.5666  3.2722
99.3404  24.5305  100.4990  25.5666  3.2210
98.8350  24.6942  100.4990  25.5666  3.2655
98.5651  24.1350  100.4990  25.5666  3.2656
100.8080  24.4547  100.4990  25.5666  3.3870
100.2940  23.5890  100.8990  25.3230  3.2295
99.8346  24.9958  100.8990  25.3230  3.2598
100.4120  23.9586  100.8990  25.3230  3.2268
99.0384  24.3221  100.8990  25.3230  3.2865
98.8431  25.1964  100.8990  25.3230  3.1576
100.5960  26.2944  100.8990  25.3230  3.3613
99.6235  24.5257  100.8990  25.3230  3.2036
97.6568  24.6108  100.8990  25.3230  3.2285
99.0325  24.5549  100.8990  25.3230  3.2362
100.1990  24.7084  100.8990  25.3230  3.3094
98.2175  24.6619  100.8990  25.3230  3.2871
98.5433  25.5117  100.8990  25.3230  3.1779
98.3349  25.2175  100.8990  25.3230  3.1901
97.9350  25.1078  100.8990  25.3230  3.1971
98.8634  25.4505  100.8990  25.3230  3.1824
98.5651  24.1350  100.8990  25.3230  3.2381
99.4801  25.0480  100.8990  25.3230  3.1780
98.8783  23.5554  100.8990  25.3230  3.2678
99.5529  24.2045  100.8990  25.3230  3.2364
100.1000  25.9100  100.8990  25.3230  3.2118
99.1663  24.7523  100.8990  25.3230  3.2273
98.4849  24.7484  100.8990  25.3230  3.2738
98.0252  24.4972  100.8990  25.3230  3.3027
98.8350  24.6942  100.8990  25.3230  3.1979
100.7810  24.1990  100.8990  25.3230  3.2603
98.3382  24.3368  100.8990  25.3230  3.2433
99.2375  25.4847  100.8990  25.3230  3.1412
99.7242  24.0204  100.8990  25.3230  3.3014
97.6622  23.9027  100.8990  25.3230  3.2773
97.7332  24.3999  100.8990  25.3230  3.3031
97.9699  24.7130  100.8990  25.3230  3.2077
99.0268  23.8963  100.8990  25.3230  3.2676
100.0910  24.8650  100.8990  25.3230  3.3441
100.3690  24.1603  100.8990  25.3230  3.2366
99.8799  24.7112  100.8990  25.3230  3.2262
100.7200  24.6420  100.8990  25.3230  3.2348
97.7857  24.1826  100.8990  25.3230  3.2858
100.8080  24.4547  100.8990  25.3230  3.2764
100.8160  25.0395  100.8990  25.3230  3.2831
99.9445  24.3191  100.8990  25.3230  3.3105
99.5713  23.7032  100.8990  25.3230  3.3038
100.4690  24.5924  100.8990  25.3230  3.2324
99.6453  24.8769  100.8990  25.3230  3.2655
98.6668  24.9037  100.8990  25.3230  3.2644
99.3404  24.5305  100.8990  25.3230  3.2638
100.7200  24.6420  98.5651  24.1350  3.3076
100.0910  24.8650  98.5651  24.1350  3.3258
99.5713  23.7032  98.5651  24.1350  3.2913
100.8160  25.0395  98.5651  24.1350  3.2224
99.9445  24.3191  98.5651  24.1350  3.2429
100.4690  24.5924  98.5651  24.1350  3.3005
99.5529  24.2045  98.5651  24.1350  3.3016
100.2940  23.5890  98.5651  24.1350  3.2873
100.4120  23.9586  98.5651  24.1350  3.2424
99.7242  24.0204  98.5651  24.1350  3.2895
100.7810  24.1990  98.5651  24.1350  3.2918
100.8080  24.4547  98.5651  24.1350  3.3465
100.3690  24.1603  98.5651  24.1350  3.3242
100.1990  24.7084  98.5651  24.1350  3.3589
99.8799  24.7112  98.5651  24.1350  3.3725
97.9699  24.7130  98.8634  25.4505  3.2456
100.8080  24.4547  98.8634  25.4505  3.2615
100.2940  23.5890  98.8634  25.4505  3.2815
100.4120  23.9586  98.8634  25.4505  3.2832
99.1663  24.7523  98.8634  25.4505  3.4306
100.8160  25.0395  98.8634  25.4505  3.1819
100.1990  24.7084  98.8634  25.4505  3.2536
98.5651  24.1350  98.8634  25.4505  3.2979
98.3382  24.3368  98.8634  25.4505  3.2873
97.6622  23.9027  98.8634  25.4505  3.2781
100.0910  24.8650  98.8634  25.4505  3.2523
99.0384  24.3221  98.8634  25.4505  3.2766
100.4690  24.5924  98.8634  25.4505  3.3012
99.3404  24.5305  98.8634  25.4505  3.3726
99.8799  24.7112  98.8634  25.4505  3.3235
99.7242  24.0204  98.8634  25.4505  3.2213
100.3690  24.1603  98.8634  25.4505  3.3233
99.6453  24.8769  98.8634  25.4505  3.2304
97.9350  25.1078  98.8634  25.4505  3.3384
99.5529  24.2045  98.8634  25.4505  3.3635
98.8350  24.6942  98.8634  25.4505  3.2869
100.7810  24.1990  98.8634  25.4505  3.2837
97.7332  24.3999  98.8634  25.4505  3.2536
98.2175  24.6619  98.8634  25.4505  3.3033
99.9445  24.3191  98.8634  25.4505  3.2828
97.7857  24.1826  98.8634  25.4505  3.2744
98.0252  24.4972  98.8634  25.4505  3.3141
99.6235  24.5257  98.8634  25.4505  3.2353
97.6568  24.6108  98.8634  25.4505  3.2548
99.8346  24.9958  98.8634  25.4505  3.3291
99.0268  23.8963  98.8634  25.4505  3.2841
98.8783  23.5554  98.8634  25.4505  3.2834
99.0325  24.5549  98.8634  25.4505  3.3230
99.4801  25.0480  98.8634  25.4505  3.3599
99.5713  23.7032  98.8634  25.4505  3.3591
100.7200  24.6420  98.8634  25.4505  3.2287
100.8160  25.0395  100.2940  23.5890  3.2338
100.8160  25.0395  100.7810  24.1990  3.3168
100.2940  23.5890  100.7810  24.1990  3.3227
98.3349  25.2175  99.4137  25.2954  3.1817
97.6622  23.9027  99.4137  25.2954  3.3574
99.5529  24.2045  99.4137  25.2954  3.2677
97.7332  24.3999  99.4137  25.2954  3.2242
98.8431  25.1964  99.4137  25.2954  3.4481
98.8634  25.4505  99.4137  25.2954  3.2996
100.4990  25.5666  99.4137  25.2954  3.2555
100.1990  24.7084  99.4137  25.2954  3.2931
100.4900  25.3500  99.4137  25.2954  3.2151
100.8960  25.5945  99.4137  25.2954  3.1775
99.0268  23.8963  99.4137  25.2954  3.2657
100.4120  23.9586  99.4137  25.2954  3.2333
97.6568  24.6108  99.4137  25.2954  3.2410
97.9350  25.1078  99.4137  25.2954  3.2405
100.4690  24.5924  99.4137  25.2954  3.3902
100.8080  24.4547  99.4137  25.2954  3.2805
100.5230  25.0541  99.4137  25.2954  3.1418
99.0384  24.3221  99.4137  25.2954  3.2814
99.0325  24.5549  99.4137  25.2954  3.2698
100.2160  25.0148  99.4137  25.2954  3.2919
100.0910  24.8650  99.4137  25.2954  3.2295
99.6235  24.5257  99.4137  25.2954  3.3642
99.9868  25.4893  99.4137  25.2954  3.3370
98.8783  23.5554  99.4137  25.2954  3.2793
99.9445  24.3191  99.4137  25.2954  3.4123
99.7242  24.0204  99.4137  25.2954  3.3068
98.6668  24.9037  99.4137  25.2954  3.3874
100.7200  24.6420  99.4137  25.2954  3.2277
97.9699  24.7130  99.4137  25.2954  3.2448
98.3382  24.3368  99.4137  25.2954  3.2679
98.5433  25.5117  99.4137  25.2954  3.3135
99.1663  24.7523  99.4137  25.2954  3.3557
98.2175  24.6619  99.4137  25.2954  3.2918
100.2940  23.5890  99.4137  25.2954  3.2409
100.3200  25.2400  99.4137  25.2954  3.2032
100.8990  25.3230  99.4137  25.2954  3.2127
99.5713  23.7032  99.4137  25.2954  3.2697
100.5960  26.2944  99.4137  25.2954  3.1632
97.7857  24.1826  99.4137  25.2954  3.3377
100.8160  25.0395  99.4137  25.2954  3.1995
100.7810  24.1990  99.4137  25.2954  3.3736
99.3404  24.5305  99.4137  25.2954  3.2694
98.5651  24.1350  99.4137  25.2954  3.3241
98.4849  24.7484  99.4137  25.2954  3.2452
98.0252  24.4972  99.4137  25.2954  3.3279
98.8350  24.6942  99.4137  25.2954  3.3274
100.1000  25.9100  99.4137  25.2954  3.2696
100.3690  24.1603  99.4137  25.2954  3.2347
100.0910  24.8650  97.6622  23.9027  3.2680
99.8799  24.7112  97.6622  23.9027  3.3026
100.8080  24.4547  97.6622  23.9027  3.3416
100.7810  24.1990  97.6622  23.9027  3.3212
100.4690  24.5924  97.6622  23.9027  3.3319
100.4120  23.9586  97.6622  23.9027  3.3136
100.7200  24.6420  97.6622  23.9027  3.3675
99.5713  23.7032  97.6622  23.9027  3.2915
99.0268  23.8963  97.6622  23.9027  3.3776
98.8783  23.5554  97.6622  23.9027  3.1996
100.2940  23.5890  97.6622  23.9027  3.2859
99.9445  24.3191  97.6622  23.9027  3.3959
100.3690  24.1603  97.6622  23.9027  3.3580
100.8160  25.0395  97.6622  23.9027  3.3092
100.1990  24.7084  97.6622  23.9027  3.3462
99.7242  24.0204  97.6622  23.9027  3.3392
99.5529  24.2045  97.6622  23.9027  3.3975
97.9350  25.1078  99.9868  25.4893  3.2052
100.4990  25.5666  99.9868  25.4893  3.3835
100.1000  25.9100  99.9868  25.4893  3.1282
98.6668  24.9037  99.9868  25.4893  3.2875
98.0252  24.4972  99.9868  25.4893  3.1955
97.6568  24.6108  99.9868  25.4893  3.2529
99.4801  25.0480  99.9868  25.4893  3.4026
97.7857  24.1826  99.9868  25.4893  3.2564
98.8431  25.1964  99.9868  25.4893  3.2671
100.8160  25.0395  99.9868  25.4893  3.2686
99.0384  24.3221  99.9868  25.4893  3.3044
100.7200  24.6420  99.9868  25.4893  3.1695
98.3382  24.3368  99.9868  25.4893  3.2763
99.6453  24.8769  99.9868  25.4893  3.2698
98.4849  24.7484  99.9868  25.4893  3.2880
98.5433  25.5117  99.9868  25.4893  3.2043
99.1663  24.7523  99.9868  25.4893  3.2611
99.2375  25.4847  99.9868  25.4893  3.1877
98.2175  24.6619  99.9868  25.4893  3.2339
99.8799  24.7112  99.9868  25.4893  3.2413
100.7810  24.1990  99.9868  25.4893  3.1963
99.9445  24.3191  99.9868  25.4893  3.2682
99.7242  24.0204  99.9868  25.4893  3.2616
100.8990  25.3230  99.9868  25.4893  3.1460
99.6235  24.5257  99.9868  25.4893  3.2289
100.8960  25.5945  99.9868  25.4893  3.2696
99.5713  23.7032  99.9868  25.4893  3.2748
98.8634  25.4505  99.9868  25.4893  3.1656
99.0325  24.5549  99.9868  25.4893  3.2651
100.2940  23.5890  99.9868  25.4893  3.3329
99.5529  24.2045  99.9868  25.4893  3.2293
98.5651  24.1350  99.9868  25.4893  3.2305
100.3690  24.1603  99.9868  25.4893  3.3728
97.6622  23.9027  99.9868  25.4893  3.3060
98.8350  24.6942  99.9868  25.4893  3.1847
100.8080  24.4547  99.9868  25.4893  3.2100
100.5960  26.2944  99.9868  25.4893  3.2238
100.0910  24.8650  99.9868  25.4893  3.3988
100.4120  23.9586  99.9868  25.4893  3.3581
98.8783  23.5554  99.9868  25.4893  3.3068
98.3349  25.2175  99.9868  25.4893  3.1932
97.7332  24.3999  99.9868  25.4893  3.2473
97.9699  24.7130  99.9868  25.4893  3.2290
100.1990  24.7084  99.9868  25.4893  3.4028
99.3404  24.5305  99.9868  25.4893  3.2612
99.8346  24.9958  99.9868  25.4893  3.1983
99.0268  23.8963  99.9868  25.4893  3.2959
99.5529  24.2045  99.4300  26.2040  3.2428
98.4849  24.7484  99.4300  26.2040  3.2769
99.6453  24.8769  99.4300  26.2040  3.2291
100.8160  25.0395  99.4300  26.2040  3.2119
99.9868  25.4893  99.4300  26.2040  3.3891
99.4137  25.2954  99.4300  26.2040  3.2191
100.3200  25.2400  99.4300  26.2040  3.1422
100.1000  25.9100  99.4300  26.2040  3.2601
99.9445  24.3191  99.4300  26.2040  3.3131
100.4900  25.3500  99.4300  26.2040  3.2563
98.2175  24.6619  99.4300  26.2040  3.2427
99.4801  25.0480  99.4300  26.2040  3.2074
98.6668  24.9037  99.4300  26.2040  3.2574
100.8960  25.5945  99.4300  26.2040  3.1497
99.2375  25.4847  99.4300  26.2040  3.2158
98.8431  25.1964  99.4300  26.2040  3.2249
100.7810  24.1990  99.4300  26.2040  3.2665
98.5651  24.1350  99.4300  26.2040  3.2796
97.6568  24.6108  99.4300  26.2040  3.2458
98.3382  24.3368  99.4300  26.2040  3.2973
99.0325  24.5549  99.4300  26.2040  3.2208
97.6622  23.9027  99.4300  26.2040  3.2400
99.7771  25.3419  99.4300  26.2040  3.3424
100.4990  25.5666  99.4300  26.2040  3.2422
100.5960  26.2944  99.4300  26.2040  3.1233
99.4024  25.6322  99.4300  26.2040  3.2332
98.8350  24.6942  99.4300  26.2040  3.2258
100.2940  23.5890  99.4300  26.2040  3.2642
99.1663  24.7523  99.4300  26.2040  3.2078
97.9350  25.1078  99.4300  26.2040  3.2097
97.9699  24.7130  99.4300  26.2040  3.1938
100.5200  25.8500  99.4300  26.2040  3.1604
100.8560  25.9242  99.4300  26.2040  3.1445
98.3349  25.2175  99.4300  26.2040  3.1778
99.0384  24.3221  99.4300  26.2040  3.2272
100.2160  25.0148  99.4300  26.2040  3.1476
98.8634  25.4505  99.4300  26.2040  3.2513
98.5433  25.5117  99.4300  26.2040  3.2041
97.7332  24.3999  99.4300  26.2040  3.2255
99.8799  24.7112  99.4300  26.2040  3.2869
99.3404  24.5305  99.4300  26.2040  3.2181
99.8346  24.9958  99.4300  26.2040  3.2998
99.6235  24.5257  99.4300  26.2040  3.2506
99.0268  23.8963  99.4300  26.2040  3.2525
97.7857  24.1826  99.4300  26.2040  3.2149
100.4120  23.9586  99.4300  26.2040  3.2069
98.8783  23.5554  99.4300  26.2040  3.2660
99.7280  25.5410  99.4300  26.2040  3.3963
100.4690  24.5924  99.4300  26.2040  3.1744
100.0910  24.8650  99.4300  26.2040  3.4187
99.7242  24.0204  99.4300  26.2040  3.2713
98.0252  24.4972  99.4300  26.2040  3.2068
100.8080  24.4547  99.4300  26.2040  3.2672
100.8990  25.3230  99.4300  26.2040  3.1872
100.7200  24.6420  99.4300  26.2040  3.2562
100.3690  24.1603  99.4300  26.2040  3.2132
100.5230  25.0541  99.4300  26.2040  3.2269
99.5713  23.7032  99.4300  26.2040  3.2610
97.6622  23.9027  99.1663  24.7523  3.3833
98.3382  24.3368  99.1663  24.7523  3.3961
100.0910  24.8650  99.1663  24.7523  3.3359
99.9445  24.3191  99.1663  24.7523  3.3575
98.2175  24.6619  99.1663  24.7523  3.2827
100.8080  24.4547  99.1663  24.7523  3.2231
98.0252  24.4972  99.1663  24.7523  3.3636
99.8799  24.7112  99.1663  24.7523  3.3367
97.7332  24.3999  99.1663  24.7523  3.3333
98.8783  23.5554  99.1663  24.7523  3.3009
100.4120  23.9586  99.1663  24.7523  3.3078
97.6568  24.6108  99.1663  24.7523  3.3146
97.9350  25.1078  99.1663  24.7523  3.1605
100.4690  24.5924  99.1663  24.7523  3.2704
100.7200  24.6420  99.1663  24.7523  3.2801
99.5713  23.7032  99.1663  24.7523  3.3356
100.2940  23.5890  99.1663  24.7523  3.3086
100.7810  24.1990  99.1663  24.7523  3.2511
97.9699  24.7130  99.1663  24.7523  3.2913
99.0268  23.8963  99.1663  24.7523  3.3283
100.8160  25.0395  99.1663  24.7523  3.2223
98.5651  24.1350  99.1663  24.7523  3.4381
100.1990  24.7084  99.1663  24.7523  3.2294
99.7242  24.0204  99.1663  24.7523  3.4407
100.3690  24.1603  99.1663  24.7523  3.2897
97.7857  24.1826  99.1663  24.7523  3.3661
97.7857  24.1826  99.6453  24.8769  3.2752
100.7810  24.1990  99.6453  24.8769  3.3775
100.4120  23.9586  99.6453  24.8769  3.1933
97.9699  24.7130  99.6453  24.8769  3.2649
99.0268  23.8963  99.6453  24.8769  3.3239
100.7200  24.6420  99.6453  24.8769  3.2456
100.0910  24.8650  99.6453  24.8769  3.3942
99.7242  24.0204  99.6453  24.8769  3.3522
98.3382  24.3368  99.6453  24.8769  3.4066
100.3690  24.1603  99.6453  24.8769  3.2479
100.8160  25.0395  99.6453  24.8769  3.2491
99.6235  24.5257  99.6453  24.8769  3.3987
100.2940  23.5890  99.6453  24.8769  3.3463
99.5529  24.2045  99.6453  24.8769  3.2903
98.8783  23.5554  99.6453  24.8769  3.3182
97.9350  25.1078  99.6453  24.8769  3.1645
100.8080  24.4547  99.6453  24.8769  3.2382
98.2175  24.6619  99.6453  24.8769  3.2815
99.5713  23.7032  99.6453  24.8769  3.2778
100.1990  24.7084  99.6453  24.8769  3.3691
98.0252  24.4972  99.6453  24.8769  3.3068
97.6568  24.6108  99.6453  24.8769  3.3017
97.7332  24.3999  99.6453  24.8769  3.3317
97.6622  23.9027  99.6453  24.8769  3.2818
98.5651  24.1350  99.6453  24.8769  3.2219
99.5529  24.2045  97.9350  25.1078  3.2068
98.8783  23.5554  97.9350  25.1078  3.3845
100.2940  23.5890  97.9350  25.1078  3.2716
100.4690  24.5924  97.9350  25.1078  3.2318
98.0252  24.4972  97.9350  25.1078  3.3486
100.7810  24.1990  97.9350  25.1078  3.2444
97.7857  24.1826  97.9350  25.1078  3.2840
99.8799  24.7112  97.9350  25.1078  3.2214
98.3382  24.3368  97.9350  25.1078  3.4239
97.7332  24.3999  97.9350  25.1078  3.3526
99.0268  23.8963  97.9350  25.1078  3.1981
100.7200  24.6420  97.9350  25.1078  3.2298
100.8160  25.0395  97.9350  25.1078  3.2121
97.6622  23.9027  97.9350  25.1078  3.3133
99.7242  24.0204  97.9350  25.1078  3.2654
100.0910  24.8650  97.9350  25.1078  3.1751
99.9445  24.3191  97.9350  25.1078  3.2240
100.8080  24.4547  97.9350  25.1078  3.2346
100.3690  24.1603  97.9350  25.1078  3.2797
100.4120  23.9586  97.9350  25.1078  3.2803
100.1990  24.7084  97.9350  25.1078  3.1921
100.8160  25.0395  99.0268  23.8963  3.3032
100.7810  24.1990  99.0268  23.8963  3.2825
100.7200  24.6420  99.0268  23.8963  3.3667
100.4120  23.9586  99.0268  23.8963  3.2330
99.5713  23.7032  99.0268  23.8963  3.3451
99.7242  24.0204  99.0268  23.8963  3.4053
100.8080  24.4547  99.0268  23.8963  3.3478
100.2940  23.5890  99.0268  23.8963  3.2545
99.5529  24.2045  98.8350  24.6942  3.2024
97.7332  24.3999  98.8350  24.6942  3.4452
97.9699  24.7130  98.8350  24.6942  3.2835
97.9350  25.1078  98.8350  24.6942  3.2350
97.7857  24.1826  98.8350  24.6942  3.4473
98.2175  24.6619  98.8350  24.6942  3.3888
99.6453  24.8769  98.8350  24.6942  3.3352
98.8783  23.5554  98.8350  24.6942  3.3054
98.0252  24.4972  98.8350  24.6942  3.4258
100.4120  23.9586  98.8350  24.6942  3.2388
97.6568  24.6108  98.8350  24.6942  3.3329
100.3690  24.1603  98.8350  24.6942  3.3264
99.9445  24.3191  98.8350  24.6942  3.1753
100.7810  24.1990  98.8350  24.6942  3.2226
98.5651  24.1350  98.8350  24.6942  3.4211
100.1990  24.7084  98.8350  24.6942  3.2132
99.8799  24.7112  98.8350  24.6942  3.2232
97.6622  23.9027  98.8350  24.6942  3.3663
100.7200  24.6420  98.8350  24.6942  3.2505
99.7242  24.0204  98.8350  24.6942  3.3047
99.4801  25.0480  98.8350  24.6942  3.3932
100.8080  24.4547  98.8350  24.6942  3.2404
100.8160  25.0395  98.8350  24.6942  3.2595
100.2940  23.5890  98.8350  24.6942  3.3007
99.0268  23.8963  98.8350  24.6942  3.3555
99.6235  24.5257  98.8350  24.6942  3.2478
100.0910  24.8650  98.8350  24.6942  3.2679
99.8346  24.9958  98.8350  24.6942  3.3423
99.5713  23.7032  98.8350  24.6942  3.4524
100.4690  24.5924  98.8350  24.6942  3.2453
99.3404  24.5305  98.8350  24.6942  3.2938
99.0268  23.8963  100.1000  25.9100  3.2699
99.0325  24.5549  100.1000  25.9100  3.2530
98.8350  24.6942  100.1000  25.9100  3.1916
100.3690  24.1603  100.1000  25.9100  3.3019
98.8431  25.1964  100.1000  25.9100  3.2094
100.8080  24.4547  100.1000  25.9100  3.2033
97.6568  24.6108  100.1000  25.9100  3.2163
100.1990  24.7084  100.1000  25.9100  3.2268
99.5529  24.2045  100.1000  25.9100  3.2024
100.4690  24.5924  100.1000  25.9100  3.2822
99.7242  24.0204  100.1000  25.9100  3.2216
97.7332  24.3999  100.1000  25.9100  3.2434
100.7810  24.1990  100.1000  25.9100  3.2392
98.8783  23.5554  100.1000  25.9100  3.2682
100.7200  24.6420  100.1000  25.9100  3.2287
98.3349  25.2175  100.1000  25.9100  3.1634
98.2175  24.6619  100.1000  25.9100  3.2793
98.4849  24.7484  100.1000  25.9100  3.2192
98.8634  25.4505  100.1000  25.9100  3.2989
98.6668  24.9037  100.1000  25.9100  3.1965
97.9350  25.1078  100.1000  25.9100  3.2020
99.5713  23.7032  100.1000  25.9100  3.2430
97.6622  23.9027  100.1000  25.9100  3.2992
97.7857  24.1826  100.1000  25.9100  3.2738
99.6453  24.8769  100.1000  25.9100  3.1627
100.4120  23.9586  100.1000  25.9100  3.2930
99.8799  24.7112  100.1000  25.9100  3.1649
99.8346  24.9958  100.1000  25.9100  3.1443
97.9699  24.7130  100.1000  25.9100  3.1864
100.5960  26.2944  100.1000  25.9100  3.4194
99.4801  25.0480  100.1000  25.9100  3.2124
100.8160  25.0395  100.1000  25.9100  3.1311
99.1663  24.7523  100.1000  25.9100  3.2354
98.0252  24.4972  100.1000  25.9100  3.2687
98.5651  24.1350  100.1000  25.9100  3.2317
98.3382  24.3368  100.1000  25.9100  3.2367
99.3404  24.5305  100.1000  25.9100  3.2117
100.2940  23.5890  100.1000  25.9100  3.2907
99.2375  25.4847  100.1000  25.9100  3.2499
99.0384  24.3221  100.1000  25.9100  3.2633
98.5433  25.5117  100.1000  25.9100  3.1442
99.9445  24.3191  100.1000  25.9100  3.2134
100.0910  24.8650  100.1000  25.9100  3.1915
99.6235  24.5257  100.1000  25.9100  3.1775
100.3690  24.1603  98.0252  24.4972  3.2664
99.5529  24.2045  98.0252  24.4972  3.2500
100.1990  24.7084  98.0252  24.4972  3.2917
100.0910  24.8650  98.0252  24.4972  3.3990
100.7810  24.1990  98.0252  24.4972  3.2704
100.8080  24.4547  98.0252  24.4972  3.2690
99.8799  24.7112  98.0252  24.4972  3.3465
100.8160  25.0395  98.0252  24.4972  3.2889
99.0268  23.8963  98.0252  24.4972  3.3866
100.2940  23.5890  98.0252  24.4972  3.2890
100.4690  24.5924  98.0252  24.4972  3.3000
100.4120  23.9586  98.0252  24.4972  3.2786
99.5713  23.7032  98.0252  24.4972  3.2787
99.7242  24.0204  98.0252  24.4972  3.3005
99.9445  24.3191  98.0252  24.4972  3.2500
100.7200  24.6420  98.0252  24.4972  3.2820
99.6235  24.5257  100.8960  25.5945  3.2193
100.8990  25.3230  100.8960  25.5945  3.4362
99.1663  24.7523  100.8960  25.5945  3.2538
99.9445  24.3191  100.8960  25.5945  3.2634
100.2940  23.5890  100.8960  25.5945  3.2340
99.3404  24.5305  100.8960  25.5945  3.1973
99.0384  24.3221  100.8960  25.5945  3.2389
98.8634  25.4505  100.8960  25.5945  3.1661
98.2175  24.6619  100.8960  25.5945  3.2737
100.8080  24.4547  100.8960  25.5945  3.2574
99.6453  24.8769  100.8960  25.5945  3.2051
100.7200  24.6420  100.8960  25.5945  3.1955
99.2375  25.4847  100.8960  25.5945  3.1755
98.8350  24.6942  100.8960  25.5945  3.2310
98.3382  24.3368  100.8960  25.5945  3.1966
98.6668  24.9037  100.8960  25.5945  3.2146
100.7810  24.1990  100.8960  25.5945  3.2470
97.9350  25.1078  100.8960  25.5945  3.1755
100.1000  25.9100  100.8960  25.5945  3.2140
98.5651  24.1350  100.8960  25.5945  3.2775
97.6568  24.6108  100.8960  25.5945  3.2447
97.6622  23.9027  100.8960  25.5945  3.2624
98.0252  24.4972  100.8960  25.5945  3.2645
99.0268  23.8963  100.8960  25.5945  3.2519
97.7332  24.3999  100.8960  25.5945  3.2655
99.8346  24.9958  100.8960  25.5945  3.1865
99.5713  23.7032  100.8960  25.5945  3.2869
99.0325  24.5549  100.8960  25.5945  3.2572
99.4801  25.0480  100.8960  25.5945  3.2578
100.8160  25.0395  100.8960  25.5945  3.2375
98.8783  23.5554  100.8960  25.5945  3.2631
99.7242  24.0204  100.8960  25.5945  3.2743
99.8799  24.7112  100.8960  25.5945  3.2795
98.4849  24.7484  100.8960  25.5945  3.2308
99.5529  24.2045  100.8960  25.5945  3.2694
98.3349  25.2175  100.8960  25.5945  3.1710
100.4690  24.5924  100.8960  25.5945  3.1833
100.1990  24.7084  100.8960  25.5945  3.2186
100.3690  24.1603  100.8960  25.5945  3.2549
100.4120  23.9586  100.8960  25.5945  3.2321
98.5433  25.5117  100.8960  25.5945  3.1996
100.0910  24.8650  100.8960  25.5945  3.2954
97.9699  24.7130  100.8960  25.5945  3.2396
98.8431  25.1964  100.8960  25.5945  3.2282
97.7857  24.1826  100.8960  25.5945  3.2668
99.0268  23.8963  99.9445  24.3191  3.3732
100.4120  23.9586  99.9445  24.3191  3.2180
100.8080  24.4547  99.9445  24.3191  3.4238
99.5713  23.7032  99.9445  24.3191  3.3266
98.8783  23.5554  99.9445  24.3191  3.3024
100.7810  24.1990  99.9445  24.3191  3.1330
100.8160  25.0395  99.9445  24.3191  3.3627
100.3690  24.1603  99.9445  24.3191  3.3106
100.7200  24.6420  99.7771  25.3419  3.3348
97.9699  24.7130  99.7771  25.3419  3.2131
97.6622  23.9027  99.7771  25.3419  3.3287
98.4849  24.7484  99.7771  25.3419  3.3095
100.4990  25.5666  99.7771  25.3419  3.2560
98.8634  25.4505  99.7771  25.3419  3.1420
98.8350  24.6942  99.7771  25.3419  3.2138
98.0252  24.4972  99.7771  25.3419  3.2328
98.5433  25.5117  99.7771  25.3419  3.2059
99.1663  24.7523  99.7771  25.3419  3.3315
99.0384  24.3221  99.7771  25.3419  3.2971
100.3690  24.1603  99.7771  25.3419  3.3234
100.5960  26.2944  99.7771  25.3419  3.2355
100.8990  25.3230  99.7771  25.3419  3.1447
97.7332  24.3999  99.7771  25.3419  3.2357
97.6568  24.6108  99.7771  25.3419  3.2603
99.0325  24.5549  99.7771  25.3419  3.2872
100.7810  24.1990  99.7771  25.3419  3.3195
99.3404  24.5305  99.7771  25.3419  3.2736
100.4900  25.3500  99.7771  25.3419  3.1983
98.5651  24.1350  99.7771  25.3419  3.2601
98.3349  25.2175  99.7771  25.3419  3.2081
100.2940  23.5890  99.7771  25.3419  3.3946
99.6453  24.8769  99.7771  25.3419  3.3030
98.3382  24.3368  99.7771  25.3419  3.2680
99.6235  24.5257  99.7771  25.3419  3.2594
100.4690  24.5924  99.7771  25.3419  3.2083
99.5529  24.2045  99.7771  25.3419  3.2379
98.8431  25.1964  99.7771  25.3419  3.2919
100.3200  25.2400  99.7771  25.3419  3.3465
99.8799  24.7112  99.7771  25.3419  3.4124
99.7242  24.0204  99.7771  25.3419  3.2757
97.9350  25.1078  99.7771  25.3419  3.2263
99.0268  23.8963  99.7771  25.3419  3.2882
98.8783  23.5554  99.7771  25.3419  3.2943
98.6668  24.9037  99.7771  25.3419  3.3233
99.9445  24.3191  99.7771  25.3419  3.3535
97.7857  24.1826  99.7771  25.3419  3.2821
99.5713  23.7032  99.7771  25.3419  3.2908
98.2175  24.6619  99.7771  25.3419  3.2560
100.8080  24.4547  99.7771  25.3419  3.3822
100.5230  25.0541  99.7771  25.3419  3.2667
100.8960  25.5945  99.7771  25.3419  3.2451
100.8160  25.0395  99.7771  25.3419  3.2005
99.2375  25.4847  99.7771  25.3419  3.2130
100.1000  25.9100  99.7771  25.3419  3.1672
99.5529  24.2045  100.5960  26.2944  3.2359
97.7857  24.1826  100.5960  26.2944  3.2507
100.0910  24.8650  100.5960  26.2944  3.1603
98.3349  25.2175  100.5960  26.2944  3.1416
99.4801  25.0480  100.5960  26.2944  3.2192
99.5713  23.7032  100.5960  26.2944  3.2483
100.8080  24.4547  100.5960  26.2944  3.2693
98.8431  25.1964  100.5960  26.2944  3.2179
99.2375  25.4847  100.5960  26.2944  3.1657
99.6235  24.5257  100.5960  26.2944  3.2273
100.8160  25.0395  100.5960  26.2944  3.2719
99.8799  24.7112  100.5960  26.2944  3.1926
100.3690  24.1603  100.5960  26.2944  3.2755
99.6453  24.8769  100.5960  26.2944  3.2358
98.5651  24.1350  100.5960  26.2944  3.2152
99.7242  24.0204  100.5960  26.2944  3.2267
97.9699  24.7130  100.5960  26.2944  3.1919
99.8346  24.9958  100.5960  26.2944  3.1937
98.6668  24.9037  100.5960  26.2944  3.2298
100.7810  24.1990  100.5960  26.2944  3.2793
98.3382  24.3368  100.5960  26.2944  3.2511
100.2940  23.5890  100.5960  26.2944  3.2495
100.1990  24.7084  100.5960  26.2944  3.1938
97.7332  24.3999  100.5960  26.2944  3.2271
99.1663  24.7523  100.5960  26.2944  3.2059
99.0384  24.3221  100.5960  26.2944  3.2356
98.8350  24.6942  100.5960  26.2944  3.1776
97.6568  24.6108  100.5960  26.2944  3.1996
100.7200  24.6420  100.5960  26.2944  3.2441
99.9445  24.3191  100.5960  26.2944  3.2085
97.6622  23.9027  100.5960  26.2944  3.2611
99.3404  24.5305  100.5960  26.2944  3.2470
100.4120  23.9586  100.5960  26.2944  3.2445
98.8783  23.5554  100.5960  26.2944  3.2795
98.8634  25.4505  100.5960  26.2944  3.2372
98.4849  24.7484  100.5960  26.2944  3.2494
100.4690  24.5924  100.5960  26.2944  3.2172
97.9350  25.1078  100.5960  26.2944  3.1625
98.5433  25.5117  100.5960  26.2944  3.1515
98.0252  24.4972  100.5960  26.2944  3.2344
99.0325  24.5549  100.5960  26.2944  3.2009
99.0268  23.8963  100.5960  26.2944  3.2747
98.2175  24.6619  100.5960  26.2944  3.2264
99.3404  24.5305  100.2160  25.0148  3.2858
98.6668  24.9037  100.2160  25.0148  3.2749
99.1663  24.7523  100.2160  25.0148  3.3447
97.9350  25.1078  100.2160  25.0148  3.2292
100.7200  24.6420  100.2160  25.0148  3.1531
99.0325  24.5549  100.2160  25.0148  3.3042
99.6235  24.5257  100.2160  25.0148  3.3941
98.8350  24.6942  100.2160  25.0148  3.2702
97.9699  24.7130  100.2160  25.0148  3.2374
98.8431  25.1964  100.2160  25.0148  3.1902
99.0268  23.8963  100.2160  25.0148  3.3068
98.8634  25.4505  100.2160  25.0148  3.1825
100.0910  24.8650  100.2160  25.0148  3.3032
100.1990  24.7084  100.2160  25.0148  3.4300
99.9445  24.3191  100.2160  25.0148  3.2851
98.4849  24.7484  100.2160  25.0148  3.2938
98.5651  24.1350  100.2160  25.0148  3.3194
97.6622  23.9027  100.2160  25.0148  3.3016
99.5713  23.7032  100.2160  25.0148  3.2698
99.2375  25.4847  100.2160  25.0148  3.3153
100.4120  23.9586  100.2160  25.0148  3.4045
97.7332  24.3999  100.2160  25.0148  3.3453
98.2175  24.6619  100.2160  25.0148  3.3241
99.5529  24.2045  100.2160  25.0148  3.3007
99.4801  25.0480  100.2160  25.0148  3.2270
98.0252  24.4972  100.2160  25.0148  3.3387
100.8960  25.5945  100.2160  25.0148  3.3144
100.7810  24.1990  100.2160  25.0148  3.2917
100.4990  25.5666  100.2160  25.0148  3.1893
97.7857  24.1826  100.2160  25.0148  3.3156
98.8783  23.5554  100.2160  25.0148  3.3236
99.0384  24.3221  100.2160  25.0148  3.2214
100.8160  25.0395  100.2160  25.0148  3.3693
98.3382  24.3368  100.2160  25.0148  3.1929
97.6568  24.6108  100.2160  25.0148  3.2506
100.1000  25.9100  100.2160  25.0148  3.2328
98.5433  25.5117  100.2160  25.0148  3.1902
99.7242  24.0204  100.2160  25.0148  3.2613
100.2940  23.5890  100.2160  25.0148  3.3168
100.5960  26.2944  100.2160  25.0148  3.1653
100.8080  24.4547  100.2160  25.0148  3.1718
99.6453  24.8769  100.2160  25.0148  3.3414
98.3349  25.2175  100.2160  25.0148  3.2214
100.8990  25.3230  100.2160  25.0148  3.4352
100.7810  24.1990  100.8080  24.4547  3.4162
100.2940  23.5890  100.8080  24.4547  3.2435
100.8160  25.0395  100.8080  24.4547  3.3921
100.4120  23.9586  100.8080  24.4547  3.3133
99.5713  23.7032  100.1990  24.7084  3.2967
100.7810  24.1990  100.1990  24.7084  3.2469
99.7242  24.0204  100.1990  24.7084  3.3372
100.2940  23.5890  100.1990  24.7084  3.3439
99.5529  24.2045  100.1990  24.7084  3.4408
99.9445  24.3191  100.1990  24.7084  3.4519
99.0268  23.8963  100.1990  24.7084  3.2598
100.8080  24.4547  100.1990  24.7084  3.4466
98.8783  23.5554  100.1990  24.7084  3.2980
100.8080  24.4547  98.3382  24.3368  3.3171
99.7242  24.0204  98.3382  24.3368  3.2484
100.3690  24.1603  98.3382  24.3368  3.2541
99.0268  23.8963  98.3382  24.3368  3.3646
99.5713  23.7032  98.3382  24.3368  3.3256
99.5529  24.2045  98.3382  24.3368  3.3536
100.2940  23.5890  98.3382  24.3368  3.3181
100.1990  24.7084  98.3382  24.3368  3.3263
99.8799  24.7112  98.3382  24.3368  3.3058
99.9445  24.3191  98.3382  24.3368  3.3272
100.7200  24.6420  98.3382  24.3368  3.3523
100.4120  23.9586  98.3382  24.3368  3.2667
100.0910  24.8650  98.3382  24.3368  3.3208
100.8160  25.0395  98.3382  24.3368  3.2907
100.7810  24.1990  98.3382  24.3368  3.2698
100.3690  24.1603  100.1700  26.3600  3.2918
99.4137  25.2954  100.1700  26.3600  3.2067
99.0325  24.5549  100.1700  26.3600  3.2282
100.8560  25.9242  100.1700  26.3600  3.2099
97.9699  24.7130  100.1700  26.3600  3.2371
98.8431  25.1964  100.1700  26.3600  3.1781
99.9868  25.4893  100.1700  26.3600  3.1688
100.4120  23.9586  100.1700  26.3600  3.2768
97.7332  24.3999  100.1700  26.3600  3.2456
99.9445  24.3191  100.1700  26.3600  3.2198
100.2160  25.0148  100.1700  26.3600  3.1869
99.6235  24.5257  100.1700  26.3600  3.1886
100.8960  25.5945  100.1700  26.3600  3.1145
100.4690  24.5924  100.1700  26.3600  3.2429
99.8346  24.9958  100.1700  26.3600  3.1654
98.0252  24.4972  100.1700  26.3600  3.2605
98.5433  25.5117  100.1700  26.3600  3.2127
99.4801  25.0480  100.1700  26.3600  3.1901
98.8350  24.6942  100.1700  26.3600  3.2195
98.5651  24.1350  100.1700  26.3600  3.2603
99.7242  24.0204  100.1700  26.3600  3.2267
100.2940  23.5890  100.1700  26.3600  3.2753
100.7200  24.6420  100.1700  26.3600  3.3303
100.4990  25.5666  100.1700  26.3600  3.4083
99.2375  25.4847  100.1700  26.3600  3.2315
99.6453  24.8769  100.1700  26.3600  3.1774
100.0910  24.8650  100.1700  26.3600  3.1784
98.4849  24.7484  100.1700  26.3600  3.1922
98.6668  24.9037  100.1700  26.3600  3.1923
99.8799  24.7112  100.1700  26.3600  3.1828
99.5529  24.2045  100.1700  26.3600  3.2097
99.1663  24.7523  100.1700  26.3600  3.2094
97.6568  24.6108  100.1700  26.3600  3.1938
100.8080  24.4547  100.1700  26.3600  3.3683
99.7280  25.5410  100.1700  26.3600  3.1899
99.4300  26.2040  100.1700  26.3600  3.1926
97.6622  23.9027  100.1700  26.3600  3.2838
97.9350  25.1078  100.1700  26.3600  3.1509
97.7857  24.1826  100.1700  26.3600  3.2704
100.5960  26.2944  100.1700  26.3600  3.1608
100.4900  25.3500  100.1700  26.3600  3.3150
98.3382  24.3368  100.1700  26.3600  3.1988
100.1990  24.7084  100.1700  26.3600  3.2093
100.5230  25.0541  100.1700  26.3600  3.2605
99.0268  23.8963  100.1700  26.3600  3.2439
99.5713  23.7032  100.1700  26.3600  3.2473
99.3404  24.5305  100.1700  26.3600  3.2207
100.7810  24.1990  100.1700  26.3600  3.3617
98.3349  25.2175  100.1700  26.3600  3.2361
99.8316  25.8146  100.1700  26.3600  3.2281
100.1000  25.9100  100.1700  26.3600  3.2689
98.8783  23.5554  100.1700  26.3600  3.2555
99.7771  25.3419  100.1700  26.3600  3.1588
100.3200  25.2400  100.1700  26.3600  3.2241
98.8634  25.4505  100.1700  26.3600  3.1721
98.2175  24.6619  100.1700  26.3600  3.2267
99.0384  24.3221  100.1700  26.3600  3.2488
99.4024  25.6322  100.1700  26.3600  3.2361
97.6568  24.6108  98.3349  25.2175  3.3070
100.8160  25.0395  98.3349  25.2175  3.1950
100.4690  24.5924  98.3349  25.2175  3.2323
99.8346  24.9958  98.3349  25.2175  3.1981
100.7200  24.6420  98.3349  25.2175  3.2244
99.9445  24.3191  98.3349  25.2175  3.2060
99.8799  24.7112  98.3349  25.2175  3.2311
100.7810  24.1990  98.3349  25.2175  3.2730
99.5713  23.7032  98.3349  25.2175  3.2628
98.5651  24.1350  98.3349  25.2175  3.2653
99.1663  24.7523  98.3349  25.2175  3.2039
99.4801  25.0480  98.3349  25.2175  3.1931
100.3690  24.1603  98.3349  25.2175  3.2757
99.6235  24.5257  98.3349  25.2175  3.2542
97.9699  24.7130  98.3349  25.2175  3.4176
100.1990  24.7084  98.3349  25.2175  3.1664
97.7857  24.1826  98.3349  25.2175  3.3043
100.8080  24.4547  98.3349  25.2175  3.2470
98.8634  25.4505  98.3349  25.2175  3.4483
98.4849  24.7484  98.3349  25.2175  3.3155
97.6622  23.9027  98.3349  25.2175  3.3117
98.0252  24.4972  98.3349  25.2175  3.3016
99.0384  24.3221  98.3349  25.2175  3.4456
98.3382  24.3368  98.3349  25.2175  3.2425
99.0325  24.5549  98.3349  25.2175  3.4362
99.5529  24.2045  98.3349  25.2175  3.2854
98.2175  24.6619  98.3349  25.2175  3.2487
99.6453  24.8769  98.3349  25.2175  3.1702
97.7332  24.3999  98.3349  25.2175  3.3513
99.2375  25.4847  98.3349  25.2175  3.2822
98.8783  23.5554  98.3349  25.2175  3.2978
98.8431  25.1964  98.3349  25.2175  3.2637
99.3404  24.5305  98.3349  25.2175  3.2898
100.4120  23.9586  98.3349  25.2175  3.2559
99.7242  24.0204  98.3349  25.2175  3.3364
99.0268  23.8963  98.3349  25.2175  3.3448
100.7200  24.6420  98.2175  24.6619  3.2697
100.8160  25.0395  98.2175  24.6619  3.2361
99.9445  24.3191  98.2175  24.6619  3.2298
100.4690  24.5924  98.2175  24.6619  3.2624
99.5713  23.7032  98.2175  24.6619  3.3666
100.0910  24.8650  98.2175  24.6619  3.3420
99.7242  24.0204  98.2175  24.6619  3.2506
99.8799  24.7112  98.2175  24.6619  3.2868
100.8080  24.4547  98.2175  24.6619  3.2652
99.5529  24.2045  98.2175  24.6619  3.2492
98.8783  23.5554  98.2175  24.6619  3.4383
97.6622  23.9027  98.2175  24.6619  3.4003
100.2940  23.5890  98.2175  24.6619  3.2937
100.3690  24.1603  98.2175  24.6619  3.2425
100.4120  23.9586  98.2175  24.6619  3.2815
100.1990  24.7084  98.2175  24.6619  3.2216
99.0268  23.8963  98.2175  24.6619  3.3090
100.7810  24.1990  98.2175  24.6619  3.2500
98.8350  24.6942  100.4900  25.3500  3.2814
98.4849  24.7484  100.4900  25.3500  3.2188
98.3349  25.2175  100.4900  25.3500  3.1517
98.8431  25.1964  100.4900  25.3500  3.2145
100.5230  25.0541  100.4900  25.3500  3.4081
98.3382  24.3368  100.4900  25.3500  3.2137
99.9868  25.4893  100.4900  25.3500  3.2247
100.4690  24.5924  100.4900  25.3500  3.2758
99.5713  23.7032  100.4900  25.3500  3.2711
99.6453  24.8769  100.4900  25.3500  3.2365
97.9699  24.7130  100.4900  25.3500  3.2461
99.2375  25.4847  100.4900  25.3500  3.2153
100.3690  24.1603  100.4900  25.3500  3.3133
99.6235  24.5257  100.4900  25.3500  3.2715
97.9350  25.1078  100.4900  25.3500  3.1882
98.5651  24.1350  100.4900  25.3500  3.3019
99.8346  24.9958  100.4900  25.3500  3.3322
97.6622  23.9027  100.4900  25.3500  3.2547
99.4801  25.0480  100.4900  25.3500  3.2585
97.6568  24.6108  100.4900  25.3500  3.2439
99.9445  24.3191  100.4900  25.3500  3.2091
100.1990  24.7084  100.4900  25.3500  3.2328
100.4990  25.5666  100.4900  25.3500  3.2624
99.8799  24.7112  100.4900  25.3500  3.2800
100.2160  25.0148  100.4900  25.3500  3.3571
97.7332  24.3999  100.4900  25.3500  3.3066
99.0268  23.8963  100.4900  25.3500  3.2542
98.2175  24.6619  100.4900  25.3500  3.2604
98.5433  25.5117  100.4900  25.3500  3.1884
100.2940  23.5890  100.4900  25.3500  3.2767
98.8783  23.5554  100.4900  25.3500  3.2929
100.8990  25.3230  100.4900  25.3500  3.2845
98.6668  24.9037  100.4900  25.3500  3.1996
99.5529  24.2045  100.4900  25.3500  3.2801
99.0384  24.3221  100.4900  25.3500  3.2111
100.7810  24.1990  100.4900  25.3500  3.3867
98.0252  24.4972  100.4900  25.3500  3.2780
99.1663  24.7523  100.4900  25.3500  3.2401
100.4120  23.9586  100.4900  25.3500  3.2878
99.0325  24.5549  100.4900  25.3500  3.2265
98.8634  25.4505  100.4900  25.3500  3.1436
100.0910  24.8650  100.4900  25.3500  3.3087
99.3404  24.5305  100.4900  25.3500  3.2075
97.7857  24.1826  100.4900  25.3500  3.2575
100.5960  26.2944  100.4900  25.3500  3.1878
99.7242  24.0204  100.4900  25.3500  3.2521
100.4120  23.9586  100.7200  24.6420  3.2744
100.2940  23.5890  100.7200  24.6420  3.2416
100.8160  25.0395  100.7200  24.6420  3.2853
100.7200  24.6420  99.0384  24.3221  3.2868
100.1990  24.7084  99.0384  24.3221  3.3859
99.8799  24.7112  99.0384  24.3221  3.3204
99.6235  24.5257  99.0384  24.3221  3.4330
100.8160  25.0395  99.0384  24.3221  3.2841
98.0252  24.4972  99.0384  24.3221  3.3353
100.3690  24.1603  99.0384  24.3221  3.2783
100.4120  23.9586  99.0384  24.3221  3.2270
97.7332  24.3999  99.0384  24.3221  3.3656
99.8346  24.9958  99.0384  24.3221  3.3138
99.5529  24.2045  99.0384  24.3221  3.3479
97.7857  24.1826  99.0384  24.3221  3.3750
99.7242  24.0204  99.0384  24.3221  3.3646
99.6453  24.8769  99.0384  24.3221  3.4243
99.4801  25.0480  99.0384  24.3221  3.3403
98.2175  24.6619  99.0384  24.3221  3.3305
97.9350  25.1078  99.0384  24.3221  3.3018
100.8080  24.4547  99.0384  24.3221  3.3020
97.6568  24.6108  99.0384  24.3221  3.2802
97.6622  23.9027  99.0384  24.3221  3.3873
100.2940  23.5890  99.0384  24.3221  3.3153
97.9699  24.7130  99.0384  24.3221  3.3266
100.7810  24.1990  99.0384  24.3221  3.2361
100.4690  24.5924  99.0384  24.3221  3.3148
99.9445  24.3191  99.0384  24.3221  3.2642
100.0910  24.8650  99.0384  24.3221  3.2300
99.0268  23.8963  99.0384  24.3221  3.4326
98.8783  23.5554  99.0384  24.3221  3.3445
99.3404  24.5305  98.8863  26.3578  3.2790
99.4801  25.0480  98.8863  26.3578  3.3335
99.4300  26.2040  98.8863  26.3578  3.2129
98.2175  24.6619  98.8863  26.3578  3.2498
97.7857  24.1826  98.8863  26.3578  3.2742
98.8431  25.1964  98.8863  26.3578  3.2272
99.4024  25.6322  98.8863  26.3578  3.3857
99.6453  24.8769  98.8863  26.3578  3.3681
100.5960  26.2944  98.8863  26.3578  3.1188
99.2375  25.4847  98.8863  26.3578  3.4325
100.5200  25.8500  98.8863  26.3578  3.1448
100.4990  25.5666  98.8863  26.3578  3.1521
100.8560  25.9242  98.8863  26.3578  3.1300
99.1663  24.7523  98.8863  26.3578  3.2685
99.7242  24.0204  98.8863  26.3578  3.2674
99.5713  23.7032  98.8863  26.3578  3.3112
100.3690  24.1603  98.8863  26.3578  3.2720
99.0384  24.3221  98.8863  26.3578  3.2837
98.3382  24.3368  98.8863  26.3578  3.2614
99.9868  25.4893  98.8863  26.3578  3.2186
98.6668  24.9037  98.8863  26.3578  3.2428
98.8783  23.5554  98.8863  26.3578  3.2780
100.8990  25.3230  98.8863  26.3578  3.1741
100.7200  24.6420  98.8863  26.3578  3.2408
99.5529  24.2045  98.8863  26.3578  3.3287
99.9445  24.3191  98.8863  26.3578  3.2193
100.4690  24.5924  98.8863  26.3578  3.2724
98.8634  25.4505  98.8863  26.3578  3.2641
98.0252  24.4972  98.8863  26.3578  3.2613
100.2520  26.1294  98.8863  26.3578  3.1319
100.4900  25.3500  98.8863  26.3578  3.1444
98.8350  24.6942  98.8863  26.3578  3.2514
100.1000  25.9100  98.8863  26.3578  3.1283
98.5433  25.5117  98.8863  26.3578  3.3162
99.0268  23.8963  98.8863  26.3578  3.2703
100.2940  23.5890  98.8863  26.3578  3.2979
100.8160  25.0395  98.8863  26.3578  3.1764
98.3349  25.2175  98.8863  26.3578  3.2517
99.4137  25.2954  98.8863  26.3578  3.3699
99.7771  25.3419  98.8863  26.3578  3.1606
99.8316  25.8146  98.8863  26.3578  3.2089
98.5651  24.1350  98.8863  26.3578  3.2724
100.4120  23.9586  98.8863  26.3578  3.2691
99.7280  25.5410  98.8863  26.3578  3.1333
100.1990  24.7084  98.8863  26.3578  3.3038
100.2160  25.0148  98.8863  26.3578  3.2353
100.7810  24.1990  98.8863  26.3578  3.3185
97.7332  24.3999  98.8863  26.3578  3.2536
97.9699  24.7130  98.8863  26.3578  3.2543
100.8080  24.4547  98.8863  26.3578  3.2778
100.5230  25.0541  98.8863  26.3578  3.1752
100.1700  26.3600  98.8863  26.3578  3.1148
99.8799  24.7112  98.8863  26.3578  3.2186
97.9350  25.1078  98.8863  26.3578  3.2522
99.0325  24.5549  98.8863  26.3578  3.2723
98.4849  24.7484  98.8863  26.3578  3.2376
99.6235  24.5257  98.8863  26.3578  3.3410
99.8346  24.9958  98.8863  26.3578  3.2264
100.3200  25.2400  98.8863  26.3578  3.1728
97.6568  24.6108  98.8863  26.3578  3.2586
98.6668  24.9037  100.3200  25.2400  3.2247
99.6235  24.5257  100.3200  25.2400  3.3050
100.8080  24.4547  100.3200  25.2400  3.3047
98.5651  24.1350  100.3200  25.2400  3.2941
100.1000  25.9100  100.3200  25.2400  3.3539
100.1990  24.7084  100.3200  25.2400  3.2712
98.3382  24.3368  100.3200  25.2400  3.1935
98.5433  25.5117  100.3200  25.2400  3.1851
100.8160  25.0395  100.3200  25.2400  3.1304
99.0268  23.8963  100.3200  25.2400  3.2828
97.7857  24.1826  100.3200  25.2400  3.2778
99.1663  24.7523  100.3200  25.2400  3.2420
98.8783  23.5554  100.3200  25.2400  3.3157
99.9445  24.3191  100.3200  25.2400  3.2347
100.4120  23.9586  100.3200  25.2400  3.3126
100.5960  26.2944  100.3200  25.2400  3.1653
98.3349  25.2175  100.3200  25.2400  3.1690
99.0384  24.3221  100.3200  25.2400  3.2120
100.0910  24.8650  100.3200  25.2400  3.3213
97.6622  23.9027  100.3200  25.2400  3.2721
100.7200  24.6420  100.3200  25.2400  3.4461
99.6453  24.8769  100.3200  25.2400  3.3244
97.9350  25.1078  100.3200  25.2400  3.2154
100.8990  25.3230  100.3200  25.2400  3.2407
97.6568  24.6108  100.3200  25.2400  3.2544
99.5529  24.2045  100.3200  25.2400  3.2776
100.4990  25.5666  100.3200  25.2400  3.2488
98.8634  25.4505  100.3200  25.2400  3.1801
99.7242  24.0204  100.3200  25.2400  3.2366
98.2175  24.6619  100.3200  25.2400  3.2800
99.0325  24.5549  100.3200  25.2400  3.2141
99.5713  23.7032  100.3200  25.2400  3.2603
98.4849  24.7484  100.3200  25.2400  3.2166
98.8431  25.1964  100.3200  25.2400  3.2097
99.3404  24.5305  100.3200  25.2400  3.2234
98.0252  24.4972  100.3200  25.2400  3.2622
100.2940  23.5890  100.3200  25.2400  3.3009
97.9699  24.7130  100.3200  25.2400  3.2736
99.2375  25.4847  100.3200  25.2400  3.1584
97.7332  24.3999  100.3200  25.2400  3.2948
98.8350  24.6942  100.3200  25.2400  3.2982
99.4801  25.0480  100.3200  25.2400  3.2905
99.8799  24.7112  100.3200  25.2400  3.3165
100.3690  24.1603  100.3200  25.2400  3.3731
100.7810  24.1990  100.5200  25.8500  3.3202
100.3690  24.1603  100.5200  25.8500  3.2968
98.5651  24.1350  100.5200  25.8500  3.2411
99.3404  24.5305  100.5200  25.8500  3.2690
99.7242  24.0204  100.5200  25.8500  3.2415
98.8783  23.5554  100.5200  25.8500  3.3036
99.7280  25.5410  100.5200  25.8500  3.2565
99.0325  24.5549  100.5200  25.8500  3.1754
98.0252  24.4972  100.5200  25.8500  3.1849
99.4801  25.0480  100.5200  25.8500  3.1951
100.8960  25.5945  100.5200  25.8500  3.2055
100.3200  25.2400  100.5200  25.8500  3.2011
99.1663  24.7523  100.5200  25.8500  3.1768
100.8080  24.4547  100.5200  25.8500  3.3236
99.0384  24.3221  100.5200  25.8500  3.2280
97.6622  23.9027  100.5200  25.8500  3.2462
99.5713  23.7032  100.5200  25.8500  3.2582
99.7771  25.3419  100.5200  25.8500  3.3337
99.9445  24.3191  100.5200  25.8500  3.2084
98.8431  25.1964  100.5200  25.8500  3.2560
99.8799  24.7112  100.5200  25.8500  3.2014
100.5230  25.0541  100.5200  25.8500  3.2577
97.7332  24.3999  100.5200  25.8500  3.2188
100.4120  23.9586  100.5200  25.8500  3.2828
100.1990  24.7084  100.5200  25.8500  3.1928
100.0910  24.8650  100.5200  25.8500  3.1940
100.2940  23.5890  100.5200  25.8500  3.2706
98.8350  24.6942  100.5200  25.8500  3.2196
100.2160  25.0148  100.5200  25.8500  3.1758
97.9350  25.1078  100.5200  25.8500  3.2157
99.2375  25.4847  100.5200  25.8500  3.2824
98.3382  24.3368  100.5200  25.8500  3.2951
100.7200  24.6420  100.5200  25.8500  3.3161
100.4690  24.5924  100.5200  25.8500  3.2403
98.3349  25.2175  100.5200  25.8500  3.2137
99.6453  24.8769  100.5200  25.8500  3.2738
100.4900  25.3500  100.5200  25.8500  3.2857
99.4137  25.2954  100.5200  25.8500  3.1917
97.9699  24.7130  100.5200  25.8500  3.2161
100.5960  26.2944  100.5200  25.8500  3.2041
98.5433  25.5117  100.5200  25.8500  3.2173
98.8634  25.4505  100.5200  25.8500  3.1283
99.6235  24.5257  100.5200  25.8500  3.2490
98.2175  24.6619  100.5200  25.8500  3.1646
99.0268  23.8963  100.5200  25.8500  3.2889
99.8316  25.8146  100.5200  25.8500  3.1781
97.7857  24.1826  100.5200  25.8500  3.2346
97.6568  24.6108  100.5200  25.8500  3.2281
99.5529  24.2045  100.5200  25.8500  3.2449
99.8346  24.9958  100.5200  25.8500  3.2314
99.7242  24.0204  99.8799  24.7112  3.3446
99.5713  23.7032  99.8799  24.7112  3.2856
100.2940  23.5890  99.8799  24.7112  3.4234
99.0268  23.8963  99.8799  24.7112  3.3386
100.7200  24.6420  99.8799  24.7112  3.2683
100.8080  24.4547  99.8799  24.7112  3.2508
100.8160  25.0395  99.8799  24.7112  3.3077
98.8783  23.5554  99.8799  24.7112  3.3637
100.4120  23.9586  99.8799  24.7112  3.4143
99.5529  24.2045  99.8799  24.7112  3.3678
100.3690  24.1603  99.8799  24.7112  3.1347
97.7857  24.1826  100.2520  26.1294  3.2788
99.0384  24.3221  100.2520  26.1294  3.2675
100.8960  25.5945  100.2520  26.1294  3.1230
97.7332  24.3999  100.2520  26.1294  3.2382
99.1663  24.7523  100.2520  26.1294  3.2445
99.0268  23.8963  100.2520  26.1294  3.2743
99.7242  24.0204  100.2520  26.1294  3.2204
98.2175  24.6619  100.2520  26.1294  3.2666
100.7810  24.1990  100.2520  26.1294  3.3603
98.4849  24.7484  100.2520  26.1294  3.2180
100.5230  25.0541  100.2520  26.1294  3.2888
100.8080  24.4547  100.2520  26.1294  3.3447
97.6622  23.9027  100.2520  26.1294  3.2913
99.7280  25.5410  100.2520  26.1294  3.2508
99.6453  24.8769  100.2520  26.1294  3.1835
99.4137  25.2954  100.2520  26.1294  3.2516
99.3404  24.5305  100.2520  26.1294  3.2275
100.2940  23.5890  100.2520  26.1294  3.2809
100.2160  25.0148  100.2520  26.1294  3.1833
99.9868  25.4893  100.2520  26.1294  3.1598
98.8783  23.5554  100.2520  26.1294  3.2687
98.6668  24.9037  100.2520  26.1294  3.1858
100.4900  25.3500  100.2520  26.1294  3.3484
100.3200  25.2400  100.2520  26.1294  3.2277
98.8350  24.6942  100.2520  26.1294  3.1797
99.5529  24.2045  100.2520  26.1294  3.2146
100.3690  24.1603  100.2520  26.1294  3.2913
97.9699  24.7130  100.2520  26.1294  3.1896
100.0910  24.8650  100.2520  26.1294  3.1648
99.8799  24.7112  100.2520  26.1294  3.1762
100.1990  24.7084  100.2520  26.1294  3.2103
98.5651  24.1350  100.2520  26.1294  3.2195
100.4120  23.9586  100.2520  26.1294  3.2780
99.9445  24.3191  100.2520  26.1294  3.2129
99.4024  25.6322  100.2520  26.1294  3.1985
98.0252  24.4972  100.2520  26.1294  3.2637
99.2375  25.4847  100.2520  26.1294  3.1612
100.7200  24.6420  100.2520  26.1294  3.3277
99.8346  24.9958  100.2520  26.1294  3.1621
99.0325  24.5549  100.2520  26.1294  3.2468
98.8634  25.4505  100.2520  26.1294  3.2376
99.6235  24.5257  100.2520  26.1294  3.1982
100.4690  24.5924  100.2520  26.1294  3.2522
97.9350  25.1078  100.2520  26.1294  3.1683
99.5713  23.7032  100.2520  26.1294  3.2477
99.7771  25.3419  100.2520  26.1294  3.1865
99.4801  25.0480  100.2520  26.1294  3.2229
98.5433  25.5117  100.2520  26.1294  3.1294
98.3382  24.3368  100.2520  26.1294  3.2325
97.6568  24.6108  100.2520  26.1294  3.2008
100.8560  25.9242  100.2520  26.1294  3.3672
98.8431  25.1964  100.2520  26.1294  3.1826
98.3349  25.2175  100.2520  26.1294  3.1530
99.4801  25.0480  98.5433  25.5117  3.2798
100.8080  24.4547  98.5433  25.5117  3.2259
99.7242  24.0204  98.5433  25.5117  3.2532
97.7857  24.1826  98.5433  25.5117  3.2811
99.0268  23.8963  98.5433  25.5117  3.2842
99.8346  24.9958  98.5433  25.5117  3.1651
98.8350  24.6942  98.5433  25.5117  3.3284
99.5713  23.7032  98.5433  25.5117  3.2412
99.8799  24.7112  98.5433  25.5117  3.3062
99.0384  24.3221  98.5433  25.5117  3.3193
99.6453  24.8769  98.5433  25.5117  3.3456
97.9699  24.7130  98.5433  25.5117  3.3312
100.7810  24.1990  98.5433  25.5117  3.2664
99.3404  24.5305  98.5433  25.5117  3.2668
100.4690  24.5924  98.5433  25.5117  3.2485
98.4849  24.7484  98.5433  25.5117  3.2354
97.7332  24.3999  98.5433  25.5117  3.2571
98.3382  24.3368  98.5433  25.5117  3.2284
100.8160  25.0395  98.5433  25.5117  3.1740
99.5529  24.2045  98.5433  25.5117  3.1821
99.0325  24.5549  98.5433  25.5117  3.3847
97.6622  23.9027  98.5433  25.5117  3.2977
98.0252  24.4972  98.5433  25.5117  3.2649
99.9445  24.3191  98.5433  25.5117  3.3190
100.1990  24.7084  98.5433  25.5117  3.2541
100.7200  24.6420  98.5433  25.5117  3.2229
100.0910  24.8650  98.5433  25.5117  3.1894
97.9350  25.1078  98.5433  25.5117  3.3519
99.6235  24.5257  98.5433  25.5117  3.2497
100.2940  23.5890  98.5433  25.5117  3.2962
98.6668  24.9037  98.5433  25.5117  3.3833
100.3690  24.1603  98.5433  25.5117  3.2958
97.6568  24.6108  98.5433  25.5117  3.2187
98.8783  23.5554  98.5433  25.5117  3.2618
98.5651  24.1350  98.5433  25.5117  3.2317
98.2175  24.6619  98.5433  25.5117  3.2328
99.2375  25.4847  98.5433  25.5117  3.3008
99.7242  24.0204  99.0325  24.5549  3.2999
100.8160  25.0395  99.0325  24.5549  3.2065
100.0910  24.8650  99.0325  24.5549  3.3420
98.0252  24.4972  99.0325  24.5549  3.2927
100.3690  24.1603  99.0325  24.5549  3.1990
99.8799  24.7112  99.0325  24.5549  3.3382
99.6453  24.8769  99.0325  24.5549  3.4211
100.1990  24.7084  99.0325  24.5549  3.2723
100.2940  23.5890  99.0325  24.5549  3.3506
97.7332  24.3999  99.0325  24.5549  3.3078
97.6622  23.9027  99.0325  24.5549  3.4486
98.8783  23.5554  99.0325  24.5549  3.2911
99.0268  23.8963  99.0325  24.5549  3.3423
97.9350  25.1078  99.0325  24.5549  3.3213
97.6568  24.6108  99.0325  24.5549  3.3157
99.5529  24.2045  99.0325  24.5549  3.3082
99.9445  24.3191  99.0325  24.5549  3.2245
97.9699  24.7130  99.0325  24.5549  3.2754
98.2175  24.6619  99.0325  24.5549  3.3037
100.4120  23.9586  99.0325  24.5549  3.2559
100.8080  24.4547  99.0325  24.5549  3.2610
100.7200  24.6420  99.0325  24.5549  3.2739
100.7810  24.1990  99.0325  24.5549  3.2044
100.4690  24.5924  99.0325  24.5549  3.2496
97.7857  24.1826  99.0325  24.5549  3.4249
99.8346  24.9958  99.0325  24.5549  3.3225
99.4801  25.0480  99.0325  24.5549  3.4059
99.9445  24.3191  99.1301  26.2006  3.2586
99.8316  25.8146  99.1301  26.2006  3.2391
100.4900  25.3500  99.1301  26.2006  3.1583
100.8560  25.9242  99.1301  26.2006  3.1349
100.7200  24.6420  99.1301  26.2006  3.2491
97.6568  24.6108  99.1301  26.2006  3.2206
100.4990  25.5666  99.1301  26.2006  3.1332
99.6235  24.5257  99.1301  26.2006  3.2529
98.8783  23.5554  99.1301  26.2006  3.2911
99.4801  25.0480  99.1301  26.2006  3.2668
97.6622  23.9027  99.1301  26.2006  3.2478
100.7810  24.1990  99.1301  26.2006  3.2774
100.5960  26.2944  99.1301  26.2006  3.1315
99.7280  25.5410  99.1301  26.2006  3.2552
98.4849  24.7484  99.1301  26.2006  3.2486
99.1663  24.7523  99.1301  26.2006  3.2432
97.9699  24.7130  99.1301  26.2006  3.2247
100.1700  26.3600  99.1301  26.2006  3.1232
100.3200  25.2400  99.1301  26.2006  3.2259
100.1990  24.7084  99.1301  26.2006  3.2455
98.8634  25.4505  99.1301  26.2006  3.3043
98.6668  24.9037  99.1301  26.2006  3.2593
99.8346  24.9958  99.1301  26.2006  3.2884
98.3349  25.2175  99.1301  26.2006  3.2621
100.5200  25.8500  99.1301  26.2006  3.1394
100.2160  25.0148  99.1301  26.2006  3.2102
99.2375  25.4847  99.1301  26.2006  3.3236
99.6453  24.8769  99.1301  26.2006  3.2780
100.8960  25.5945  99.1301  26.2006  3.1162
98.2175  24.6619  99.1301  26.2006  3.2688
98.0252  24.4972  99.1301  26.2006  3.2743
99.0325  24.5549  99.1301  26.2006  3.2429
97.7332  24.3999  99.1301  26.2006  3.2085
99.5529  24.2045  99.1301  26.2006  3.2620
100.8160  25.0395  99.1301  26.2006  3.1668
99.4024  25.6322  99.1301  26.2006  3.4448
99.7242  24.0204  99.1301  26.2006  3.2926
98.5651  24.1350  99.1301  26.2006  3.2663
99.7771  25.3419  99.1301  26.2006  3.2513
100.2940  23.5890  99.1301  26.2006  3.2494
98.8431  25.1964  99.1301  26.2006  3.2542
98.8350  24.6942  99.1301  26.2006  3.2655
99.5713  23.7032  99.1301  26.2006  3.2952
100.8080  24.4547  99.1301  26.2006  3.2767
97.9350  25.1078  99.1301  26.2006  3.1744
100.1000  25.9100  99.1301  26.2006  3.2154
98.5433  25.5117  99.1301  26.2006  3.2946
100.4120  23.9586  99.1301  26.2006  3.2614
100.3690  24.1603  99.1301  26.2006  3.2433
100.5230  25.0541  99.1301  26.2006  3.2113
100.8990  25.3230  99.1301  26.2006  3.1657
99.8799  24.7112  99.1301  26.2006  3.2834
98.3382  24.3368  99.1301  26.2006  3.2765
99.3404  24.5305  99.1301  26.2006  3.2661
100.4690  24.5924  99.1301  26.2006  3.2931
99.4137  25.2954  99.1301  26.2006  3.3060
100.2520  26.1294  99.1301  26.2006  3.1373
99.9868  25.4893  99.1301  26.2006  3.1964
99.0384  24.3221  99.1301  26.2006  3.2688
99.0268  23.8963  99.1301  26.2006  3.2748
97.7857  24.1826  99.1301  26.2006  3.2395
97.9699  24.7130  99.6235  24.5257  3.2043
97.7332  24.3999  99.6235  24.5257  3.2909
100.7810  24.1990  99.6235  24.5257  3.2304
100.2940  23.5890  99.6235  24.5257  3.1798
98.8783  23.5554  99.6235  24.5257  3.3636
98.2175  24.6619  99.6235  24.5257  3.1811
98.3382  24.3368  99.6235  24.5257  3.2571
100.1990  24.7084  99.6235  24.5257  3.4338
100.3690  24.1603  99.6235  24.5257  3.4337
98.5651  24.1350  99.6235  24.5257  3.3866
98.0252  24.4972  99.6235  24.5257  3.2980
100.8160  25.0395  99.6235  24.5257  3.2783
97.7857  24.1826  99.6235  24.5257  3.4028
99.5713  23.7032  99.6235  24.5257  3.3032
99.0268  23.8963  99.6235  24.5257  3.4128
97.9350  25.1078  99.6235  24.5257  3.2725
97.6622  23.9027  99.6235  24.5257  3.3490
100.4690  24.5924  99.6235  24.5257  3.3908
100.4120  23.9586  99.6235  24.5257  3.3391
100.7200  24.6420  99.6235  24.5257  3.3481
97.6568  24.6108  99.6235  24.5257  3.2350
100.8080  24.4547  99.6235  24.5257  3.2696
99.7280  25.5410  100.8560  25.9242  3.2554
99.4801  25.0480  100.8560  25.9242  3.1822
100.1000  25.9100  100.8560  25.9242  3.1746
100.8160  25.0395  100.8560  25.9242  3.2287
97.7857  24.1826  100.8560  25.9242  3.2312
100.4900  25.3500  100.8560  25.9242  3.2063
99.9868  25.4893  100.8560  25.9242  3.2765
99.1663  24.7523  100.8560  25.9242  3.1923
100.2160  25.0148  100.8560  25.9242  3.1834
98.8783  23.5554  100.8560  25.9242  3.2617
97.9350  25.1078  100.8560  25.9242  3.1925
99.0325  24.5549  100.8560  25.9242  3.2057
99.2375  25.4847  100.8560  25.9242  3.1633
100.0910  24.8650  100.8560  25.9242  3.2025
98.8634  25.4505  100.8560  25.9242  3.1847
100.8990  25.3230  100.8560  25.9242  3.3513
97.6622  23.9027  100.8560  25.9242  3.2390
98.8350  24.6942  100.8560  25.9242  3.2507
98.0252  24.4972  100.8560  25.9242  3.1980
99.4137  25.2954  100.8560  25.9242  3.2302
99.5529  24.2045  100.8560  25.9242  3.2608
100.4990  25.5666  100.8560  25.9242  3.4020
98.4849  24.7484  100.8560  25.9242  3.1615
99.6235  24.5257  100.8560  25.9242  3.2489
100.1990  24.7084  100.8560  25.9242  3.1772
98.5651  24.1350  100.8560  25.9242  3.2647
98.8431  25.1964  100.8560  25.9242  3.1637
98.5433  25.5117  100.8560  25.9242  3.1845
100.4120  23.9586  100.8560  25.9242  3.2349
99.8799  24.7112  100.8560  25.9242  3.2445
99.0268  23.8963  100.8560  25.9242  3.2380
99.3404  24.5305  100.8560  25.9242  3.1968
99.9445  24.3191  100.8560  25.9242  3.2228
100.5230  25.0541  100.8560  25.9242  3.1521
100.3200  25.2400  100.8560  25.9242  3.1982
100.7200  24.6420  100.8560  25.9242  3.2085
100.2940  23.5890  100.8560  25.9242  3.2340
97.6568  24.6108  100.8560  25.9242  3.2310
98.6668  24.9037  100.8560  25.9242  3.1747
100.3690  24.1603  100.8560  25.9242  3.2575
98.3382  24.3368  100.8560  25.9242  3.2560
99.7771  25.3419  100.8560  25.9242  3.1921
98.2175  24.6619  100.8560  25.9242  3.1828
99.0384  24.3221  100.8560  25.9242  3.2043
99.8346  24.9958  100.8560  25.9242  3.2548
100.8080  24.4547  100.8560  25.9242  3.2483
99.8316  25.8146  100.8560  25.9242  3.2061
99.5713  23.7032  100.8560  25.9242  3.2632
100.7810  24.1990  100.8560  25.9242  3.2503
97.7332  24.3999  100.8560  25.9242  3.2272
97.9699  24.7130  100.8560  25.9242  3.2210
99.6453  24.8769  100.8560  25.9242  3.1931
98.3349  25.2175  100.8560  25.9242  3.2333
99.7242  24.0204  100.8560  25.9242  3.2463
99.9445  24.3191  99.3404  24.5305  3.3798
98.3382  24.3368  99.3404  24.5305  3.4192
98.0252  24.4972  99.3404  24.5305  3.3210
100.7810  24.1990  99.3404  24.5305  3.2151
100.1990  24.7084  99.3404  24.5305  3.3274
100.3690  24.1603  99.3404  24.5305  3.2410
99.5713  23.7032  99.3404  24.5305  3.3460
97.7332  24.3999  99.3404  24.5305  3.3411
100.7200  24.6420  99.3404  24.5305  3.2569
97.9699  24.7130  99.3404  24.5305  3.2478
100.4690  24.5924  99.3404  24.5305  3.3084
100.4120  23.9586  99.3404  24.5305  3.2981
98.5651  24.1350  99.3404  24.5305  3.3991
100.2940  23.5890  99.3404  24.5305  3.3145
98.8783  23.5554  99.3404  24.5305  3.3559
99.0268  23.8963  99.3404  24.5305  3.3583
97.6622  23.9027  99.3404  24.5305  3.3017
97.7857  24.1826  99.3404  24.5305  3.3627
100.8080  24.4547  99.3404  24.5305  3.2747
97.6568  24.6108  99.3404  24.5305  3.2760
97.9350  25.1078  99.3404  24.5305  3.2066
100.8160  25.0395  99.3404  24.5305  3.3381
98.2175  24.6619  99.3404  24.5305  3.2496
97.9699  24.7130  98.4849  24.7484  3.3163
98.8634  25.4505  98.4849  24.7484  3.3000
99.0325  24.5549  98.4849  24.7484  3.2481
100.8080  24.4547  98.4849  24.7484  3.2509
100.1990  24.7084  98.4849  24.7484  3.2182
97.7332  24.3999  98.4849  24.7484  3.4364
98.8431  25.1964  98.4849  24.7484  3.4486
98.8350  24.6942  98.4849  24.7484  3.3431
99.5529  24.2045  98.4849  24.7484  3.3669
99.9445  24.3191  98.4849  24.7484  3.2360
99.7242  24.0204  98.4849  24.7484  3.3133
100.7200  24.6420  98.4849  24.7484  3.2497
99.8799  24.7112  98.4849  24.7484  3.2333
100.7810  24.1990  98.4849  24.7484  3.2406
99.1663  24.7523  98.4849  24.7484  3.4303
99.6235  24.5257  98.4849  24.7484  3.1814
100.4120  23.9586  98.4849  24.7484  3.3012
99.5713  23.7032  98.4849  24.7484  3.3299
99.4801  25.0480  98.4849  24.7484  3.3722
99.3404  24.5305  98.4849  24.7484  3.3068
98.5651  24.1350  98.4849  24.7484  3.3795
100.3690  24.1603  98.4849  24.7484  3.2557
100.4690  24.5924  98.4849  24.7484  3.2228
100.0910  24.8650  98.4849  24.7484  3.2818
99.8346  24.9958  98.4849  24.7484  3.2559
98.8783  23.5554  98.4849  24.7484  3.3129
97.6622  23.9027  98.4849  24.7484  3.3267
99.6453  24.8769  98.4849  24.7484  3.2216
100.8160  25.0395  98.4849  24.7484  3.2690
97.6568  24.6108  98.4849  24.7484  3.3935
97.7857  24.1826  98.4849  24.7484  3.3985
100.2940  23.5890  98.4849  24.7484  3.2679
99.2375  25.4847  98.4849  24.7484  3.3142
97.6622  23.9027  98.6668  24.9037  3.3070
100.1990  24.7084  98.6668  24.9037  3.1513
100.7810  24.1990  98.6668  24.9037  3.2236
99.7242  24.0204  98.6668  24.9037  3.3503
99.0268  23.8963  98.6668  24.9037  3.3544
100.4120  23.9586  98.6668  24.9037  3.2598
100.8160  25.0395  98.6668  24.9037  3.1958
99.9445  24.3191  98.6668  24.9037  3.2327
100.8080  24.4547  98.6668  24.9037  3.2548
98.8634  25.4505  98.6668  24.9037  3.3689
97.6568  24.6108  98.6668  24.9037  3.4281
99.5529  24.2045  98.6668  24.9037  3.2712
100.0910  24.8650  98.6668  24.9037  3.2396
98.5651  24.1350  98.6668  24.9037  3.3583
97.9350  25.1078  98.6668  24.9037  3.2056
99.6235  24.5257  98.6668  24.9037  3.3114
97.7857  24.1826  98.6668  24.9037  3.2712
99.8346  24.9958  98.6668  24.9037  3.2195
99.4801  25.0480  98.6668  24.9037  3.3584
99.2375  25.4847  98.6668  24.9037  3.4186
97.7332  24.3999  98.6668  24.9037  3.3422
99.1663  24.7523  98.6668  24.9037  3.4390
100.7200  24.6420  98.6668  24.9037  3.2422
97.9699  24.7130  98.6668  24.9037  3.3932
99.8799  24.7112  98.6668  24.9037  3.2247
100.3690  24.1603  98.6668  24.9037  3.2515
99.3404  24.5305  98.6668  24.9037  3.3227
100.2940  23.5890  98.6668  24.9037  3.3623
99.5713  23.7032  98.6668  24.9037  3.1935
100.4690  24.5924  98.6668  24.9037  3.2222
99.6453  24.8769  98.6668  24.9037  3.1649
99.7242  24.0204  100.0910  24.8650  3.3058
99.9445  24.3191  100.0910  24.8650  3.3807
100.7810  24.1990  100.0910  24.8650  3.2634
98.8783  23.5554  100.0910  24.8650  3.3559
100.2940  23.5890  100.0910  24.8650  3.3617
100.8080  24.4547  100.0910  24.8650  3.4152
100.8160  25.0395  100.0910  24.8650  3.2652
99.0268  23.8963  100.0910  24.8650  3.3164
100.7200  24.6420  100.0910  24.8650  3.4515
99.5529  24.2045  100.0910  24.8650  3.3528
100.7200  24.6420  100.3690  24.1603  3.4296
100.8160  25.0395  100.3690  24.1603  3.2843
99.0268  23.8963  100.3690  24.1603  3.3422
99.5713  23.7032  100.3690  24.1603  3.4248
99.5529  24.2045  100.3690  24.1603  3.1868
100.7810  24.1990  100.3690  24.1603  3.4424
98.8783  23.5554  100.3690  24.1603  3.3505
100.2940  23.5890  100.3690  24.1603  3.2541
98.8783  23.5554  100.4690  24.5924  3.3197
100.2940  23.5890  100.4690  24.5924  3.3074
99.0268  23.8963  100.4690  24.5924  3.3236
99.5713  23.7032  100.4690  24.5924  3.3331
100.4120  23.9586  100.4690  24.5924  3.4433
100.8160  25.0395  100.4690  24.5924  3.3557
99.5529  24.2045  100.4690  24.5924  3.4111
99.7242  24.0204  100.4690  24.5924  3.4359
98.3349  25.2175  99.4024  25.6322  3.2542
99.5529  24.2045  99.4024  25.6322  3.2473
100.8960  25.5945  99.4024  25.6322  3.1987
99.7242  24.0204  99.4024  25.6322  3.2774
100.4900  25.3500  99.4024  25.6322  3.1332
97.9350  25.1078  99.4024  25.6322  3.1763
100.4120  23.9586  99.4024  25.6322  3.2382
99.6235  24.5257  99.4024  25.6322  3.2755
98.2175  24.6619  99.4024  25.6322  3.2016
98.5433  25.5117  99.4024  25.6322  3.2399
100.7200  24.6420  99.4024  25.6322  3.2367
100.5200  25.8500  99.4024  25.6322  3.2425
98.4849  24.7484  99.4024  25.6322  3.2729
100.7810  24.1990  99.4024  25.6322  3.3370
100.8160  25.0395  99.4024  25.6322  3.2196
100.2940  23.5890  99.4024  25.6322  3.2580
100.3200  25.2400  99.4024  25.6322  3.2414
100.1990  24.7084  99.4024  25.6322  3.1960
100.8560  25.9242  99.4024  25.6322  3.1593
98.8431  25.1964  99.4024  25.6322  3.3847
100.8080  24.4547  99.4024  25.6322  3.2825
98.8783  23.5554  99.4024  25.6322  3.2702
100.8990  25.3230  99.4024  25.6322  3.1116
97.7332  24.3999  99.4024  25.6322  3.2871
100.5960  26.2944  99.4024  25.6322  3.1625
99.1663  24.7523  99.4024  25.6322  3.2371
99.0325  24.5549  99.4024  25.6322  3.2295
99.4801  25.0480  99.4024  25.6322  3.3535
99.9445  24.3191  99.4024  25.6322  3.3560
99.5713  23.7032  99.4024  25.6322  3.2662
97.7857  24.1826  99.4024  25.6322  3.2961
100.3690  24.1603  99.4024  25.6322  3.2307
99.8346  24.9958  99.4024  25.6322  3.4459
97.6568  24.6108  99.4024  25.6322  3.2726
97.6622  23.9027  99.4024  25.6322  3.2990
99.9868  25.4893  99.4024  25.6322  3.2101
99.7280  25.5410  99.4024  25.6322  3.3044
97.9699  24.7130  99.4024  25.6322  3.2888
99.0268  23.8963  99.4024  25.6322  3.2549
100.4990  25.5666  99.4024  25.6322  3.1664
100.4690  24.5924  99.4024  25.6322  3.2933
98.8350  24.6942  99.4024  25.6322  3.2508
99.0384  24.3221  99.4024  25.6322  3.2457
100.5230  25.0541  99.4024  25.6322  3.1428
99.4137  25.2954  99.4024  25.6322  3.3771
100.1000  25.9100  99.4024  25.6322  3.2565
100.0910  24.8650  99.4024  25.6322  3.1913
98.0252  24.4972  99.4024  25.6322  3.2268
98.8634  25.4505  99.4024  25.6322  3.3907
98.5651  24.1350  99.4024  25.6322  3.3013
99.6453  24.8769  99.4024  25.6322  3.3479
99.8799  24.7112  99.4024  25.6322  3.3982
99.3404  24.5305  99.4024  25.6322  3.2268
98.3382  24.3368  99.4024  25.6322  3.3273
100.2160  25.0148  99.4024  25.6322  3.1751
98.6668  24.9037  99.4024  25.6322  3.3225
100.4120  23.9586  98.8783  23.5554  3.3929
100.8080  24.4547  98.8783  23.5554  3.3295
100.7200  24.6420  98.8783  23.5554  3.3446
100.7810  24.1990  98.8783  23.5554  3.3124
100.8160  25.0395  98.8783  23.5554  3.2915
100.2940  23.5890  98.8783  23.5554  3.2456
98.5651  24.1350  99.2375  25.4847  3.2980
97.6622  23.9027  99.2375  25.4847  3.2862
100.7200  24.6420  99.2375  25.4847  3.2229
98.0252  24.4972  99.2375  25.4847  3.2291
97.7857  24.1826  99.2375  25.4847  3.2722
99.5713  23.7032  99.2375  25.4847  3.2841
99.5529  24.2045  99.2375  25.4847  3.2859
99.0384  24.3221  99.2375  25.4847  3.2422
100.3690  24.1603  99.2375  25.4847  3.3089
99.9445  24.3191  99.2375  25.4847  3.3641
98.3382  24.3368  99.2375  25.4847  3.3344
100.4120  23.9586  99.2375  25.4847  3.3000
99.8799  24.7112  99.2375  25.4847  3.3036
100.0910  24.8650  99.2375  25.4847  3.2285
100.1990  24.7084  99.2375  25.4847  3.2748
100.4690  24.5924  99.2375  25.4847  3.3206
99.7242  24.0204  99.2375  25.4847  3.3249
97.9699  24.7130  99.2375  25.4847  3.2878
100.7810  24.1990  99.2375  25.4847  3.3530
99.0268  23.8963  99.2375  25.4847  3.2563
98.8350  24.6942  99.2375  25.4847  3.2612
97.7332  24.3999  99.2375  25.4847  3.3015
98.2175  24.6619  99.2375  25.4847  3.2073
99.1663  24.7523  99.2375  25.4847  3.2803
98.8783  23.5554  99.2375  25.4847  3.2809
99.8346  24.9958  99.2375  25.4847  3.1990
99.0325  24.5549  99.2375  25.4847  3.2318
100.2940  23.5890  99.2375  25.4847  3.2467
99.6235  24.5257  99.2375  25.4847  3.3948
97.6568  24.6108  99.2375  25.4847  3.2697
99.3404  24.5305  99.2375  25.4847  3.2712
97.9350  25.1078  99.2375  25.4847  3.1954
100.8160  25.0395  99.2375  25.4847  3.2226
99.4801  25.0480  98.8431  25.1964  3.3365
100.4690  24.5924  98.8431  25.1964  3.2446
98.0252  24.4972  98.8431  25.1964  3.2903
100.7810  24.1990  98.8431  25.1964  3.2868
99.5713  23.7032  98.8431  25.1964  3.3679
97.9350  25.1078  98.8431  25.1964  3.1700
99.5529  24.2045  98.8431  25.1964  3.3562
98.2175  24.6619  98.8431  25.1964  3.4241
99.8799  24.7112  98.8431  25.1964  3.3643
100.7200  24.6420  98.8431  25.1964  3.2313
100.1990  24.7084  98.8431  25.1964  3.2483
100.2940  23.5890  98.8431  25.1964  3.2811
100.8160  25.0395  98.8431  25.1964  3.1904
99.9445  24.3191  98.8431  25.1964  3.3471
98.8783  23.5554  98.8431  25.1964  3.2916
100.3690  24.1603  98.8431  25.1964  3.3222
99.7242  24.0204  98.8431  25.1964  3.1926
98.8350  24.6942  98.8431  25.1964  3.3539
98.8634  25.4505  98.8431  25.1964  3.4225
98.3382  24.3368  98.8431  25.1964  3.3656
97.6568  24.6108  98.8431  25.1964  3.3532
99.8346  24.9958  98.8431  25.1964  3.1921
99.0384  24.3221  98.8431  25.1964  3.3569
98.5651  24.1350  98.8431  25.1964  3.3111
99.6453  24.8769  98.8431  25.1964  3.3368
97.7332  24.3999  98.8431  25.1964  3.2598
99.6235  24.5257  98.8431  25.1964  3.2252
100.4120  23.9586  98.8431  25.1964  3.3166
100.8080  24.4547  98.8431  25.1964  3.2412
100.0910  24.8650  98.8431  25.1964  3.1848
97.6622  23.9027  98.8431  25.1964  3.2832
97.9699  24.7130  98.8431  25.1964  3.2827
99.0268  23.8963  98.8431  25.1964  3.2944
97.7857  24.1826  98.8431  25.1964  3.2733
99.8799  24.7112  97.7857  24.1826  3.3783
99.7242  24.0204  97.7857  24.1826  3.2715
100.3690  24.1603  97.7857  24.1826  3.3066
100.1990  24.7084  97.7857  24.1826  3.3890
100.7200  24.6420  97.7857  24.1826  3.3607
100.2940  23.5890  97.7857  24.1826  3.2904
99.5529  24.2045  97.7857  24.1826  3.3355
100.4690  24.5924  97.7857  24.1826  3.3570
98.8783  23.5554  97.7857  24.1826  3.3462
99.0268  23.8963  97.7857  24.1826  3.1877
100.4120  23.9586  97.7857  24.1826  3.2884
100.7810  24.1990  97.7857  24.1826  3.3312
100.8160  25.0395  97.7857  24.1826  3.3275
100.8080  24.4547  97.7857  24.1826  3.3195
99.9445  24.3191  97.7857  24.1826  3.3000
100.0910  24.8650  97.7857  24.1826  3.3201
99.5713  23.7032  97.7857  24.1826  3.2687
97.9699  24.7130  99.7280  25.5410  3.2133
97.7332  24.3999  99.7280  25.5410  3.2432
100.7810  24.1990  99.7280  25.5410  3.2949
100.8990  25.3230  99.7280  25.5410  3.1278
98.5433  25.5117  99.7280  25.5410  3.2165
99.5713  23.7032  99.7280  25.5410  3.2836
100.3690  24.1603  99.7280  25.5410  3.2871
98.8634  25.4505  99.7280  25.5410  3.2277
98.4849  24.7484  99.7280  25.5410  3.2446
100.8960  25.5945  99.7280  25.5410  3.2277
99.0384  24.3221  99.7280  25.5410  3.2590
98.2175  24.6619  99.7280  25.5410  3.2999
100.7200  24.6420  99.7280  25.5410  3.2576
97.7857  24.1826  99.7280  25.5410  3.2957
100.8160  25.0395  99.7280  25.5410  3.2012
99.6235  24.5257  99.7280  25.5410  3.2336
100.4990  25.5666  99.7280  25.5410  3.2039
99.4801  25.0480  99.7280  25.5410  3.2751
99.8346  24.9958  99.7280  25.5410  3.3742
97.9350  25.1078  99.7280  25.5410  3.1886
98.0252  24.4972  99.7280  25.5410  3.3012
100.4900  25.3500  99.7280  25.5410  3.1898
100.5960  26.2944  99.7280  25.5410  3.2292
99.1663  24.7523  99.7280  25.5410  3.2600
99.9445  24.3191  99.7280  25.5410  3.3073
97.6622  23.9027  99.7280  25.5410  3.3202
99.3404  24.5305  99.7280  25.5410  3.2273
100.5230  25.0541  99.7280  25.5410  3.2321
98.8350  24.6942  99.7280  25.5410  3.2427
100.4690  24.5924  99.7280  25.5410  3.2031
98.8431  25.1964  99.7280  25.5410  3.2870
98.8783  23.5554  99.7280  25.5410  3.2712
99.8799  24.7112  99.7280  25.5410  3.3285
97.6568  24.6108  99.7280  25.5410  3.2371
100.2160  25.0148  99.7280  25.5410  3.1991
98.3349  25.2175  99.7280  25.5410  3.1870
98.6668  24.9037  99.7280  25.5410  3.2103
100.8080  24.4547  99.7280  25.5410  3.3025
99.0268  23.8963  99.7280  25.5410  3.2687
99.0325  24.5549  99.7280  25.5410  3.2437
100.2940  23.5890  99.7280  25.5410  3.3607
99.6453  24.8769  99.7280  25.5410  3.2509
99.7242  24.0204  99.7280  25.5410  3.2851
100.1000  25.9100  99.7280  25.5410  3.3469
100.3200  25.2400  99.7280  25.5410  3.2040
98.5651  24.1350  99.7280  25.5410  3.2818
99.5529  24.2045  99.7280  25.5410  3.2434
98.3382  24.3368  99.7280  25.5410  3.2370
97.9699  24.7130  99.8346  24.9958  3.2855
99.0268  23.8963  99.8346  24.9958  3.3307
99.9445  24.3191  99.8346  24.9958  3.4430
100.3690  24.1603  99.8346  24.9958  3.3318
99.5713  23.7032  99.8346  24.9958  3.2977
97.9350  25.1078  99.8346  24.9958  3.1883
98.0252  24.4972  99.8346  24.9958  3.2899
99.3404  24.5305  99.8346  24.9958  3.4104
100.2940  23.5890  99.8346  24.9958  3.4034
100.8160  25.0395  99.8346  24.9958  3.2234
99.5529  24.2045  99.8346  24.9958  3.2781
97.7857  24.1826  99.8346  24.9958  3.2725
98.8783  23.5554  99.8346  24.9958  3.3303
98.2175  24.6619  99.8346  24.9958  3.2728
100.4690  24.5924  99.8346  24.9958  3.3487
99.7242  24.0204  99.8346  24.9958  3.2963
99.6235  24.5257  99.8346  24.9958  3.3206
100.7200  24.6420  99.8346  24.9958  3.3171
97.7332  24.3999  99.8346  24.9958  3.3153
99.1663  24.7523  99.8346  24.9958  3.3842
98.3382  24.3368  99.8346  24.9958  3.3511
97.6622  23.9027  99.8346  24.9958  3.2900
97.6568  24.6108  99.8346  24.9958  3.3124
100.4120  23.9586  99.8346  24.9958  3.3657
98.5651  24.1350  99.8346  24.9958  3.2362
100.8080  24.4547  99.8346  24.9958  3.4076
100.7810  24.1990  99.8346  24.9958  3.4314
97.7857  24.1826  97.9699  24.7130  3.3946
99.7242  24.0204  97.9699  24.7130  3.3046
100.1990  24.7084  97.9699  24.7130  3.2476
100.3690  24.1603  97.9699  24.7130  3.2667
100.7200  24.6420  97.9699  24.7130  3.2750
100.4120  23.9586  97.9699  24.7130  3.2372
99.5713  23.7032  97.9699  24.7130  3.2752
100.7810  24.1990  97.9699  24.7130  3.2666
99.5529  24.2045  97.9699  24.7130  3.2803
100.4690  24.5924  97.9699  24.7130  3.2648
99.8799  24.7112  97.9699  24.7130  3.2044
100.8160  25.0395  97.9699  24.7130  3.2311
100.2940  23.5890  97.9699  24.7130  3.2989
99.0268  23.8963  97.9699  24.7130  3.3122
99.9445  24.3191  97.9699  24.7130  3.2615
97.6622  23.9027  97.9699  24.7130  3.3636
100.0910  24.8650  97.9699  24.7130  3.2070
100.8080  24.4547  97.9699  24.7130  3.2748
100.7200  24.6420  99.7242  24.0204  3.3486
98.8783  23.5554  99.7242  24.0204  3.4338
100.2940  23.5890  99.7242  24.0204  3.2786
100.8080  24.4547  99.7242  24.0204  3.3541
100.7810  24.1990  99.7242  24.0204  3.3867
100.8160  25.0395  99.7242  24.0204  3.3327
100.8160  25.0395  100.4120  23.9586  3.2358
100.2940  23.5890  100.4120  23.9586  3.3987
99.0268  23.8963  97.7332  24.3999  3.2989
100.4120  23.9586  97.7332  24.3999  3.2789
100.8160  25.0395  97.7332  24.3999  3.2774
98.3382  24.3368  97.7332  24.3999  3.3698
99.5529  24.2045  97.7332  24.3999  3.2540
100.7810  24.1990  97.7332  24.3999  3.2867
100.3690  24.1603  97.7332  24.3999  3.2869
100.7200  24.6420  97.7332  24.3999  3.3044
97.6622  23.9027  97.7332  24.3999  3.4173
99.5713  23.7032  97.7332  24.3999  3.3204
98.8783  23.5554  97.7332  24.3999  3.3063
100.8080  24.4547  97.7332  24.3999  3.3067
99.8799  24.7112  97.7332  24.3999  3.3571
99.9445  24.3191  97.7332  24.3999  3.2850
100.2940  23.5890  97.7332  24.3999  3.2795
100.4690  24.5924  97.7332  24.3999  3.2993
99.7242  24.0204  97.7332  24.3999  3.2996
100.1990  24.7084  97.7332  24.3999  3.2907
98.5651  24.1350  97.7332  24.3999  3.3063
