1896  3.2126  0.0570  016
100.1470  24.4348  100.0690  23.8785  3.2500
98.5925  24.4245  100.0690  23.8785  3.2603
100.2540  25.6093  100.0690  23.8785  3.2083
98.8518  25.8317  100.0690  23.8785  3.2404
98.0709  24.0851  100.0690  23.8785  3.2332
99.2454  24.0357  100.0690  23.8785  3.1935
99.3717  25.8854  100.0690  23.8785  3.2718
98.5197  25.0289  100.0690  23.8785  3.2213
100.1470  24.4348  99.9475  26.1088  3.2108
98.5197  25.0289  99.9475  26.1088  3.1802
98.5925  24.4245  99.9475  26.1088  3.1801
99.2454  24.0357  99.9475  26.1088  3.1895
98.0709  24.0851  99.9475  26.1088  3.1937
99.3717  25.8854  99.9475  26.1088  3.2034
98.8518  25.8317  99.9475  26.1088  3.1267
100.0690  23.8785  99.9475  26.1088  3.2427
100.1470  24.4348  99.3717  25.8854  3.2496
98.0709  24.0851  98.5197  25.0289  3.2847
100.2540  25.6093  98.5197  25.0289  3.1503
100.1470  24.4348  98.5197  25.0289  3.2140
99.3717  25.8854  98.5197  25.0289  3.2336
100.1470  24.4348  98.0709  24.0851  3.2927
99.2454  24.0357  98.0709  24.0851  3.2820
99.3717  25.8854  98.0709  24.0851  3.2045
100.2540  25.6093  98.8518  25.8317  3.1658
98.5197  25.0289  98.8518  25.8317  3.2030
100.1470  24.4348  98.8518  25.8317  3.2459
98.0709  24.0851  98.8518  25.8317  3.2704
98.5925  24.4245  98.8518  25.8317  3.2206
99.3717  25.8854  98.8518  25.8317  3.2993
99.2454  24.0357  98.8518  25.8317  3.2432
99.3717  25.8854  99.2454  24.0357  3.1990
100.1470  24.4348  99.2454  24.0357  3.2868
98.0709  24.0851  100.2540  25.6093  3.2496
99.2454  24.0357  100.2540  25.6093  3.2354
100.1470  24.4348  100.2540  25.6093  3.1651
99.3717  25.8854  100.2540  25.6093  3.1618
100.1470  24.4348  98.5925  24.4245  3.2250
98.5197  25.0289  98.5925  24.4245  3.1813
99.3717  25.8854  98.5925  24.4245  3.2487
100.2540  25.6093  98.5925  24.4245  3.1905
99.2454  24.0357  98.5925  24.4245  3.2968
100.8080  24.4547  99.5713  23.7032  3.2292
100.7200  24.6420  99.5713  23.7032  3.2620
100.7810  24.1990  99.5713  23.7032  3.2670
100.4120  23.9586  99.5713  23.7032  3.2816
100.8160  25.0395  99.5713  23.7032  3.2759
98.8783  23.5554  99.5713  23.7032  3.3090
100.2940  23.5890  99.5713  23.7032  3.2327
99.8346  24.9958  99.4801  25.0480  3.2162
97.7857  24.1826  99.4801  25.0480  3.2271
99.6235  24.5257  99.4801  25.0480  3.2887
97.9350  25.1078  99.4801  25.0480  3.1200
98.0252  24.4972  99.4801  25.0480  3.2354
100.2940  23.5890  99.4801  25.0480  3.2167
100.4690  24.5924  99.4801  25.0480  3.3272
97.9699  24.7130  99.4801  25.0480  3.1997
99.0268  23.8963  99.4801  25.0480  3.2212
99.7242  24.0204  99.4801  25.0480  3.2727
98.5651  24.1350  99.4801  25.0480  3.2563
97.6622  23.9027  99.4801  25.0480  3.2769
99.5529  24.2045  99.4801  25.0480  3.2075
100.8160  25.0395  99.4801  25.0480  3.1521
100.1990  24.7084  99.4801  25.0480  3.3249
99.3404  24.5305  99.4801  25.0480  3.1574
100.3690  24.1603  99.4801  25.0480  3.2137
98.2175  24.6619  99.4801  25.0480  3.2909
98.3382  24.3368  99.4801  25.0480  3.1983
100.7810  24.1990  99.4801  25.0480  3.3401
100.7200  24.6420  99.4801  25.0480  3.1786
97.7332  24.3999  99.4801  25.0480  3.2269
100.4120  23.9586  99.4801  25.0480  3.1910
99.5713  23.7032  99.4801  25.0480  3.2146
100.0910  24.8650  99.4801  25.0480  3.2632
97.6568  24.6108  99.4801  25.0480  3.2255
98.8783  23.5554  99.4801  25.0480  3.2448
100.8080  24.4547  99.4801  25.0480  3.2433
99.8799  24.7112  97.6568  24.6108  3.1775
99.7242  24.0204  97.6568  24.6108  3.2258
98.5651  24.1350  97.6568  24.6108  3.1771
100.8080  24.4547  97.6568  24.6108  3.2345
97.6622  23.9027  97.6568  24.6108  3.2168
99.0268  23.8963  97.6568  24.6108  3.2624
97.7857  24.1826  97.6568  24.6108  3.3357
98.8783  23.5554  97.6568  24.6108  3.2397
99.9445  24.3191  97.6568  24.6108  3.2261
100.4120  23.9586  97.6568  24.6108  3.2016
100.7810  24.1990  97.6568  24.6108  3.2197
98.3382  24.3368  97.6568  24.6108  3.1390
100.0910  24.8650  97.6568  24.6108  3.1917
100.8160  25.0395  97.6568  24.6108  3.2005
98.2175  24.6619  97.6568  24.6108  3.3451
99.5529  24.2045  97.6568  24.6108  3.2077
100.3690  24.1603  97.6568  24.6108  3.2228
99.5713  23.7032  97.6568  24.6108  3.2492
100.7200  24.6420  97.6568  24.6108  3.2318
100.1990  24.7084  97.6568  24.6108  3.2199
100.2940  23.5890  97.6568  24.6108  3.2161
100.4690  24.5924  97.6568  24.6108  3.2241
100.7810  24.1990  99.5529  24.2045  3.1868
98.8783  23.5554  99.5529  24.2045  3.3246
100.7200  24.6420  99.5529  24.2045  3.3016
100.8160  25.0395  99.5529  24.2045  3.1855
100.8080  24.4547  99.5529  24.2045  3.2846
99.5713  23.7032  99.5529  24.2045  3.1921
100.2940  23.5890  99.5529  24.2045  3.2463
100.4120  23.9586  99.5529  24.2045  3.2338
99.1663  24.7523  99.8316  25.8146  3.2050
98.8350  24.6942  99.8316  25.8146  3.1957
100.5960  26.2944  99.8316  25.8146  3.1960
99.0384  24.3221  99.8316  25.8146  3.2258
100.7200  24.6420  99.8316  25.8146  3.1537
98.0252  24.4972  99.8316  25.8146  3.2191
100.3690  24.1603  99.8316  25.8146  3.3378
99.9868  25.4893  99.8316  25.8146  3.3542
98.4849  24.7484  99.8316  25.8146  3.1771
97.7857  24.1826  99.8316  25.8146  3.2374
99.9445  24.3191  99.8316  25.8146  3.2268
98.3382  24.3368  99.8316  25.8146  3.1895
99.6235  24.5257  99.8316  25.8146  3.1692
97.6622  23.9027  99.8316  25.8146  3.2487
98.6668  24.9037  99.8316  25.8146  3.1445
99.4801  25.0480  99.8316  25.8146  3.1646
99.8346  24.9958  99.8316  25.8146  3.1509
100.1990  24.7084  99.8316  25.8146  3.3117
99.4137  25.2954  99.8316  25.8146  3.2045
100.0910  24.8650  99.8316  25.8146  3.3022
100.8990  25.3230  99.8316  25.8146  3.1319
98.8431  25.1964  99.8316  25.8146  3.1556
99.5713  23.7032  99.8316  25.8146  3.2224
97.9699  24.7130  99.8316  25.8146  3.1675
99.8799  24.7112  99.8316  25.8146  3.1880
100.8960  25.5945  99.8316  25.8146  3.1117
99.3404  24.5305  99.8316  25.8146  3.1845
98.3349  25.2175  99.8316  25.8146  3.1546
100.8160  25.0395  99.8316  25.8146  3.2052
97.6568  24.6108  99.8316  25.8146  3.1751
98.8634  25.4505  99.8316  25.8146  3.2198
99.7242  24.0204  99.8316  25.8146  3.2087
98.2175  24.6619  99.8316  25.8146  3.2230
100.3200  25.2400  99.8316  25.8146  3.1526
99.2375  25.4847  99.8316  25.8146  3.2681
99.6453  24.8769  99.8316  25.8146  3.1422
98.5651  24.1350  99.8316  25.8146  3.2272
98.5433  25.5117  99.8316  25.8146  3.1231
100.4900  25.3500  99.8316  25.8146  3.1003
99.0268  23.8963  99.8316  25.8146  3.2205
99.5529  24.2045  99.8316  25.8146  3.1822
98.8783  23.5554  99.8316  25.8146  3.2319
100.2940  23.5890  99.8316  25.8146  3.3010
100.7810  24.1990  99.8316  25.8146  3.1741
100.4990  25.5666  99.8316  25.8146  3.2601
97.7332  24.3999  99.8316  25.8146  3.1987
97.9350  25.1078  99.8316  25.8146  3.1360
100.8080  24.4547  99.8316  25.8146  3.1940
99.0325  24.5549  99.8316  25.8146  3.2157
98.0252  24.4972  100.5230  25.0541  3.2871
99.0268  23.8963  100.5230  25.0541  3.2115
99.0325  24.5549  100.5230  25.0541  3.2342
100.8990  25.3230  100.5230  25.0541  3.2511
98.8634  25.4505  100.5230  25.0541  3.1675
99.0384  24.3221  100.5230  25.0541  3.2520
97.6622  23.9027  100.5230  25.0541  3.2484
99.9445  24.3191  100.5230  25.0541  3.2570
98.3382  24.3368  100.5230  25.0541  3.2073
99.5529  24.2045  100.5230  25.0541  3.2380
97.9699  24.7130  100.5230  25.0541  3.1611
97.9350  25.1078  100.5230  25.0541  3.1635
97.7332  24.3999  100.5230  25.0541  3.2063
99.8799  24.7112  100.5230  25.0541  3.2644
98.6668  24.9037  100.5230  25.0541  3.2181
99.6235  24.5257  100.5230  25.0541  3.2045
100.4690  24.5924  100.5230  25.0541  3.1807
98.8350  24.6942  100.5230  25.0541  3.1782
98.4849  24.7484  100.5230  25.0541  3.2284
99.6453  24.8769  100.5230  25.0541  3.2704
99.2375  25.4847  100.5230  25.0541  3.1106
99.4801  25.0480  100.5230  25.0541  3.1642
100.4990  25.5666  100.5230  25.0541  3.1067
99.5713  23.7032  100.5230  25.0541  3.2677
99.1663  24.7523  100.5230  25.0541  3.1981
98.5651  24.1350  100.5230  25.0541  3.2068
97.7857  24.1826  100.5230  25.0541  3.2603
100.4120  23.9586  100.5230  25.0541  3.2392
98.8431  25.1964  100.5230  25.0541  3.1083
99.8346  24.9958  100.5230  25.0541  3.2035
100.2940  23.5890  100.5230  25.0541  3.2157
100.5960  26.2944  100.5230  25.0541  3.1421
100.3690  24.1603  100.5230  25.0541  3.2892
98.3349  25.2175  100.5230  25.0541  3.1703
99.7242  24.0204  100.5230  25.0541  3.2824
98.8783  23.5554  100.5230  25.0541  3.2276
99.3404  24.5305  100.5230  25.0541  3.2319
98.5433  25.5117  100.5230  25.0541  3.1276
100.8960  25.5945  100.5230  25.0541  3.1046
97.6568  24.6108  100.5230  25.0541  3.1971
100.1990  24.7084  100.5230  25.0541  3.2660
98.2175  24.6619  100.5230  25.0541  3.2359
100.1000  25.9100  100.5230  25.0541  3.3273
99.6453  24.8769  100.4990  25.5666  3.1532
99.8799  24.7112  100.4990  25.5666  3.1954
97.9699  24.7130  100.4990  25.5666  3.2028
98.3349  25.2175  100.4990  25.5666  3.1528
99.7242  24.0204  100.4990  25.5666  3.2028
100.7200  24.6420  100.4990  25.5666  3.3086
98.0252  24.4972  100.4990  25.5666  3.1826
97.6622  23.9027  100.4990  25.5666  3.2023
99.5529  24.2045  100.4990  25.5666  3.2274
98.6668  24.9037  100.4990  25.5666  3.1201
99.8346  24.9958  100.4990  25.5666  3.2203
97.7332  24.3999  100.4990  25.5666  3.1932
97.7857  24.1826  100.4990  25.5666  3.1973
100.7810  24.1990  100.4990  25.5666  3.3074
100.3690  24.1603  100.4990  25.5666  3.2304
98.5433  25.5117  100.4990  25.5666  3.1245
98.8431  25.1964  100.4990  25.5666  3.1264
100.4690  24.5924  100.4990  25.5666  3.1847
100.0910  24.8650  100.4990  25.5666  3.1439
99.5713  23.7032  100.4990  25.5666  3.2216
99.9445  24.3191  100.4990  25.5666  3.1627
99.4801  25.0480  100.4990  25.5666  3.1620
99.0268  23.8963  100.4990  25.5666  3.2111
100.2940  23.5890  100.4990  25.5666  3.2090
99.0325  24.5549  100.4990  25.5666  3.1403
98.8634  25.4505  100.4990  25.5666  3.1450
98.4849  24.7484  100.4990  25.5666  3.1621
98.8783  23.5554  100.4990  25.5666  3.2257
99.1663  24.7523  100.4990  25.5666  3.1421
100.5960  26.2944  100.4990  25.5666  3.1213
100.1990  24.7084  100.4990  25.5666  3.1236
98.3382  24.3368  100.4990  25.5666  3.1784
100.4120  23.9586  100.4990  25.5666  3.2245
99.6235  24.5257  100.4990  25.5666  3.2290
97.9350  25.1078  100.4990  25.5666  3.1268
98.2175  24.6619  100.4990  25.5666  3.1837
99.0384  24.3221  100.4990  25.5666  3.1391
97.6568  24.6108  100.4990  25.5666  3.2090
99.3404  24.5305  100.4990  25.5666  3.1571
98.8350  24.6942  100.4990  25.5666  3.2072
98.5651  24.1350  100.4990  25.5666  3.2186
100.8080  24.4547  100.4990  25.5666  3.3356
100.2940  23.5890  100.8990  25.3230  3.1837
99.8346  24.9958  100.8990  25.3230  3.2073
100.4120  23.9586  100.8990  25.3230  3.1824
99.0384  24.3221  100.8990  25.3230  3.2141
98.8431  25.1964  100.8990  25.3230  3.0964
100.5960  26.2944  100.8990  25.3230  3.3016
99.6235  24.5257  100.8990  25.3230  3.1523
97.6568  24.6108  100.8990  25.3230  3.1783
99.0325  24.5549  100.8990  25.3230  3.1709
100.1990  24.7084  100.8990  25.3230  3.2488
98.2175  24.6619  100.8990  25.3230  3.2321
98.5433  25.5117  100.8990  25.3230  3.1229
98.3349  25.2175  100.8990  25.3230  3.1392
97.9350  25.1078  100.8990  25.3230  3.1485
98.8634  25.4505  100.8990  25.3230  3.1336
98.5651  24.1350  100.8990  25.3230  3.1863
99.4801  25.0480  100.8990  25.3230  3.1156
98.8783  23.5554  100.8990  25.3230  3.2180
99.5529  24.2045  100.8990  25.3230  3.1764
100.1000  25.9100  100.8990  25.3230  3.1730
99.1663  24.7523  100.8990  25.3230  3.1671
98.4849  24.7484  100.8990  25.3230  3.2192
98.0252  24.4972  100.8990  25.3230  3.2474
98.8350  24.6942  100.8990  25.3230  3.1598
100.7810  24.1990  100.8990  25.3230  3.1979
98.3382  24.3368  100.8990  25.3230  3.1898
99.2375  25.4847  100.8990  25.3230  3.1008
99.7242  24.0204  100.8990  25.3230  3.2699
97.6622  23.9027  100.8990  25.3230  3.2190
97.7332  24.3999  100.8990  25.3230  3.2393
97.9699  24.7130  100.8990  25.3230  3.1542
99.0268  23.8963  100.8990  25.3230  3.2170
100.0910  24.8650  100.8990  25.3230  3.2411
100.3690  24.1603  100.8990  25.3230  3.1892
99.8799  24.7112  100.8990  25.3230  3.1468
100.7200  24.6420  100.8990  25.3230  3.1311
97.7857  24.1826  100.8990  25.3230  3.2329
100.8080  24.4547  100.8990  25.3230  3.1989
99.9445  24.3191  100.8990  25.3230  3.2852
99.5713  23.7032  100.8990  25.3230  3.2535
100.4690  24.5924  100.8990  25.3230  3.1621
99.6453  24.8769  100.8990  25.3230  3.2184
98.6668  24.9037  100.8990  25.3230  3.2040
99.3404  24.5305  100.8990  25.3230  3.2142
100.7200  24.6420  98.5651  24.1350  3.2484
100.0910  24.8650  98.5651  24.1350  3.2670
99.5713  23.7032  98.5651  24.1350  3.2487
100.8160  25.0395  98.5651  24.1350  3.1864
99.9445  24.3191  98.5651  24.1350  3.2012
100.4690  24.5924  98.5651  24.1350  3.2421
99.5529  24.2045  98.5651  24.1350  3.2287
100.2940  23.5890  98.5651  24.1350  3.2428
100.4120  23.9586  98.5651  24.1350  3.1877
99.7242  24.0204  98.5651  24.1350  3.2296
100.7810  24.1990  98.5651  24.1350  3.2299
100.8080  24.4547  98.5651  24.1350  3.2771
100.3690  24.1603  98.5651  24.1350  3.2531
100.1990  24.7084  98.5651  24.1350  3.2733
99.8799  24.7112  98.5651  24.1350  3.3161
97.9699  24.7130  98.8634  25.4505  3.1833
100.8080  24.4547  98.8634  25.4505  3.2285
100.2940  23.5890  98.8634  25.4505  3.2183
100.4120  23.9586  98.8634  25.4505  3.2257
99.1663  24.7523  98.8634  25.4505  3.3227
100.8160  25.0395  98.8634  25.4505  3.1337
100.1990  24.7084  98.8634  25.4505  3.2234
98.5651  24.1350  98.8634  25.4505  3.2555
98.3382  24.3368  98.8634  25.4505  3.2463
97.6622  23.9027  98.8634  25.4505  3.2247
100.0910  24.8650  98.8634  25.4505  3.2159
99.0384  24.3221  98.8634  25.4505  3.2276
100.4690  24.5924  98.8634  25.4505  3.2696
99.3404  24.5305  98.8634  25.4505  3.3087
99.8799  24.7112  98.8634  25.4505  3.2794
99.7242  24.0204  98.8634  25.4505  3.1672
100.3690  24.1603  98.8634  25.4505  3.2607
99.6453  24.8769  98.8634  25.4505  3.1919
97.9350  25.1078  98.8634  25.4505  3.2788
99.5529  24.2045  98.8634  25.4505  3.2955
98.8350  24.6942  98.8634  25.4505  3.1947
100.7810  24.1990  98.8634  25.4505  3.2510
97.7332  24.3999  98.8634  25.4505  3.2109
98.2175  24.6619  98.8634  25.4505  3.2344
99.9445  24.3191  98.8634  25.4505  3.2276
97.7857  24.1826  98.8634  25.4505  3.2211
98.0252  24.4972  98.8634  25.4505  3.2436
99.6235  24.5257  98.8634  25.4505  3.1698
97.6568  24.6108  98.8634  25.4505  3.2109
99.8346  24.9958  98.8634  25.4505  3.2858
99.0268  23.8963  98.8634  25.4505  3.2290
98.8783  23.5554  98.8634  25.4505  3.2271
99.0325  24.5549  98.8634  25.4505  3.2391
99.4801  25.0480  98.8634  25.4505  3.2739
99.5713  23.7032  98.8634  25.4505  3.2977
100.7200  24.6420  98.8634  25.4505  3.2027
100.8160  25.0395  100.2940  23.5890  3.1876
100.8160  25.0395  100.7810  24.1990  3.2335
100.2940  23.5890  100.7810  24.1990  3.2343
98.3349  25.2175  99.4137  25.2954  3.1338
97.6622  23.9027  99.4137  25.2954  3.2956
99.5529  24.2045  99.4137  25.2954  3.2091
97.7332  24.3999  99.4137  25.2954  3.1799
98.8431  25.1964  99.4137  25.2954  3.3197
98.8634  25.4505  99.4137  25.2954  3.2227
100.4990  25.5666  99.4137  25.2954  3.1962
100.1990  24.7084  99.4137  25.2954  3.2547
100.4900  25.3500  99.4137  25.2954  3.1343
100.8960  25.5945  99.4137  25.2954  3.1171
99.0268  23.8963  99.4137  25.2954  3.2088
100.4120  23.9586  99.4137  25.2954  3.1918
97.6568  24.6108  99.4137  25.2954  3.2138
97.9350  25.1078  99.4137  25.2954  3.1961
100.4690  24.5924  99.4137  25.2954  3.3266
100.8080  24.4547  99.4137  25.2954  3.2706
100.5230  25.0541  99.4137  25.2954  3.1001
99.0384  24.3221  99.4137  25.2954  3.2219
99.0325  24.5549  99.4137  25.2954  3.2021
100.2160  25.0148  99.4137  25.2954  3.2367
100.0910  24.8650  99.4137  25.2954  3.2005
99.6235  24.5257  99.4137  25.2954  3.2702
99.9868  25.4893  99.4137  25.2954  3.2225
99.7771  25.3419  99.4137  25.2954  3.3390
98.8783  23.5554  99.4137  25.2954  3.2277
99.9445  24.3191  99.4137  25.2954  3.3538
99.7242  24.0204  99.4137  25.2954  3.2624
98.6668  24.9037  99.4137  25.2954  3.2774
100.7200  24.6420  99.4137  25.2954  3.2085
97.9699  24.7130  99.4137  25.2954  3.1880
98.3382  24.3368  99.4137  25.2954  3.2027
98.5433  25.5117  99.4137  25.2954  3.2355
99.1663  24.7523  99.4137  25.2954  3.2249
98.2175  24.6619  99.4137  25.2954  3.2698
100.2940  23.5890  99.4137  25.2954  3.1942
100.3200  25.2400  99.4137  25.2954  3.1406
100.8990  25.3230  99.4137  25.2954  3.1512
99.5713  23.7032  99.4137  25.2954  3.2189
100.5960  26.2944  99.4137  25.2954  3.1141
97.7857  24.1826  99.4137  25.2954  3.2780
100.8160  25.0395  99.4137  25.2954  3.1426
100.7810  24.1990  99.4137  25.2954  3.3147
99.3404  24.5305  99.4137  25.2954  3.1630
98.5651  24.1350  99.4137  25.2954  3.2774
98.4849  24.7484  99.4137  25.2954  3.1874
98.0252  24.4972  99.4137  25.2954  3.2745
98.8350  24.6942  99.4137  25.2954  3.2411
100.1000  25.9100  99.4137  25.2954  3.2050
100.3690  24.1603  99.4137  25.2954  3.2040
100.0910  24.8650  97.6622  23.9027  3.2328
98.5651  24.1350  97.6622  23.9027  3.3626
99.8799  24.7112  97.6622  23.9027  3.2614
100.8080  24.4547  97.6622  23.9027  3.2633
100.7810  24.1990  97.6622  23.9027  3.2560
100.4690  24.5924  97.6622  23.9027  3.2775
100.4120  23.9586  97.6622  23.9027  3.2468
100.7200  24.6420  97.6622  23.9027  3.3000
99.5713  23.7032  97.6622  23.9027  3.2305
99.0268  23.8963  97.6622  23.9027  3.2890
98.8783  23.5554  97.6622  23.9027  3.1732
100.2940  23.5890  97.6622  23.9027  3.2257
99.9445  24.3191  97.6622  23.9027  3.3121
100.3690  24.1603  97.6622  23.9027  3.2815
100.8160  25.0395  97.6622  23.9027  3.2567
100.1990  24.7084  97.6622  23.9027  3.2856
99.7242  24.0204  97.6622  23.9027  3.2637
99.5529  24.2045  97.6622  23.9027  3.3212
97.9350  25.1078  99.9868  25.4893  3.1529
100.4990  25.5666  99.9868  25.4893  3.2693
98.6668  24.9037  99.9868  25.4893  3.2458
98.0252  24.4972  99.9868  25.4893  3.1517
97.6568  24.6108  99.9868  25.4893  3.1966
99.4801  25.0480  99.9868  25.4893  3.2741
97.7857  24.1826  99.9868  25.4893  3.2043
98.8431  25.1964  99.9868  25.4893  3.1999
100.8160  25.0395  99.9868  25.4893  3.2212
99.0384  24.3221  99.9868  25.4893  3.2684
100.7200  24.6420  99.9868  25.4893  3.1231
98.3382  24.3368  99.9868  25.4893  3.2268
99.6453  24.8769  99.9868  25.4893  3.1764
98.4849  24.7484  99.9868  25.4893  3.2271
98.5433  25.5117  99.9868  25.4893  3.1475
99.1663  24.7523  99.9868  25.4893  3.1884
99.2375  25.4847  99.9868  25.4893  3.1188
98.2175  24.6619  99.9868  25.4893  3.1806
99.8799  24.7112  99.9868  25.4893  3.1430
100.7810  24.1990  99.9868  25.4893  3.1432
99.9445  24.3191  99.9868  25.4893  3.2025
99.7242  24.0204  99.9868  25.4893  3.1972
100.8990  25.3230  99.9868  25.4893  3.1100
99.6235  24.5257  99.9868  25.4893  3.1753
100.8960  25.5945  99.9868  25.4893  3.2049
99.5713  23.7032  99.9868  25.4893  3.2204
98.8634  25.4505  99.9868  25.4893  3.1151
99.0325  24.5549  99.9868  25.4893  3.1972
100.2940  23.5890  99.9868  25.4893  3.2938
99.5529  24.2045  99.9868  25.4893  3.1796
98.5651  24.1350  99.9868  25.4893  3.1832
100.3690  24.1603  99.9868  25.4893  3.3536
97.6622  23.9027  99.9868  25.4893  3.2450
98.8350  24.6942  99.9868  25.4893  3.1328
100.8080  24.4547  99.9868  25.4893  3.1739
100.5960  26.2944  99.9868  25.4893  3.1967
100.0910  24.8650  99.9868  25.4893  3.2378
100.4120  23.9586  99.9868  25.4893  3.3446
98.8783  23.5554  99.9868  25.4893  3.2631
98.3349  25.2175  99.9868  25.4893  3.1448
97.7332  24.3999  99.9868  25.4893  3.2053
97.9699  24.7130  99.9868  25.4893  3.1848
100.1990  24.7084  99.9868  25.4893  3.3022
99.3404  24.5305  99.9868  25.4893  3.2256
99.0268  23.8963  99.9868  25.4893  3.2603
99.5529  24.2045  99.4300  26.2040  3.1904
98.4849  24.7484  99.4300  26.2040  3.2431
99.6453  24.8769  99.4300  26.2040  3.1902
100.8160  25.0395  99.4300  26.2040  3.1624
99.9868  25.4893  99.4300  26.2040  3.3226
99.4137  25.2954  99.4300  26.2040  3.1539
100.3200  25.2400  99.4300  26.2040  3.1140
100.1000  25.9100  99.4300  26.2040  3.2097
99.9445  24.3191  99.4300  26.2040  3.2776
100.4900  25.3500  99.4300  26.2040  3.1972
98.2175  24.6619  99.4300  26.2040  3.1770
99.4801  25.0480  99.4300  26.2040  3.1556
98.6668  24.9037  99.4300  26.2040  3.2353
100.8960  25.5945  99.4300  26.2040  3.1192
99.2375  25.4847  99.4300  26.2040  3.1330
98.8431  25.1964  99.4300  26.2040  3.1989
100.7810  24.1990  99.4300  26.2040  3.2229
98.5651  24.1350  99.4300  26.2040  3.2519
97.6568  24.6108  99.4300  26.2040  3.1960
98.3382  24.3368  99.4300  26.2040  3.2654
99.0325  24.5549  99.4300  26.2040  3.1757
97.6622  23.9027  99.4300  26.2040  3.2012
99.7771  25.3419  99.4300  26.2040  3.2716
100.4990  25.5666  99.4300  26.2040  3.1883
100.5960  26.2944  99.4300  26.2040  3.0862
99.4024  25.6322  99.4300  26.2040  3.1101
98.8350  24.6942  99.4300  26.2040  3.1963
100.2940  23.5890  99.4300  26.2040  3.2132
99.1663  24.7523  99.4300  26.2040  3.1630
97.9350  25.1078  99.4300  26.2040  3.1752
97.9699  24.7130  99.4300  26.2040  3.1669
100.5200  25.8500  99.4300  26.2040  3.1298
100.8560  25.9242  99.4300  26.2040  3.1127
98.3349  25.2175  99.4300  26.2040  3.1305
99.0384  24.3221  99.4300  26.2040  3.1817
100.2160  25.0148  99.4300  26.2040  3.0867
98.8634  25.4505  99.4300  26.2040  3.2207
98.5433  25.5117  99.4300  26.2040  3.1359
97.7332  24.3999  99.4300  26.2040  3.1880
99.8799  24.7112  99.4300  26.2040  3.2511
99.3404  24.5305  99.4300  26.2040  3.1727
99.8346  24.9958  99.4300  26.2040  3.2558
99.6235  24.5257  99.4300  26.2040  3.2038
99.0268  23.8963  99.4300  26.2040  3.2004
97.7857  24.1826  99.4300  26.2040  3.1833
100.4120  23.9586  99.4300  26.2040  3.1742
98.8783  23.5554  99.4300  26.2040  3.2148
99.7280  25.5410  99.4300  26.2040  3.3028
100.4690  24.5924  99.4300  26.2040  3.1511
99.7242  24.0204  99.4300  26.2040  3.2287
98.0252  24.4972  99.4300  26.2040  3.1584
100.8080  24.4547  99.4300  26.2040  3.2169
100.8990  25.3230  99.4300  26.2040  3.1528
100.7200  24.6420  99.4300  26.2040  3.2020
100.3690  24.1603  99.4300  26.2040  3.1795
100.5230  25.0541  99.4300  26.2040  3.2020
99.5713  23.7032  99.4300  26.2040  3.2098
97.6622  23.9027  99.1663  24.7523  3.3225
98.3382  24.3368  99.1663  24.7523  3.3102
100.0910  24.8650  99.1663  24.7523  3.2487
99.9445  24.3191  99.1663  24.7523  3.2953
98.2175  24.6619  99.1663  24.7523  3.2075
100.8080  24.4547  99.1663  24.7523  3.1829
98.0252  24.4972  99.1663  24.7523  3.2859
99.8799  24.7112  99.1663  24.7523  3.2283
97.7332  24.3999  99.1663  24.7523  3.2774
98.8783  23.5554  99.1663  24.7523  3.2375
100.4120  23.9586  99.1663  24.7523  3.2341
97.6568  24.6108  99.1663  24.7523  3.2431
97.9350  25.1078  99.1663  24.7523  3.1341
100.4690  24.5924  99.1663  24.7523  3.2043
100.7200  24.6420  99.1663  24.7523  3.2165
99.5713  23.7032  99.1663  24.7523  3.2803
100.2940  23.5890  99.1663  24.7523  3.2325
100.7810  24.1990  99.1663  24.7523  3.2156
97.9699  24.7130  99.1663  24.7523  3.2142
99.0268  23.8963  99.1663  24.7523  3.2225
100.8160  25.0395  99.1663  24.7523  3.1779
98.5651  24.1350  99.1663  24.7523  3.3406
100.1990  24.7084  99.1663  24.7523  3.1635
99.7242  24.0204  99.1663  24.7523  3.3176
100.3690  24.1603  99.1663  24.7523  3.2553
97.7857  24.1826  99.1663  24.7523  3.3068
97.7857  24.1826  99.6453  24.8769  3.2490
100.7810  24.1990  99.6453  24.8769  3.3329
100.4120  23.9586  99.6453  24.8769  3.1325
97.9699  24.7130  99.6453  24.8769  3.1938
99.8346  24.9958  99.6453  24.8769  3.3502
99.0268  23.8963  99.6453  24.8769  3.2789
99.3404  24.5305  99.6453  24.8769  3.2998
100.7200  24.6420  99.6453  24.8769  3.2166
100.0910  24.8650  99.6453  24.8769  3.2321
99.7242  24.0204  99.6453  24.8769  3.2388
98.3382  24.3368  99.6453  24.8769  3.3312
100.3690  24.1603  99.6453  24.8769  3.1681
100.8160  25.0395  99.6453  24.8769  3.1835
99.6235  24.5257  99.6453  24.8769  3.1467
100.2940  23.5890  99.6453  24.8769  3.2975
99.5529  24.2045  99.6453  24.8769  3.1566
98.8783  23.5554  99.6453  24.8769  3.2785
97.9350  25.1078  99.6453  24.8769  3.1196
100.8080  24.4547  99.6453  24.8769  3.2151
98.2175  24.6619  99.6453  24.8769  3.2329
99.5713  23.7032  99.6453  24.8769  3.2098
100.1990  24.7084  99.6453  24.8769  3.2876
98.0252  24.4972  99.6453  24.8769  3.2613
97.6568  24.6108  99.6453  24.8769  3.2258
97.7332  24.3999  99.6453  24.8769  3.2671
97.6622  23.9027  99.6453  24.8769  3.2446
98.5651  24.1350  99.6453  24.8769  3.1663
99.5529  24.2045  97.9350  25.1078  3.1673
98.8783  23.5554  97.9350  25.1078  3.2929
100.2940  23.5890  97.9350  25.1078  3.2183
100.4690  24.5924  97.9350  25.1078  3.1828
97.6568  24.6108  97.9350  25.1078  3.3450
98.0252  24.4972  97.9350  25.1078  3.2010
100.7810  24.1990  97.9350  25.1078  3.1923
97.7857  24.1826  97.9350  25.1078  3.2098
99.8799  24.7112  97.9350  25.1078  3.1679
98.3382  24.3368  97.9350  25.1078  3.3274
97.7332  24.3999  97.9350  25.1078  3.2402
99.0268  23.8963  97.9350  25.1078  3.1642
100.7200  24.6420  97.9350  25.1078  3.1841
100.8160  25.0395  97.9350  25.1078  3.1523
97.6622  23.9027  97.9350  25.1078  3.2647
99.7242  24.0204  97.9350  25.1078  3.2054
100.0910  24.8650  97.9350  25.1078  3.1420
99.9445  24.3191  97.9350  25.1078  3.1874
100.8080  24.4547  97.9350  25.1078  3.1888
100.3690  24.1603  97.9350  25.1078  3.2303
100.4120  23.9586  97.9350  25.1078  3.2246
100.1990  24.7084  97.9350  25.1078  3.1434
100.8160  25.0395  99.0268  23.8963  3.2498
100.7810  24.1990  99.0268  23.8963  3.2367
100.7200  24.6420  99.0268  23.8963  3.2964
100.4120  23.9586  99.0268  23.8963  3.1911
99.5713  23.7032  99.0268  23.8963  3.2965
99.7242  24.0204  99.0268  23.8963  3.3004
100.8080  24.4547  99.0268  23.8963  3.2804
100.2940  23.5890  99.0268  23.8963  3.2009
98.8783  23.5554  99.0268  23.8963  3.3609
99.5529  24.2045  98.8350  24.6942  3.1750
97.7332  24.3999  98.8350  24.6942  3.3537
97.9699  24.7130  98.8350  24.6942  3.1895
97.9350  25.1078  98.8350  24.6942  3.1939
98.2175  24.6619  98.8350  24.6942  3.2759
99.6453  24.8769  98.8350  24.6942  3.2650
98.8783  23.5554  98.8350  24.6942  3.2307
98.0252  24.4972  98.8350  24.6942  3.3476
100.4120  23.9586  98.8350  24.6942  3.2018
97.6568  24.6108  98.8350  24.6942  3.2647
100.3690  24.1603  98.8350  24.6942  3.2854
99.9445  24.3191  98.8350  24.6942  3.1413
100.7810  24.1990  98.8350  24.6942  3.1861
98.5651  24.1350  98.8350  24.6942  3.2998
100.1990  24.7084  98.8350  24.6942  3.1630
99.8799  24.7112  98.8350  24.6942  3.1621
97.6622  23.9027  98.8350  24.6942  3.3258
100.7200  24.6420  98.8350  24.6942  3.1922
99.7242  24.0204  98.8350  24.6942  3.2385
99.4801  25.0480  98.8350  24.6942  3.2681
100.8080  24.4547  98.8350  24.6942  3.1930
100.8160  25.0395  98.8350  24.6942  3.2056
100.2940  23.5890  98.8350  24.6942  3.2492
99.0268  23.8963  98.8350  24.6942  3.2614
99.6235  24.5257  98.8350  24.6942  3.1812
100.0910  24.8650  98.8350  24.6942  3.1987
99.8346  24.9958  98.8350  24.6942  3.2864
99.5713  23.7032  98.8350  24.6942  3.3453
100.4690  24.5924  98.8350  24.6942  3.1808
99.3404  24.5305  98.8350  24.6942  3.2195
99.0268  23.8963  100.1000  25.9100  3.2276
99.0325  24.5549  100.1000  25.9100  3.2161
98.8350  24.6942  100.1000  25.9100  3.1361
100.3690  24.1603  100.1000  25.9100  3.2658
98.8431  25.1964  100.1000  25.9100  3.1761
100.8080  24.4547  100.1000  25.9100  3.1401
97.6568  24.6108  100.1000  25.9100  3.1884
100.1990  24.7084  100.1000  25.9100  3.1712
99.5529  24.2045  100.1000  25.9100  3.1571
100.4690  24.5924  100.1000  25.9100  3.2492
99.7242  24.0204  100.1000  25.9100  3.1672
97.7332  24.3999  100.1000  25.9100  3.1968
100.7810  24.1990  100.1000  25.9100  3.1725
98.8783  23.5554  100.1000  25.9100  3.2253
100.7200  24.6420  100.1000  25.9100  3.1506
98.3349  25.2175  100.1000  25.9100  3.1282
98.2175  24.6619  100.1000  25.9100  3.2307
98.4849  24.7484  100.1000  25.9100  3.1867
98.8634  25.4505  100.1000  25.9100  3.2503
98.6668  24.9037  100.1000  25.9100  3.1632
97.9350  25.1078  100.1000  25.9100  3.1603
99.5713  23.7032  100.1000  25.9100  3.1894
97.6622  23.9027  100.1000  25.9100  3.2342
97.7857  24.1826  100.1000  25.9100  3.2184
99.6453  24.8769  100.1000  25.9100  3.1218
100.4120  23.9586  100.1000  25.9100  3.2587
99.8799  24.7112  100.1000  25.9100  3.1073
99.8346  24.9958  100.1000  25.9100  3.0809
97.9699  24.7130  100.1000  25.9100  3.1448
100.5960  26.2944  100.1000  25.9100  3.3172
99.4801  25.0480  100.1000  25.9100  3.1724
100.8160  25.0395  100.1000  25.9100  3.0858
99.1663  24.7523  100.1000  25.9100  3.2074
98.0252  24.4972  100.1000  25.9100  3.2106
98.5651  24.1350  100.1000  25.9100  3.1802
98.3382  24.3368  100.1000  25.9100  3.1911
99.3404  24.5305  100.1000  25.9100  3.1769
100.2940  23.5890  100.1000  25.9100  3.2460
99.2375  25.4847  100.1000  25.9100  3.1850
99.0384  24.3221  100.1000  25.9100  3.2300
98.5433  25.5117  100.1000  25.9100  3.1168
99.9445  24.3191  100.1000  25.9100  3.1552
100.0910  24.8650  100.1000  25.9100  3.1149
99.6235  24.5257  100.1000  25.9100  3.1382
100.3690  24.1603  98.0252  24.4972  3.2177
99.5529  24.2045  98.0252  24.4972  3.2007
100.1990  24.7084  98.0252  24.4972  3.2277
100.0910  24.8650  98.0252  24.4972  3.3150
100.7810  24.1990  98.0252  24.4972  3.2141
100.8080  24.4547  98.0252  24.4972  3.2114
97.6622  23.9027  98.0252  24.4972  3.3510
99.8799  24.7112  98.0252  24.4972  3.2710
100.8160  25.0395  98.0252  24.4972  3.2359
99.0268  23.8963  98.0252  24.4972  3.3392
100.2940  23.5890  98.0252  24.4972  3.2285
100.4690  24.5924  98.0252  24.4972  3.2325
100.4120  23.9586  98.0252  24.4972  3.2246
99.5713  23.7032  98.0252  24.4972  3.2374
99.7242  24.0204  98.0252  24.4972  3.2546
99.9445  24.3191  98.0252  24.4972  3.1999
100.7200  24.6420  98.0252  24.4972  3.2204
99.6235  24.5257  100.8960  25.5945  3.1549
100.8990  25.3230  100.8960  25.5945  3.1207
99.1663  24.7523  100.8960  25.5945  3.1847
99.9445  24.3191  100.8960  25.5945  3.2449
100.2940  23.5890  100.8960  25.5945  3.1817
99.3404  24.5305  100.8960  25.5945  3.1542
99.0384  24.3221  100.8960  25.5945  3.1963
98.8634  25.4505  100.8960  25.5945  3.1110
98.2175  24.6619  100.8960  25.5945  3.2150
100.8080  24.4547  100.8960  25.5945  3.2003
99.6453  24.8769  100.8960  25.5945  3.1532
100.7200  24.6420  100.8960  25.5945  3.1317
99.2375  25.4847  100.8960  25.5945  3.1099
98.8350  24.6942  100.8960  25.5945  3.1787
98.3382  24.3368  100.8960  25.5945  3.1540
98.6668  24.9037  100.8960  25.5945  3.1666
100.7810  24.1990  100.8960  25.5945  3.1923
97.9350  25.1078  100.8960  25.5945  3.1362
100.1000  25.9100  100.8960  25.5945  3.1510
98.5651  24.1350  100.8960  25.5945  3.2148
97.6568  24.6108  100.8960  25.5945  3.1861
97.6622  23.9027  100.8960  25.5945  3.2049
98.0252  24.4972  100.8960  25.5945  3.2098
99.0268  23.8963  100.8960  25.5945  3.1980
97.7332  24.3999  100.8960  25.5945  3.2104
99.8346  24.9958  100.8960  25.5945  3.1165
99.5713  23.7032  100.8960  25.5945  3.2425
99.0325  24.5549  100.8960  25.5945  3.1895
99.4801  25.0480  100.8960  25.5945  3.2070
100.8160  25.0395  100.8960  25.5945  3.0898
98.8783  23.5554  100.8960  25.5945  3.2082
99.7242  24.0204  100.8960  25.5945  3.2478
99.8799  24.7112  100.8960  25.5945  3.2062
98.4849  24.7484  100.8960  25.5945  3.1833
99.5529  24.2045  100.8960  25.5945  3.2088
98.3349  25.2175  100.8960  25.5945  3.1288
100.4690  24.5924  100.8960  25.5945  3.1350
100.1990  24.7084  100.8960  25.5945  3.1862
100.3690  24.1603  100.8960  25.5945  3.2100
100.4120  23.9586  100.8960  25.5945  3.1830
98.5433  25.5117  100.8960  25.5945  3.1452
100.0910  24.8650  100.8960  25.5945  3.2425
97.9699  24.7130  100.8960  25.5945  3.1797
98.8431  25.1964  100.8960  25.5945  3.1734
97.7857  24.1826  100.8960  25.5945  3.2123
99.0268  23.8963  99.9445  24.3191  3.2859
100.4120  23.9586  99.9445  24.3191  3.1438
100.8080  24.4547  99.9445  24.3191  3.3445
100.7200  24.6420  99.9445  24.3191  3.3338
99.5713  23.7032  99.9445  24.3191  3.2420
98.8783  23.5554  99.9445  24.3191  3.2243
99.7242  24.0204  99.9445  24.3191  3.2893
100.7810  24.1990  99.9445  24.3191  3.0855
100.8160  25.0395  99.9445  24.3191  3.2945
100.3690  24.1603  99.9445  24.3191  3.2201
100.7200  24.6420  99.7771  25.3419  3.2947
97.9699  24.7130  99.7771  25.3419  3.1764
97.6622  23.9027  99.7771  25.3419  3.2616
98.4849  24.7484  99.7771  25.3419  3.2721
100.4990  25.5666  99.7771  25.3419  3.1716
98.8634  25.4505  99.7771  25.3419  3.0928
98.8350  24.6942  99.7771  25.3419  3.1424
98.0252  24.4972  99.7771  25.3419  3.1876
98.5433  25.5117  99.7771  25.3419  3.1550
99.1663  24.7523  99.7771  25.3419  3.2404
99.0384  24.3221  99.7771  25.3419  3.2614
100.3690  24.1603  99.7771  25.3419  3.2416
99.8346  24.9958  99.7771  25.3419  3.1705
100.5960  26.2944  99.7771  25.3419  3.2136
100.8990  25.3230  99.7771  25.3419  3.0992
97.7332  24.3999  99.7771  25.3419  3.1974
97.6568  24.6108  99.7771  25.3419  3.2121
99.0325  24.5549  99.7771  25.3419  3.2318
100.7810  24.1990  99.7771  25.3419  3.3118
99.3404  24.5305  99.7771  25.3419  3.2167
100.4900  25.3500  99.7771  25.3419  3.1261
98.5651  24.1350  99.7771  25.3419  3.1917
98.3349  25.2175  99.7771  25.3419  3.1585
99.6453  24.8769  99.7771  25.3419  3.1226
98.3382  24.3368  99.7771  25.3419  3.2305
99.6235  24.5257  99.7771  25.3419  3.1727
100.4690  24.5924  99.7771  25.3419  3.1498
99.5529  24.2045  99.7771  25.3419  3.1777
98.8431  25.1964  99.7771  25.3419  3.2332
100.3200  25.2400  99.7771  25.3419  3.2498
99.8799  24.7112  99.7771  25.3419  3.2639
99.7242  24.0204  99.7771  25.3419  3.2086
97.9350  25.1078  99.7771  25.3419  3.1729
99.0268  23.8963  99.7771  25.3419  3.2506
98.8783  23.5554  99.7771  25.3419  3.2526
99.9868  25.4893  99.7771  25.3419  3.2110
99.4801  25.0480  99.7771  25.3419  3.3234
98.6668  24.9037  99.7771  25.3419  3.2683
99.9445  24.3191  99.7771  25.3419  3.2822
97.7857  24.1826  99.7771  25.3419  3.2320
99.5713  23.7032  99.7771  25.3419  3.2305
98.2175  24.6619  99.7771  25.3419  3.1967
100.8080  24.4547  99.7771  25.3419  3.3528
100.5230  25.0541  99.7771  25.3419  3.2036
100.8960  25.5945  99.7771  25.3419  3.1690
100.8160  25.0395  99.7771  25.3419  3.1526
99.2375  25.4847  99.7771  25.3419  3.1361
99.5529  24.2045  100.5960  26.2944  3.2014
97.7857  24.1826  100.5960  26.2944  3.2022
100.0910  24.8650  100.5960  26.2944  3.1327
98.3349  25.2175  100.5960  26.2944  3.1150
99.4801  25.0480  100.5960  26.2944  3.1604
99.5713  23.7032  100.5960  26.2944  3.2103
100.8080  24.4547  100.5960  26.2944  3.2383
98.8431  25.1964  100.5960  26.2944  3.1909
99.2375  25.4847  100.5960  26.2944  3.1367
99.6235  24.5257  100.5960  26.2944  3.2043
100.8160  25.0395  100.5960  26.2944  3.2358
99.8799  24.7112  100.5960  26.2944  3.1626
100.3690  24.1603  100.5960  26.2944  3.2209
99.6453  24.8769  100.5960  26.2944  3.2207
98.5651  24.1350  100.5960  26.2944  3.1687
99.7242  24.0204  100.5960  26.2944  3.1901
97.9699  24.7130  100.5960  26.2944  3.1603
99.8346  24.9958  100.5960  26.2944  3.1741
98.6668  24.9037  100.5960  26.2944  3.1921
100.7810  24.1990  100.5960  26.2944  3.2471
98.3382  24.3368  100.5960  26.2944  3.2119
100.2940  23.5890  100.5960  26.2944  3.1976
100.1990  24.7084  100.5960  26.2944  3.1479
97.7332  24.3999  100.5960  26.2944  3.1883
99.1663  24.7523  100.5960  26.2944  3.1556
99.0384  24.3221  100.5960  26.2944  3.1854
98.8350  24.6942  100.5960  26.2944  3.1378
97.6568  24.6108  100.5960  26.2944  3.1567
100.7200  24.6420  100.5960  26.2944  3.2082
99.9445  24.3191  100.5960  26.2944  3.1672
97.6622  23.9027  100.5960  26.2944  3.2054
99.3404  24.5305  100.5960  26.2944  3.2058
100.4120  23.9586  100.5960  26.2944  3.1973
98.8783  23.5554  100.5960  26.2944  3.2325
98.8634  25.4505  100.5960  26.2944  3.1782
98.4849  24.7484  100.5960  26.2944  3.2026
100.4690  24.5924  100.5960  26.2944  3.1670
97.9350  25.1078  100.5960  26.2944  3.1240
98.5433  25.5117  100.5960  26.2944  3.1217
98.0252  24.4972  100.5960  26.2944  3.1756
99.0325  24.5549  100.5960  26.2944  3.1428
99.0268  23.8963  100.5960  26.2944  3.2273
98.2175  24.6619  100.5960  26.2944  3.1749
99.3404  24.5305  100.2160  25.0148  3.2021
98.6668  24.9037  100.2160  25.0148  3.2183
99.1663  24.7523  100.2160  25.0148  3.2776
97.9350  25.1078  100.2160  25.0148  3.1772
99.8799  24.7112  100.2160  25.0148  3.2956
100.7200  24.6420  100.2160  25.0148  3.1332
99.0325  24.5549  100.2160  25.0148  3.2539
99.6235  24.5257  100.2160  25.0148  3.2936
98.8350  24.6942  100.2160  25.0148  3.2061
97.9699  24.7130  100.2160  25.0148  3.1740
98.8431  25.1964  100.2160  25.0148  3.1364
99.0268  23.8963  100.2160  25.0148  3.2350
98.8634  25.4505  100.2160  25.0148  3.1562
100.1990  24.7084  100.2160  25.0148  3.1002
99.9445  24.3191  100.2160  25.0148  3.1863
98.4849  24.7484  100.2160  25.0148  3.2385
98.5651  24.1350  100.2160  25.0148  3.2576
97.6622  23.9027  100.2160  25.0148  3.2485
99.5713  23.7032  100.2160  25.0148  3.2328
99.2375  25.4847  100.2160  25.0148  3.2647
100.4120  23.9586  100.2160  25.0148  3.3386
97.7332  24.3999  100.2160  25.0148  3.2863
98.2175  24.6619  100.2160  25.0148  3.2478
99.5529  24.2045  100.2160  25.0148  3.2526
99.4801  25.0480  100.2160  25.0148  3.1646
98.0252  24.4972  100.2160  25.0148  3.2746
100.8960  25.5945  100.2160  25.0148  3.2392
100.7810  24.1990  100.2160  25.0148  3.2474
100.4990  25.5666  100.2160  25.0148  3.0827
97.7857  24.1826  100.2160  25.0148  3.2639
98.8783  23.5554  100.2160  25.0148  3.2609
99.0384  24.3221  100.2160  25.0148  3.1809
100.8160  25.0395  100.2160  25.0148  3.2667
98.3382  24.3368  100.2160  25.0148  3.1631
97.6568  24.6108  100.2160  25.0148  3.1911
100.1000  25.9100  100.2160  25.0148  3.1503
98.5433  25.5117  100.2160  25.0148  3.1566
99.7242  24.0204  100.2160  25.0148  3.2133
100.2940  23.5890  100.2160  25.0148  3.2639
100.5960  26.2944  100.2160  25.0148  3.1222
100.8080  24.4547  100.2160  25.0148  3.1391
99.6453  24.8769  100.2160  25.0148  3.2297
98.3349  25.2175  100.2160  25.0148  3.1724
100.8990  25.3230  100.2160  25.0148  3.3159
99.8346  24.9958  100.2160  25.0148  3.3240
100.7810  24.1990  100.8080  24.4547  3.0948
100.2940  23.5890  100.8080  24.4547  3.1929
100.8160  25.0395  100.8080  24.4547  3.2460
100.4120  23.9586  100.8080  24.4547  3.1891
99.5713  23.7032  100.1990  24.7084  3.2532
100.7810  24.1990  100.1990  24.7084  3.2094
99.7242  24.0204  100.1990  24.7084  3.2676
100.2940  23.5890  100.1990  24.7084  3.2725
99.5529  24.2045  100.1990  24.7084  3.3346
99.9445  24.3191  100.1990  24.7084  3.2288
99.0268  23.8963  100.1990  24.7084  3.1946
98.8783  23.5554  100.1990  24.7084  3.2321
100.8080  24.4547  98.3382  24.3368  3.2468
99.7242  24.0204  98.3382  24.3368  3.2013
100.3690  24.1603  98.3382  24.3368  3.2057
99.0268  23.8963  98.3382  24.3368  3.2942
99.5713  23.7032  98.3382  24.3368  3.2728
99.5529  24.2045  98.3382  24.3368  3.2684
100.2940  23.5890  98.3382  24.3368  3.2652
100.1990  24.7084  98.3382  24.3368  3.2719
99.8799  24.7112  98.3382  24.3368  3.2423
99.9445  24.3191  98.3382  24.3368  3.2492
100.7200  24.6420  98.3382  24.3368  3.2818
100.4120  23.9586  98.3382  24.3368  3.2144
100.0910  24.8650  98.3382  24.3368  3.2647
100.8160  25.0395  98.3382  24.3368  3.2430
100.7810  24.1990  98.3382  24.3368  3.2127
100.3690  24.1603  100.1700  26.3600  3.2479
99.4137  25.2954  100.1700  26.3600  3.1794
99.0325  24.5549  100.1700  26.3600  3.1967
100.8560  25.9242  100.1700  26.3600  3.1713
97.9699  24.7130  100.1700  26.3600  3.1839
98.8431  25.1964  100.1700  26.3600  3.1293
99.9868  25.4893  100.1700  26.3600  3.0951
100.4120  23.9586  100.1700  26.3600  3.2391
97.7332  24.3999  100.1700  26.3600  3.1930
99.9445  24.3191  100.1700  26.3600  3.1641
100.2160  25.0148  100.1700  26.3600  3.1378
99.6235  24.5257  100.1700  26.3600  3.1495
100.8960  25.5945  100.1700  26.3600  3.0843
100.4690  24.5924  100.1700  26.3600  3.2140
99.8346  24.9958  100.1700  26.3600  3.1181
98.0252  24.4972  100.1700  26.3600  3.2066
98.5433  25.5117  100.1700  26.3600  3.1586
99.4801  25.0480  100.1700  26.3600  3.1662
98.8350  24.6942  100.1700  26.3600  3.1587
98.5651  24.1350  100.1700  26.3600  3.2070
99.7242  24.0204  100.1700  26.3600  3.1729
100.2940  23.5890  100.1700  26.3600  3.2309
100.4990  25.5666  100.1700  26.3600  3.3408
99.2375  25.4847  100.1700  26.3600  3.1740
99.6453  24.8769  100.1700  26.3600  3.1431
100.0910  24.8650  100.1700  26.3600  3.1328
98.4849  24.7484  100.1700  26.3600  3.1527
98.6668  24.9037  100.1700  26.3600  3.1434
99.8799  24.7112  100.1700  26.3600  3.1308
99.5529  24.2045  100.1700  26.3600  3.1678
99.1663  24.7523  100.1700  26.3600  3.1800
97.6568  24.6108  100.1700  26.3600  3.1542
99.7280  25.5410  100.1700  26.3600  3.1361
99.4300  26.2040  100.1700  26.3600  3.1530
97.6622  23.9027  100.1700  26.3600  3.2334
97.9350  25.1078  100.1700  26.3600  3.1302
97.7857  24.1826  100.1700  26.3600  3.2169
100.4900  25.3500  100.1700  26.3600  3.2708
98.3382  24.3368  100.1700  26.3600  3.1566
100.1990  24.7084  100.1700  26.3600  3.1611
100.5230  25.0541  100.1700  26.3600  3.2348
99.0268  23.8963  100.1700  26.3600  3.2071
99.5713  23.7032  100.1700  26.3600  3.1963
99.3404  24.5305  100.1700  26.3600  3.1831
98.3349  25.2175  100.1700  26.3600  3.1823
99.8316  25.8146  100.1700  26.3600  3.1216
100.1000  25.9100  100.1700  26.3600  3.0958
98.8783  23.5554  100.1700  26.3600  3.2148
99.7771  25.3419  100.1700  26.3600  3.1130
100.3200  25.2400  100.1700  26.3600  3.1707
98.8634  25.4505  100.1700  26.3600  3.1403
98.2175  24.6619  100.1700  26.3600  3.1897
99.0384  24.3221  100.1700  26.3600  3.2155
99.4024  25.6322  100.1700  26.3600  3.1822
97.6568  24.6108  98.3349  25.2175  3.2094
100.8160  25.0395  98.3349  25.2175  3.1407
100.4690  24.5924  98.3349  25.2175  3.1937
99.8346  24.9958  98.3349  25.2175  3.1498
100.7200  24.6420  98.3349  25.2175  3.1820
99.9445  24.3191  98.3349  25.2175  3.1555
99.8799  24.7112  98.3349  25.2175  3.1884
100.7810  24.1990  98.3349  25.2175  3.2300
98.5651  24.1350  98.3349  25.2175  3.2055
99.1663  24.7523  98.3349  25.2175  3.1791
99.4801  25.0480  98.3349  25.2175  3.1405
100.3690  24.1603  98.3349  25.2175  3.2241
99.6235  24.5257  98.3349  25.2175  3.2143
97.9699  24.7130  98.3349  25.2175  3.2705
100.1990  24.7084  98.3349  25.2175  3.1287
97.7857  24.1826  98.3349  25.2175  3.2568
100.8080  24.4547  98.3349  25.2175  3.2129
98.8634  25.4505  98.3349  25.2175  3.3049
98.4849  24.7484  98.3349  25.2175  3.1549
97.6622  23.9027  98.3349  25.2175  3.2645
98.0252  24.4972  98.3349  25.2175  3.2155
99.0384  24.3221  98.3349  25.2175  3.3567
98.3382  24.3368  98.3349  25.2175  3.1661
99.0325  24.5549  98.3349  25.2175  3.3203
99.5529  24.2045  98.3349  25.2175  3.2172
98.2175  24.6619  98.3349  25.2175  3.1148
99.6453  24.8769  98.3349  25.2175  3.1390
97.7332  24.3999  98.3349  25.2175  3.2830
99.2375  25.4847  98.3349  25.2175  3.2180
98.8783  23.5554  98.3349  25.2175  3.2507
98.8431  25.1964  98.3349  25.2175  3.1831
99.3404  24.5305  98.3349  25.2175  3.2521
100.4120  23.9586  98.3349  25.2175  3.2110
99.7242  24.0204  98.3349  25.2175  3.2516
99.0268  23.8963  98.3349  25.2175  3.2963
100.7200  24.6420  98.2175  24.6619  3.2176
100.8160  25.0395  98.2175  24.6619  3.1856
99.9445  24.3191  98.2175  24.6619  3.1862
100.4690  24.5924  98.2175  24.6619  3.2103
99.5713  23.7032  98.2175  24.6619  3.2887
98.3382  24.3368  98.2175  24.6619  3.3287
100.0910  24.8650  98.2175  24.6619  3.2597
99.7242  24.0204  98.2175  24.6619  3.2055
99.8799  24.7112  98.2175  24.6619  3.2119
100.8080  24.4547  98.2175  24.6619  3.2099
99.5529  24.2045  98.2175  24.6619  3.2176
98.8783  23.5554  98.2175  24.6619  3.3535
97.6622  23.9027  98.2175  24.6619  3.3251
100.2940  23.5890  98.2175  24.6619  3.2355
100.3690  24.1603  98.2175  24.6619  3.1944
100.4120  23.9586  98.2175  24.6619  3.2292
100.1990  24.7084  98.2175  24.6619  3.1727
99.0268  23.8963  98.2175  24.6619  3.2307
100.7810  24.1990  98.2175  24.6619  3.1985
98.8350  24.6942  100.4900  25.3500  3.2130
98.4849  24.7484  100.4900  25.3500  3.1811
100.3200  25.2400  100.4900  25.3500  3.2549
98.3349  25.2175  100.4900  25.3500  3.1049
98.8431  25.1964  100.4900  25.3500  3.1525
100.5230  25.0541  100.4900  25.3500  3.1239
98.3382  24.3368  100.4900  25.3500  3.1626
99.9868  25.4893  100.4900  25.3500  3.1385
100.4690  24.5924  100.4900  25.3500  3.1709
99.5713  23.7032  100.4900  25.3500  3.2350
99.6453  24.8769  100.4900  25.3500  3.1402
97.9699  24.7130  100.4900  25.3500  3.1839
99.2375  25.4847  100.4900  25.3500  3.1522
100.3690  24.1603  100.4900  25.3500  3.2415
99.6235  24.5257  100.4900  25.3500  3.2074
97.9350  25.1078  100.4900  25.3500  3.1454
98.5651  24.1350  100.4900  25.3500  3.2351
99.8346  24.9958  100.4900  25.3500  3.2134
97.6622  23.9027  100.4900  25.3500  3.2022
99.4801  25.0480  100.4900  25.3500  3.2087
97.6568  24.6108  100.4900  25.3500  3.1838
99.9445  24.3191  100.4900  25.3500  3.1771
100.1990  24.7084  100.4900  25.3500  3.1287
99.8799  24.7112  100.4900  25.3500  3.2358
100.2160  25.0148  100.4900  25.3500  3.1418
97.7332  24.3999  100.4900  25.3500  3.2502
99.0268  23.8963  100.4900  25.3500  3.1925
98.2175  24.6619  100.4900  25.3500  3.2077
98.5433  25.5117  100.4900  25.3500  3.1380
100.2940  23.5890  100.4900  25.3500  3.2130
98.8783  23.5554  100.4900  25.3500  3.2261
100.8990  25.3230  100.4900  25.3500  3.1606
98.6668  24.9037  100.4900  25.3500  3.1638
99.5529  24.2045  100.4900  25.3500  3.2487
99.0384  24.3221  100.4900  25.3500  3.1646
100.7810  24.1990  100.4900  25.3500  3.3374
98.0252  24.4972  100.4900  25.3500  3.2247
99.1663  24.7523  100.4900  25.3500  3.1987
100.4120  23.9586  100.4900  25.3500  3.2302
99.0325  24.5549  100.4900  25.3500  3.1822
98.8634  25.4505  100.4900  25.3500  3.0945
100.0910  24.8650  100.4900  25.3500  3.1894
99.3404  24.5305  100.4900  25.3500  3.1424
97.7857  24.1826  100.4900  25.3500  3.2009
100.5960  26.2944  100.4900  25.3500  3.1276
99.7242  24.0204  100.4900  25.3500  3.2199
100.7810  24.1990  100.7200  24.6420  3.3394
100.4120  23.9586  100.7200  24.6420  3.1746
100.2940  23.5890  100.7200  24.6420  3.1815
100.8160  25.0395  100.7200  24.6420  3.0796
100.7200  24.6420  99.0384  24.3221  3.2388
100.1990  24.7084  99.0384  24.3221  3.3289
99.8799  24.7112  99.0384  24.3221  3.2371
99.6235  24.5257  99.0384  24.3221  3.2860
100.8160  25.0395  99.0384  24.3221  3.2111
98.0252  24.4972  99.0384  24.3221  3.2599
100.3690  24.1603  99.0384  24.3221  3.2236
100.4120  23.9586  99.0384  24.3221  3.1773
97.7332  24.3999  99.0384  24.3221  3.2809
99.8346  24.9958  99.0384  24.3221  3.2457
99.5529  24.2045  99.0384  24.3221  3.2357
97.7857  24.1826  99.0384  24.3221  3.3135
99.7242  24.0204  99.0384  24.3221  3.2830
99.6453  24.8769  99.0384  24.3221  3.3190
99.4801  25.0480  99.0384  24.3221  3.2664
98.2175  24.6619  99.0384  24.3221  3.2669
97.9350  25.1078  99.0384  24.3221  3.2507
99.1663  24.7523  99.0384  24.3221  3.2724
100.8080  24.4547  99.0384  24.3221  3.2464
97.6568  24.6108  99.0384  24.3221  3.2427
97.6622  23.9027  99.0384  24.3221  3.3034
100.2940  23.5890  99.0384  24.3221  3.2637
97.9699  24.7130  99.0384  24.3221  3.2757
100.7810  24.1990  99.0384  24.3221  3.1783
100.4690  24.5924  99.0384  24.3221  3.2415
99.9445  24.3191  99.0384  24.3221  3.1831
99.5713  23.7032  99.0384  24.3221  3.3549
100.0910  24.8650  99.0384  24.3221  3.1829
99.0268  23.8963  99.0384  24.3221  3.2253
98.8783  23.5554  99.0384  24.3221  3.2408
99.3404  24.5305  98.8863  26.3578  3.2443
99.4801  25.0480  98.8863  26.3578  3.3078
99.4300  26.2040  98.8863  26.3578  3.1425
98.2175  24.6619  98.8863  26.3578  3.2152
97.7857  24.1826  98.8863  26.3578  3.2211
98.8431  25.1964  98.8863  26.3578  3.1847
99.4024  25.6322  98.8863  26.3578  3.3153
99.6453  24.8769  98.8863  26.3578  3.3103
100.5960  26.2944  98.8863  26.3578  3.0866
99.2375  25.4847  98.8863  26.3578  3.3604
100.5200  25.8500  98.8863  26.3578  3.1103
100.4990  25.5666  98.8863  26.3578  3.1243
100.8560  25.9242  98.8863  26.3578  3.1043
99.1663  24.7523  98.8863  26.3578  3.2294
99.7242  24.0204  98.8863  26.3578  3.2071
99.5713  23.7032  98.8863  26.3578  3.2641
100.3690  24.1603  98.8863  26.3578  3.2133
99.0384  24.3221  98.8863  26.3578  3.2323
98.3382  24.3368  98.8863  26.3578  3.2265
99.9868  25.4893  98.8863  26.3578  3.1652
98.6668  24.9037  98.8863  26.3578  3.2004
98.8783  23.5554  98.8863  26.3578  3.2229
100.8990  25.3230  98.8863  26.3578  3.1324
100.7200  24.6420  98.8863  26.3578  3.1900
99.5529  24.2045  98.8863  26.3578  3.2901
99.9445  24.3191  98.8863  26.3578  3.1946
100.4690  24.5924  98.8863  26.3578  3.2261
98.8634  25.4505  98.8863  26.3578  3.1923
98.0252  24.4972  98.8863  26.3578  3.2284
100.2520  26.1294  98.8863  26.3578  3.0922
100.4900  25.3500  98.8863  26.3578  3.1000
98.8350  24.6942  98.8863  26.3578  3.2071
100.1000  25.9100  98.8863  26.3578  3.1071
98.5433  25.5117  98.8863  26.3578  3.2488
99.0268  23.8963  98.8863  26.3578  3.2182
100.2940  23.5890  98.8863  26.3578  3.2659
100.8160  25.0395  98.8863  26.3578  3.1300
100.8960  25.5945  98.8863  26.3578  3.0857
98.3349  25.2175  98.8863  26.3578  3.2167
99.4137  25.2954  98.8863  26.3578  3.3296
99.7771  25.3419  98.8863  26.3578  3.1258
99.8316  25.8146  98.8863  26.3578  3.1714
98.5651  24.1350  98.8863  26.3578  3.2334
100.4120  23.9586  98.8863  26.3578  3.2135
99.7280  25.5410  98.8863  26.3578  3.0941
100.1990  24.7084  98.8863  26.3578  3.2566
100.2160  25.0148  98.8863  26.3578  3.1783
100.7810  24.1990  98.8863  26.3578  3.2828
97.7332  24.3999  98.8863  26.3578  3.2029
97.9699  24.7130  98.8863  26.3578  3.2199
100.8080  24.4547  98.8863  26.3578  3.2201
100.5230  25.0541  98.8863  26.3578  3.1277
99.8799  24.7112  98.8863  26.3578  3.1853
97.9350  25.1078  98.8863  26.3578  3.2053
99.0325  24.5549  98.8863  26.3578  3.2273
98.4849  24.7484  98.8863  26.3578  3.2038
99.6235  24.5257  98.8863  26.3578  3.3079
99.8346  24.9958  98.8863  26.3578  3.1854
100.3200  25.2400  98.8863  26.3578  3.1356
97.6568  24.6108  98.8863  26.3578  3.2123
98.6668  24.9037  100.3200  25.2400  3.1777
99.6235  24.5257  100.3200  25.2400  3.2508
100.8080  24.4547  100.3200  25.2400  3.2493
98.5651  24.1350  100.3200  25.2400  3.2382
100.1000  25.9100  100.3200  25.2400  3.2430
100.1990  24.7084  100.3200  25.2400  3.1165
98.3382  24.3368  100.3200  25.2400  3.1429
98.5433  25.5117  100.3200  25.2400  3.1417
99.0268  23.8963  100.3200  25.2400  3.2162
97.7857  24.1826  100.3200  25.2400  3.2244
99.1663  24.7523  100.3200  25.2400  3.1957
98.8783  23.5554  100.3200  25.2400  3.2517
99.9445  24.3191  100.3200  25.2400  3.1756
100.4120  23.9586  100.3200  25.2400  3.2599
100.5960  26.2944  100.3200  25.2400  3.1140
98.3349  25.2175  100.3200  25.2400  3.1254
99.0384  24.3221  100.3200  25.2400  3.1533
100.0910  24.8650  100.3200  25.2400  3.1219
97.6622  23.9027  100.3200  25.2400  3.2212
100.7200  24.6420  100.3200  25.2400  3.3504
99.6453  24.8769  100.3200  25.2400  3.1891
97.9350  25.1078  100.3200  25.2400  3.1600
100.8990  25.3230  100.3200  25.2400  3.1554
97.6568  24.6108  100.3200  25.2400  3.1975
99.5529  24.2045  100.3200  25.2400  3.2449
98.8634  25.4505  100.3200  25.2400  3.1369
99.8346  24.9958  100.3200  25.2400  3.3437
99.7242  24.0204  100.3200  25.2400  3.2017
98.2175  24.6619  100.3200  25.2400  3.2308
99.0325  24.5549  100.3200  25.2400  3.1758
99.5713  23.7032  100.3200  25.2400  3.2262
98.4849  24.7484  100.3200  25.2400  3.1858
98.8431  25.1964  100.3200  25.2400  3.1479
99.3404  24.5305  100.3200  25.2400  3.1530
98.0252  24.4972  100.3200  25.2400  3.2091
100.2940  23.5890  100.3200  25.2400  3.2433
100.8960  25.5945  100.3200  25.2400  3.3575
97.9699  24.7130  100.3200  25.2400  3.2149
99.2375  25.4847  100.3200  25.2400  3.1143
97.7332  24.3999  100.3200  25.2400  3.2443
98.8350  24.6942  100.3200  25.2400  3.2266
99.4801  25.0480  100.3200  25.2400  3.2198
99.8799  24.7112  100.3200  25.2400  3.2224
100.3690  24.1603  100.3200  25.2400  3.2999
100.7810  24.1990  100.5200  25.8500  3.2928
100.3690  24.1603  100.5200  25.8500  3.2393
98.5651  24.1350  100.5200  25.8500  3.1985
99.3404  24.5305  100.5200  25.8500  3.2214
99.7242  24.0204  100.5200  25.8500  3.2001
98.8783  23.5554  100.5200  25.8500  3.2486
99.7280  25.5410  100.5200  25.8500  3.1714
99.0325  24.5549  100.5200  25.8500  3.1265
98.0252  24.4972  100.5200  25.8500  3.1599
99.4801  25.0480  100.5200  25.8500  3.1203
100.8960  25.5945  100.5200  25.8500  3.2162
100.3200  25.2400  100.5200  25.8500  3.0886
99.1663  24.7523  100.5200  25.8500  3.1176
100.8080  24.4547  100.5200  25.8500  3.2955
99.0384  24.3221  100.5200  25.8500  3.1623
97.6622  23.9027  100.5200  25.8500  3.2021
99.5713  23.7032  100.5200  25.8500  3.2157
99.7771  25.3419  100.5200  25.8500  3.2211
99.9445  24.3191  100.5200  25.8500  3.1682
98.8431  25.1964  100.5200  25.8500  3.1894
99.8799  24.7112  100.5200  25.8500  3.1767
100.5230  25.0541  100.5200  25.8500  3.1536
97.7332  24.3999  100.5200  25.8500  3.1744
100.4120  23.9586  100.5200  25.8500  3.2223
100.1990  24.7084  100.5200  25.8500  3.1414
100.0910  24.8650  100.5200  25.8500  3.1402
100.2940  23.5890  100.5200  25.8500  3.2094
98.8350  24.6942  100.5200  25.8500  3.1868
100.2160  25.0148  100.5200  25.8500  3.1091
97.9350  25.1078  100.5200  25.8500  3.1752
99.2375  25.4847  100.5200  25.8500  3.2214
98.3382  24.3368  100.5200  25.8500  3.2322
100.7200  24.6420  100.5200  25.8500  3.2633
100.4690  24.5924  100.5200  25.8500  3.1782
98.3349  25.2175  100.5200  25.8500  3.1654
99.6453  24.8769  100.5200  25.8500  3.2244
100.4900  25.3500  100.5200  25.8500  3.1043
99.4137  25.2954  100.5200  25.8500  3.1489
97.9699  24.7130  100.5200  25.8500  3.1718
98.5433  25.5117  100.5200  25.8500  3.1604
98.8634  25.4505  100.5200  25.8500  3.1022
99.6235  24.5257  100.5200  25.8500  3.2229
98.2175  24.6619  100.5200  25.8500  3.1413
99.0268  23.8963  100.5200  25.8500  3.2367
99.8316  25.8146  100.5200  25.8500  3.1233
97.7857  24.1826  100.5200  25.8500  3.1955
97.6568  24.6108  100.5200  25.8500  3.1819
99.5529  24.2045  100.5200  25.8500  3.2153
99.8346  24.9958  100.5200  25.8500  3.2008
99.7242  24.0204  99.8799  24.7112  3.2050
99.5713  23.7032  99.8799  24.7112  3.2281
99.0268  23.8963  99.8799  24.7112  3.2787
100.7200  24.6420  99.8799  24.7112  3.2176
100.8080  24.4547  99.8799  24.7112  3.2153
100.8160  25.0395  99.8799  24.7112  3.2400
98.8783  23.5554  99.8799  24.7112  3.3078
99.9445  24.3191  99.8799  24.7112  3.3281
100.4120  23.9586  99.8799  24.7112  3.3572
99.5529  24.2045  99.8799  24.7112  3.2325
97.7857  24.1826  100.2520  26.1294  3.2148
99.0384  24.3221  100.2520  26.1294  3.2334
100.8960  25.5945  100.2520  26.1294  3.0882
97.7332  24.3999  100.2520  26.1294  3.1924
99.8316  25.8146  100.2520  26.1294  3.2954
99.1663  24.7523  100.2520  26.1294  3.2028
99.0268  23.8963  100.2520  26.1294  3.2318
99.7242  24.0204  100.2520  26.1294  3.1728
98.2175  24.6619  100.2520  26.1294  3.2156
100.4990  25.5666  100.2520  26.1294  3.3476
100.7810  24.1990  100.2520  26.1294  3.3501
98.4849  24.7484  100.2520  26.1294  3.1841
100.5230  25.0541  100.2520  26.1294  3.2382
100.8080  24.4547  100.2520  26.1294  3.3182
97.6622  23.9027  100.2520  26.1294  3.2312
99.7280  25.5410  100.2520  26.1294  3.1945
99.6453  24.8769  100.2520  26.1294  3.1529
99.4137  25.2954  100.2520  26.1294  3.2063
99.3404  24.5305  100.2520  26.1294  3.1961
100.2940  23.5890  100.2520  26.1294  3.2299
100.2160  25.0148  100.2520  26.1294  3.1219
98.8783  23.5554  100.2520  26.1294  3.2270
98.6668  24.9037  100.2520  26.1294  3.1528
100.4900  25.3500  100.2520  26.1294  3.2661
100.3200  25.2400  100.2520  26.1294  3.1468
98.8350  24.6942  100.2520  26.1294  3.1217
99.5529  24.2045  100.2520  26.1294  3.1690
100.3690  24.1603  100.2520  26.1294  3.2417
97.9699  24.7130  100.2520  26.1294  3.1516
100.0910  24.8650  100.2520  26.1294  3.1096
99.8799  24.7112  100.2520  26.1294  3.1283
100.1990  24.7084  100.2520  26.1294  3.1535
98.5651  24.1350  100.2520  26.1294  3.1656
100.4120  23.9586  100.2520  26.1294  3.2348
99.9445  24.3191  100.2520  26.1294  3.1589
99.4024  25.6322  100.2520  26.1294  3.1266
98.0252  24.4972  100.2520  26.1294  3.2032
99.2375  25.4847  100.2520  26.1294  3.1053
100.7200  24.6420  100.2520  26.1294  3.3103
99.8346  24.9958  100.2520  26.1294  3.1179
99.0325  24.5549  100.2520  26.1294  3.1957
98.8634  25.4505  100.2520  26.1294  3.2071
99.6235  24.5257  100.2520  26.1294  3.1624
100.4690  24.5924  100.2520  26.1294  3.2136
97.9350  25.1078  100.2520  26.1294  3.1303
99.5713  23.7032  100.2520  26.1294  3.1976
99.7771  25.3419  100.2520  26.1294  3.1356
99.4801  25.0480  100.2520  26.1294  3.1965
98.5433  25.5117  100.2520  26.1294  3.1011
98.3382  24.3368  100.2520  26.1294  3.1898
97.6568  24.6108  100.2520  26.1294  3.1692
100.8560  25.9242  100.2520  26.1294  3.2761
98.8431  25.1964  100.2520  26.1294  3.1544
98.3349  25.2175  100.2520  26.1294  3.1174
99.4801  25.0480  98.5433  25.5117  3.2363
100.8080  24.4547  98.5433  25.5117  3.2001
99.7242  24.0204  98.5433  25.5117  3.2011
97.7857  24.1826  98.5433  25.5117  3.2333
99.0268  23.8963  98.5433  25.5117  3.2454
99.8346  24.9958  98.5433  25.5117  3.1484
98.8350  24.6942  98.5433  25.5117  3.2394
99.5713  23.7032  98.5433  25.5117  3.1951
99.8799  24.7112  98.5433  25.5117  3.2682
99.0384  24.3221  98.5433  25.5117  3.2687
99.6453  24.8769  98.5433  25.5117  3.2942
97.9699  24.7130  98.5433  25.5117  3.2619
100.7810  24.1990  98.5433  25.5117  3.2298
99.3404  24.5305  98.5433  25.5117  3.1925
100.4690  24.5924  98.5433  25.5117  3.2184
98.4849  24.7484  98.5433  25.5117  3.1307
97.7332  24.3999  98.5433  25.5117  3.1935
98.3382  24.3368  98.5433  25.5117  3.1725
100.8160  25.0395  98.5433  25.5117  3.1328
99.5529  24.2045  98.5433  25.5117  3.1420
99.0325  24.5549  98.5433  25.5117  3.3286
97.6622  23.9027  98.5433  25.5117  3.2399
98.0252  24.4972  98.5433  25.5117  3.2087
99.9445  24.3191  98.5433  25.5117  3.2460
100.1990  24.7084  98.5433  25.5117  3.2270
100.7200  24.6420  98.5433  25.5117  3.1972
100.0910  24.8650  98.5433  25.5117  3.1721
98.3349  25.2175  98.5433  25.5117  3.1978
97.9350  25.1078  98.5433  25.5117  3.2107
99.6235  24.5257  98.5433  25.5117  3.1978
100.2940  23.5890  98.5433  25.5117  3.2430
98.6668  24.9037  98.5433  25.5117  3.2285
100.3690  24.1603  98.5433  25.5117  3.2372
97.6568  24.6108  98.5433  25.5117  3.1727
99.1663  24.7523  98.5433  25.5117  3.3490
98.8783  23.5554  98.5433  25.5117  3.2121
98.5651  24.1350  98.5433  25.5117  3.1802
98.2175  24.6619  98.5433  25.5117  3.1578
99.2375  25.4847  98.5433  25.5117  3.2033
99.7242  24.0204  99.0325  24.5549  3.2307
100.8160  25.0395  99.0325  24.5549  3.1708
100.0910  24.8650  99.0325  24.5549  3.2811
98.0252  24.4972  99.0325  24.5549  3.2311
99.0384  24.3221  99.0325  24.5549  3.1415
100.3690  24.1603  99.0325  24.5549  3.1550
99.8799  24.7112  99.0325  24.5549  3.2637
99.6453  24.8769  99.0325  24.5549  3.2964
100.1990  24.7084  99.0325  24.5549  3.1935
99.5713  23.7032  99.0325  24.5549  3.3568
100.2940  23.5890  99.0325  24.5549  3.2754
97.7332  24.3999  99.0325  24.5549  3.2548
98.8783  23.5554  99.0325  24.5549  3.2141
99.0268  23.8963  99.0325  24.5549  3.2106
97.9350  25.1078  99.0325  24.5549  3.2620
99.6235  24.5257  99.0325  24.5549  3.3529
97.6568  24.6108  99.0325  24.5549  3.2319
99.5529  24.2045  99.0325  24.5549  3.2263
99.9445  24.3191  99.0325  24.5549  3.1599
97.9699  24.7130  99.0325  24.5549  3.2039
98.2175  24.6619  99.0325  24.5549  3.2126
100.4120  23.9586  99.0325  24.5549  3.2243
100.8080  24.4547  99.0325  24.5549  3.1941
100.7200  24.6420  99.0325  24.5549  3.2214
100.7810  24.1990  99.0325  24.5549  3.1658
100.4690  24.5924  99.0325  24.5549  3.1980
97.7857  24.1826  99.0325  24.5549  3.3519
99.8346  24.9958  99.0325  24.5549  3.2193
99.4801  25.0480  99.0325  24.5549  3.2812
99.9445  24.3191  99.1301  26.2006  3.2124
99.8316  25.8146  99.1301  26.2006  3.1879
100.4900  25.3500  99.1301  26.2006  3.1184
100.8560  25.9242  99.1301  26.2006  3.1071
100.7200  24.6420  99.1301  26.2006  3.2035
97.6568  24.6108  99.1301  26.2006  3.1840
100.4990  25.5666  99.1301  26.2006  3.1062
99.6235  24.5257  99.1301  26.2006  3.2291
98.8783  23.5554  99.1301  26.2006  3.2368
99.4801  25.0480  99.1301  26.2006  3.2250
97.6622  23.9027  99.1301  26.2006  3.2077
100.7810  24.1990  99.1301  26.2006  3.2425
100.5960  26.2944  99.1301  26.2006  3.0908
99.7280  25.5410  99.1301  26.2006  3.1961
98.4849  24.7484  99.1301  26.2006  3.2207
99.1663  24.7523  99.1301  26.2006  3.1940
97.9699  24.7130  99.1301  26.2006  3.1766
100.3200  25.2400  99.1301  26.2006  3.1699
100.1990  24.7084  99.1301  26.2006  3.2093
98.8634  25.4505  99.1301  26.2006  3.2338
98.6668  24.9037  99.1301  26.2006  3.2275
99.8346  24.9958  99.1301  26.2006  3.2376
98.3349  25.2175  99.1301  26.2006  3.2088
100.5200  25.8500  99.1301  26.2006  3.1148
100.2160  25.0148  99.1301  26.2006  3.1751
99.2375  25.4847  99.1301  26.2006  3.2236
99.6453  24.8769  99.1301  26.2006  3.2481
100.8960  25.5945  99.1301  26.2006  3.0972
98.2175  24.6619  99.1301  26.2006  3.2269
98.0252  24.4972  99.1301  26.2006  3.2331
99.0325  24.5549  99.1301  26.2006  3.1999
97.7332  24.3999  99.1301  26.2006  3.1658
99.5529  24.2045  99.1301  26.2006  3.2253
100.8160  25.0395  99.1301  26.2006  3.1232
99.4024  25.6322  99.1301  26.2006  3.3261
99.7242  24.0204  99.1301  26.2006  3.2419
98.5651  24.1350  99.1301  26.2006  3.2306
99.7771  25.3419  99.1301  26.2006  3.2029
100.2940  23.5890  99.1301  26.2006  3.2155
98.8431  25.1964  99.1301  26.2006  3.2062
98.8350  24.6942  99.1301  26.2006  3.2115
99.5713  23.7032  99.1301  26.2006  3.2487
100.8080  24.4547  99.1301  26.2006  3.2254
97.9350  25.1078  99.1301  26.2006  3.1367
100.1000  25.9100  99.1301  26.2006  3.1656
98.5433  25.5117  99.1301  26.2006  3.2306
100.4120  23.9586  99.1301  26.2006  3.2248
100.3690  24.1603  99.1301  26.2006  3.2067
100.5230  25.0541  99.1301  26.2006  3.1601
100.8990  25.3230  99.1301  26.2006  3.1273
99.8799  24.7112  99.1301  26.2006  3.2330
98.3382  24.3368  99.1301  26.2006  3.2380
99.3404  24.5305  99.1301  26.2006  3.2121
100.4690  24.5924  99.1301  26.2006  3.2345
99.4137  25.2954  99.1301  26.2006  3.2454
100.2520  26.1294  99.1301  26.2006  3.0962
99.9868  25.4893  99.1301  26.2006  3.1574
99.0384  24.3221  99.1301  26.2006  3.2187
99.0268  23.8963  99.1301  26.2006  3.2193
97.7857  24.1826  99.1301  26.2006  3.1923
97.9699  24.7130  99.6235  24.5257  3.1620
97.7332  24.3999  99.6235  24.5257  3.2189
100.7810  24.1990  99.6235  24.5257  3.1931
100.2940  23.5890  99.6235  24.5257  3.0935
98.8783  23.5554  99.6235  24.5257  3.3070
99.5529  24.2045  99.6235  24.5257  3.1402
98.2175  24.6619  99.6235  24.5257  3.1151
98.3382  24.3368  99.6235  24.5257  3.2041
100.1990  24.7084  99.6235  24.5257  3.3021
98.5651  24.1350  99.6235  24.5257  3.3274
98.0252  24.4972  99.6235  24.5257  3.2292
100.8160  25.0395  99.6235  24.5257  3.2372
97.7857  24.1826  99.6235  24.5257  3.3343
99.7242  24.0204  99.6235  24.5257  3.3084
99.5713  23.7032  99.6235  24.5257  3.2133
99.0268  23.8963  99.6235  24.5257  3.3077
99.1663  24.7523  99.6235  24.5257  3.3482
97.9350  25.1078  99.6235  24.5257  3.2273
97.6622  23.9027  99.6235  24.5257  3.2864
100.4690  24.5924  99.6235  24.5257  3.3159
100.4120  23.9586  99.6235  24.5257  3.2962
100.7200  24.6420  99.6235  24.5257  3.2838
97.6568  24.6108  99.6235  24.5257  3.1733
100.8080  24.4547  99.6235  24.5257  3.2231
99.7280  25.5410  100.8560  25.9242  3.2138
99.4801  25.0480  100.8560  25.9242  3.1365
100.1000  25.9100  100.8560  25.9242  3.1153
100.8160  25.0395  100.8560  25.9242  3.1582
97.7857  24.1826  100.8560  25.9242  3.1844
100.4900  25.3500  100.8560  25.9242  3.1101
99.9868  25.4893  100.8560  25.9242  3.1846
99.1663  24.7523  100.8560  25.9242  3.1492
100.2160  25.0148  100.8560  25.9242  3.1509
98.8783  23.5554  100.8560  25.9242  3.2020
97.9350  25.1078  100.8560  25.9242  3.1439
99.0325  24.5549  100.8560  25.9242  3.1632
99.2375  25.4847  100.8560  25.9242  3.1135
100.0910  24.8650  100.8560  25.9242  3.1730
98.8634  25.4505  100.8560  25.9242  3.1386
100.8990  25.3230  100.8560  25.9242  3.1975
97.6622  23.9027  100.8560  25.9242  3.1963
98.8350  24.6942  100.8560  25.9242  3.1894
98.0252  24.4972  100.8560  25.9242  3.1621
99.4137  25.2954  100.8560  25.9242  3.1847
99.5529  24.2045  100.8560  25.9242  3.2208
100.4990  25.5666  100.8560  25.9242  3.2120
98.4849  24.7484  100.8560  25.9242  3.1284
99.6235  24.5257  100.8560  25.9242  3.1947
100.1990  24.7084  100.8560  25.9242  3.1438
98.5651  24.1350  100.8560  25.9242  3.2097
98.8431  25.1964  100.8560  25.9242  3.1351
98.5433  25.5117  100.8560  25.9242  3.1290
100.4120  23.9586  100.8560  25.9242  3.1870
99.8799  24.7112  100.8560  25.9242  3.2276
99.0268  23.8963  100.8560  25.9242  3.1839
99.3404  24.5305  100.8560  25.9242  3.1482
99.9445  24.3191  100.8560  25.9242  3.1959
100.5230  25.0541  100.8560  25.9242  3.0947
100.3200  25.2400  100.8560  25.9242  3.1481
100.7200  24.6420  100.8560  25.9242  3.1659
100.2940  23.5890  100.8560  25.9242  3.1836
97.6568  24.6108  100.8560  25.9242  3.1807
98.6668  24.9037  100.8560  25.9242  3.1350
100.3690  24.1603  100.8560  25.9242  3.2079
98.3382  24.3368  100.8560  25.9242  3.1935
99.7771  25.3419  100.8560  25.9242  3.1340
98.2175  24.6619  100.8560  25.9242  3.1490
99.0384  24.3221  100.8560  25.9242  3.1582
99.8346  24.9958  100.8560  25.9242  3.1859
100.8080  24.4547  100.8560  25.9242  3.1990
99.8316  25.8146  100.8560  25.9242  3.1404
99.5713  23.7032  100.8560  25.9242  3.2217
100.7810  24.1990  100.8560  25.9242  3.2000
97.7332  24.3999  100.8560  25.9242  3.1827
97.9699  24.7130  100.8560  25.9242  3.1725
99.6453  24.8769  100.8560  25.9242  3.1322
98.3349  25.2175  100.8560  25.9242  3.1721
99.7242  24.0204  100.8560  25.9242  3.2129
99.9445  24.3191  99.3404  24.5305  3.2810
98.3382  24.3368  99.3404  24.5305  3.3269
98.0252  24.4972  99.3404  24.5305  3.2552
100.7810  24.1990  99.3404  24.5305  3.1670
100.1990  24.7084  99.3404  24.5305  3.2536
100.3690  24.1603  99.3404  24.5305  3.1836
99.5713  23.7032  99.3404  24.5305  3.2590
97.7332  24.3999  99.3404  24.5305  3.2620
100.7200  24.6420  99.3404  24.5305  3.2103
97.9699  24.7130  99.3404  24.5305  3.1895
100.4690  24.5924  99.3404  24.5305  3.2302
100.4120  23.9586  99.3404  24.5305  3.2482
98.5651  24.1350  99.3404  24.5305  3.3035
100.2940  23.5890  99.3404  24.5305  3.2597
98.8783  23.5554  99.3404  24.5305  3.2949
99.0268  23.8963  99.3404  24.5305  3.2616
97.6622  23.9027  99.3404  24.5305  3.2518
99.8799  24.7112  99.3404  24.5305  3.3274
97.7857  24.1826  99.3404  24.5305  3.3092
100.8080  24.4547  99.3404  24.5305  3.2153
97.6568  24.6108  99.3404  24.5305  3.2153
97.9350  25.1078  99.3404  24.5305  3.1802
100.8160  25.0395  99.3404  24.5305  3.2813
98.2175  24.6619  99.3404  24.5305  3.1905
97.9699  24.7130  98.4849  24.7484  3.2280
98.8634  25.4505  98.4849  24.7484  3.2356
99.0325  24.5549  98.4849  24.7484  3.1797
98.3382  24.3368  98.4849  24.7484  3.2534
100.8080  24.4547  98.4849  24.7484  3.1992
100.1990  24.7084  98.4849  24.7484  3.1547
97.7332  24.3999  98.4849  24.7484  3.3471
98.8431  25.1964  98.4849  24.7484  3.3009
98.8350  24.6942  98.4849  24.7484  3.2464
99.5529  24.2045  98.4849  24.7484  3.3158
99.9445  24.3191  98.4849  24.7484  3.2039
99.7242  24.0204  98.4849  24.7484  3.2424
100.7200  24.6420  98.4849  24.7484  3.2020
99.8799  24.7112  98.4849  24.7484  3.1577
100.7810  24.1990  98.4849  24.7484  3.1919
99.1663  24.7523  98.4849  24.7484  3.2856
99.6235  24.5257  98.4849  24.7484  3.1353
100.4120  23.9586  98.4849  24.7484  3.2504
99.5713  23.7032  98.4849  24.7484  3.2697
99.4801  25.0480  98.4849  24.7484  3.3048
99.3404  24.5305  98.4849  24.7484  3.2306
98.5651  24.1350  98.4849  24.7484  3.2336
100.3690  24.1603  98.4849  24.7484  3.2076
100.4690  24.5924  98.4849  24.7484  3.1757
100.0910  24.8650  98.4849  24.7484  3.2273
99.8346  24.9958  98.4849  24.7484  3.2086
98.8783  23.5554  98.4849  24.7484  3.2591
97.6622  23.9027  98.4849  24.7484  3.2616
99.6453  24.8769  98.4849  24.7484  3.1561
100.8160  25.0395  98.4849  24.7484  3.1988
97.6568  24.6108  98.4849  24.7484  3.2913
97.7857  24.1826  98.4849  24.7484  3.2841
100.2940  23.5890  98.4849  24.7484  3.2098
99.2375  25.4847  98.4849  24.7484  3.2427
97.6622  23.9027  98.6668  24.9037  3.2469
100.1990  24.7084  98.6668  24.9037  3.1014
98.8431  25.1964  98.6668  24.9037  3.3602
100.7810  24.1990  98.6668  24.9037  3.1890
99.7242  24.0204  98.6668  24.9037  3.2861
99.0268  23.8963  98.6668  24.9037  3.2933
100.4120  23.9586  98.6668  24.9037  3.2109
100.8160  25.0395  98.6668  24.9037  3.1279
99.9445  24.3191  98.6668  24.9037  3.1957
100.8080  24.4547  98.6668  24.9037  3.2087
98.8634  25.4505  98.6668  24.9037  3.2293
97.6568  24.6108  98.6668  24.9037  3.3338
99.5529  24.2045  98.6668  24.9037  3.2065
100.0910  24.8650  98.6668  24.9037  3.1787
98.5651  24.1350  98.6668  24.9037  3.2492
97.9350  25.1078  98.6668  24.9037  3.1308
99.6235  24.5257  98.6668  24.9037  3.2526
97.7857  24.1826  98.6668  24.9037  3.2222
98.0252  24.4972  98.6668  24.9037  3.3497
99.8346  24.9958  98.6668  24.9037  3.1578
99.4801  25.0480  98.6668  24.9037  3.2694
99.2375  25.4847  98.6668  24.9037  3.3238
97.7332  24.3999  98.6668  24.9037  3.2767
99.1663  24.7523  98.6668  24.9037  3.2887
100.7200  24.6420  98.6668  24.9037  3.1987
97.9699  24.7130  98.6668  24.9037  3.2912
99.8799  24.7112  98.6668  24.9037  3.1638
100.3690  24.1603  98.6668  24.9037  3.2204
98.3382  24.3368  98.6668  24.9037  3.3406
99.3404  24.5305  98.6668  24.9037  3.2617
100.2940  23.5890  98.6668  24.9037  3.2932
99.5713  23.7032  98.6668  24.9037  3.1508
100.4690  24.5924  98.6668  24.9037  3.1854
99.6453  24.8769  98.6668  24.9037  3.1092
99.7242  24.0204  100.0910  24.8650  3.2272
99.5713  23.7032  100.0910  24.8650  3.2473
99.9445  24.3191  100.0910  24.8650  3.1841
100.7810  24.1990  100.0910  24.8650  3.2223
98.8783  23.5554  100.0910  24.8650  3.2642
100.2940  23.5890  100.0910  24.8650  3.3100
100.8160  25.0395  100.0910  24.8650  3.1828
99.0268  23.8963  100.0910  24.8650  3.2496
99.5529  24.2045  100.0910  24.8650  3.2673
100.7200  24.6420  100.3690  24.1603  3.2605
100.8160  25.0395  100.3690  24.1603  3.2124
99.7242  24.0204  100.3690  24.1603  3.3346
99.0268  23.8963  100.3690  24.1603  3.2620
99.5713  23.7032  100.3690  24.1603  3.3208
99.5529  24.2045  100.3690  24.1603  3.1467
100.7810  24.1990  100.3690  24.1603  3.3104
98.8783  23.5554  100.3690  24.1603  3.2863
100.2940  23.5890  100.3690  24.1603  3.1104
98.8783  23.5554  100.4690  24.5924  3.2575
100.2940  23.5890  100.4690  24.5924  3.2171
99.0268  23.8963  100.4690  24.5924  3.2727
99.5713  23.7032  100.4690  24.5924  3.2803
100.4120  23.9586  100.4690  24.5924  3.2879
100.8160  25.0395  100.4690  24.5924  3.2107
99.5529  24.2045  100.4690  24.5924  3.3145
99.7242  24.0204  100.4690  24.5924  3.3276
98.3349  25.2175  99.4024  25.6322  3.2065
99.5529  24.2045  99.4024  25.6322  3.1969
100.8960  25.5945  99.4024  25.6322  3.1432
99.7242  24.0204  99.4024  25.6322  3.2322
100.4900  25.3500  99.4024  25.6322  3.1013
97.9350  25.1078  99.4024  25.6322  3.1367
100.4120  23.9586  99.4024  25.6322  3.1921
99.6235  24.5257  99.4024  25.6322  3.2219
99.8316  25.8146  99.4024  25.6322  3.3603
98.2175  24.6619  99.4024  25.6322  3.1591
98.5433  25.5117  99.4024  25.6322  3.1810
100.7200  24.6420  99.4024  25.6322  3.1860
100.5200  25.8500  99.4024  25.6322  3.1798
98.4849  24.7484  99.4024  25.6322  3.2134
100.7810  24.1990  99.4024  25.6322  3.2945
100.8160  25.0395  99.4024  25.6322  3.1750
100.2940  23.5890  99.4024  25.6322  3.2102
100.3200  25.2400  99.4024  25.6322  3.1920
100.1990  24.7084  99.4024  25.6322  3.1514
100.8560  25.9242  99.4024  25.6322  3.1085
98.8431  25.1964  99.4024  25.6322  3.2611
100.8080  24.4547  99.4024  25.6322  3.2379
98.8783  23.5554  99.4024  25.6322  3.2169
100.8990  25.3230  99.4024  25.6322  3.0815
97.7332  24.3999  99.4024  25.6322  3.2304
100.5960  26.2944  99.4024  25.6322  3.1376
99.1663  24.7523  99.4024  25.6322  3.1660
99.0325  24.5549  99.4024  25.6322  3.1836
99.4801  25.0480  99.4024  25.6322  3.2016
99.9445  24.3191  99.4024  25.6322  3.3152
99.5713  23.7032  99.4024  25.6322  3.2177
97.7857  24.1826  99.4024  25.6322  3.2635
100.3690  24.1603  99.4024  25.6322  3.1947
99.8346  24.9958  99.4024  25.6322  3.3588
97.6568  24.6108  99.4024  25.6322  3.2130
97.6622  23.9027  99.4024  25.6322  3.2544
99.9868  25.4893  99.4024  25.6322  3.1513
99.7280  25.5410  99.4024  25.6322  3.2212
97.9699  24.7130  99.4024  25.6322  3.2409
99.0268  23.8963  99.4024  25.6322  3.2004
100.4990  25.5666  99.4024  25.6322  3.1269
100.4690  24.5924  99.4024  25.6322  3.2566
98.8350  24.6942  99.4024  25.6322  3.2103
99.0384  24.3221  99.4024  25.6322  3.1939
100.5230  25.0541  99.4024  25.6322  3.0911
99.4137  25.2954  99.4024  25.6322  3.1849
100.1000  25.9100  99.4024  25.6322  3.1778
100.0910  24.8650  99.4024  25.6322  3.1492
98.0252  24.4972  99.4024  25.6322  3.1927
98.8634  25.4505  99.4024  25.6322  3.2567
98.5651  24.1350  99.4024  25.6322  3.2622
99.6453  24.8769  99.4024  25.6322  3.2569
99.8799  24.7112  99.4024  25.6322  3.3316
99.3404  24.5305  99.4024  25.6322  3.1684
98.3382  24.3368  99.4024  25.6322  3.2725
100.2160  25.0148  99.4024  25.6322  3.1297
98.6668  24.9037  99.4024  25.6322  3.2581
100.4120  23.9586  98.8783  23.5554  3.2924
100.8080  24.4547  98.8783  23.5554  3.2686
100.7200  24.6420  98.8783  23.5554  3.2854
100.7810  24.1990  98.8783  23.5554  3.2431
100.8160  25.0395  98.8783  23.5554  3.2434
100.2940  23.5890  98.8783  23.5554  3.2052
98.5651  24.1350  99.2375  25.4847  3.2648
97.6622  23.9027  99.2375  25.4847  3.2444
100.7200  24.6420  99.2375  25.4847  3.1998
98.0252  24.4972  99.2375  25.4847  3.1813
97.7857  24.1826  99.2375  25.4847  3.2446
99.5713  23.7032  99.2375  25.4847  3.2386
99.5529  24.2045  99.2375  25.4847  3.2380
99.0384  24.3221  99.2375  25.4847  3.1769
100.3690  24.1603  99.2375  25.4847  3.2550
99.9445  24.3191  99.2375  25.4847  3.2940
98.3382  24.3368  99.2375  25.4847  3.2881
100.4120  23.9586  99.2375  25.4847  3.2501
99.8799  24.7112  99.2375  25.4847  3.2444
100.0910  24.8650  99.2375  25.4847  3.1730
100.1990  24.7084  99.2375  25.4847  3.2460
100.4690  24.5924  99.2375  25.4847  3.2681
99.7242  24.0204  99.2375  25.4847  3.2947
97.9699  24.7130  99.2375  25.4847  3.2382
100.7810  24.1990  99.2375  25.4847  3.3111
99.0268  23.8963  99.2375  25.4847  3.1993
98.8350  24.6942  99.2375  25.4847  3.1959
97.7332  24.3999  99.2375  25.4847  3.2472
98.2175  24.6619  99.2375  25.4847  3.1497
99.1663  24.7523  99.2375  25.4847  3.1652
98.8783  23.5554  99.2375  25.4847  3.2217
99.8346  24.9958  99.2375  25.4847  3.1575
99.0325  24.5549  99.2375  25.4847  3.1659
100.2940  23.5890  99.2375  25.4847  3.2144
99.6235  24.5257  99.2375  25.4847  3.3260
97.6568  24.6108  99.2375  25.4847  3.2078
99.3404  24.5305  99.2375  25.4847  3.1925
97.9350  25.1078  99.2375  25.4847  3.1454
100.8160  25.0395  99.2375  25.4847  3.1841
99.4801  25.0480  98.8431  25.1964  3.2481
100.4690  24.5924  98.8431  25.1964  3.2010
98.0252  24.4972  98.8431  25.1964  3.2203
100.7810  24.1990  98.8431  25.1964  3.2524
99.5713  23.7032  98.8431  25.1964  3.3002
97.9350  25.1078  98.8431  25.1964  3.1186
99.5529  24.2045  98.8431  25.1964  3.2710
98.2175  24.6619  98.8431  25.1964  3.2880
99.8799  24.7112  98.8431  25.1964  3.3135
100.7200  24.6420  98.8431  25.1964  3.1958
100.1990  24.7084  98.8431  25.1964  3.2284
100.2940  23.5890  98.8431  25.1964  3.2094
100.8160  25.0395  98.8431  25.1964  3.1474
99.9445  24.3191  98.8431  25.1964  3.2782
99.0325  24.5549  98.8431  25.1964  3.3219
98.8783  23.5554  98.8431  25.1964  3.2304
100.3690  24.1603  98.8431  25.1964  3.2682
99.7242  24.0204  98.8431  25.1964  3.1491
98.8350  24.6942  98.8431  25.1964  3.1791
98.8634  25.4505  98.8431  25.1964  3.1260
98.3382  24.3368  98.8431  25.1964  3.2914
97.6568  24.6108  98.8431  25.1964  3.2747
99.8346  24.9958  98.8431  25.1964  3.1448
99.0384  24.3221  98.8431  25.1964  3.2661
98.5651  24.1350  98.8431  25.1964  3.2580
99.6453  24.8769  98.8431  25.1964  3.2718
97.7332  24.3999  98.8431  25.1964  3.2228
99.6235  24.5257  98.8431  25.1964  3.1608
100.4120  23.9586  98.8431  25.1964  3.2605
100.8080  24.4547  98.8431  25.1964  3.2131
100.0910  24.8650  98.8431  25.1964  3.1608
97.6622  23.9027  98.8431  25.1964  3.2362
97.9699  24.7130  98.8431  25.1964  3.2186
99.0268  23.8963  98.8431  25.1964  3.2373
97.7857  24.1826  98.8431  25.1964  3.2215
99.8799  24.7112  97.7857  24.1826  3.3143
99.7242  24.0204  97.7857  24.1826  3.2113
100.3690  24.1603  97.7857  24.1826  3.2398
100.1990  24.7084  97.7857  24.1826  3.3224
100.7200  24.6420  97.7857  24.1826  3.2875
100.2940  23.5890  97.7857  24.1826  3.2428
99.5529  24.2045  97.7857  24.1826  3.2535
100.4690  24.5924  97.7857  24.1826  3.2895
98.8783  23.5554  97.7857  24.1826  3.2680
99.0268  23.8963  97.7857  24.1826  3.1520
100.4120  23.9586  97.7857  24.1826  3.2302
100.7810  24.1990  97.7857  24.1826  3.2639
100.8160  25.0395  97.7857  24.1826  3.2762
100.8080  24.4547  97.7857  24.1826  3.2546
99.9445  24.3191  97.7857  24.1826  3.2252
100.0910  24.8650  97.7857  24.1826  3.2719
99.5713  23.7032  97.7857  24.1826  3.2199
97.9699  24.7130  99.7280  25.5410  3.1725
97.7332  24.3999  99.7280  25.5410  3.1991
100.7810  24.1990  99.7280  25.5410  3.2714
100.8990  25.3230  99.7280  25.5410  3.0785
98.5433  25.5117  99.7280  25.5410  3.1640
99.5713  23.7032  99.7280  25.5410  3.2214
100.3690  24.1603  99.7280  25.5410  3.2341
98.8634  25.4505  99.7280  25.5410  3.1734
98.4849  24.7484  99.7280  25.5410  3.2048
100.8960  25.5945  99.7280  25.5410  3.1705
99.0384  24.3221  99.7280  25.5410  3.2255
98.2175  24.6619  99.7280  25.5410  3.2403
100.7200  24.6420  99.7280  25.5410  3.2160
97.7857  24.1826  99.7280  25.5410  3.2274
100.8160  25.0395  99.7280  25.5410  3.1636
99.6235  24.5257  99.7280  25.5410  3.1697
100.4990  25.5666  99.7280  25.5410  3.1537
99.4801  25.0480  99.7280  25.5410  3.1389
99.8346  24.9958  99.7280  25.5410  3.2145
97.9350  25.1078  99.7280  25.5410  3.1423
98.0252  24.4972  99.7280  25.5410  3.2310
99.2375  25.4847  99.7280  25.5410  3.3005
100.4900  25.3500  99.7280  25.5410  3.1298
100.5960  26.2944  99.7280  25.5410  3.1689
99.7771  25.3419  99.7280  25.5410  3.1137
99.1663  24.7523  99.7280  25.5410  3.2066
99.9445  24.3191  99.7280  25.5410  3.2595
97.6622  23.9027  99.7280  25.5410  3.2558
99.3404  24.5305  99.7280  25.5410  3.1747
100.5230  25.0541  99.7280  25.5410  3.2010
98.8350  24.6942  99.7280  25.5410  3.1780
100.4690  24.5924  99.7280  25.5410  3.1450
98.8431  25.1964  99.7280  25.5410  3.2115
98.8783  23.5554  99.7280  25.5410  3.2294
99.8799  24.7112  99.7280  25.5410  3.2370
97.6568  24.6108  99.7280  25.5410  3.1906
100.2160  25.0148  99.7280  25.5410  3.1419
98.3349  25.2175  99.7280  25.5410  3.1400
98.6668  24.9037  99.7280  25.5410  3.1624
100.8080  24.4547  99.7280  25.5410  3.2688
99.0268  23.8963  99.7280  25.5410  3.2227
99.0325  24.5549  99.7280  25.5410  3.2074
100.2940  23.5890  99.7280  25.5410  3.3281
99.6453  24.8769  99.7280  25.5410  3.1285
99.7242  24.0204  99.7280  25.5410  3.2212
100.1000  25.9100  99.7280  25.5410  3.2056
100.3200  25.2400  99.7280  25.5410  3.1509
98.5651  24.1350  99.7280  25.5410  3.2241
99.5529  24.2045  99.7280  25.5410  3.1827
98.3382  24.3368  99.7280  25.5410  3.1891
97.9699  24.7130  99.8346  24.9958  3.2139
99.0268  23.8963  99.8346  24.9958  3.2997
99.9445  24.3191  99.8346  24.9958  3.2989
100.3690  24.1603  99.8346  24.9958  3.2748
99.5713  23.7032  99.8346  24.9958  3.2360
97.9350  25.1078  99.8346  24.9958  3.1410
98.0252  24.4972  99.8346  24.9958  3.2531
99.3404  24.5305  99.8346  24.9958  3.2929
100.8160  25.0395  99.8346  24.9958  3.1555
99.5529  24.2045  99.8346  24.9958  3.1920
97.7857  24.1826  99.8346  24.9958  3.2365
98.8783  23.5554  99.8346  24.9958  3.2938
98.2175  24.6619  99.8346  24.9958  3.2247
100.4690  24.5924  99.8346  24.9958  3.2905
99.7242  24.0204  99.8346  24.9958  3.2080
99.6235  24.5257  99.8346  24.9958  3.1797
100.7200  24.6420  99.8346  24.9958  3.2704
97.7332  24.3999  99.8346  24.9958  3.2651
99.1663  24.7523  99.8346  24.9958  3.2718
98.3382  24.3368  99.8346  24.9958  3.2780
97.6622  23.9027  99.8346  24.9958  3.2480
97.6568  24.6108  99.8346  24.9958  3.2368
100.4120  23.9586  99.8346  24.9958  3.2908
98.5651  24.1350  99.8346  24.9958  3.1928
97.7857  24.1826  97.9699  24.7130  3.2415
99.7242  24.0204  97.9699  24.7130  3.2558
100.1990  24.7084  97.9699  24.7130  3.1937
100.3690  24.1603  97.9699  24.7130  3.2101
100.7200  24.6420  97.9699  24.7130  3.2225
100.4120  23.9586  97.9699  24.7130  3.1894
99.5713  23.7032  97.9699  24.7130  3.2233
100.7810  24.1990  97.9699  24.7130  3.2111
99.5529  24.2045  97.9699  24.7130  3.2311
100.4690  24.5924  97.9699  24.7130  3.2120
99.8799  24.7112  97.9699  24.7130  3.1578
100.8160  25.0395  97.9699  24.7130  3.1756
100.2940  23.5890  97.9699  24.7130  3.2450
99.0268  23.8963  97.9699  24.7130  3.2668
99.9445  24.3191  97.9699  24.7130  3.2065
97.6622  23.9027  97.9699  24.7130  3.2775
100.0910  24.8650  97.9699  24.7130  3.1713
100.8080  24.4547  97.9699  24.7130  3.2204
100.7200  24.6420  99.7242  24.0204  3.2574
98.8783  23.5554  99.7242  24.0204  3.3207
100.2940  23.5890  99.7242  24.0204  3.1862
100.8080  24.4547  99.7242  24.0204  3.2897
100.7810  24.1990  99.7242  24.0204  3.3173
100.8160  25.0395  99.7242  24.0204  3.2704
100.8160  25.0395  100.4120  23.9586  3.1857
99.0268  23.8963  97.7332  24.3999  3.2609
100.4120  23.9586  97.7332  24.3999  3.2235
100.8160  25.0395  97.7332  24.3999  3.2275
98.3382  24.3368  97.7332  24.3999  3.2686
99.5529  24.2045  97.7332  24.3999  3.2144
100.7810  24.1990  97.7332  24.3999  3.2289
100.3690  24.1603  97.7332  24.3999  3.2300
100.7200  24.6420  97.7332  24.3999  3.2360
97.6622  23.9027  97.7332  24.3999  3.1889
99.5713  23.7032  97.7332  24.3999  3.2743
98.8783  23.5554  97.7332  24.3999  3.2472
100.8080  24.4547  97.7332  24.3999  3.2410
97.7857  24.1826  97.7332  24.3999  3.1274
99.8799  24.7112  97.7332  24.3999  3.2795
99.9445  24.3191  97.7332  24.3999  3.2271
100.2940  23.5890  97.7332  24.3999  3.2271
100.4690  24.5924  97.7332  24.3999  3.2361
99.7242  24.0204  97.7332  24.3999  3.2489
100.1990  24.7084  97.7332  24.3999  3.2220
98.5651  24.1350  97.7332  24.3999  3.2402
