1843  3.3291  0.0773  020
98.5925  24.4245  100.0690  23.8785  3.3421
100.2540  25.6093  100.0690  23.8785  3.3314
98.8518  25.8317  100.0690  23.8785  3.3533
98.0709  24.0851  100.0690  23.8785  3.3498
99.2454  24.0357  100.0690  23.8785  3.3186
99.3717  25.8854  100.0690  23.8785  3.3762
98.5197  25.0289  100.0690  23.8785  3.3606
100.1470  24.4348  99.9475  26.1088  3.2985
98.5197  25.0289  99.9475  26.1088  3.2456
98.5925  24.4245  99.9475  26.1088  3.3026
99.2454  24.0357  99.9475  26.1088  3.2814
98.0709  24.0851  99.9475  26.1088  3.2814
99.3717  25.8854  99.9475  26.1088  3.4759
98.8518  25.8317  99.9475  26.1088  3.2259
100.0690  23.8785  99.9475  26.1088  3.3305
100.1470  24.4348  99.3717  25.8854  3.3605
98.0709  24.0851  98.5197  25.0289  3.4244
100.2540  25.6093  98.5197  25.0289  3.2270
100.1470  24.4348  98.5197  25.0289  3.3026
99.3717  25.8854  98.5197  25.0289  3.3431
100.1470  24.4348  98.0709  24.0851  3.4307
99.2454  24.0357  98.0709  24.0851  3.4192
99.3717  25.8854  98.0709  24.0851  3.3367
100.2540  25.6093  98.8518  25.8317  3.2418
98.5197  25.0289  98.8518  25.8317  3.3636
100.1470  24.4348  98.8518  25.8317  3.3601
98.0709  24.0851  98.8518  25.8317  3.3566
98.5925  24.4245  98.8518  25.8317  3.3120
99.3717  25.8854  98.8518  25.8317  3.5155
99.2454  24.0357  98.8518  25.8317  3.3364
99.3717  25.8854  99.2454  24.0357  3.3211
100.1470  24.4348  99.2454  24.0357  3.4890
98.0709  24.0851  100.2540  25.6093  3.3699
99.2454  24.0357  100.2540  25.6093  3.2967
100.1470  24.4348  100.2540  25.6093  3.3022
99.3717  25.8854  100.2540  25.6093  3.2728
100.1470  24.4348  98.5925  24.4245  3.3308
98.5197  25.0289  98.5925  24.4245  3.5072
99.3717  25.8854  98.5925  24.4245  3.3070
100.2540  25.6093  98.5925  24.4245  3.2748
99.2454  24.0357  98.5925  24.4245  3.4823
100.8080  24.4547  99.5713  23.7032  3.3433
100.7200  24.6420  99.5713  23.7032  3.3715
100.7810  24.1990  99.5713  23.7032  3.4098
100.4120  23.9586  99.5713  23.7032  3.4629
100.8160  25.0395  99.5713  23.7032  3.3592
100.2940  23.5890  99.5713  23.7032  3.3958
99.8346  24.9958  99.4801  25.0480  3.4471
97.7857  24.1826  99.4801  25.0480  3.3319
97.9350  25.1078  99.4801  25.0480  3.2303
98.0252  24.4972  99.4801  25.0480  3.3771
100.2940  23.5890  99.4801  25.0480  3.3263
100.4690  24.5924  99.4801  25.0480  3.4533
97.9699  24.7130  99.4801  25.0480  3.3028
99.0268  23.8963  99.4801  25.0480  3.3269
99.7242  24.0204  99.4801  25.0480  3.4063
98.5651  24.1350  99.4801  25.0480  3.3777
97.6622  23.9027  99.4801  25.0480  3.4328
99.5529  24.2045  99.4801  25.0480  3.4213
100.8160  25.0395  99.4801  25.0480  3.2551
100.1990  24.7084  99.4801  25.0480  3.4466
99.3404  24.5305  99.4801  25.0480  3.5098
100.3690  24.1603  99.4801  25.0480  3.3306
98.2175  24.6619  99.4801  25.0480  3.4444
98.3382  24.3368  99.4801  25.0480  3.2670
100.7810  24.1990  99.4801  25.0480  3.4314
100.7200  24.6420  99.4801  25.0480  3.2361
97.7332  24.3999  99.4801  25.0480  3.2681
100.4120  23.9586  99.4801  25.0480  3.2856
99.5713  23.7032  99.4801  25.0480  3.3268
100.0910  24.8650  99.4801  25.0480  3.4661
97.6568  24.6108  99.4801  25.0480  3.3534
98.8783  23.5554  99.4801  25.0480  3.3483
100.8080  24.4547  99.4801  25.0480  3.2770
99.8799  24.7112  97.6568  24.6108  3.3018
99.7242  24.0204  97.6568  24.6108  3.3431
98.5651  24.1350  97.6568  24.6108  3.2782
100.8080  24.4547  97.6568  24.6108  3.3633
97.6622  23.9027  97.6568  24.6108  3.5175
99.0268  23.8963  97.6568  24.6108  3.4093
99.9445  24.3191  97.6568  24.6108  3.3387
100.4120  23.9586  97.6568  24.6108  3.3177
100.7810  24.1990  97.6568  24.6108  3.3219
98.3382  24.3368  97.6568  24.6108  3.2643
100.0910  24.8650  97.6568  24.6108  3.3300
100.8160  25.0395  97.6568  24.6108  3.3021
99.5529  24.2045  97.6568  24.6108  3.3262
100.3690  24.1603  97.6568  24.6108  3.3509
99.5713  23.7032  97.6568  24.6108  3.3534
100.7200  24.6420  97.6568  24.6108  3.3626
100.1990  24.7084  97.6568  24.6108  3.3566
100.2940  23.5890  97.6568  24.6108  3.3418
100.4690  24.5924  97.6568  24.6108  3.3129
100.7810  24.1990  99.5529  24.2045  3.2841
98.8783  23.5554  99.5529  24.2045  3.5315
100.7200  24.6420  99.5529  24.2045  3.4253
100.8160  25.0395  99.5529  24.2045  3.3033
100.8080  24.4547  99.5529  24.2045  3.4326
100.2940  23.5890  99.5529  24.2045  3.4022
100.4120  23.9586  99.5529  24.2045  3.3710
99.1663  24.7523  99.8316  25.8146  3.2682
98.8350  24.6942  99.8316  25.8146  3.2904
100.5960  26.2944  99.8316  25.8146  3.3832
99.0384  24.3221  99.8316  25.8146  3.3026
100.7200  24.6420  99.8316  25.8146  3.2399
98.0252  24.4972  99.8316  25.8146  3.3068
100.3690  24.1603  99.8316  25.8146  3.3772
98.4849  24.7484  99.8316  25.8146  3.2626
97.7857  24.1826  99.8316  25.8146  3.3456
99.9445  24.3191  99.8316  25.8146  3.3296
98.3382  24.3368  99.8316  25.8146  3.2936
99.6235  24.5257  99.8316  25.8146  3.2801
97.6622  23.9027  99.8316  25.8146  3.3514
98.6668  24.9037  99.8316  25.8146  3.2446
99.4801  25.0480  99.8316  25.8146  3.3059
99.8346  24.9958  99.8316  25.8146  3.3531
100.1990  24.7084  99.8316  25.8146  3.3946
99.4137  25.2954  99.8316  25.8146  3.4187
100.0910  24.8650  99.8316  25.8146  3.4621
100.8990  25.3230  99.8316  25.8146  3.1963
98.8431  25.1964  99.8316  25.8146  3.2743
99.5713  23.7032  99.8316  25.8146  3.3480
97.9699  24.7130  99.8316  25.8146  3.2763
99.8799  24.7112  99.8316  25.8146  3.3055
99.7771  25.3419  99.8316  25.8146  3.4863
100.8960  25.5945  99.8316  25.8146  3.1952
99.3404  24.5305  99.8316  25.8146  3.2767
98.3349  25.2175  99.8316  25.8146  3.2737
100.8160  25.0395  99.8316  25.8146  3.3074
100.2160  25.0148  99.8316  25.8146  3.5208
97.6568  24.6108  99.8316  25.8146  3.2478
98.8634  25.4505  99.8316  25.8146  3.3183
99.7242  24.0204  99.8316  25.8146  3.3342
98.2175  24.6619  99.8316  25.8146  3.2792
100.3200  25.2400  99.8316  25.8146  3.2880
99.2375  25.4847  99.8316  25.8146  3.5135
99.6453  24.8769  99.8316  25.8146  3.2812
98.5651  24.1350  99.8316  25.8146  3.3375
98.5433  25.5117  99.8316  25.8146  3.2333
100.4900  25.3500  99.8316  25.8146  3.2102
99.0268  23.8963  99.8316  25.8146  3.3108
99.5529  24.2045  99.8316  25.8146  3.2990
98.8783  23.5554  99.8316  25.8146  3.3242
100.2940  23.5890  99.8316  25.8146  3.3771
100.5230  25.0541  99.8316  25.8146  3.1990
100.7810  24.1990  99.8316  25.8146  3.2646
100.4120  23.9586  99.8316  25.8146  3.4068
100.4990  25.5666  99.8316  25.8146  3.4115
97.7332  24.3999  99.8316  25.8146  3.3025
100.4690  24.5924  99.8316  25.8146  3.4894
97.9350  25.1078  99.8316  25.8146  3.1923
100.8080  24.4547  99.8316  25.8146  3.2686
99.0325  24.5549  99.8316  25.8146  3.2741
98.0252  24.4972  100.5230  25.0541  3.4064
99.0268  23.8963  100.5230  25.0541  3.3331
99.0325  24.5549  100.5230  25.0541  3.3819
98.8634  25.4505  100.5230  25.0541  3.2409
99.0384  24.3221  100.5230  25.0541  3.3152
97.6622  23.9027  100.5230  25.0541  3.3551
99.9445  24.3191  100.5230  25.0541  3.3669
98.3382  24.3368  100.5230  25.0541  3.2793
99.5529  24.2045  100.5230  25.0541  3.3700
97.9699  24.7130  100.5230  25.0541  3.2800
97.9350  25.1078  100.5230  25.0541  3.2765
97.7332  24.3999  100.5230  25.0541  3.3019
98.6668  24.9037  100.5230  25.0541  3.3596
99.6235  24.5257  100.5230  25.0541  3.3786
98.8350  24.6942  100.5230  25.0541  3.2689
98.4849  24.7484  100.5230  25.0541  3.3739
99.6453  24.8769  100.5230  25.0541  3.4205
99.2375  25.4847  100.5230  25.0541  3.1610
99.4801  25.0480  100.5230  25.0541  3.2905
100.4990  25.5666  100.5230  25.0541  3.4586
99.5713  23.7032  100.5230  25.0541  3.3340
99.1663  24.7523  100.5230  25.0541  3.3604
98.5651  24.1350  100.5230  25.0541  3.3358
97.7857  24.1826  100.5230  25.0541  3.3532
100.4120  23.9586  100.5230  25.0541  3.3706
98.8431  25.1964  100.5230  25.0541  3.1997
99.8346  24.9958  100.5230  25.0541  3.3300
100.2940  23.5890  100.5230  25.0541  3.3477
100.5960  26.2944  100.5230  25.0541  3.2459
100.3690  24.1603  100.5230  25.0541  3.4798
98.3349  25.2175  100.5230  25.0541  3.2723
99.7242  24.0204  100.5230  25.0541  3.3385
98.8783  23.5554  100.5230  25.0541  3.3531
99.3404  24.5305  100.5230  25.0541  3.3316
100.7810  24.1990  100.5230  25.0541  3.5374
98.5433  25.5117  100.5230  25.0541  3.2129
100.8960  25.5945  100.5230  25.0541  3.3329
97.6568  24.6108  100.5230  25.0541  3.3052
98.2175  24.6619  100.5230  25.0541  3.3725
100.1000  25.9100  100.5230  25.0541  3.4247
99.6453  24.8769  100.4990  25.5666  3.3302
99.8799  24.7112  100.4990  25.5666  3.2702
97.9699  24.7130  100.4990  25.5666  3.3054
98.3349  25.2175  100.4990  25.5666  3.2647
99.7242  24.0204  100.4990  25.5666  3.2859
100.7200  24.6420  100.4990  25.5666  3.4691
98.0252  24.4972  100.4990  25.5666  3.2762
97.6622  23.9027  100.4990  25.5666  3.3098
99.5529  24.2045  100.4990  25.5666  3.2925
98.6668  24.9037  100.4990  25.5666  3.1954
99.8346  24.9958  100.4990  25.5666  3.3648
97.7332  24.3999  100.4990  25.5666  3.2914
97.7857  24.1826  100.4990  25.5666  3.2902
100.7810  24.1990  100.4990  25.5666  3.3610
100.3690  24.1603  100.4990  25.5666  3.3488
98.5433  25.5117  100.4990  25.5666  3.2228
98.8431  25.1964  100.4990  25.5666  3.2039
100.4690  24.5924  100.4990  25.5666  3.3957
100.0910  24.8650  100.4990  25.5666  3.2989
99.5713  23.7032  100.4990  25.5666  3.3113
99.9445  24.3191  100.4990  25.5666  3.2541
99.4801  25.0480  100.4990  25.5666  3.2688
99.0268  23.8963  100.4990  25.5666  3.3297
100.2940  23.5890  100.4990  25.5666  3.3364
99.0325  24.5549  100.4990  25.5666  3.2412
98.8634  25.4505  100.4990  25.5666  3.2612
98.4849  24.7484  100.4990  25.5666  3.2512
98.8783  23.5554  100.4990  25.5666  3.3439
99.1663  24.7523  100.4990  25.5666  3.2406
100.5960  26.2944  100.4990  25.5666  3.3127
100.1990  24.7084  100.4990  25.5666  3.2691
99.2375  25.4847  100.4990  25.5666  3.1863
98.3382  24.3368  100.4990  25.5666  3.3058
100.4120  23.9586  100.4990  25.5666  3.3407
99.6235  24.5257  100.4990  25.5666  3.2931
97.9350  25.1078  100.4990  25.5666  3.2274
98.2175  24.6619  100.4990  25.5666  3.2841
99.0384  24.3221  100.4990  25.5666  3.2494
97.6568  24.6108  100.4990  25.5666  3.3296
99.3404  24.5305  100.4990  25.5666  3.2868
98.8350  24.6942  100.4990  25.5666  3.3157
98.5651  24.1350  100.4990  25.5666  3.3075
100.8080  24.4547  100.4990  25.5666  3.4357
100.2940  23.5890  100.8990  25.3230  3.2829
99.8346  24.9958  100.8990  25.3230  3.3184
100.4120  23.9586  100.8990  25.3230  3.2797
99.0384  24.3221  100.8990  25.3230  3.3530
98.8431  25.1964  100.8990  25.3230  3.2314
100.5960  26.2944  100.8990  25.3230  3.4162
99.6235  24.5257  100.8990  25.3230  3.2646
97.6568  24.6108  100.8990  25.3230  3.2841
99.0325  24.5549  100.8990  25.3230  3.3001
100.1990  24.7084  100.8990  25.3230  3.3722
98.2175  24.6619  100.8990  25.3230  3.3307
98.5433  25.5117  100.8990  25.3230  3.2366
98.3349  25.2175  100.8990  25.3230  3.2468
97.9350  25.1078  100.8990  25.3230  3.2481
98.8634  25.4505  100.8990  25.3230  3.2312
98.5651  24.1350  100.8990  25.3230  3.2982
99.4801  25.0480  100.8990  25.3230  3.2601
98.8783  23.5554  100.8990  25.3230  3.3247
99.5529  24.2045  100.8990  25.3230  3.2983
100.1000  25.9100  100.8990  25.3230  3.2477
99.1663  24.7523  100.8990  25.3230  3.2851
98.4849  24.7484  100.8990  25.3230  3.3198
98.0252  24.4972  100.8990  25.3230  3.3476
98.8350  24.6942  100.8990  25.3230  3.2405
100.7810  24.1990  100.8990  25.3230  3.3247
98.3382  24.3368  100.8990  25.3230  3.2994
99.2375  25.4847  100.8990  25.3230  3.1883
99.7242  24.0204  100.8990  25.3230  3.3295
97.6622  23.9027  100.8990  25.3230  3.3371
97.7332  24.3999  100.8990  25.3230  3.3574
97.9699  24.7130  100.8990  25.3230  3.2699
99.0268  23.8963  100.8990  25.3230  3.3184
100.0910  24.8650  100.8990  25.3230  3.4454
100.3690  24.1603  100.8990  25.3230  3.2868
99.8799  24.7112  100.8990  25.3230  3.3106
100.7200  24.6420  100.8990  25.3230  3.3676
97.7857  24.1826  100.8990  25.3230  3.3420
100.8080  24.4547  100.8990  25.3230  3.3630
99.9445  24.3191  100.8990  25.3230  3.3278
99.5713  23.7032  100.8990  25.3230  3.3442
100.4690  24.5924  100.8990  25.3230  3.3176
99.6453  24.8769  100.8990  25.3230  3.3138
98.6668  24.9037  100.8990  25.3230  3.3228
99.3404  24.5305  100.8990  25.3230  3.3081
100.7200  24.6420  98.5651  24.1350  3.3685
100.0910  24.8650  98.5651  24.1350  3.3752
99.5713  23.7032  98.5651  24.1350  3.3525
100.8160  25.0395  98.5651  24.1350  3.2742
99.9445  24.3191  98.5651  24.1350  3.2967
100.4690  24.5924  98.5651  24.1350  3.3623
99.5529  24.2045  98.5651  24.1350  3.3802
100.2940  23.5890  98.5651  24.1350  3.3298
100.4120  23.9586  98.5651  24.1350  3.3018
99.7242  24.0204  98.5651  24.1350  3.3414
100.7810  24.1990  98.5651  24.1350  3.3550
100.8080  24.4547  98.5651  24.1350  3.4124
100.3690  24.1603  98.5651  24.1350  3.3937
100.1990  24.7084  98.5651  24.1350  3.4464
99.8799  24.7112  98.5651  24.1350  3.4242
97.9699  24.7130  98.8634  25.4505  3.3072
100.8080  24.4547  98.8634  25.4505  3.2974
100.2940  23.5890  98.8634  25.4505  3.3476
100.4120  23.9586  98.8634  25.4505  3.3442
100.8160  25.0395  98.8634  25.4505  3.2334
100.1990  24.7084  98.8634  25.4505  3.2957
98.5651  24.1350  98.8634  25.4505  3.3479
98.3382  24.3368  98.8634  25.4505  3.3353
97.6622  23.9027  98.8634  25.4505  3.3356
100.0910  24.8650  98.8634  25.4505  3.2926
99.0384  24.3221  98.8634  25.4505  3.3281
100.4690  24.5924  98.8634  25.4505  3.3146
99.3404  24.5305  98.8634  25.4505  3.4435
99.8799  24.7112  98.8634  25.4505  3.3601
99.7242  24.0204  98.8634  25.4505  3.2922
100.3690  24.1603  98.8634  25.4505  3.3861
99.6453  24.8769  98.8634  25.4505  3.2792
97.9350  25.1078  98.8634  25.4505  3.4036
99.5529  24.2045  98.8634  25.4505  3.4147
98.8350  24.6942  98.8634  25.4505  3.4059
100.7810  24.1990  98.8634  25.4505  3.3194
97.7332  24.3999  98.8634  25.4505  3.3053
98.2175  24.6619  98.8634  25.4505  3.3664
99.9445  24.3191  98.8634  25.4505  3.3317
97.7857  24.1826  98.8634  25.4505  3.3344
98.0252  24.4972  98.8634  25.4505  3.3691
99.6235  24.5257  98.8634  25.4505  3.3110
97.6568  24.6108  98.8634  25.4505  3.2931
99.8346  24.9958  98.8634  25.4505  3.3674
99.0268  23.8963  98.8634  25.4505  3.3411
98.8783  23.5554  98.8634  25.4505  3.3470
99.0325  24.5549  98.8634  25.4505  3.4198
99.4801  25.0480  98.8634  25.4505  3.4598
99.5713  23.7032  98.8634  25.4505  3.4043
100.7200  24.6420  98.8634  25.4505  3.2607
100.8160  25.0395  100.2940  23.5890  3.2910
100.8160  25.0395  100.7810  24.1990  3.4164
100.2940  23.5890  100.7810  24.1990  3.4300
98.3349  25.2175  99.4137  25.2954  3.2436
97.6622  23.9027  99.4137  25.2954  3.4041
99.5529  24.2045  99.4137  25.2954  3.3282
97.7332  24.3999  99.4137  25.2954  3.2734
98.8634  25.4505  99.4137  25.2954  3.4104
100.4990  25.5666  99.4137  25.2954  3.3225
100.1990  24.7084  99.4137  25.2954  3.3529
100.4900  25.3500  99.4137  25.2954  3.3016
100.8960  25.5945  99.4137  25.2954  3.2538
99.0268  23.8963  99.4137  25.2954  3.3335
100.4120  23.9586  99.4137  25.2954  3.2889
97.6568  24.6108  99.4137  25.2954  3.2625
97.9350  25.1078  99.4137  25.2954  3.2849
100.4690  24.5924  99.4137  25.2954  3.4467
100.8080  24.4547  99.4137  25.2954  3.3007
100.5230  25.0541  99.4137  25.2954  3.1909
99.0384  24.3221  99.4137  25.2954  3.3501
99.0325  24.5549  99.4137  25.2954  3.3547
100.2160  25.0148  99.4137  25.2954  3.3548
100.0910  24.8650  99.4137  25.2954  3.2822
99.6235  24.5257  99.4137  25.2954  3.4777
99.9868  25.4893  99.4137  25.2954  3.5040
98.8783  23.5554  99.4137  25.2954  3.3413
99.9445  24.3191  99.4137  25.2954  3.4675
99.7242  24.0204  99.4137  25.2954  3.3445
98.6668  24.9037  99.4137  25.2954  3.5183
100.7200  24.6420  99.4137  25.2954  3.2606
97.9699  24.7130  99.4137  25.2954  3.3101
98.3382  24.3368  99.4137  25.2954  3.3387
98.5433  25.5117  99.4137  25.2954  3.3979
99.1663  24.7523  99.4137  25.2954  3.5379
98.2175  24.6619  99.4137  25.2954  3.3183
100.2940  23.5890  99.4137  25.2954  3.2965
100.3200  25.2400  99.4137  25.2954  3.2788
100.8990  25.3230  99.4137  25.2954  3.2618
99.5713  23.7032  99.4137  25.2954  3.3244
100.5960  26.2944  99.4137  25.2954  3.2173
97.7857  24.1826  99.4137  25.2954  3.3800
100.8160  25.0395  99.4137  25.2954  3.2615
100.7810  24.1990  99.4137  25.2954  3.4218
99.3404  24.5305  99.4137  25.2954  3.4039
98.5651  24.1350  99.4137  25.2954  3.3656
98.4849  24.7484  99.4137  25.2954  3.3125
98.0252  24.4972  99.4137  25.2954  3.3623
98.8350  24.6942  99.4137  25.2954  3.4286
100.1000  25.9100  99.4137  25.2954  3.3387
100.3690  24.1603  99.4137  25.2954  3.2739
100.0910  24.8650  97.6622  23.9027  3.2948
99.8799  24.7112  97.6622  23.9027  3.3465
100.8080  24.4547  97.6622  23.9027  3.4204
100.7810  24.1990  97.6622  23.9027  3.3842
100.4690  24.5924  97.6622  23.9027  3.3788
100.4120  23.9586  97.6622  23.9027  3.3809
100.7200  24.6420  97.6622  23.9027  3.4228
99.5713  23.7032  97.6622  23.9027  3.3540
99.0268  23.8963  97.6622  23.9027  3.4557
98.8783  23.5554  97.6622  23.9027  3.2395
100.2940  23.5890  97.6622  23.9027  3.3509
99.9445  24.3191  97.6622  23.9027  3.4696
100.3690  24.1603  97.6622  23.9027  3.4350
100.8160  25.0395  97.6622  23.9027  3.3633
100.1990  24.7084  97.6622  23.9027  3.3998
99.7242  24.0204  97.6622  23.9027  3.4084
99.5529  24.2045  97.6622  23.9027  3.4547
97.9350  25.1078  99.9868  25.4893  3.2666
100.4990  25.5666  99.9868  25.4893  3.5107
100.1000  25.9100  99.9868  25.4893  3.3527
98.6668  24.9037  99.9868  25.4893  3.3134
98.0252  24.4972  99.9868  25.4893  3.2499
97.6568  24.6108  99.9868  25.4893  3.3037
99.4801  25.0480  99.9868  25.4893  3.5348
97.7857  24.1826  99.9868  25.4893  3.3122
98.8431  25.1964  99.9868  25.4893  3.3385
100.8160  25.0395  99.9868  25.4893  3.3148
99.0384  24.3221  99.9868  25.4893  3.3343
100.7200  24.6420  99.9868  25.4893  3.2292
98.3382  24.3368  99.9868  25.4893  3.3191
99.6453  24.8769  99.9868  25.4893  3.3755
98.4849  24.7484  99.9868  25.4893  3.3346
98.5433  25.5117  99.9868  25.4893  3.2676
99.1663  24.7523  99.9868  25.4893  3.3254
99.2375  25.4847  99.9868  25.4893  3.2772
98.2175  24.6619  99.9868  25.4893  3.2897
99.8799  24.7112  99.9868  25.4893  3.3537
100.7810  24.1990  99.9868  25.4893  3.2662
99.9445  24.3191  99.9868  25.4893  3.3326
99.7242  24.0204  99.9868  25.4893  3.3272
100.8990  25.3230  99.9868  25.4893  3.1937
99.6235  24.5257  99.9868  25.4893  3.2885
100.8960  25.5945  99.9868  25.4893  3.3369
99.5713  23.7032  99.9868  25.4893  3.3342
98.8634  25.4505  99.9868  25.4893  3.2247
99.0325  24.5549  99.9868  25.4893  3.3201
100.2940  23.5890  99.9868  25.4893  3.3700
99.5529  24.2045  99.9868  25.4893  3.2891
98.5651  24.1350  99.9868  25.4893  3.2852
100.3690  24.1603  99.9868  25.4893  3.3855
97.6622  23.9027  99.9868  25.4893  3.3621
98.8350  24.6942  99.9868  25.4893  3.2454
100.8080  24.4547  99.9868  25.4893  3.2608
100.5960  26.2944  99.9868  25.4893  3.2586
100.4120  23.9586  99.9868  25.4893  3.3769
98.8783  23.5554  99.9868  25.4893  3.3538
98.3349  25.2175  99.9868  25.4893  3.2511
97.7332  24.3999  99.9868  25.4893  3.2884
97.9699  24.7130  99.9868  25.4893  3.2671
100.4690  24.5924  99.9868  25.4893  3.5476
100.1990  24.7084  99.9868  25.4893  3.5069
99.3404  24.5305  99.9868  25.4893  3.2996
99.8346  24.9958  99.9868  25.4893  3.3725
99.0268  23.8963  99.9868  25.4893  3.3340
99.5529  24.2045  99.4300  26.2040  3.3038
98.4849  24.7484  99.4300  26.2040  3.3088
99.6453  24.8769  99.4300  26.2040  3.2732
100.1990  24.7084  99.4300  26.2040  3.4730
100.8160  25.0395  99.4300  26.2040  3.2664
99.9868  25.4893  99.4300  26.2040  3.4431
99.4137  25.2954  99.4300  26.2040  3.3009
100.3200  25.2400  99.4300  26.2040  3.1837
100.1000  25.9100  99.4300  26.2040  3.3267
99.9445  24.3191  99.4300  26.2040  3.3382
100.4900  25.3500  99.4300  26.2040  3.2912
98.2175  24.6619  99.4300  26.2040  3.3086
99.4801  25.0480  99.4300  26.2040  3.2605
98.6668  24.9037  99.4300  26.2040  3.2907
100.8960  25.5945  99.4300  26.2040  3.1855
99.2375  25.4847  99.4300  26.2040  3.3204
98.8431  25.1964  99.4300  26.2040  3.2623
100.7810  24.1990  99.4300  26.2040  3.3111
98.5651  24.1350  99.4300  26.2040  3.3169
97.6568  24.6108  99.4300  26.2040  3.2870
98.3382  24.3368  99.4300  26.2040  3.3306
99.0325  24.5549  99.4300  26.2040  3.2746
97.6622  23.9027  99.4300  26.2040  3.2940
99.7771  25.3419  99.4300  26.2040  3.4207
100.4990  25.5666  99.4300  26.2040  3.2916
100.5960  26.2944  99.4300  26.2040  3.1710
99.4024  25.6322  99.4300  26.2040  3.3845
98.8350  24.6942  99.4300  26.2040  3.2669
100.2940  23.5890  99.4300  26.2040  3.3177
99.1663  24.7523  99.4300  26.2040  3.2597
97.9350  25.1078  99.4300  26.2040  3.2355
97.9699  24.7130  99.4300  26.2040  3.2355
100.5200  25.8500  99.4300  26.2040  3.2006
100.8560  25.9242  99.4300  26.2040  3.1857
98.3349  25.2175  99.4300  26.2040  3.2351
99.0384  24.3221  99.4300  26.2040  3.2808
100.2160  25.0148  99.4300  26.2040  3.2257
98.8634  25.4505  99.4300  26.2040  3.3008
98.5433  25.5117  99.4300  26.2040  3.2779
97.7332  24.3999  99.4300  26.2040  3.2674
99.8799  24.7112  99.4300  26.2040  3.3275
99.3404  24.5305  99.4300  26.2040  3.2675
99.8346  24.9958  99.4300  26.2040  3.3453
99.6235  24.5257  99.4300  26.2040  3.2993
99.0268  23.8963  99.4300  26.2040  3.3069
97.7857  24.1826  99.4300  26.2040  3.2619
100.4120  23.9586  99.4300  26.2040  3.2515
98.8783  23.5554  99.4300  26.2040  3.3193
99.7280  25.5410  99.4300  26.2040  3.4938
100.4690  24.5924  99.4300  26.2040  3.2255
99.7242  24.0204  99.4300  26.2040  3.3194
98.0252  24.4972  99.4300  26.2040  3.2635
100.8080  24.4547  99.4300  26.2040  3.3190
100.8990  25.3230  99.4300  26.2040  3.2163
100.7200  24.6420  99.4300  26.2040  3.3083
100.3690  24.1603  99.4300  26.2040  3.2591
100.5230  25.0541  99.4300  26.2040  3.2553
99.5713  23.7032  99.4300  26.2040  3.3182
97.6622  23.9027  99.1663  24.7523  3.4349
98.3382  24.3368  99.1663  24.7523  3.5083
100.0910  24.8650  99.1663  24.7523  3.4356
99.9445  24.3191  99.1663  24.7523  3.4245
98.2175  24.6619  99.1663  24.7523  3.3695
100.8080  24.4547  99.1663  24.7523  3.2700
98.0252  24.4972  99.1663  24.7523  3.4472
99.8799  24.7112  99.1663  24.7523  3.4617
97.7332  24.3999  99.1663  24.7523  3.3936
98.8783  23.5554  99.1663  24.7523  3.3660
100.4120  23.9586  99.1663  24.7523  3.3872
97.6568  24.6108  99.1663  24.7523  3.3817
97.9350  25.1078  99.1663  24.7523  3.1986
100.4690  24.5924  99.1663  24.7523  3.3377
100.7200  24.6420  99.1663  24.7523  3.3370
99.5713  23.7032  99.1663  24.7523  3.3966
100.2940  23.5890  99.1663  24.7523  3.3768
100.7810  24.1990  99.1663  24.7523  3.2861
97.9699  24.7130  99.1663  24.7523  3.3741
99.0268  23.8963  99.1663  24.7523  3.4531
100.8160  25.0395  99.1663  24.7523  3.2762
98.5651  24.1350  99.1663  24.7523  3.5330
100.1990  24.7084  99.1663  24.7523  3.3125
100.3690  24.1603  99.1663  24.7523  3.3294
97.7857  24.1826  99.1663  24.7523  3.4338
97.7857  24.1826  99.6453  24.8769  3.3110
100.7810  24.1990  99.6453  24.8769  3.4238
100.4120  23.9586  99.6453  24.8769  3.2748
97.9699  24.7130  99.6453  24.8769  3.3390
99.0268  23.8963  99.6453  24.8769  3.3723
100.7200  24.6420  99.6453  24.8769  3.2796
99.7242  24.0204  99.6453  24.8769  3.4721
98.3382  24.3368  99.6453  24.8769  3.4710
100.3690  24.1603  99.6453  24.8769  3.3379
100.8160  25.0395  99.6453  24.8769  3.3245
100.2940  23.5890  99.6453  24.8769  3.3875
99.5529  24.2045  99.6453  24.8769  3.4491
98.8783  23.5554  99.6453  24.8769  3.3535
97.9350  25.1078  99.6453  24.8769  3.2131
100.8080  24.4547  99.6453  24.8769  3.2795
98.2175  24.6619  99.6453  24.8769  3.3278
99.5713  23.7032  99.6453  24.8769  3.3506
100.1990  24.7084  99.6453  24.8769  3.4743
98.0252  24.4972  99.6453  24.8769  3.3534
97.6568  24.6108  99.6453  24.8769  3.3855
97.7332  24.3999  99.6453  24.8769  3.3899
97.6622  23.9027  99.6453  24.8769  3.3321
98.5651  24.1350  99.6453  24.8769  3.2919
99.5529  24.2045  97.9350  25.1078  3.2480
98.8783  23.5554  97.9350  25.1078  3.4557
100.2940  23.5890  97.9350  25.1078  3.3320
100.4690  24.5924  97.9350  25.1078  3.2816
98.0252  24.4972  97.9350  25.1078  3.5323
98.5651  24.1350  97.9350  25.1078  3.5440
100.7810  24.1990  97.9350  25.1078  3.2979
97.7857  24.1826  97.9350  25.1078  3.3725
99.8799  24.7112  97.9350  25.1078  3.2740
98.3382  24.3368  97.9350  25.1078  3.5323
97.7332  24.3999  97.9350  25.1078  3.4969
99.0268  23.8963  97.9350  25.1078  3.2505
100.7200  24.6420  97.9350  25.1078  3.2805
100.8160  25.0395  97.9350  25.1078  3.2779
97.6622  23.9027  97.9350  25.1078  3.3613
99.7242  24.0204  97.9350  25.1078  3.3160
100.0910  24.8650  97.9350  25.1078  3.2058
99.9445  24.3191  97.9350  25.1078  3.2634
100.8080  24.4547  97.9350  25.1078  3.2852
100.3690  24.1603  97.9350  25.1078  3.3278
100.4120  23.9586  97.9350  25.1078  3.3286
100.1990  24.7084  97.9350  25.1078  3.2498
100.8160  25.0395  99.0268  23.8963  3.3553
100.7810  24.1990  99.0268  23.8963  3.3331
100.7200  24.6420  99.0268  23.8963  3.4213
100.4120  23.9586  99.0268  23.8963  3.2834
99.5713  23.7032  99.0268  23.8963  3.4348
99.7242  24.0204  99.0268  23.8963  3.5223
100.8080  24.4547  99.0268  23.8963  3.4219
100.2940  23.5890  99.0268  23.8963  3.3151
99.5529  24.2045  98.8350  24.6942  3.2500
97.7332  24.3999  98.8350  24.6942  3.5365
97.9699  24.7130  98.8350  24.6942  3.3973
97.9350  25.1078  98.8350  24.6942  3.2892
97.7857  24.1826  98.8350  24.6942  3.4991
98.2175  24.6619  98.8350  24.6942  3.5141
99.6453  24.8769  98.8350  24.6942  3.4103
98.8783  23.5554  98.8350  24.6942  3.3836
98.0252  24.4972  98.8350  24.6942  3.5021
100.4120  23.9586  98.8350  24.6942  3.2768
97.6568  24.6108  98.8350  24.6942  3.4006
100.3690  24.1603  98.8350  24.6942  3.3602
99.9445  24.3191  98.8350  24.6942  3.2288
100.7810  24.1990  98.8350  24.6942  3.2644
100.1990  24.7084  98.8350  24.6942  3.2709
99.8799  24.7112  98.8350  24.6942  3.2901
97.6622  23.9027  98.8350  24.6942  3.3948
100.7200  24.6420  98.8350  24.6942  3.3134
99.7242  24.0204  98.8350  24.6942  3.3665
99.4801  25.0480  98.8350  24.6942  3.5336
100.8080  24.4547  98.8350  24.6942  3.2926
100.8160  25.0395  98.8350  24.6942  3.3103
100.2940  23.5890  98.8350  24.6942  3.3638
99.0268  23.8963  98.8350  24.6942  3.4685
99.6235  24.5257  98.8350  24.6942  3.3234
100.0910  24.8650  98.8350  24.6942  3.3526
99.8346  24.9958  98.8350  24.6942  3.3993
99.5713  23.7032  98.8350  24.6942  3.5495
100.4690  24.5924  98.8350  24.6942  3.3170
99.3404  24.5305  98.8350  24.6942  3.3863
99.0268  23.8963  100.1000  25.9100  3.3158
99.0325  24.5549  100.1000  25.9100  3.2884
98.8350  24.6942  100.1000  25.9100  3.2543
100.3690  24.1603  100.1000  25.9100  3.3366
98.8431  25.1964  100.1000  25.9100  3.2421
100.8080  24.4547  100.1000  25.9100  3.2769
97.6568  24.6108  100.1000  25.9100  3.2437
100.1990  24.7084  100.1000  25.9100  3.2862
99.5529  24.2045  100.1000  25.9100  3.2601
100.4690  24.5924  100.1000  25.9100  3.3187
99.7242  24.0204  100.1000  25.9100  3.2824
97.7332  24.3999  100.1000  25.9100  3.2891
100.7810  24.1990  100.1000  25.9100  3.3144
98.8783  23.5554  100.1000  25.9100  3.3189
100.7200  24.6420  100.1000  25.9100  3.3092
98.3349  25.2175  100.1000  25.9100  3.2045
98.2175  24.6619  100.1000  25.9100  3.3134
98.4849  24.7484  100.1000  25.9100  3.2559
98.8634  25.4505  100.1000  25.9100  3.3427
98.6668  24.9037  100.1000  25.9100  3.2378
97.9350  25.1078  100.1000  25.9100  3.2334
99.5713  23.7032  100.1000  25.9100  3.3006
97.6622  23.9027  100.1000  25.9100  3.3533
97.7857  24.1826  100.1000  25.9100  3.3313
99.6453  24.8769  100.1000  25.9100  3.2130
100.4120  23.9586  100.1000  25.9100  3.3317
99.8799  24.7112  100.1000  25.9100  3.2304
99.8346  24.9958  100.1000  25.9100  3.2164
97.9699  24.7130  100.1000  25.9100  3.2384
100.5960  26.2944  100.1000  25.9100  3.5389
99.4801  25.0480  100.1000  25.9100  3.2568
100.8160  25.0395  100.1000  25.9100  3.1908
99.1663  24.7523  100.1000  25.9100  3.2640
98.0252  24.4972  100.1000  25.9100  3.3202
98.5651  24.1350  100.1000  25.9100  3.2848
98.3382  24.3368  100.1000  25.9100  3.2899
99.3404  24.5305  100.1000  25.9100  3.2496
100.2940  23.5890  100.1000  25.9100  3.3394
99.2375  25.4847  100.1000  25.9100  3.3297
99.0384  24.3221  100.1000  25.9100  3.2998
98.5433  25.5117  100.1000  25.9100  3.1907
99.9445  24.3191  100.1000  25.9100  3.2727
100.0910  24.8650  100.1000  25.9100  3.2759
99.6235  24.5257  100.1000  25.9100  3.2305
100.3690  24.1603  98.0252  24.4972  3.3203
99.5529  24.2045  98.0252  24.4972  3.3027
100.1990  24.7084  98.0252  24.4972  3.3655
100.0910  24.8650  98.0252  24.4972  3.4513
100.7810  24.1990  98.0252  24.4972  3.3310
100.8080  24.4547  98.0252  24.4972  3.3330
99.8799  24.7112  98.0252  24.4972  3.4168
100.8160  25.0395  98.0252  24.4972  3.3405
99.0268  23.8963  98.0252  24.4972  3.4324
100.2940  23.5890  98.0252  24.4972  3.3489
100.4690  24.5924  98.0252  24.4972  3.3723
100.4120  23.9586  98.0252  24.4972  3.3366
99.5713  23.7032  98.0252  24.4972  3.3212
99.7242  24.0204  98.0252  24.4972  3.3395
99.9445  24.3191  98.0252  24.4972  3.2969
100.7200  24.6420  98.0252  24.4972  3.3489
99.6235  24.5257  100.8960  25.5945  3.2876
99.1663  24.7523  100.8960  25.5945  3.3105
99.9445  24.3191  100.8960  25.5945  3.2865
100.2940  23.5890  100.8960  25.5945  3.2937
99.3404  24.5305  100.8960  25.5945  3.2458
99.0384  24.3221  100.8960  25.5945  3.2822
98.8634  25.4505  100.8960  25.5945  3.2302
98.2175  24.6619  100.8960  25.5945  3.3232
100.8080  24.4547  100.8960  25.5945  3.3168
99.6453  24.8769  100.8960  25.5945  3.2603
100.7200  24.6420  100.8960  25.5945  3.2675
99.2375  25.4847  100.8960  25.5945  3.2457
98.8350  24.6942  100.8960  25.5945  3.2854
98.3382  24.3368  100.8960  25.5945  3.2490
98.6668  24.9037  100.8960  25.5945  3.2623
100.7810  24.1990  100.8960  25.5945  3.3057
97.9350  25.1078  100.8960  25.5945  3.2243
100.1000  25.9100  100.8960  25.5945  3.2781
98.5651  24.1350  100.8960  25.5945  3.3341
97.6568  24.6108  100.8960  25.5945  3.3027
97.6622  23.9027  100.8960  25.5945  3.3206
98.0252  24.4972  100.8960  25.5945  3.3133
99.0268  23.8963  100.8960  25.5945  3.3048
97.7332  24.3999  100.8960  25.5945  3.3173
99.8346  24.9958  100.8960  25.5945  3.2610
99.5713  23.7032  100.8960  25.5945  3.3301
99.0325  24.5549  100.8960  25.5945  3.3163
99.4801  25.0480  100.8960  25.5945  3.3014
100.8160  25.0395  100.8960  25.5945  3.4213
98.8783  23.5554  100.8960  25.5945  3.3193
99.7242  24.0204  100.8960  25.5945  3.3066
99.8799  24.7112  100.8960  25.5945  3.3407
98.4849  24.7484  100.8960  25.5945  3.2775
99.5529  24.2045  100.8960  25.5945  3.3224
98.3349  25.2175  100.8960  25.5945  3.2263
100.4690  24.5924  100.8960  25.5945  3.2386
100.1990  24.7084  100.8960  25.5945  3.2586
100.3690  24.1603  100.8960  25.5945  3.3012
100.4120  23.9586  100.8960  25.5945  3.2858
98.5433  25.5117  100.8960  25.5945  3.2565
100.0910  24.8650  100.8960  25.5945  3.3453
97.9699  24.7130  100.8960  25.5945  3.2995
98.8431  25.1964  100.8960  25.5945  3.2831
97.7857  24.1826  100.8960  25.5945  3.3203
99.0268  23.8963  99.9445  24.3191  3.4803
100.4120  23.9586  99.9445  24.3191  3.3719
100.8080  24.4547  99.9445  24.3191  3.5105
99.5713  23.7032  99.9445  24.3191  3.4714
98.8783  23.5554  99.9445  24.3191  3.3872
100.7810  24.1990  99.9445  24.3191  3.2073
100.8160  25.0395  99.9445  24.3191  3.4084
100.3690  24.1603  99.9445  24.3191  3.4281
100.7200  24.6420  99.7771  25.3419  3.3620
97.9699  24.7130  99.7771  25.3419  3.2482
97.6622  23.9027  99.7771  25.3419  3.3905
98.4849  24.7484  99.7771  25.3419  3.3384
100.4990  25.5666  99.7771  25.3419  3.3632
98.8634  25.4505  99.7771  25.3419  3.2070
98.8350  24.6942  99.7771  25.3419  3.2908
98.0252  24.4972  99.7771  25.3419  3.2822
98.5433  25.5117  99.7771  25.3419  3.2541
99.1663  24.7523  99.7771  25.3419  3.4222
99.0384  24.3221  99.7771  25.3419  3.3297
100.3690  24.1603  99.7771  25.3419  3.4209
100.5960  26.2944  99.7771  25.3419  3.2577
100.8990  25.3230  99.7771  25.3419  3.2041
97.7332  24.3999  99.7771  25.3419  3.2759
97.6568  24.6108  99.7771  25.3419  3.2995
99.0325  24.5549  99.7771  25.3419  3.3354
100.7810  24.1990  99.7771  25.3419  3.3393
99.3404  24.5305  99.7771  25.3419  3.3381
100.4900  25.3500  99.7771  25.3419  3.2864
98.5651  24.1350  99.7771  25.3419  3.3325
98.3349  25.2175  99.7771  25.3419  3.2610
100.2940  23.5890  99.7771  25.3419  3.4052
99.6453  24.8769  99.7771  25.3419  3.5248
98.3382  24.3368  99.7771  25.3419  3.3095
99.6235  24.5257  99.7771  25.3419  3.3545
100.4690  24.5924  99.7771  25.3419  3.2863
99.5529  24.2045  99.7771  25.3419  3.3012
98.8431  25.1964  99.7771  25.3419  3.3548
100.3200  25.2400  99.7771  25.3419  3.4523
99.7242  24.0204  99.7771  25.3419  3.3416
97.9350  25.1078  99.7771  25.3419  3.2829
99.0268  23.8963  99.7771  25.3419  3.3263
98.8783  23.5554  99.7771  25.3419  3.3400
100.4120  23.9586  99.7771  25.3419  3.4734
98.6668  24.9037  99.7771  25.3419  3.3738
99.9445  24.3191  99.7771  25.3419  3.4215
97.7857  24.1826  99.7771  25.3419  3.3350
99.5713  23.7032  99.7771  25.3419  3.3519
98.2175  24.6619  99.7771  25.3419  3.3180
100.8080  24.4547  99.7771  25.3419  3.3766
100.5230  25.0541  99.7771  25.3419  3.3286
100.8960  25.5945  99.7771  25.3419  3.3280
100.8160  25.0395  99.7771  25.3419  3.2512
99.2375  25.4847  99.7771  25.3419  3.3238
100.1000  25.9100  99.7771  25.3419  3.2935
99.5529  24.2045  100.5960  26.2944  3.2809
97.7857  24.1826  100.5960  26.2944  3.2980
100.0910  24.8650  100.5960  26.2944  3.1870
98.3349  25.2175  100.5960  26.2944  3.1782
99.4801  25.0480  100.5960  26.2944  3.2731
99.5713  23.7032  100.5960  26.2944  3.2952
100.8080  24.4547  100.5960  26.2944  3.3063
98.8431  25.1964  100.5960  26.2944  3.2450
99.2375  25.4847  100.5960  26.2944  3.2005
99.6235  24.5257  100.5960  26.2944  3.2630
100.8160  25.0395  100.5960  26.2944  3.3076
99.8799  24.7112  100.5960  26.2944  3.2357
100.3690  24.1603  100.5960  26.2944  3.3320
99.6453  24.8769  100.5960  26.2944  3.2625
98.5651  24.1350  100.5960  26.2944  3.2696
99.7242  24.0204  100.5960  26.2944  3.2748
97.9699  24.7130  100.5960  26.2944  3.2256
99.8346  24.9958  100.5960  26.2944  3.2256
98.6668  24.9037  100.5960  26.2944  3.2593
100.7810  24.1990  100.5960  26.2944  3.3171
98.3382  24.3368  100.5960  26.2944  3.2915
100.2940  23.5890  100.5960  26.2944  3.3077
100.1990  24.7084  100.5960  26.2944  3.2498
97.7332  24.3999  100.5960  26.2944  3.2687
99.1663  24.7523  100.5960  26.2944  3.2565
99.0384  24.3221  100.5960  26.2944  3.2844
98.8350  24.6942  100.5960  26.2944  3.2282
97.6568  24.6108  100.5960  26.2944  3.2432
100.7200  24.6420  100.5960  26.2944  3.2844
99.9445  24.3191  100.5960  26.2944  3.2597
97.6622  23.9027  100.5960  26.2944  3.3127
99.3404  24.5305  100.5960  26.2944  3.2840
100.4120  23.9586  100.5960  26.2944  3.2998
98.8783  23.5554  100.5960  26.2944  3.3306
98.8634  25.4505  100.5960  26.2944  3.2805
98.4849  24.7484  100.5960  26.2944  3.2861
100.4690  24.5924  100.5960  26.2944  3.2705
97.9350  25.1078  100.5960  26.2944  3.2062
98.5433  25.5117  100.5960  26.2944  3.1819
98.0252  24.4972  100.5960  26.2944  3.2951
99.0325  24.5549  100.5960  26.2944  3.2611
99.0268  23.8963  100.5960  26.2944  3.3209
98.2175  24.6619  100.5960  26.2944  3.2810
99.3404  24.5305  100.2160  25.0148  3.3774
98.6668  24.9037  100.2160  25.0148  3.3260
99.1663  24.7523  100.2160  25.0148  3.4161
97.9350  25.1078  100.2160  25.0148  3.2809
100.7200  24.6420  100.2160  25.0148  3.2149
99.0325  24.5549  100.2160  25.0148  3.3549
99.6235  24.5257  100.2160  25.0148  3.5017
98.8350  24.6942  100.2160  25.0148  3.3393
97.9699  24.7130  100.2160  25.0148  3.3119
98.8431  25.1964  100.2160  25.0148  3.2548
99.0268  23.8963  100.2160  25.0148  3.3753
98.8634  25.4505  100.2160  25.0148  3.2091
99.9445  24.3191  100.2160  25.0148  3.3987
98.4849  24.7484  100.2160  25.0148  3.3416
98.5651  24.1350  100.2160  25.0148  3.3697
97.6622  23.9027  100.2160  25.0148  3.3534
99.5713  23.7032  100.2160  25.0148  3.3165
99.2375  25.4847  100.2160  25.0148  3.3651
100.4120  23.9586  100.2160  25.0148  3.4752
97.7332  24.3999  100.2160  25.0148  3.3949
98.2175  24.6619  100.2160  25.0148  3.3947
99.5529  24.2045  100.2160  25.0148  3.3523
99.4801  25.0480  100.2160  25.0148  3.3169
98.0252  24.4972  100.2160  25.0148  3.3989
100.8960  25.5945  100.2160  25.0148  3.3782
100.7810  24.1990  100.2160  25.0148  3.3456
100.4990  25.5666  100.2160  25.0148  3.3243
97.7857  24.1826  100.2160  25.0148  3.3660
98.8783  23.5554  100.2160  25.0148  3.3805
99.0384  24.3221  100.2160  25.0148  3.2743
100.8160  25.0395  100.2160  25.0148  3.4731
98.3382  24.3368  100.2160  25.0148  3.2480
97.6568  24.6108  100.2160  25.0148  3.3215
100.1000  25.9100  100.2160  25.0148  3.3237
98.5433  25.5117  100.2160  25.0148  3.2263
99.7242  24.0204  100.2160  25.0148  3.3174
100.2940  23.5890  100.2160  25.0148  3.3680
100.5960  26.2944  100.2160  25.0148  3.2192
100.8080  24.4547  100.2160  25.0148  3.2414
99.6453  24.8769  100.2160  25.0148  3.4975
98.3349  25.2175  100.2160  25.0148  3.2637
100.2940  23.5890  100.8080  24.4547  3.3035
100.4120  23.9586  100.8080  24.4547  3.4694
99.5713  23.7032  100.1990  24.7084  3.3531
100.7810  24.1990  100.1990  24.7084  3.3221
99.7242  24.0204  100.1990  24.7084  3.4212
100.2940  23.5890  100.1990  24.7084  3.4166
99.5529  24.2045  100.1990  24.7084  3.5535
99.0268  23.8963  100.1990  24.7084  3.3277
100.8080  24.4547  100.1990  24.7084  3.5286
98.8783  23.5554  100.1990  24.7084  3.3680
100.8080  24.4547  98.3382  24.3368  3.3874
99.7242  24.0204  98.3382  24.3368  3.2973
100.3690  24.1603  98.3382  24.3368  3.3123
99.0268  23.8963  98.3382  24.3368  3.4662
99.5713  23.7032  98.3382  24.3368  3.3944
99.5529  24.2045  98.3382  24.3368  3.4264
100.2940  23.5890  98.3382  24.3368  3.3668
100.1990  24.7084  98.3382  24.3368  3.3754
99.8799  24.7112  98.3382  24.3368  3.3812
99.9445  24.3191  98.3382  24.3368  3.3922
100.7200  24.6420  98.3382  24.3368  3.4138
100.4120  23.9586  98.3382  24.3368  3.3194
100.0910  24.8650  98.3382  24.3368  3.4039
100.8160  25.0395  98.3382  24.3368  3.3359
100.7810  24.1990  98.3382  24.3368  3.3309
100.3690  24.1603  100.1700  26.3600  3.3402
99.4137  25.2954  100.1700  26.3600  3.2399
99.0325  24.5549  100.1700  26.3600  3.2636
100.8560  25.9242  100.1700  26.3600  3.2544
97.9699  24.7130  100.1700  26.3600  3.2836
98.8431  25.1964  100.1700  26.3600  3.2288
99.9868  25.4893  100.1700  26.3600  3.2506
100.4120  23.9586  100.1700  26.3600  3.3239
97.7332  24.3999  100.1700  26.3600  3.2957
99.9445  24.3191  100.1700  26.3600  3.2797
100.2160  25.0148  100.1700  26.3600  3.2355
99.6235  24.5257  100.1700  26.3600  3.2427
100.8960  25.5945  100.1700  26.3600  3.1643
100.4690  24.5924  100.1700  26.3600  3.2837
99.8346  24.9958  100.1700  26.3600  3.2211
98.0252  24.4972  100.1700  26.3600  3.2964
98.5433  25.5117  100.1700  26.3600  3.2576
99.4801  25.0480  100.1700  26.3600  3.2248
98.8350  24.6942  100.1700  26.3600  3.2756
98.5651  24.1350  100.1700  26.3600  3.3146
99.7242  24.0204  100.1700  26.3600  3.2867
100.2940  23.5890  100.1700  26.3600  3.3207
100.7200  24.6420  100.1700  26.3600  3.3231
100.4990  25.5666  100.1700  26.3600  3.4760
99.2375  25.4847  100.1700  26.3600  3.2810
99.6453  24.8769  100.1700  26.3600  3.2268
100.0910  24.8650  100.1700  26.3600  3.2159
98.4849  24.7484  100.1700  26.3600  3.2397
98.6668  24.9037  100.1700  26.3600  3.2473
99.8799  24.7112  100.1700  26.3600  3.2441
99.5529  24.2045  100.1700  26.3600  3.2569
99.1663  24.7523  100.1700  26.3600  3.2492
97.6568  24.6108  100.1700  26.3600  3.2395
100.8080  24.4547  100.1700  26.3600  3.3315
99.7280  25.5410  100.1700  26.3600  3.2548
99.4300  26.2040  100.1700  26.3600  3.2411
97.6622  23.9027  100.1700  26.3600  3.3324
97.9350  25.1078  100.1700  26.3600  3.1832
97.7857  24.1826  100.1700  26.3600  3.3111
100.5960  26.2944  100.1700  26.3600  3.2907
100.4900  25.3500  100.1700  26.3600  3.3607
98.3382  24.3368  100.1700  26.3600  3.2553
100.1990  24.7084  100.1700  26.3600  3.2598
100.5230  25.0541  100.1700  26.3600  3.2890
99.0268  23.8963  100.1700  26.3600  3.2886
99.5713  23.7032  100.1700  26.3600  3.3032
99.3404  24.5305  100.1700  26.3600  3.2696
100.7810  24.1990  100.1700  26.3600  3.3355
98.3349  25.2175  100.1700  26.3600  3.2720
99.8316  25.8146  100.1700  26.3600  3.3533
100.1000  25.9100  100.1700  26.3600  3.5063
98.8783  23.5554  100.1700  26.3600  3.3080
99.7771  25.3419  100.1700  26.3600  3.2153
100.3200  25.2400  100.1700  26.3600  3.2799
98.8634  25.4505  100.1700  26.3600  3.2096
98.2175  24.6619  100.1700  26.3600  3.2659
99.0384  24.3221  100.1700  26.3600  3.2909
99.4024  25.6322  100.1700  26.3600  3.2853
97.6568  24.6108  98.3349  25.2175  3.4174
100.8160  25.0395  98.3349  25.2175  3.2531
100.4690  24.5924  98.3349  25.2175  3.2718
99.8346  24.9958  98.3349  25.2175  3.2474
100.7200  24.6420  98.3349  25.2175  3.2711
99.9445  24.3191  98.3349  25.2175  3.2640
99.8799  24.7112  98.3349  25.2175  3.2701
100.7810  24.1990  98.3349  25.2175  3.3134
99.5713  23.7032  98.3349  25.2175  3.3218
98.5651  24.1350  98.3349  25.2175  3.3285
99.1663  24.7523  98.3349  25.2175  3.2410
99.4801  25.0480  98.3349  25.2175  3.2465
100.3690  24.1603  98.3349  25.2175  3.3187
99.6235  24.5257  98.3349  25.2175  3.3026
100.1990  24.7084  98.3349  25.2175  3.2160
97.7857  24.1826  98.3349  25.2175  3.3621
100.8080  24.4547  98.3349  25.2175  3.2851
98.4849  24.7484  98.3349  25.2175  3.5037
97.6622  23.9027  98.3349  25.2175  3.3593
98.0252  24.4972  98.3349  25.2175  3.4070
99.0384  24.3221  98.3349  25.2175  3.5257
98.3382  24.3368  98.3349  25.2175  3.3315
99.0325  24.5549  98.3349  25.2175  3.5285
99.5529  24.2045  98.3349  25.2175  3.3477
98.2175  24.6619  98.3349  25.2175  3.4117
99.6453  24.8769  98.3349  25.2175  3.1990
97.7332  24.3999  98.3349  25.2175  3.4189
99.2375  25.4847  98.3349  25.2175  3.3577
98.8783  23.5554  98.3349  25.2175  3.3447
98.8431  25.1964  98.3349  25.2175  3.3581
99.3404  24.5305  98.3349  25.2175  3.3246
100.4120  23.9586  98.3349  25.2175  3.3021
99.7242  24.0204  98.3349  25.2175  3.4137
99.0268  23.8963  98.3349  25.2175  3.3850
100.7200  24.6420  98.2175  24.6619  3.3248
100.8160  25.0395  98.2175  24.6619  3.2933
99.9445  24.3191  98.2175  24.6619  3.2731
100.4690  24.5924  98.2175  24.6619  3.3166
99.5713  23.7032  98.2175  24.6619  3.4390
100.0910  24.8650  98.2175  24.6619  3.4190
99.7242  24.0204  98.2175  24.6619  3.2976
99.8799  24.7112  98.2175  24.6619  3.3600
100.8080  24.4547  98.2175  24.6619  3.3243
99.5529  24.2045  98.2175  24.6619  3.2764
98.8783  23.5554  98.2175  24.6619  3.5007
97.6622  23.9027  98.2175  24.6619  3.4759
100.2940  23.5890  98.2175  24.6619  3.3487
100.3690  24.1603  98.2175  24.6619  3.2942
100.4120  23.9586  98.2175  24.6619  3.3342
100.1990  24.7084  98.2175  24.6619  3.2839
99.0268  23.8963  98.2175  24.6619  3.3979
100.7810  24.1990  98.2175  24.6619  3.3032
98.8350  24.6942  100.4900  25.3500  3.3419
98.4849  24.7484  100.4900  25.3500  3.2543
98.3349  25.2175  100.4900  25.3500  3.2148
98.8431  25.1964  100.4900  25.3500  3.2769
98.3382  24.3368  100.4900  25.3500  3.2802
99.9868  25.4893  100.4900  25.3500  3.3369
100.4690  24.5924  100.4900  25.3500  3.4013
99.5713  23.7032  100.4900  25.3500  3.3164
99.6453  24.8769  100.4900  25.3500  3.3400
97.9699  24.7130  100.4900  25.3500  3.3072
99.2375  25.4847  100.4900  25.3500  3.2723
100.3690  24.1603  100.4900  25.3500  3.3881
99.6235  24.5257  100.4900  25.3500  3.3257
97.9350  25.1078  100.4900  25.3500  3.2355
98.5651  24.1350  100.4900  25.3500  3.3550
99.8346  24.9958  100.4900  25.3500  3.4686
97.6622  23.9027  100.4900  25.3500  3.3121
99.4801  25.0480  100.4900  25.3500  3.3169
97.6568  24.6108  100.4900  25.3500  3.3034
99.9445  24.3191  100.4900  25.3500  3.2485
100.1990  24.7084  100.4900  25.3500  3.3548
99.8799  24.7112  100.4900  25.3500  3.3370
97.7332  24.3999  100.4900  25.3500  3.3521
99.0268  23.8963  100.4900  25.3500  3.3150
98.2175  24.6619  100.4900  25.3500  3.3012
98.5433  25.5117  100.4900  25.3500  3.2370
100.2940  23.5890  100.4900  25.3500  3.3426
98.8783  23.5554  100.4900  25.3500  3.3525
100.8990  25.3230  100.4900  25.3500  3.4455
98.6668  24.9037  100.4900  25.3500  3.2394
99.5529  24.2045  100.4900  25.3500  3.3129
99.0384  24.3221  100.4900  25.3500  3.2673
100.7810  24.1990  100.4900  25.3500  3.4405
98.0252  24.4972  100.4900  25.3500  3.3241
99.1663  24.7523  100.4900  25.3500  3.2772
100.4120  23.9586  100.4900  25.3500  3.3454
99.0325  24.5549  100.4900  25.3500  3.2686
98.8634  25.4505  100.4900  25.3500  3.2026
100.0910  24.8650  100.4900  25.3500  3.4533
99.3404  24.5305  100.4900  25.3500  3.2816
97.7857  24.1826  100.4900  25.3500  3.3198
100.5960  26.2944  100.4900  25.3500  3.2566
100.1000  25.9100  100.4900  25.3500  3.5454
99.7242  24.0204  100.4900  25.3500  3.2882
100.4120  23.9586  100.7200  24.6420  3.3927
100.2940  23.5890  100.7200  24.6420  3.3094
100.7200  24.6420  99.0384  24.3221  3.3427
100.1990  24.7084  99.0384  24.3221  3.4427
99.8799  24.7112  99.0384  24.3221  3.4350
100.8160  25.0395  99.0384  24.3221  3.3596
98.0252  24.4972  99.0384  24.3221  3.4206
100.3690  24.1603  99.0384  24.3221  3.3373
100.4120  23.9586  99.0384  24.3221  3.2843
97.7332  24.3999  99.0384  24.3221  3.4512
99.8346  24.9958  99.0384  24.3221  3.3774
99.5529  24.2045  99.0384  24.3221  3.4826
97.7857  24.1826  99.0384  24.3221  3.4422
99.7242  24.0204  99.0384  24.3221  3.4624
99.6453  24.8769  99.0384  24.3221  3.5360
99.4801  25.0480  99.0384  24.3221  3.4281
98.2175  24.6619  99.0384  24.3221  3.4094
97.9350  25.1078  99.0384  24.3221  3.3406
100.8080  24.4547  99.0384  24.3221  3.3544
97.6568  24.6108  99.0384  24.3221  3.2986
97.6622  23.9027  99.0384  24.3221  3.4841
100.2940  23.5890  99.0384  24.3221  3.3682
97.9699  24.7130  99.0384  24.3221  3.3776
100.7810  24.1990  99.0384  24.3221  3.2965
100.4690  24.5924  99.0384  24.3221  3.4118
99.9445  24.3191  99.0384  24.3221  3.3563
100.0910  24.8650  99.0384  24.3221  3.2936
98.8783  23.5554  99.0384  24.3221  3.4648
99.3404  24.5305  98.8863  26.3578  3.3103
99.4801  25.0480  98.8863  26.3578  3.3575
99.4300  26.2040  98.8863  26.3578  3.3089
98.2175  24.6619  98.8863  26.3578  3.2890
97.7857  24.1826  98.8863  26.3578  3.3265
98.8431  25.1964  98.8863  26.3578  3.2658
99.4024  25.6322  98.8863  26.3578  3.4530
99.6453  24.8769  98.8863  26.3578  3.3800
100.5960  26.2944  98.8863  26.3578  3.1593
99.2375  25.4847  98.8863  26.3578  3.5103
100.5200  25.8500  98.8863  26.3578  3.1866
100.4990  25.5666  98.8863  26.3578  3.1816
100.8560  25.9242  98.8863  26.3578  3.1613
99.1663  24.7523  98.8863  26.3578  3.3059
99.7242  24.0204  98.8863  26.3578  3.3318
99.5713  23.7032  98.8863  26.3578  3.3521
100.3690  24.1603  98.8863  26.3578  3.3371
99.0384  24.3221  98.8863  26.3578  3.3415
98.3382  24.3368  98.8863  26.3578  3.2964
99.9868  25.4893  98.8863  26.3578  3.2647
98.6668  24.9037  98.8863  26.3578  3.2843
98.8783  23.5554  98.8863  26.3578  3.3414
100.8990  25.3230  98.8863  26.3578  3.2150
100.7200  24.6420  98.8863  26.3578  3.2864
99.5529  24.2045  98.8863  26.3578  3.3483
99.9445  24.3191  98.8863  26.3578  3.2614
100.4690  24.5924  98.8863  26.3578  3.3226
98.8634  25.4505  98.8863  26.3578  3.3426
98.0252  24.4972  98.8863  26.3578  3.3026
100.2520  26.1294  98.8863  26.3578  3.1793
100.4900  25.3500  98.8863  26.3578  3.1881
98.8350  24.6942  98.8863  26.3578  3.2968
100.1000  25.9100  98.8863  26.3578  3.1583
98.5433  25.5117  98.8863  26.3578  3.3980
99.0268  23.8963  98.8863  26.3578  3.3319
100.2940  23.5890  98.8863  26.3578  3.3275
100.8160  25.0395  98.8863  26.3578  3.2257
100.8960  25.5945  98.8863  26.3578  3.1428
98.3349  25.2175  98.8863  26.3578  3.2950
99.4137  25.2954  98.8863  26.3578  3.4185
99.7771  25.3419  98.8863  26.3578  3.2069
99.8316  25.8146  98.8863  26.3578  3.2501
98.5651  24.1350  98.8863  26.3578  3.3138
100.4120  23.9586  98.8863  26.3578  3.3296
99.7280  25.5410  98.8863  26.3578  3.1851
100.1990  24.7084  98.8863  26.3578  3.3340
100.2160  25.0148  98.8863  26.3578  3.2920
100.7810  24.1990  98.8863  26.3578  3.3539
97.7332  24.3999  98.8863  26.3578  3.3110
97.9699  24.7130  98.8863  26.3578  3.2923
100.8080  24.4547  98.8863  26.3578  3.3337
100.5230  25.0541  98.8863  26.3578  3.2246
100.1700  26.3600  98.8863  26.3578  3.1660
99.8799  24.7112  98.8863  26.3578  3.2711
97.9350  25.1078  98.8863  26.3578  3.3014
99.0325  24.5549  98.8863  26.3578  3.3205
98.4849  24.7484  98.8863  26.3578  3.2776
99.6235  24.5257  98.8863  26.3578  3.3499
99.8346  24.9958  98.8863  26.3578  3.2797
100.3200  25.2400  98.8863  26.3578  3.2179
97.6568  24.6108  98.8863  26.3578  3.3155
98.6668  24.9037  100.3200  25.2400  3.2831
99.6235  24.5257  100.3200  25.2400  3.3541
100.8080  24.4547  100.3200  25.2400  3.3625
98.5651  24.1350  100.3200  25.2400  3.3417
100.1000  25.9100  100.3200  25.2400  3.4704
100.1990  24.7084  100.3200  25.2400  3.4502
98.3382  24.3368  100.3200  25.2400  3.2602
98.5433  25.5117  100.3200  25.2400  3.2234
100.8160  25.0395  100.3200  25.2400  3.2135
99.0268  23.8963  100.3200  25.2400  3.3452
97.7857  24.1826  100.3200  25.2400  3.3307
99.1663  24.7523  100.3200  25.2400  3.2953
98.8783  23.5554  100.3200  25.2400  3.3687
99.9445  24.3191  100.3200  25.2400  3.2988
100.4120  23.9586  100.3200  25.2400  3.3655
100.5960  26.2944  100.3200  25.2400  3.2257
98.3349  25.2175  100.3200  25.2400  3.2236
99.0384  24.3221  100.3200  25.2400  3.2767
97.6622  23.9027  100.3200  25.2400  3.3253
100.7200  24.6420  100.3200  25.2400  3.5373
99.6453  24.8769  100.3200  25.2400  3.4712
97.9350  25.1078  100.3200  25.2400  3.2712
100.8990  25.3230  100.3200  25.2400  3.3434
97.6568  24.6108  100.3200  25.2400  3.3114
99.5529  24.2045  100.3200  25.2400  3.3134
100.4990  25.5666  100.3200  25.2400  3.5418
98.8634  25.4505  100.3200  25.2400  3.2260
99.7242  24.0204  100.3200  25.2400  3.2825
98.2175  24.6619  100.3200  25.2400  3.3177
99.0325  24.5549  100.3200  25.2400  3.2544
99.5713  23.7032  100.3200  25.2400  3.3070
98.4849  24.7484  100.3200  25.2400  3.2548
98.8431  25.1964  100.3200  25.2400  3.2690
99.3404  24.5305  100.3200  25.2400  3.2944
98.0252  24.4972  100.3200  25.2400  3.3100
100.2940  23.5890  100.3200  25.2400  3.3636
97.9699  24.7130  100.3200  25.2400  3.3293
99.2375  25.4847  100.3200  25.2400  3.2070
97.7332  24.3999  100.3200  25.2400  3.3383
98.8350  24.6942  100.3200  25.2400  3.3602
100.7810  24.1990  100.3200  25.2400  3.5088
99.4801  25.0480  100.3200  25.2400  3.3757
99.8799  24.7112  100.3200  25.2400  3.4337
100.3690  24.1603  100.3200  25.2400  3.4377
100.7810  24.1990  100.5200  25.8500  3.3455
100.3690  24.1603  100.5200  25.8500  3.3520
98.5651  24.1350  100.5200  25.8500  3.2890
100.1000  25.9100  100.5200  25.8500  3.2189
99.3404  24.5305  100.5200  25.8500  3.3122
99.7242  24.0204  100.5200  25.8500  3.2930
98.8783  23.5554  100.5200  25.8500  3.3584
99.7280  25.5410  100.5200  25.8500  3.3593
99.0325  24.5549  100.5200  25.8500  3.2320
98.0252  24.4972  100.5200  25.8500  3.2198
99.4801  25.0480  100.5200  25.8500  3.2769
100.3200  25.2400  100.5200  25.8500  3.3441
99.1663  24.7523  100.5200  25.8500  3.2404
100.8080  24.4547  100.5200  25.8500  3.3467
99.0384  24.3221  100.5200  25.8500  3.2978
97.6622  23.9027  100.5200  25.8500  3.2979
99.5713  23.7032  100.5200  25.8500  3.3095
99.7771  25.3419  100.5200  25.8500  3.4397
99.9445  24.3191  100.5200  25.8500  3.2590
98.8431  25.1964  100.5200  25.8500  3.3158
99.8799  24.7112  100.5200  25.8500  3.2390
100.5230  25.0541  100.5200  25.8500  3.3728
97.7332  24.3999  100.5200  25.8500  3.2653
100.4120  23.9586  100.5200  25.8500  3.3455
100.1990  24.7084  100.5200  25.8500  3.2528
100.0910  24.8650  100.5200  25.8500  3.2588
100.2940  23.5890  100.5200  25.8500  3.3332
98.8350  24.6942  100.5200  25.8500  3.2546
100.2160  25.0148  100.5200  25.8500  3.2510
97.9350  25.1078  100.5200  25.8500  3.2563
99.2375  25.4847  100.5200  25.8500  3.3401
98.3382  24.3368  100.5200  25.8500  3.3469
100.7200  24.6420  100.5200  25.8500  3.3626
100.4690  24.5924  100.5200  25.8500  3.3032
98.3349  25.2175  100.5200  25.8500  3.2580
99.6453  24.8769  100.5200  25.8500  3.3035
100.4900  25.3500  100.5200  25.8500  3.5112
99.4137  25.2954  100.5200  25.8500  3.2397
97.9699  24.7130  100.5200  25.8500  3.2601
100.5960  26.2944  100.5200  25.8500  3.4184
98.5433  25.5117  100.5200  25.8500  3.2756
98.8634  25.4505  100.5200  25.8500  3.1802
99.6235  24.5257  100.5200  25.8500  3.2796
98.2175  24.6619  100.5200  25.8500  3.2024
99.0268  23.8963  100.5200  25.8500  3.3393
99.8316  25.8146  100.5200  25.8500  3.2527
97.7857  24.1826  100.5200  25.8500  3.2807
97.6568  24.6108  100.5200  25.8500  3.2737
99.5529  24.2045  100.5200  25.8500  3.2851
100.8160  25.0395  100.5200  25.8500  3.5350
99.8346  24.9958  100.5200  25.8500  3.2671
98.4849  24.7484  100.5200  25.8500  3.4097
99.7242  24.0204  99.8799  24.7112  3.5130
99.5713  23.7032  99.8799  24.7112  3.3545
100.2940  23.5890  99.8799  24.7112  3.4577
99.0268  23.8963  99.8799  24.7112  3.3925
100.7200  24.6420  99.8799  24.7112  3.3352
100.8080  24.4547  99.8799  24.7112  3.3049
100.8160  25.0395  99.8799  24.7112  3.3828
98.8783  23.5554  99.8799  24.7112  3.4133
100.7810  24.1990  99.8799  24.7112  3.5376
100.4120  23.9586  99.8799  24.7112  3.4739
99.5529  24.2045  99.8799  24.7112  3.5460
100.3690  24.1603  99.8799  24.7112  3.2577
97.7857  24.1826  100.2520  26.1294  3.3338
99.0384  24.3221  100.2520  26.1294  3.2997
100.8960  25.5945  100.2520  26.1294  3.1756
97.7332  24.3999  100.2520  26.1294  3.2827
99.1663  24.7523  100.2520  26.1294  3.2748
99.0268  23.8963  100.2520  26.1294  3.3178
100.8160  25.0395  100.2520  26.1294  3.4309
99.7242  24.0204  100.2520  26.1294  3.2732
98.2175  24.6619  100.2520  26.1294  3.3041
100.7810  24.1990  100.2520  26.1294  3.3599
98.4849  24.7484  100.2520  26.1294  3.2542
100.5230  25.0541  100.2520  26.1294  3.3399
100.8080  24.4547  100.2520  26.1294  3.3405
97.6622  23.9027  100.2520  26.1294  3.3466
99.7280  25.5410  100.2520  26.1294  3.3160
99.6453  24.8769  100.2520  26.1294  3.2263
99.4137  25.2954  100.2520  26.1294  3.2857
99.3404  24.5305  100.2520  26.1294  3.2662
100.2940  23.5890  100.2520  26.1294  3.3342
100.2160  25.0148  100.2520  26.1294  3.2497
99.9868  25.4893  100.2520  26.1294  3.2674
98.8783  23.5554  100.2520  26.1294  3.3218
98.6668  24.9037  100.2520  26.1294  3.2222
100.4900  25.3500  100.2520  26.1294  3.4373
100.3200  25.2400  100.2520  26.1294  3.3144
98.8350  24.6942  100.2520  26.1294  3.2432
99.5529  24.2045  100.2520  26.1294  3.2683
100.3690  24.1603  100.2520  26.1294  3.3464
97.9699  24.7130  100.2520  26.1294  3.2309
99.4300  26.2040  100.2520  26.1294  3.1714
100.0910  24.8650  100.2520  26.1294  3.2268
99.8799  24.7112  100.2520  26.1294  3.2345
100.1990  24.7084  100.2520  26.1294  3.2698
98.5651  24.1350  100.2520  26.1294  3.2801
100.4120  23.9586  100.2520  26.1294  3.3296
99.9445  24.3191  100.2520  26.1294  3.2701
99.4024  25.6322  100.2520  26.1294  3.2734
98.0252  24.4972  100.2520  26.1294  3.3176
99.2375  25.4847  100.2520  26.1294  3.2232
100.7200  24.6420  100.2520  26.1294  3.3396
99.8346  24.9958  100.2520  26.1294  3.2147
99.0325  24.5549  100.2520  26.1294  3.2890
98.8634  25.4505  100.2520  26.1294  3.2567
99.6235  24.5257  100.2520  26.1294  3.2476
100.4690  24.5924  100.2520  26.1294  3.2901
97.9350  25.1078  100.2520  26.1294  3.2077
99.5713  23.7032  100.2520  26.1294  3.2997
99.7771  25.3419  100.2520  26.1294  3.2464
99.4801  25.0480  100.2520  26.1294  3.2508
98.5433  25.5117  100.2520  26.1294  3.1722
98.3382  24.3368  100.2520  26.1294  3.2824
97.6568  24.6108  100.2520  26.1294  3.2325
100.8560  25.9242  100.2520  26.1294  3.4760
100.8990  25.3230  100.2520  26.1294  3.1475
98.8431  25.1964  100.2520  26.1294  3.2192
98.3349  25.2175  100.2520  26.1294  3.1965
99.4801  25.0480  98.5433  25.5117  3.3258
100.8080  24.4547  98.5433  25.5117  3.2644
99.7242  24.0204  98.5433  25.5117  3.3070
97.7857  24.1826  98.5433  25.5117  3.3280
99.0268  23.8963  98.5433  25.5117  3.3258
99.8346  24.9958  98.5433  25.5117  3.1911
98.8350  24.6942  98.5433  25.5117  3.4371
99.5713  23.7032  98.5433  25.5117  3.2951
99.8799  24.7112  98.5433  25.5117  3.3386
99.0384  24.3221  98.5433  25.5117  3.3743
99.6453  24.8769  98.5433  25.5117  3.3897
97.9699  24.7130  98.5433  25.5117  3.4055
100.7810  24.1990  98.5433  25.5117  3.3016
99.3404  24.5305  98.5433  25.5117  3.3495
100.4690  24.5924  98.5433  25.5117  3.2902
98.4849  24.7484  98.5433  25.5117  3.3609
97.7332  24.3999  98.5433  25.5117  3.3284
98.3382  24.3368  98.5433  25.5117  3.2900
100.8160  25.0395  98.5433  25.5117  3.2191
99.5529  24.2045  98.5433  25.5117  3.2394
99.0325  24.5549  98.5433  25.5117  3.4415
97.6622  23.9027  98.5433  25.5117  3.3573
98.0252  24.4972  98.5433  25.5117  3.3233
99.9445  24.3191  98.5433  25.5117  3.3806
100.1990  24.7084  98.5433  25.5117  3.2823
100.7200  24.6420  98.5433  25.5117  3.2559
100.0910  24.8650  98.5433  25.5117  3.2186
97.9350  25.1078  98.5433  25.5117  3.5036
99.6235  24.5257  98.5433  25.5117  3.2971
100.2940  23.5890  98.5433  25.5117  3.3482
100.3690  24.1603  98.5433  25.5117  3.3486
97.6568  24.6108  98.5433  25.5117  3.2735
98.8783  23.5554  98.5433  25.5117  3.3150
98.5651  24.1350  98.5433  25.5117  3.2810
98.2175  24.6619  98.5433  25.5117  3.3144
99.2375  25.4847  98.5433  25.5117  3.4133
99.7242  24.0204  99.0325  24.5549  3.3862
100.8160  25.0395  99.0325  24.5549  3.2562
100.0910  24.8650  99.0325  24.5549  3.4073
98.0252  24.4972  99.0325  24.5549  3.3693
100.3690  24.1603  99.0325  24.5549  3.2508
99.8799  24.7112  99.0325  24.5549  3.4140
100.1990  24.7084  99.0325  24.5549  3.3590
99.5713  23.7032  99.0325  24.5549  3.5495
100.2940  23.5890  99.0325  24.5549  3.4232
97.7332  24.3999  99.0325  24.5549  3.3713
97.6622  23.9027  99.0325  24.5549  3.5076
98.8783  23.5554  99.0325  24.5549  3.3757
99.0268  23.8963  99.0325  24.5549  3.5050
97.9350  25.1078  99.0325  24.5549  3.3708
97.6568  24.6108  99.0325  24.5549  3.4045
99.5529  24.2045  99.0325  24.5549  3.4475
99.9445  24.3191  99.0325  24.5549  3.3041
97.9699  24.7130  99.0325  24.5549  3.3585
98.2175  24.6619  99.0325  24.5549  3.4163
100.4120  23.9586  99.0325  24.5549  3.2874
100.8080  24.4547  99.0325  24.5549  3.3304
100.7200  24.6420  99.0325  24.5549  3.3232
100.7810  24.1990  99.0325  24.5549  3.2480
100.4690  24.5924  99.0325  24.5549  3.3028
97.7857  24.1826  99.0325  24.5549  3.4953
99.8346  24.9958  99.0325  24.5549  3.4400
99.9445  24.3191  99.1301  26.2006  3.3126
99.8316  25.8146  99.1301  26.2006  3.3062
100.4900  25.3500  99.1301  26.2006  3.2001
100.8560  25.9242  99.1301  26.2006  3.1624
100.7200  24.6420  99.1301  26.2006  3.2925
97.6568  24.6108  99.1301  26.2006  3.2705
100.4990  25.5666  99.1301  26.2006  3.1681
99.6235  24.5257  99.1301  26.2006  3.2717
98.8783  23.5554  99.1301  26.2006  3.3565
99.4801  25.0480  99.1301  26.2006  3.3171
97.6622  23.9027  99.1301  26.2006  3.3008
100.7810  24.1990  99.1301  26.2006  3.3209
100.5960  26.2944  99.1301  26.2006  3.1789
99.7280  25.5410  99.1301  26.2006  3.3178
98.4849  24.7484  99.1301  26.2006  3.2843
99.1663  24.7523  99.1301  26.2006  3.2960
97.9699  24.7130  99.1301  26.2006  3.2817
100.1700  26.3600  99.1301  26.2006  3.1895
100.3200  25.2400  99.1301  26.2006  3.2824
100.1990  24.7084  99.1301  26.2006  3.2886
98.8634  25.4505  99.1301  26.2006  3.3951
98.6668  24.9037  99.1301  26.2006  3.3058
99.8346  24.9958  99.1301  26.2006  3.3337
98.3349  25.2175  99.1301  26.2006  3.3002
100.5200  25.8500  99.1301  26.2006  3.1685
100.2160  25.0148  99.1301  26.2006  3.2484
99.2375  25.4847  99.1301  26.2006  3.4501
99.6453  24.8769  99.1301  26.2006  3.3182
100.8960  25.5945  99.1301  26.2006  3.1467
98.2175  24.6619  99.1301  26.2006  3.3089
98.0252  24.4972  99.1301  26.2006  3.3123
99.0325  24.5549  99.1301  26.2006  3.2854
97.7332  24.3999  99.1301  26.2006  3.2676
99.5529  24.2045  99.1301  26.2006  3.3016
100.8160  25.0395  99.1301  26.2006  3.2165
99.7242  24.0204  99.1301  26.2006  3.3412
98.5651  24.1350  99.1301  26.2006  3.3107
99.7771  25.3419  99.1301  26.2006  3.3076
100.2940  23.5890  99.1301  26.2006  3.2948
98.8431  25.1964  99.1301  26.2006  3.3074
98.8350  24.6942  99.1301  26.2006  3.3254
99.5713  23.7032  99.1301  26.2006  3.3472
100.8080  24.4547  99.1301  26.2006  3.3217
97.9350  25.1078  99.1301  26.2006  3.2267
100.1000  25.9100  99.1301  26.2006  3.2776
98.5433  25.5117  99.1301  26.2006  3.3702
100.4120  23.9586  99.1301  26.2006  3.3041
100.3690  24.1603  99.1301  26.2006  3.2878
100.5230  25.0541  99.1301  26.2006  3.2616
100.8990  25.3230  99.1301  26.2006  3.2092
99.8799  24.7112  99.1301  26.2006  3.3312
98.3382  24.3368  99.1301  26.2006  3.3159
99.3404  24.5305  99.1301  26.2006  3.3232
100.4690  24.5924  99.1301  26.2006  3.3498
99.4137  25.2954  99.1301  26.2006  3.3823
100.2520  26.1294  99.1301  26.2006  3.1844
99.9868  25.4893  99.1301  26.2006  3.2386
99.0384  24.3221  99.1301  26.2006  3.3169
99.0268  23.8963  99.1301  26.2006  3.3362
97.7857  24.1826  99.1301  26.2006  3.2970
97.9699  24.7130  99.6235  24.5257  3.2460
97.7332  24.3999  99.6235  24.5257  3.3712
100.7810  24.1990  99.6235  24.5257  3.2755
100.2940  23.5890  99.6235  24.5257  3.2890
98.8783  23.5554  99.6235  24.5257  3.4137
98.2175  24.6619  99.6235  24.5257  3.2639
98.3382  24.3368  99.6235  24.5257  3.3271
100.3690  24.1603  99.6235  24.5257  3.4803
98.5651  24.1350  99.6235  24.5257  3.4468
98.0252  24.4972  99.6235  24.5257  3.3669
100.8160  25.0395  99.6235  24.5257  3.3283
97.7857  24.1826  99.6235  24.5257  3.4497
99.5713  23.7032  99.6235  24.5257  3.4226
99.0268  23.8963  99.6235  24.5257  3.5160
97.9350  25.1078  99.6235  24.5257  3.3054
97.6622  23.9027  99.6235  24.5257  3.4054
100.4690  24.5924  99.6235  24.5257  3.4687
100.4120  23.9586  99.6235  24.5257  3.3898
100.7200  24.6420  99.6235  24.5257  3.4154
97.6568  24.6108  99.6235  24.5257  3.2996
100.8080  24.4547  99.6235  24.5257  3.3196
99.7280  25.5410  100.8560  25.9242  3.3012
99.4801  25.0480  100.8560  25.9242  3.2289
100.1000  25.9100  100.8560  25.9242  3.2427
100.8160  25.0395  100.8560  25.9242  3.3083
97.7857  24.1826  100.8560  25.9242  3.2799
100.4900  25.3500  100.8560  25.9242  3.3349
99.9868  25.4893  100.8560  25.9242  3.3769
99.1663  24.7523  100.8560  25.9242  3.2400
100.2160  25.0148  100.8560  25.9242  3.2193
98.8783  23.5554  100.8560  25.9242  3.3224
97.9350  25.1078  100.8560  25.9242  3.2462
99.0325  24.5549  100.8560  25.9242  3.2513
99.2375  25.4847  100.8560  25.9242  3.2248
100.0910  24.8650  100.8560  25.9242  3.2346
98.8634  25.4505  100.8560  25.9242  3.2347
100.8990  25.3230  100.8560  25.9242  3.5281
97.6622  23.9027  100.8560  25.9242  3.2892
98.8350  24.6942  100.8560  25.9242  3.3042
98.0252  24.4972  100.8560  25.9242  3.2418
99.4137  25.2954  100.8560  25.9242  3.2700
99.5529  24.2045  100.8560  25.9242  3.2991
98.4849  24.7484  100.8560  25.9242  3.2097
99.6235  24.5257  100.8560  25.9242  3.2918
100.1990  24.7084  100.8560  25.9242  3.2188
98.5651  24.1350  100.8560  25.9242  3.3136
98.8431  25.1964  100.8560  25.9242  3.2175
98.5433  25.5117  100.8560  25.9242  3.2497
100.4120  23.9586  100.8560  25.9242  3.2862
99.8799  24.7112  100.8560  25.9242  3.2639
99.0268  23.8963  100.8560  25.9242  3.2946
99.3404  24.5305  100.8560  25.9242  3.2500
99.9445  24.3191  100.8560  25.9242  3.2623
100.5230  25.0541  100.8560  25.9242  3.2216
100.3200  25.2400  100.8560  25.9242  3.2596
100.7200  24.6420  100.8560  25.9242  3.2590
100.2940  23.5890  100.8560  25.9242  3.2922
97.6568  24.6108  100.8560  25.9242  3.2827
98.6668  24.9037  100.8560  25.9242  3.2248
100.3690  24.1603  100.8560  25.9242  3.3035
98.3382  24.3368  100.8560  25.9242  3.3175
99.7771  25.3419  100.8560  25.9242  3.2569
98.2175  24.6619  100.8560  25.9242  3.2237
99.0384  24.3221  100.8560  25.9242  3.2569
99.8346  24.9958  100.8560  25.9242  3.3019
100.8080  24.4547  100.8560  25.9242  3.3003
99.8316  25.8146  100.8560  25.9242  3.2799
99.5713  23.7032  100.8560  25.9242  3.3101
100.7810  24.1990  100.8560  25.9242  3.3075
97.7332  24.3999  100.8560  25.9242  3.2721
97.9699  24.7130  100.8560  25.9242  3.2691
99.6453  24.8769  100.8560  25.9242  3.2569
98.3349  25.2175  100.8560  25.9242  3.2884
99.7242  24.0204  100.8560  25.9242  3.2905
99.9445  24.3191  99.3404  24.5305  3.5062
98.3382  24.3368  99.3404  24.5305  3.5084
98.0252  24.4972  99.3404  24.5305  3.3892
100.7810  24.1990  99.3404  24.5305  3.2684
100.1990  24.7084  99.3404  24.5305  3.4143
100.3690  24.1603  99.3404  24.5305  3.3106
99.5713  23.7032  99.3404  24.5305  3.4587
97.7332  24.3999  99.3404  24.5305  3.4152
100.7200  24.6420  99.3404  24.5305  3.3090
97.9699  24.7130  99.3404  24.5305  3.3114
100.4690  24.5924  99.3404  24.5305  3.3933
100.4120  23.9586  99.3404  24.5305  3.3554
98.5651  24.1350  99.3404  24.5305  3.5266
100.2940  23.5890  99.3404  24.5305  3.3729
98.8783  23.5554  99.3404  24.5305  3.4217
99.0268  23.8963  99.3404  24.5305  3.4836
97.6622  23.9027  99.3404  24.5305  3.3674
97.7857  24.1826  99.3404  24.5305  3.4191
100.8080  24.4547  99.3404  24.5305  3.3314
97.6568  24.6108  99.3404  24.5305  3.3382
97.9350  25.1078  99.3404  24.5305  3.2425
100.8160  25.0395  99.3404  24.5305  3.3906
98.2175  24.6619  99.3404  24.5305  3.3147
97.9699  24.7130  98.4849  24.7484  3.4255
98.8634  25.4505  98.4849  24.7484  3.3828
99.0325  24.5549  98.4849  24.7484  3.3476
100.8080  24.4547  98.4849  24.7484  3.3046
100.1990  24.7084  98.4849  24.7484  3.2887
97.7332  24.3999  98.4849  24.7484  3.5408
98.8350  24.6942  98.4849  24.7484  3.4114
99.5529  24.2045  98.4849  24.7484  3.4118
99.9445  24.3191  98.4849  24.7484  3.2651
99.7242  24.0204  98.4849  24.7484  3.3909
100.7200  24.6420  98.4849  24.7484  3.2994
99.0268  23.8963  98.4849  24.7484  3.5426
99.8799  24.7112  98.4849  24.7484  3.3124
100.7810  24.1990  98.4849  24.7484  3.2951
99.6235  24.5257  98.4849  24.7484  3.2335
100.4120  23.9586  98.4849  24.7484  3.3402
99.5713  23.7032  98.4849  24.7484  3.3845
99.4801  25.0480  98.4849  24.7484  3.4393
99.3404  24.5305  98.4849  24.7484  3.3894
100.3690  24.1603  98.4849  24.7484  3.3052
100.4690  24.5924  98.4849  24.7484  3.2725
100.0910  24.8650  98.4849  24.7484  3.3244
99.8346  24.9958  98.4849  24.7484  3.3120
98.8783  23.5554  98.4849  24.7484  3.3725
97.6622  23.9027  98.4849  24.7484  3.3877
99.6453  24.8769  98.4849  24.7484  3.3006
100.8160  25.0395  98.4849  24.7484  3.3416
97.6568  24.6108  98.4849  24.7484  3.5093
97.7857  24.1826  98.4849  24.7484  3.5149
100.2940  23.5890  98.4849  24.7484  3.3345
99.2375  25.4847  98.4849  24.7484  3.3764
97.6622  23.9027  98.6668  24.9037  3.3720
100.1990  24.7084  98.6668  24.9037  3.2200
100.7810  24.1990  98.6668  24.9037  3.2633
99.7242  24.0204  98.6668  24.9037  3.3896
99.0268  23.8963  98.6668  24.9037  3.4236
100.4120  23.9586  98.6668  24.9037  3.3081
100.8160  25.0395  98.6668  24.9037  3.2775
99.9445  24.3191  98.6668  24.9037  3.2743
100.8080  24.4547  98.6668  24.9037  3.2989
97.6568  24.6108  98.6668  24.9037  3.5288
99.5529  24.2045  98.6668  24.9037  3.3477
100.0910  24.8650  98.6668  24.9037  3.3059
98.5651  24.1350  98.6668  24.9037  3.4923
97.9350  25.1078  98.6668  24.9037  3.3072
99.6235  24.5257  98.6668  24.9037  3.3746
97.7857  24.1826  98.6668  24.9037  3.3223
99.8346  24.9958  98.6668  24.9037  3.2972
99.4801  25.0480  98.6668  24.9037  3.4554
99.2375  25.4847  98.6668  24.9037  3.5182
97.7332  24.3999  98.6668  24.9037  3.4073
100.7200  24.6420  98.6668  24.9037  3.2850
97.9699  24.7130  98.6668  24.9037  3.5067
99.8799  24.7112  98.6668  24.9037  3.2813
100.3690  24.1603  98.6668  24.9037  3.2813
99.3404  24.5305  98.6668  24.9037  3.3998
100.2940  23.5890  98.6668  24.9037  3.4150
99.5713  23.7032  98.6668  24.9037  3.2628
100.4690  24.5924  98.6668  24.9037  3.2586
99.6453  24.8769  98.6668  24.9037  3.2341
99.7242  24.0204  100.0910  24.8650  3.3947
100.7810  24.1990  100.0910  24.8650  3.3208
98.8783  23.5554  100.0910  24.8650  3.4884
100.2940  23.5890  100.0910  24.8650  3.4063
100.8080  24.4547  100.0910  24.8650  3.4500
100.8160  25.0395  100.0910  24.8650  3.3701
99.0268  23.8963  100.0910  24.8650  3.3770
100.7200  24.6420  100.0910  24.8650  3.5196
99.5529  24.2045  100.0910  24.8650  3.4557
100.8160  25.0395  100.3690  24.1603  3.3601
99.0268  23.8963  100.3690  24.1603  3.4352
99.5529  24.2045  100.3690  24.1603  3.2581
98.8783  23.5554  100.3690  24.1603  3.4159
100.2940  23.5890  100.3690  24.1603  3.4432
98.8783  23.5554  100.4690  24.5924  3.3962
100.2940  23.5890  100.4690  24.5924  3.4098
99.0268  23.8963  100.4690  24.5924  3.3735
99.5713  23.7032  100.4690  24.5924  3.3807
100.8160  25.0395  100.4690  24.5924  3.5338
99.5529  24.2045  100.4690  24.5924  3.5223
99.7242  24.0204  100.4690  24.5924  3.5451
98.3349  25.2175  99.4024  25.6322  3.3004
99.5529  24.2045  99.4024  25.6322  3.3016
100.8960  25.5945  99.4024  25.6322  3.2536
99.7242  24.0204  99.4024  25.6322  3.3270
100.4900  25.3500  99.4024  25.6322  3.1730
97.9350  25.1078  99.4024  25.6322  3.2325
100.4120  23.9586  99.4024  25.6322  3.2976
99.6235  24.5257  99.4024  25.6322  3.3335
98.2175  24.6619  99.4024  25.6322  3.2580
98.5433  25.5117  99.4024  25.6322  3.3017
100.7200  24.6420  99.4024  25.6322  3.2906
100.5200  25.8500  99.4024  25.6322  3.3096
98.4849  24.7484  99.4024  25.6322  3.3277
100.7810  24.1990  99.4024  25.6322  3.3749
100.8160  25.0395  99.4024  25.6322  3.2554
100.2940  23.5890  99.4024  25.6322  3.3141
100.3200  25.2400  99.4024  25.6322  3.2878
100.1990  24.7084  99.4024  25.6322  3.2621
100.8560  25.9242  99.4024  25.6322  3.2236
98.8431  25.1964  99.4024  25.6322  3.5234
100.8080  24.4547  99.4024  25.6322  3.3308
98.8783  23.5554  99.4024  25.6322  3.3296
100.8990  25.3230  99.4024  25.6322  3.1512
97.7332  24.3999  99.4024  25.6322  3.3326
100.5960  26.2944  99.4024  25.6322  3.1988
99.1663  24.7523  99.4024  25.6322  3.3228
99.0325  24.5549  99.4024  25.6322  3.2828
99.4801  25.0480  99.4024  25.6322  3.5362
99.9445  24.3191  99.4024  25.6322  3.3938
99.5713  23.7032  99.4024  25.6322  3.3231
97.7857  24.1826  99.4024  25.6322  3.3228
100.3690  24.1603  99.4024  25.6322  3.2834
99.8346  24.9958  99.4024  25.6322  3.5314
97.6568  24.6108  99.4024  25.6322  3.3315
97.6622  23.9027  99.4024  25.6322  3.3369
99.9868  25.4893  99.4024  25.6322  3.2781
99.7280  25.5410  99.4024  25.6322  3.4004
97.9699  24.7130  99.4024  25.6322  3.3092
99.0268  23.8963  99.4024  25.6322  3.3157
100.4990  25.5666  99.4024  25.6322  3.2110
100.4690  24.5924  99.4024  25.6322  3.3265
98.8350  24.6942  99.4024  25.6322  3.3016
99.0384  24.3221  99.4024  25.6322  3.3067
100.5230  25.0541  99.4024  25.6322  3.2003
100.1000  25.9100  99.4024  25.6322  3.3588
100.0910  24.8650  99.4024  25.6322  3.2435
98.0252  24.4972  99.4024  25.6322  3.2729
98.5651  24.1350  99.4024  25.6322  3.3407
99.6453  24.8769  99.4024  25.6322  3.4491
99.8799  24.7112  99.4024  25.6322  3.4609
99.3404  24.5305  99.4024  25.6322  3.2918
98.3382  24.3368  99.4024  25.6322  3.3712
100.2160  25.0148  99.4024  25.6322  3.2229
98.6668  24.9037  99.4024  25.6322  3.3797
100.4120  23.9586  98.8783  23.5554  3.4931
100.8080  24.4547  98.8783  23.5554  3.3884
100.7200  24.6420  98.8783  23.5554  3.3928
100.7810  24.1990  98.8783  23.5554  3.3835
100.8160  25.0395  98.8783  23.5554  3.3398
100.2940  23.5890  98.8783  23.5554  3.3027
98.5651  24.1350  99.2375  25.4847  3.3362
97.6622  23.9027  99.2375  25.4847  3.3296
100.7200  24.6420  99.2375  25.4847  3.2526
98.0252  24.4972  99.2375  25.4847  3.2924
97.7857  24.1826  99.2375  25.4847  3.2996
99.5713  23.7032  99.2375  25.4847  3.3309
99.5529  24.2045  99.2375  25.4847  3.3364
99.0384  24.3221  99.2375  25.4847  3.3118
100.3690  24.1603  99.2375  25.4847  3.3582
99.9445  24.3191  99.2375  25.4847  3.4330
98.3382  24.3368  99.2375  25.4847  3.3771
100.4120  23.9586  99.2375  25.4847  3.3427
99.8799  24.7112  99.2375  25.4847  3.3727
100.0910  24.8650  99.2375  25.4847  3.2847
100.1990  24.7084  99.2375  25.4847  3.3114
100.4690  24.5924  99.2375  25.4847  3.3686
99.7242  24.0204  99.2375  25.4847  3.3505
97.9699  24.7130  99.2375  25.4847  3.3161
100.7810  24.1990  99.2375  25.4847  3.3851
99.0268  23.8963  99.2375  25.4847  3.3152
98.8350  24.6942  99.2375  25.4847  3.3417
97.7332  24.3999  99.2375  25.4847  3.3423
98.2175  24.6619  99.2375  25.4847  3.2757
99.1663  24.7523  99.2375  25.4847  3.4245
98.8783  23.5554  99.2375  25.4847  3.3403
99.8346  24.9958  99.2375  25.4847  3.2813
99.0325  24.5549  99.2375  25.4847  3.3085
100.2940  23.5890  99.2375  25.4847  3.2944
99.6235  24.5257  99.2375  25.4847  3.4613
97.6568  24.6108  99.2375  25.4847  3.3281
99.3404  24.5305  99.2375  25.4847  3.3573
97.9350  25.1078  99.2375  25.4847  3.2630
100.8160  25.0395  99.2375  25.4847  3.2481
99.4801  25.0480  98.8431  25.1964  3.4529
100.4690  24.5924  98.8431  25.1964  3.2974
98.0252  24.4972  98.8431  25.1964  3.3614
100.7810  24.1990  98.8431  25.1964  3.3231
99.5713  23.7032  98.8431  25.1964  3.4225
97.9350  25.1078  98.8431  25.1964  3.2452
99.5529  24.2045  98.8431  25.1964  3.4363
99.8799  24.7112  98.8431  25.1964  3.4118
100.7200  24.6420  98.8431  25.1964  3.2760
100.1990  24.7084  98.8431  25.1964  3.2623
100.2940  23.5890  98.8431  25.1964  3.3617
100.8160  25.0395  98.8431  25.1964  3.2372
99.9445  24.3191  98.8431  25.1964  3.3850
98.8783  23.5554  98.8431  25.1964  3.3553
100.3690  24.1603  98.8431  25.1964  3.3510
99.7242  24.0204  98.8431  25.1964  3.2637
98.3382  24.3368  98.8431  25.1964  3.4567
97.6568  24.6108  98.8431  25.1964  3.4108
99.8346  24.9958  98.8431  25.1964  3.2485
99.0384  24.3221  98.8431  25.1964  3.4622
98.5651  24.1350  98.8431  25.1964  3.3731
99.6453  24.8769  98.8431  25.1964  3.4036
97.7332  24.3999  98.8431  25.1964  3.2931
99.6235  24.5257  98.8431  25.1964  3.3040
100.4120  23.9586  98.8431  25.1964  3.3647
100.8080  24.4547  98.8431  25.1964  3.2791
100.0910  24.8650  98.8431  25.1964  3.2149
97.6622  23.9027  98.8431  25.1964  3.3440
97.9699  24.7130  98.8431  25.1964  3.3535
99.0268  23.8963  98.8431  25.1964  3.3552
97.7857  24.1826  98.8431  25.1964  3.3382
99.8799  24.7112  97.7857  24.1826  3.4321
99.7242  24.0204  97.7857  24.1826  3.3377
100.3690  24.1603  97.7857  24.1826  3.3764
100.1990  24.7084  97.7857  24.1826  3.4433
100.7200  24.6420  97.7857  24.1826  3.4315
100.2940  23.5890  97.7857  24.1826  3.3392
99.5529  24.2045  97.7857  24.1826  3.4192
100.4690  24.5924  97.7857  24.1826  3.4250
98.8783  23.5554  97.7857  24.1826  3.4011
99.0268  23.8963  97.7857  24.1826  3.2449
100.4120  23.9586  97.7857  24.1826  3.3521
100.7810  24.1990  97.7857  24.1826  3.3923
100.8160  25.0395  97.7857  24.1826  3.3726
100.8080  24.4547  97.7857  24.1826  3.3916
99.9445  24.3191  97.7857  24.1826  3.3856
100.0910  24.8650  97.7857  24.1826  3.3687
99.5713  23.7032  97.7857  24.1826  3.3297
97.9699  24.7130  99.7280  25.5410  3.2607
97.7332  24.3999  99.7280  25.5410  3.2950
100.7810  24.1990  99.7280  25.5410  3.3237
100.8990  25.3230  99.7280  25.5410  3.1844
98.5433  25.5117  99.7280  25.5410  3.2732
99.5713  23.7032  99.7280  25.5410  3.3474
100.3690  24.1603  99.7280  25.5410  3.3438
98.8634  25.4505  99.7280  25.5410  3.2870
98.4849  24.7484  99.7280  25.5410  3.2846
100.8960  25.5945  99.7280  25.5410  3.2909
99.0384  24.3221  99.7280  25.5410  3.2945
98.2175  24.6619  99.7280  25.5410  3.3404
100.7200  24.6420  99.7280  25.5410  3.2942
97.7857  24.1826  99.7280  25.5410  3.3581
100.8160  25.0395  99.7280  25.5410  3.2436
99.6235  24.5257  99.7280  25.5410  3.3018
100.4990  25.5666  99.7280  25.5410  3.2647
99.4801  25.0480  99.7280  25.5410  3.4514
99.8346  24.9958  99.7280  25.5410  3.5428
97.9350  25.1078  99.7280  25.5410  3.2420
98.0252  24.4972  99.7280  25.5410  3.3607
100.4900  25.3500  99.7280  25.5410  3.2679
100.5960  26.2944  99.7280  25.5410  3.2755
99.1663  24.7523  99.7280  25.5410  3.3178
99.9445  24.3191  99.7280  25.5410  3.3533
97.6622  23.9027  99.7280  25.5410  3.3749
99.3404  24.5305  99.7280  25.5410  3.2856
100.5230  25.0541  99.7280  25.5410  3.2611
98.8350  24.6942  99.7280  25.5410  3.3047
100.4690  24.5924  99.7280  25.5410  3.2794
98.8431  25.1964  99.7280  25.5410  3.3743
100.1990  24.7084  99.7280  25.5410  3.4922
98.8783  23.5554  99.7280  25.5410  3.3208
99.8799  24.7112  99.7280  25.5410  3.4310
97.6568  24.6108  99.7280  25.5410  3.2792
100.2160  25.0148  99.7280  25.5410  3.2608
98.3349  25.2175  99.7280  25.5410  3.2457
98.6668  24.9037  99.7280  25.5410  3.2599
100.8080  24.4547  99.7280  25.5410  3.3364
99.0268  23.8963  99.7280  25.5410  3.3192
99.0325  24.5549  99.7280  25.5410  3.2807
100.2940  23.5890  99.7280  25.5410  3.3857
99.6453  24.8769  99.7280  25.5410  3.3968
99.7242  24.0204  99.7280  25.5410  3.3433
100.4120  23.9586  99.7280  25.5410  3.4213
100.1000  25.9100  99.7280  25.5410  3.5157
100.3200  25.2400  99.7280  25.5410  3.2763
98.5651  24.1350  99.7280  25.5410  3.3373
99.5529  24.2045  99.7280  25.5410  3.3066
98.3382  24.3368  99.7280  25.5410  3.2954
97.9699  24.7130  99.8346  24.9958  3.3584
99.0268  23.8963  99.8346  24.9958  3.3640
100.3690  24.1603  99.8346  24.9958  3.4018
99.5713  23.7032  99.8346  24.9958  3.3677
97.9350  25.1078  99.8346  24.9958  3.2394
98.0252  24.4972  99.8346  24.9958  3.3269
99.3404  24.5305  99.8346  24.9958  3.5407
100.2940  23.5890  99.8346  24.9958  3.4143
100.8160  25.0395  99.8346  24.9958  3.2975
99.5529  24.2045  99.8346  24.9958  3.3751
97.7857  24.1826  99.8346  24.9958  3.3081
98.8783  23.5554  99.8346  24.9958  3.3674
98.2175  24.6619  99.8346  24.9958  3.3226
100.4690  24.5924  99.8346  24.9958  3.4281
99.7242  24.0204  99.8346  24.9958  3.3875
99.6235  24.5257  99.8346  24.9958  3.5002
100.7200  24.6420  99.8346  24.9958  3.3666
97.7332  24.3999  99.8346  24.9958  3.3658
99.1663  24.7523  99.8346  24.9958  3.5245
98.3382  24.3368  99.8346  24.9958  3.4111
97.6622  23.9027  99.8346  24.9958  3.3393
97.6568  24.6108  99.8346  24.9958  3.3855
100.4120  23.9586  99.8346  24.9958  3.4413
98.5651  24.1350  99.8346  24.9958  3.2875
100.8080  24.4547  99.8346  24.9958  3.4430
100.7810  24.1990  99.8346  24.9958  3.4456
99.7242  24.0204  97.9699  24.7130  3.3453
100.1990  24.7084  97.9699  24.7130  3.3022
100.3690  24.1603  97.9699  24.7130  3.3232
100.7200  24.6420  97.9699  24.7130  3.3280
100.4120  23.9586  97.9699  24.7130  3.2917
99.5713  23.7032  97.9699  24.7130  3.3335
100.7810  24.1990  97.9699  24.7130  3.3218
99.5529  24.2045  97.9699  24.7130  3.3216
100.4690  24.5924  97.9699  24.7130  3.3226
99.8799  24.7112  97.9699  24.7130  3.2623
100.8160  25.0395  97.9699  24.7130  3.2941
100.2940  23.5890  97.9699  24.7130  3.3486
99.0268  23.8963  97.9699  24.7130  3.3560
99.9445  24.3191  97.9699  24.7130  3.3143
97.6622  23.9027  97.9699  24.7130  3.4644
100.0910  24.8650  97.9699  24.7130  3.2420
100.8080  24.4547  97.9699  24.7130  3.3328
100.7200  24.6420  99.7242  24.0204  3.4383
100.2940  23.5890  99.7242  24.0204  3.4137
100.8080  24.4547  99.7242  24.0204  3.4300
100.7810  24.1990  99.7242  24.0204  3.4501
100.8160  25.0395  99.7242  24.0204  3.3788
100.4120  23.9586  99.7242  24.0204  3.5436
100.8160  25.0395  100.4120  23.9586  3.2923
99.0268  23.8963  97.7332  24.3999  3.3473
100.4120  23.9586  97.7332  24.3999  3.3405
100.8160  25.0395  97.7332  24.3999  3.3298
98.3382  24.3368  97.7332  24.3999  3.5203
99.5529  24.2045  97.7332  24.3999  3.2904
100.7810  24.1990  97.7332  24.3999  3.3484
100.3690  24.1603  97.7332  24.3999  3.3443
100.7200  24.6420  97.7332  24.3999  3.3761
99.5713  23.7032  97.7332  24.3999  3.3546
98.8783  23.5554  97.7332  24.3999  3.3612
100.8080  24.4547  97.7332  24.3999  3.3752
99.8799  24.7112  97.7332  24.3999  3.4335
99.9445  24.3191  97.7332  24.3999  3.3396
100.2940  23.5890  97.7332  24.3999  3.3327
100.4690  24.5924  97.7332  24.3999  3.3645
99.7242  24.0204  97.7332  24.3999  3.3441
100.1990  24.7084  97.7332  24.3999  3.3740
98.5651  24.1350  97.7332  24.3999  3.3927
