1876  3.1212  0.0451  012
100.1470  24.4348  100.0690  23.8785  3.1045
98.5925  24.4245  100.0690  23.8785  3.1693
100.2540  25.6093  100.0690  23.8785  3.1192
98.8518  25.8317  100.0690  23.8785  3.1534
98.0709  24.0851  100.0690  23.8785  3.1160
99.2454  24.0357  100.0690  23.8785  3.0891
99.3717  25.8854  100.0690  23.8785  3.1650
100.1470  24.4348  99.9475  26.1088  3.1461
98.5197  25.0289  99.9475  26.1088  3.0944
100.2540  25.6093  99.9475  26.1088  3.1731
98.5925  24.4245  99.9475  26.1088  3.0872
99.2454  24.0357  99.9475  26.1088  3.1206
98.0709  24.0851  99.9475  26.1088  3.1410
99.3717  25.8854  99.9475  26.1088  3.0765
98.8518  25.8317  99.9475  26.1088  3.0610
100.0690  23.8785  99.9475  26.1088  3.1644
100.1470  24.4348  99.3717  25.8854  3.1675
99.2454  24.0357  98.5197  25.0289  3.1609
98.0709  24.0851  98.5197  25.0289  3.1945
100.2540  25.6093  98.5197  25.0289  3.0942
100.1470  24.4348  98.5197  25.0289  3.1320
99.3717  25.8854  98.5197  25.0289  3.1049
100.1470  24.4348  98.0709  24.0851  3.1537
99.2454  24.0357  98.0709  24.0851  3.1298
99.3717  25.8854  98.0709  24.0851  3.1301
100.2540  25.6093  98.8518  25.8317  3.0890
98.5197  25.0289  98.8518  25.8317  3.1493
98.0709  24.0851  98.8518  25.8317  3.1860
98.5925  24.4245  98.8518  25.8317  3.1888
99.3717  25.8854  98.8518  25.8317  3.1212
99.2454  24.0357  98.8518  25.8317  3.1728
99.3717  25.8854  99.2454  24.0357  3.1053
100.1470  24.4348  99.2454  24.0357  3.1629
98.0709  24.0851  100.2540  25.6093  3.1397
99.2454  24.0357  100.2540  25.6093  3.1533
100.1470  24.4348  100.2540  25.6093  3.0673
99.3717  25.8854  100.2540  25.6093  3.0665
100.1470  24.4348  98.5925  24.4245  3.1033
98.5197  25.0289  98.5925  24.4245  3.0485
99.3717  25.8854  98.5925  24.4245  3.1938
100.2540  25.6093  98.5925  24.4245  3.1062
99.2454  24.0357  98.5925  24.4245  3.1660
100.8080  24.4547  99.5713  23.7032  3.1337
100.7200  24.6420  99.5713  23.7032  3.1860
100.7810  24.1990  99.5713  23.7032  3.1888
100.4120  23.9586  99.5713  23.7032  3.1717
100.8160  25.0395  99.5713  23.7032  3.1729
98.8783  23.5554  99.5713  23.7032  3.1756
100.2940  23.5890  99.5713  23.7032  3.1172
97.7857  24.1826  99.4801  25.0480  3.1376
99.6235  24.5257  99.4801  25.0480  3.1299
97.9350  25.1078  99.4801  25.0480  3.0492
98.0252  24.4972  99.4801  25.0480  3.1488
100.2940  23.5890  99.4801  25.0480  3.1330
100.4690  24.5924  99.4801  25.0480  3.2238
97.9699  24.7130  99.4801  25.0480  3.1114
99.0268  23.8963  99.4801  25.0480  3.1604
99.7242  24.0204  99.4801  25.0480  3.1536
98.5651  24.1350  99.4801  25.0480  3.1345
99.5529  24.2045  99.4801  25.0480  3.0694
100.8160  25.0395  99.4801  25.0480  3.0564
100.1990  24.7084  99.4801  25.0480  3.2216
99.3404  24.5305  99.4801  25.0480  3.0532
100.3690  24.1603  99.4801  25.0480  3.1298
98.2175  24.6619  99.4801  25.0480  3.1489
98.3382  24.3368  99.4801  25.0480  3.1189
100.7200  24.6420  99.4801  25.0480  3.1494
97.7332  24.3999  99.4801  25.0480  3.1504
100.4120  23.9586  99.4801  25.0480  3.1268
99.5713  23.7032  99.4801  25.0480  3.1283
100.0910  24.8650  99.4801  25.0480  3.1355
97.6568  24.6108  99.4801  25.0480  3.1288
98.8783  23.5554  99.4801  25.0480  3.1778
100.8080  24.4547  99.4801  25.0480  3.2210
99.8799  24.7112  97.6568  24.6108  3.0949
99.7242  24.0204  97.6568  24.6108  3.1299
98.5651  24.1350  97.6568  24.6108  3.1702
100.8080  24.4547  97.6568  24.6108  3.1268
97.6622  23.9027  97.6568  24.6108  3.0751
99.0268  23.8963  97.6568  24.6108  3.1927
97.7857  24.1826  97.6568  24.6108  3.0448
98.8783  23.5554  97.6568  24.6108  3.1275
99.9445  24.3191  97.6568  24.6108  3.1103
100.4120  23.9586  97.6568  24.6108  3.1275
100.7810  24.1990  97.6568  24.6108  3.1189
98.3382  24.3368  97.6568  24.6108  3.0919
100.0910  24.8650  97.6568  24.6108  3.1166
100.8160  25.0395  97.6568  24.6108  3.1106
98.2175  24.6619  97.6568  24.6108  3.1446
99.5529  24.2045  97.6568  24.6108  3.1117
100.3690  24.1603  97.6568  24.6108  3.1173
99.5713  23.7032  97.6568  24.6108  3.1278
100.7200  24.6420  97.6568  24.6108  3.1260
100.1990  24.7084  97.6568  24.6108  3.1095
100.4690  24.5924  97.6568  24.6108  3.1238
100.7810  24.1990  99.5529  24.2045  3.0979
98.8783  23.5554  99.5529  24.2045  3.1380
100.7200  24.6420  99.5529  24.2045  3.1937
100.8160  25.0395  99.5529  24.2045  3.1171
100.8080  24.4547  99.5529  24.2045  3.1859
99.5713  23.7032  99.5529  24.2045  3.0766
99.0268  23.8963  99.5529  24.2045  3.2241
100.2940  23.5890  99.5529  24.2045  3.1012
100.4120  23.9586  99.5529  24.2045  3.1392
99.1663  24.7523  99.8316  25.8146  3.1395
98.8350  24.6942  99.8316  25.8146  3.0980
100.5960  26.2944  99.8316  25.8146  3.0851
99.0384  24.3221  99.8316  25.8146  3.1594
100.7200  24.6420  99.8316  25.8146  3.0953
98.0252  24.4972  99.8316  25.8146  3.1164
99.9868  25.4893  99.8316  25.8146  3.0561
98.4849  24.7484  99.8316  25.8146  3.1350
97.7857  24.1826  99.8316  25.8146  3.1437
99.9445  24.3191  99.8316  25.8146  3.1438
98.3382  24.3368  99.8316  25.8146  3.1333
99.6235  24.5257  99.8316  25.8146  3.0923
97.6622  23.9027  99.8316  25.8146  3.1496
98.6668  24.9037  99.8316  25.8146  3.1054
99.4801  25.0480  99.8316  25.8146  3.0929
99.8346  24.9958  99.8316  25.8146  3.0505
100.1990  24.7084  99.8316  25.8146  3.2097
99.4137  25.2954  99.8316  25.8146  3.0894
100.0910  24.8650  99.8316  25.8146  3.1778
100.8990  25.3230  99.8316  25.8146  3.0787
98.8431  25.1964  99.8316  25.8146  3.0687
99.5713  23.7032  99.8316  25.8146  3.1343
97.9699  24.7130  99.8316  25.8146  3.1022
99.8799  24.7112  99.8316  25.8146  3.1088
100.8960  25.5945  99.8316  25.8146  3.0391
100.1000  25.9100  99.8316  25.8146  3.1125
99.3404  24.5305  99.8316  25.8146  3.1313
98.3349  25.2175  99.8316  25.8146  3.0564
100.8160  25.0395  99.8316  25.8146  3.0693
100.2160  25.0148  99.8316  25.8146  3.1965
97.6568  24.6108  99.8316  25.8146  3.1120
98.8634  25.4505  99.8316  25.8146  3.1495
99.7242  24.0204  99.8316  25.8146  3.1156
98.2175  24.6619  99.8316  25.8146  3.1251
100.3200  25.2400  99.8316  25.8146  3.0168
99.2375  25.4847  99.8316  25.8146  3.1370
99.6453  24.8769  99.8316  25.8146  3.0693
98.5651  24.1350  99.8316  25.8146  3.1349
98.5433  25.5117  99.8316  25.8146  3.0644
100.4900  25.3500  99.8316  25.8146  3.0673
99.0268  23.8963  99.8316  25.8146  3.1463
99.5529  24.2045  99.8316  25.8146  3.1048
98.8783  23.5554  99.8316  25.8146  3.1570
100.2940  23.5890  99.8316  25.8146  3.2084
100.5230  25.0541  99.8316  25.8146  3.0200
100.7810  24.1990  99.8316  25.8146  3.1425
100.4990  25.5666  99.8316  25.8146  3.0985
97.7332  24.3999  99.8316  25.8146  3.1145
97.9350  25.1078  99.8316  25.8146  3.0544
100.8080  24.4547  99.8316  25.8146  3.1311
99.0325  24.5549  99.8316  25.8146  3.1314
98.0252  24.4972  100.5230  25.0541  3.1511
99.0268  23.8963  100.5230  25.0541  3.1235
99.0325  24.5549  100.5230  25.0541  3.1161
100.8990  25.3230  100.5230  25.0541  3.0665
98.8634  25.4505  100.5230  25.0541  3.0756
99.0384  24.3221  100.5230  25.0541  3.1391
100.7200  24.6420  100.5230  25.0541  3.1608
97.6622  23.9027  100.5230  25.0541  3.1583
99.9445  24.3191  100.5230  25.0541  3.1858
98.3382  24.3368  100.5230  25.0541  3.1287
99.5529  24.2045  100.5230  25.0541  3.1178
97.9699  24.7130  100.5230  25.0541  3.0860
97.9350  25.1078  100.5230  25.0541  3.0653
97.7332  24.3999  100.5230  25.0541  3.1260
99.8799  24.7112  100.5230  25.0541  3.0960
98.6668  24.9037  100.5230  25.0541  3.0886
99.6235  24.5257  100.5230  25.0541  3.0975
100.4690  24.5924  100.5230  25.0541  3.0463
98.8350  24.6942  100.5230  25.0541  3.1027
98.4849  24.7484  100.5230  25.0541  3.1038
99.6453  24.8769  100.5230  25.0541  3.1363
99.2375  25.4847  100.5230  25.0541  3.0637
99.4801  25.0480  100.5230  25.0541  3.0655
99.5713  23.7032  100.5230  25.0541  3.1777
99.1663  24.7523  100.5230  25.0541  3.0925
98.5651  24.1350  100.5230  25.0541  3.1294
97.7857  24.1826  100.5230  25.0541  3.1605
100.4120  23.9586  100.5230  25.0541  3.1588
98.8431  25.1964  100.5230  25.0541  3.0492
99.8346  24.9958  100.5230  25.0541  3.0646
100.2940  23.5890  100.5230  25.0541  3.1280
100.5960  26.2944  100.5230  25.0541  3.0793
100.3690  24.1603  100.5230  25.0541  3.1386
98.3349  25.2175  100.5230  25.0541  3.0676
99.7242  24.0204  100.5230  25.0541  3.2136
98.8783  23.5554  100.5230  25.0541  3.1492
99.3404  24.5305  100.5230  25.0541  3.1399
98.5433  25.5117  100.5230  25.0541  3.0567
100.8960  25.5945  100.5230  25.0541  3.0176
100.0910  24.8650  100.5230  25.0541  3.1022
97.6568  24.6108  100.5230  25.0541  3.1163
100.1990  24.7084  100.5230  25.0541  3.0734
98.2175  24.6619  100.5230  25.0541  3.1061
100.1000  25.9100  100.5230  25.0541  3.1416
99.6453  24.8769  100.4990  25.5666  3.0342
99.8799  24.7112  100.4990  25.5666  3.1414
97.9699  24.7130  100.4990  25.5666  3.0825
98.3349  25.2175  100.4990  25.5666  3.0770
99.7242  24.0204  100.4990  25.5666  3.1508
100.7200  24.6420  100.4990  25.5666  3.1469
98.0252  24.4972  100.4990  25.5666  3.0981
97.6622  23.9027  100.4990  25.5666  3.1235
99.5529  24.2045  100.4990  25.5666  3.1681
98.6668  24.9037  100.4990  25.5666  3.0685
99.8346  24.9958  100.4990  25.5666  3.0462
97.7332  24.3999  100.4990  25.5666  3.1110
97.7857  24.1826  100.4990  25.5666  3.1198
100.7810  24.1990  100.4990  25.5666  3.2251
100.3690  24.1603  100.4990  25.5666  3.1279
98.5433  25.5117  100.4990  25.5666  3.0444
98.8431  25.1964  100.4990  25.5666  3.0892
100.4690  24.5924  100.4990  25.5666  3.0832
100.0910  24.8650  100.4990  25.5666  3.0567
99.5713  23.7032  100.4990  25.5666  3.1531
99.9445  24.3191  100.4990  25.5666  3.1169
99.4801  25.0480  100.4990  25.5666  3.0521
99.0268  23.8963  100.4990  25.5666  3.0965
100.2940  23.5890  100.4990  25.5666  3.1327
99.0325  24.5549  100.4990  25.5666  3.0804
98.8634  25.4505  100.4990  25.5666  3.0624
98.4849  24.7484  100.4990  25.5666  3.0762
98.8783  23.5554  100.4990  25.5666  3.1129
99.1663  24.7523  100.4990  25.5666  3.0642
100.5960  26.2944  100.4990  25.5666  3.0295
100.1990  24.7084  100.4990  25.5666  3.0402
99.2375  25.4847  100.4990  25.5666  3.0233
98.3382  24.3368  100.4990  25.5666  3.1063
100.4120  23.9586  100.4990  25.5666  3.1454
99.6235  24.5257  100.4990  25.5666  3.1263
97.9350  25.1078  100.4990  25.5666  3.0831
98.2175  24.6619  100.4990  25.5666  3.0873
99.0384  24.3221  100.4990  25.5666  3.0704
97.6568  24.6108  100.4990  25.5666  3.0856
99.3404  24.5305  100.4990  25.5666  3.0567
98.8350  24.6942  100.4990  25.5666  3.0912
98.5651  24.1350  100.4990  25.5666  3.1141
100.1000  25.9100  100.4990  25.5666  3.1470
100.8080  24.4547  100.4990  25.5666  3.1894
100.2940  23.5890  100.8990  25.3230  3.1236
99.8346  24.9958  100.8990  25.3230  3.1021
100.4120  23.9586  100.8990  25.3230  3.1219
99.0384  24.3221  100.8990  25.3230  3.0999
98.8431  25.1964  100.8990  25.3230  3.0261
100.5960  26.2944  100.8990  25.3230  3.1593
99.6235  24.5257  100.8990  25.3230  3.0793
97.6568  24.6108  100.8990  25.3230  3.1035
99.0325  24.5549  100.8990  25.3230  3.0639
100.1990  24.7084  100.8990  25.3230  3.0920
98.2175  24.6619  100.8990  25.3230  3.1046
98.5433  25.5117  100.8990  25.3230  3.0312
98.3349  25.2175  100.8990  25.3230  3.0535
97.9350  25.1078  100.8990  25.3230  3.0622
98.8634  25.4505  100.8990  25.3230  3.0431
98.5651  24.1350  100.8990  25.3230  3.1172
99.4801  25.0480  100.8990  25.3230  3.0536
98.8783  23.5554  100.8990  25.3230  3.1183
99.5529  24.2045  100.8990  25.3230  3.0780
100.1000  25.9100  100.8990  25.3230  3.0546
99.1663  24.7523  100.8990  25.3230  3.0713
98.4849  24.7484  100.8990  25.3230  3.1052
98.0252  24.4972  100.8990  25.3230  3.1160
98.8350  24.6942  100.8990  25.3230  3.0748
100.7810  24.1990  100.8990  25.3230  3.1275
98.3382  24.3368  100.8990  25.3230  3.0948
99.7242  24.0204  100.8990  25.3230  3.1690
97.7332  24.3999  100.8990  25.3230  3.1062
97.9699  24.7130  100.8990  25.3230  3.0756
99.0268  23.8963  100.8990  25.3230  3.1234
100.0910  24.8650  100.8990  25.3230  3.0816
100.3690  24.1603  100.8990  25.3230  3.1281
99.8799  24.7112  100.8990  25.3230  3.0296
100.7200  24.6420  100.8990  25.3230  3.0368
97.7857  24.1826  100.8990  25.3230  3.1235
100.8080  24.4547  100.8990  25.3230  3.1127
99.9445  24.3191  100.8990  25.3230  3.1725
99.5713  23.7032  100.8990  25.3230  3.1505
100.4690  24.5924  100.8990  25.3230  3.0976
99.6453  24.8769  100.8990  25.3230  3.1383
98.6668  24.9037  100.8990  25.3230  3.0902
99.3404  24.5305  100.8990  25.3230  3.1006
100.7200  24.6420  98.5651  24.1350  3.1551
100.0910  24.8650  98.5651  24.1350  3.1582
99.5713  23.7032  98.5651  24.1350  3.1898
100.8160  25.0395  98.5651  24.1350  3.1299
98.8783  23.5554  98.5651  24.1350  3.1834
99.9445  24.3191  98.5651  24.1350  3.1283
100.4690  24.5924  98.5651  24.1350  3.1574
99.5529  24.2045  98.5651  24.1350  3.1071
100.2940  23.5890  98.5651  24.1350  3.1523
100.4120  23.9586  98.5651  24.1350  3.0970
99.7242  24.0204  98.5651  24.1350  3.0989
100.7810  24.1990  98.5651  24.1350  3.1211
100.8080  24.4547  98.5651  24.1350  3.1561
100.3690  24.1603  98.5651  24.1350  3.1295
100.1990  24.7084  98.5651  24.1350  3.1713
99.8799  24.7112  98.5651  24.1350  3.1998
97.9699  24.7130  98.8634  25.4505  3.1060
100.8080  24.4547  98.8634  25.4505  3.1836
100.2940  23.5890  98.8634  25.4505  3.1232
100.4120  23.9586  98.8634  25.4505  3.1287
99.1663  24.7523  98.8634  25.4505  3.1863
100.8160  25.0395  98.8634  25.4505  3.0571
100.1990  24.7084  98.8634  25.4505  3.1907
98.5651  24.1350  98.8634  25.4505  3.2092
98.3382  24.3368  98.8634  25.4505  3.1905
97.6622  23.9027  98.8634  25.4505  3.1552
100.0910  24.8650  98.8634  25.4505  3.1691
99.0384  24.3221  98.8634  25.4505  3.1686
100.4690  24.5924  98.8634  25.4505  3.1824
99.3404  24.5305  98.8634  25.4505  3.1903
99.8799  24.7112  98.8634  25.4505  3.1608
99.7242  24.0204  98.8634  25.4505  3.1049
100.3690  24.1603  98.8634  25.4505  3.1552
99.6453  24.8769  98.8634  25.4505  3.1356
97.9350  25.1078  98.8634  25.4505  3.1850
99.5529  24.2045  98.8634  25.4505  3.1499
98.8350  24.6942  98.8634  25.4505  3.1062
100.7810  24.1990  98.8634  25.4505  3.1689
97.7332  24.3999  98.8634  25.4505  3.1389
98.2175  24.6619  98.8634  25.4505  3.1186
99.9445  24.3191  98.8634  25.4505  3.1078
97.7857  24.1826  98.8634  25.4505  3.1516
98.0252  24.4972  98.8634  25.4505  3.1245
99.6235  24.5257  98.8634  25.4505  3.0824
97.6568  24.6108  98.8634  25.4505  3.1342
99.8346  24.9958  98.8634  25.4505  3.1969
99.0268  23.8963  98.8634  25.4505  3.1520
98.8783  23.5554  98.8634  25.4505  3.1543
99.0325  24.5549  98.8634  25.4505  3.1267
99.4801  25.0480  98.8634  25.4505  3.1612
99.5713  23.7032  98.8634  25.4505  3.1713
100.7200  24.6420  98.8634  25.4505  3.1751
100.8160  25.0395  100.2940  23.5890  3.1374
100.8160  25.0395  100.7810  24.1990  3.1547
100.2940  23.5890  100.7810  24.1990  3.1485
98.3349  25.2175  99.4137  25.2954  3.0685
97.6622  23.9027  99.4137  25.2954  3.1815
99.5529  24.2045  99.4137  25.2954  3.1193
97.7332  24.3999  99.4137  25.2954  3.1138
99.6453  24.8769  99.4137  25.2954  3.1613
99.4801  25.0480  99.4137  25.2954  3.0994
98.8431  25.1964  99.4137  25.2954  3.1496
98.8634  25.4505  99.4137  25.2954  3.1140
100.4990  25.5666  99.4137  25.2954  3.0957
100.1990  24.7084  99.4137  25.2954  3.2187
100.8960  25.5945  99.4137  25.2954  3.0436
99.0268  23.8963  99.4137  25.2954  3.1308
100.4120  23.9586  99.4137  25.2954  3.1454
97.6568  24.6108  99.4137  25.2954  3.1167
97.9350  25.1078  99.4137  25.2954  3.1158
100.4690  24.5924  99.4137  25.2954  3.2150
100.5230  25.0541  99.4137  25.2954  3.0277
99.0384  24.3221  99.4137  25.2954  3.1548
99.0325  24.5549  99.4137  25.2954  3.1238
100.2160  25.0148  99.4137  25.2954  3.1289
100.0910  24.8650  99.4137  25.2954  3.1657
99.6235  24.5257  99.4137  25.2954  3.1678
99.9868  25.4893  99.4137  25.2954  3.0794
99.7771  25.3419  99.4137  25.2954  3.0575
98.8783  23.5554  99.4137  25.2954  3.1596
99.7242  24.0204  99.4137  25.2954  3.1666
98.6668  24.9037  99.4137  25.2954  3.1435
100.7200  24.6420  99.4137  25.2954  3.1893
99.8799  24.7112  99.4137  25.2954  3.1881
97.9699  24.7130  99.4137  25.2954  3.1171
98.3382  24.3368  99.4137  25.2954  3.1289
98.5433  25.5117  99.4137  25.2954  3.0897
99.1663  24.7523  99.4137  25.2954  3.1044
98.2175  24.6619  99.4137  25.2954  3.1816
100.2940  23.5890  99.4137  25.2954  3.1364
100.3200  25.2400  99.4137  25.2954  3.0253
100.8990  25.3230  99.4137  25.2954  3.0262
99.5713  23.7032  99.4137  25.2954  3.1423
100.5960  26.2944  99.4137  25.2954  3.0422
97.7857  24.1826  99.4137  25.2954  3.1736
100.8160  25.0395  99.4137  25.2954  3.0438
100.7810  24.1990  99.4137  25.2954  3.1911
99.3404  24.5305  99.4137  25.2954  3.0701
98.5651  24.1350  99.4137  25.2954  3.1623
98.4849  24.7484  99.4137  25.2954  3.1213
98.0252  24.4972  99.4137  25.2954  3.1450
98.8350  24.6942  99.4137  25.2954  3.1134
100.1000  25.9100  99.4137  25.2954  3.0973
100.3690  24.1603  99.4137  25.2954  3.1723
100.0910  24.8650  97.6622  23.9027  3.1572
98.5651  24.1350  97.6622  23.9027  3.2120
99.8799  24.7112  97.6622  23.9027  3.1784
100.8080  24.4547  97.6622  23.9027  3.1556
100.7810  24.1990  97.6622  23.9027  3.1354
100.4690  24.5924  97.6622  23.9027  3.1769
100.4120  23.9586  97.6622  23.9027  3.1261
100.7200  24.6420  97.6622  23.9027  3.1724
99.5713  23.7032  97.6622  23.9027  3.1201
99.0268  23.8963  97.6622  23.9027  3.1223
98.8783  23.5554  97.6622  23.9027  3.1376
100.2940  23.5890  97.6622  23.9027  3.1252
99.9445  24.3191  97.6622  23.9027  3.1668
100.3690  24.1603  97.6622  23.9027  3.1470
100.8160  25.0395  97.6622  23.9027  3.1534
100.1990  24.7084  97.6622  23.9027  3.1643
99.7242  24.0204  97.6622  23.9027  3.1250
99.5529  24.2045  97.6622  23.9027  3.1681
97.9350  25.1078  99.9868  25.4893  3.0975
100.4990  25.5666  99.9868  25.4893  3.0847
98.6668  24.9037  99.9868  25.4893  3.1079
98.0252  24.4972  99.9868  25.4893  3.0968
97.6568  24.6108  99.9868  25.4893  3.0884
97.7857  24.1826  99.9868  25.4893  3.1182
98.8431  25.1964  99.9868  25.4893  3.1044
100.8160  25.0395  99.9868  25.4893  3.1300
99.0384  24.3221  99.9868  25.4893  3.1686
100.7200  24.6420  99.9868  25.4893  3.0887
98.3382  24.3368  99.9868  25.4893  3.1083
99.6453  24.8769  99.9868  25.4893  3.0764
98.4849  24.7484  99.9868  25.4893  3.0967
98.5433  25.5117  99.9868  25.4893  3.0419
99.1663  24.7523  99.9868  25.4893  3.0601
98.2175  24.6619  99.9868  25.4893  3.0878
99.8799  24.7112  99.9868  25.4893  3.0504
99.9445  24.3191  99.9868  25.4893  3.1266
99.7242  24.0204  99.9868  25.4893  3.1165
100.8990  25.3230  99.9868  25.4893  3.0353
99.6235  24.5257  99.9868  25.4893  3.1095
100.8960  25.5945  99.9868  25.4893  3.0807
99.5713  23.7032  99.9868  25.4893  3.1340
98.8634  25.4505  99.9868  25.4893  3.0485
99.0325  24.5549  99.9868  25.4893  3.0468
100.2940  23.5890  99.9868  25.4893  3.2031
99.5529  24.2045  99.9868  25.4893  3.1212
98.5651  24.1350  99.9868  25.4893  3.1126
97.6622  23.9027  99.9868  25.4893  3.1420
98.8350  24.6942  99.9868  25.4893  3.0679
100.8080  24.4547  99.9868  25.4893  3.1356
100.5960  26.2944  99.9868  25.4893  3.1471
98.8783  23.5554  99.9868  25.4893  3.1824
98.3349  25.2175  99.9868  25.4893  3.0781
97.7332  24.3999  99.9868  25.4893  3.1162
97.9699  24.7130  99.9868  25.4893  3.0805
100.1990  24.7084  99.9868  25.4893  3.1637
99.3404  24.5305  99.9868  25.4893  3.1512
99.8346  24.9958  99.9868  25.4893  3.0166
99.0268  23.8963  99.9868  25.4893  3.1824
99.8316  25.8146  99.4300  26.2040  3.2249
99.5529  24.2045  99.4300  26.2040  3.1229
98.4849  24.7484  99.4300  26.2040  3.1787
99.6453  24.8769  99.4300  26.2040  3.1283
100.8160  25.0395  99.4300  26.2040  3.1077
99.9868  25.4893  99.4300  26.2040  3.1776
99.4137  25.2954  99.4300  26.2040  3.0974
100.3200  25.2400  99.4300  26.2040  3.0957
100.1000  25.9100  99.4300  26.2040  3.1295
99.9445  24.3191  99.4300  26.2040  3.1651
100.4900  25.3500  99.4300  26.2040  3.0567
98.2175  24.6619  99.4300  26.2040  3.0959
99.4801  25.0480  99.4300  26.2040  3.0831
98.6668  24.9037  99.4300  26.2040  3.2020
100.8960  25.5945  99.4300  26.2040  3.0799
99.2375  25.4847  99.4300  26.2040  3.0613
98.8431  25.1964  99.4300  26.2040  3.1789
100.7810  24.1990  99.4300  26.2040  3.0953
98.5651  24.1350  99.4300  26.2040  3.1955
97.6568  24.6108  99.4300  26.2040  3.1057
98.3382  24.3368  99.4300  26.2040  3.1806
99.0325  24.5549  99.4300  26.2040  3.1186
97.6622  23.9027  99.4300  26.2040  3.1455
99.7771  25.3419  99.4300  26.2040  3.1417
100.4990  25.5666  99.4300  26.2040  3.0873
100.5960  26.2944  99.4300  26.2040  3.0265
99.4024  25.6322  99.4300  26.2040  3.0175
98.8350  24.6942  99.4300  26.2040  3.1547
100.2940  23.5890  99.4300  26.2040  3.1350
99.1663  24.7523  99.4300  26.2040  3.0994
97.9350  25.1078  99.4300  26.2040  3.0813
97.9699  24.7130  99.4300  26.2040  3.1228
100.5200  25.8500  99.4300  26.2040  3.0840
100.8560  25.9242  99.4300  26.2040  3.0621
98.3349  25.2175  99.4300  26.2040  3.0706
99.0384  24.3221  99.4300  26.2040  3.1203
100.2160  25.0148  99.4300  26.2040  3.0507
98.8634  25.4505  99.4300  26.2040  3.1919
98.5433  25.5117  99.4300  26.2040  3.0620
97.7332  24.3999  99.4300  26.2040  3.1331
99.8799  24.7112  99.4300  26.2040  3.1464
99.3404  24.5305  99.4300  26.2040  3.1071
99.8346  24.9958  99.4300  26.2040  3.1412
99.6235  24.5257  99.4300  26.2040  3.1423
99.0268  23.8963  99.4300  26.2040  3.1246
97.7857  24.1826  99.4300  26.2040  3.1294
100.4120  23.9586  99.4300  26.2040  3.1258
98.8783  23.5554  99.4300  26.2040  3.1361
99.7280  25.5410  99.4300  26.2040  3.1586
100.4690  24.5924  99.4300  26.2040  3.1338
99.7242  24.0204  99.4300  26.2040  3.1375
98.0252  24.4972  99.4300  26.2040  3.1106
100.8080  24.4547  99.4300  26.2040  3.1269
100.8990  25.3230  99.4300  26.2040  3.0528
100.7200  24.6420  99.4300  26.2040  3.1071
100.3690  24.1603  99.4300  26.2040  3.1460
100.5230  25.0541  99.4300  26.2040  3.0897
99.5713  23.7032  99.4300  26.2040  3.1308
97.6622  23.9027  99.1663  24.7523  3.2033
98.3382  24.3368  99.1663  24.7523  3.2022
100.0910  24.8650  99.1663  24.7523  3.1146
99.9445  24.3191  99.1663  24.7523  3.1658
98.2175  24.6619  99.1663  24.7523  3.0813
100.8080  24.4547  99.1663  24.7523  3.1153
98.0252  24.4972  99.1663  24.7523  3.1535
99.8799  24.7112  99.1663  24.7523  3.0471
97.7332  24.3999  99.1663  24.7523  3.1757
98.8783  23.5554  99.1663  24.7523  3.1513
100.4120  23.9586  99.1663  24.7523  3.1138
99.5529  24.2045  99.1663  24.7523  3.1923
97.6568  24.6108  99.1663  24.7523  3.1226
97.9350  25.1078  99.1663  24.7523  3.0911
100.4690  24.5924  99.1663  24.7523  3.1008
100.7200  24.6420  99.1663  24.7523  3.1129
99.5713  23.7032  99.1663  24.7523  3.1524
100.2940  23.5890  99.1663  24.7523  3.0899
100.7810  24.1990  99.1663  24.7523  3.1342
97.9699  24.7130  99.1663  24.7523  3.0884
99.0268  23.8963  99.1663  24.7523  3.1067
100.8160  25.0395  99.1663  24.7523  3.1026
98.5651  24.1350  99.1663  24.7523  3.1696
100.1990  24.7084  99.1663  24.7523  3.0678
99.7242  24.0204  99.1663  24.7523  3.1432
100.3690  24.1603  99.1663  24.7523  3.1642
97.7857  24.1826  99.1663  24.7523  3.2182
97.7857  24.1826  99.6453  24.8769  3.1940
100.4120  23.9586  99.6453  24.8769  3.1025
97.9699  24.7130  99.6453  24.8769  3.0835
99.8346  24.9958  99.6453  24.8769  3.0991
99.0268  23.8963  99.6453  24.8769  3.2133
99.3404  24.5305  99.6453  24.8769  3.0894
100.7200  24.6420  99.6453  24.8769  3.1554
99.9445  24.3191  99.6453  24.8769  3.1958
99.1663  24.7523  99.6453  24.8769  3.1089
99.7242  24.0204  99.6453  24.8769  3.0951
98.3382  24.3368  99.6453  24.8769  3.1947
100.3690  24.1603  99.6453  24.8769  3.0681
100.8160  25.0395  99.6453  24.8769  3.0846
100.2940  23.5890  99.6453  24.8769  3.1774
99.5529  24.2045  99.6453  24.8769  3.0309
98.8783  23.5554  99.6453  24.8769  3.1859
97.9350  25.1078  99.6453  24.8769  3.0436
100.8080  24.4547  99.6453  24.8769  3.2021
98.2175  24.6619  99.6453  24.8769  3.1185
99.5713  23.7032  99.6453  24.8769  3.1223
100.1990  24.7084  99.6453  24.8769  3.1464
98.0252  24.4972  99.6453  24.8769  3.1658
97.6568  24.6108  99.6453  24.8769  3.1142
97.7332  24.3999  99.6453  24.8769  3.1561
97.6622  23.9027  99.6453  24.8769  3.1690
98.5651  24.1350  99.6453  24.8769  3.1045
99.5529  24.2045  97.9350  25.1078  3.0939
98.8783  23.5554  97.9350  25.1078  3.1366
100.4690  24.5924  97.9350  25.1078  3.0975
99.5713  23.7032  97.9350  25.1078  3.1301
97.6568  24.6108  97.9350  25.1078  3.2093
98.0252  24.4972  97.9350  25.1078  3.0607
98.5651  24.1350  97.9350  25.1078  3.1950
100.7810  24.1990  97.9350  25.1078  3.1106
97.7857  24.1826  97.9350  25.1078  3.1304
99.8799  24.7112  97.9350  25.1078  3.0730
98.2175  24.6619  97.9350  25.1078  3.1486
98.3382  24.3368  97.9350  25.1078  3.1925
97.7332  24.3999  97.9350  25.1078  3.1522
99.0268  23.8963  97.9350  25.1078  3.1080
100.7200  24.6420  97.9350  25.1078  3.1047
100.8160  25.0395  97.9350  25.1078  3.0623
97.6622  23.9027  97.9350  25.1078  3.1830
99.7242  24.0204  97.9350  25.1078  3.0979
100.0910  24.8650  97.9350  25.1078  3.0774
99.9445  24.3191  97.9350  25.1078  3.1126
100.8080  24.4547  97.9350  25.1078  3.1151
100.3690  24.1603  97.9350  25.1078  3.1341
100.4120  23.9586  97.9350  25.1078  3.0935
100.1990  24.7084  97.9350  25.1078  3.0758
100.8160  25.0395  99.0268  23.8963  3.1351
100.7810  24.1990  99.0268  23.8963  3.1394
100.7200  24.6420  99.0268  23.8963  3.1393
100.4120  23.9586  99.0268  23.8963  3.1117
99.5713  23.7032  99.0268  23.8963  3.2178
99.7242  24.0204  99.0268  23.8963  3.1247
100.8080  24.4547  99.0268  23.8963  3.2052
100.2940  23.5890  99.0268  23.8963  3.1249
99.5529  24.2045  98.8350  24.6942  3.1486
97.7332  24.3999  98.8350  24.6942  3.1895
99.0384  24.3221  98.8350  24.6942  3.1893
97.9699  24.7130  98.8350  24.6942  3.0564
97.9350  25.1078  98.8350  24.6942  3.1373
98.2175  24.6619  98.8350  24.6942  3.0750
99.6453  24.8769  98.8350  24.6942  3.1277
98.8783  23.5554  98.8350  24.6942  3.1304
98.0252  24.4972  98.8350  24.6942  3.1829
100.4120  23.9586  98.8350  24.6942  3.1399
97.6568  24.6108  98.8350  24.6942  3.1340
100.3690  24.1603  98.8350  24.6942  3.1788
99.9445  24.3191  98.8350  24.6942  3.1031
100.7810  24.1990  98.8350  24.6942  3.1118
99.1663  24.7523  98.8350  24.6942  3.1429
98.5651  24.1350  98.8350  24.6942  3.1894
100.1990  24.7084  98.8350  24.6942  3.0815
99.8799  24.7112  98.8350  24.6942  3.0596
97.6622  23.9027  98.8350  24.6942  3.2143
100.7200  24.6420  98.8350  24.6942  3.1105
99.7242  24.0204  98.8350  24.6942  3.1289
98.3382  24.3368  98.8350  24.6942  3.2208
99.4801  25.0480  98.8350  24.6942  3.0720
100.8080  24.4547  98.8350  24.6942  3.1174
100.8160  25.0395  98.8350  24.6942  3.1048
99.0268  23.8963  98.8350  24.6942  3.1416
99.6235  24.5257  98.8350  24.6942  3.0745
100.0910  24.8650  98.8350  24.6942  3.0918
99.8346  24.9958  98.8350  24.6942  3.1589
99.5713  23.7032  98.8350  24.6942  3.1509
100.4690  24.5924  98.8350  24.6942  3.0864
99.3404  24.5305  98.8350  24.6942  3.1080
99.0268  23.8963  100.1000  25.9100  3.1540
99.0325  24.5549  100.1000  25.9100  3.0826
98.8350  24.6942  100.1000  25.9100  3.0568
100.3690  24.1603  100.1000  25.9100  3.1593
98.8431  25.1964  100.1000  25.9100  3.0926
100.8080  24.4547  100.1000  25.9100  3.0604
97.6568  24.6108  100.1000  25.9100  3.1091
100.1990  24.7084  100.1000  25.9100  3.0974
99.5529  24.2045  100.1000  25.9100  3.1056
100.4690  24.5924  100.1000  25.9100  3.1516
99.7242  24.0204  100.1000  25.9100  3.0952
97.7332  24.3999  100.1000  25.9100  3.1145
100.7810  24.1990  100.1000  25.9100  3.0960
98.8783  23.5554  100.1000  25.9100  3.1467
100.7200  24.6420  100.1000  25.9100  3.0272
98.3349  25.2175  100.1000  25.9100  3.0486
98.2175  24.6619  100.1000  25.9100  3.1189
98.4849  24.7484  100.1000  25.9100  3.1075
98.8634  25.4505  100.1000  25.9100  3.1681
98.6668  24.9037  100.1000  25.9100  3.1261
97.9350  25.1078  100.1000  25.9100  3.0630
99.5713  23.7032  100.1000  25.9100  3.1111
97.7857  24.1826  100.1000  25.9100  3.1436
99.6453  24.8769  100.1000  25.9100  3.0798
100.4120  23.9586  100.1000  25.9100  3.1711
99.8799  24.7112  100.1000  25.9100  3.0431
99.8346  24.9958  100.1000  25.9100  3.0292
97.9699  24.7130  100.1000  25.9100  3.1091
99.4801  25.0480  100.1000  25.9100  3.0873
100.8160  25.0395  100.1000  25.9100  3.0636
99.1663  24.7523  100.1000  25.9100  3.1117
98.0252  24.4972  100.1000  25.9100  3.1184
98.5651  24.1350  100.1000  25.9100  3.0935
98.3382  24.3368  100.1000  25.9100  3.1218
99.3404  24.5305  100.1000  25.9100  3.1174
100.2940  23.5890  100.1000  25.9100  3.1589
99.2375  25.4847  100.1000  25.9100  3.1311
99.0384  24.3221  100.1000  25.9100  3.1364
98.5433  25.5117  100.1000  25.9100  3.0936
99.9445  24.3191  100.1000  25.9100  3.0768
100.0910  24.8650  100.1000  25.9100  3.0229
99.6235  24.5257  100.1000  25.9100  3.0857
100.3690  24.1603  98.0252  24.4972  3.1200
99.5529  24.2045  98.0252  24.4972  3.1142
100.1990  24.7084  98.0252  24.4972  3.1280
100.0910  24.8650  98.0252  24.4972  3.1610
100.7810  24.1990  98.0252  24.4972  3.1190
100.8080  24.4547  98.0252  24.4972  3.1204
99.8799  24.7112  98.0252  24.4972  3.1336
100.8160  25.0395  98.0252  24.4972  3.1345
99.0268  23.8963  98.0252  24.4972  3.2207
100.2940  23.5890  98.0252  24.4972  3.1128
100.4690  24.5924  98.0252  24.4972  3.1259
100.4120  23.9586  98.0252  24.4972  3.1370
99.5713  23.7032  98.0252  24.4972  3.1463
97.7332  24.3999  98.0252  24.4972  3.1199
99.7242  24.0204  98.0252  24.4972  3.1546
99.9445  24.3191  98.0252  24.4972  3.1045
100.7200  24.6420  98.0252  24.4972  3.1284
99.6235  24.5257  100.8960  25.5945  3.0744
99.1663  24.7523  100.8960  25.5945  3.0586
99.9445  24.3191  100.8960  25.5945  3.1711
100.2940  23.5890  100.8960  25.5945  3.1094
99.3404  24.5305  100.8960  25.5945  3.0814
99.0384  24.3221  100.8960  25.5945  3.1017
98.8634  25.4505  100.8960  25.5945  3.0394
98.2175  24.6619  100.8960  25.5945  3.0959
100.8080  24.4547  100.8960  25.5945  3.1206
99.6453  24.8769  100.8960  25.5945  3.0537
100.7200  24.6420  100.8960  25.5945  3.0651
98.8350  24.6942  100.8960  25.5945  3.0781
98.3382  24.3368  100.8960  25.5945  3.0858
98.6668  24.9037  100.8960  25.5945  3.0788
100.7810  24.1990  100.8960  25.5945  3.1370
97.9350  25.1078  100.8960  25.5945  3.0797
100.1000  25.9100  100.8960  25.5945  3.0400
98.5651  24.1350  100.8960  25.5945  3.1084
97.6568  24.6108  100.8960  25.5945  3.0888
97.6622  23.9027  100.8960  25.5945  3.1160
98.0252  24.4972  100.8960  25.5945  3.1010
99.0268  23.8963  100.8960  25.5945  3.1073
97.7332  24.3999  100.8960  25.5945  3.0970
99.8346  24.9958  100.8960  25.5945  3.0191
99.5713  23.7032  100.8960  25.5945  3.1516
99.0325  24.5549  100.8960  25.5945  3.0727
99.4801  25.0480  100.8960  25.5945  3.1078
98.8783  23.5554  100.8960  25.5945  3.1219
99.7242  24.0204  100.8960  25.5945  3.1674
99.8799  24.7112  100.8960  25.5945  3.0791
98.4849  24.7484  100.8960  25.5945  3.0798
100.4990  25.5666  100.8960  25.5945  3.0950
99.5529  24.2045  100.8960  25.5945  3.1005
98.3349  25.2175  100.8960  25.5945  3.0755
100.4690  24.5924  100.8960  25.5945  3.0852
100.1990  24.7084  100.8960  25.5945  3.1264
100.3690  24.1603  100.8960  25.5945  3.1148
100.4120  23.9586  100.8960  25.5945  3.1099
98.5433  25.5117  100.8960  25.5945  3.0405
100.0910  24.8650  100.8960  25.5945  3.1059
97.9699  24.7130  100.8960  25.5945  3.0751
98.8431  25.1964  100.8960  25.5945  3.0848
97.7857  24.1826  100.8960  25.5945  3.1171
99.0268  23.8963  99.9445  24.3191  3.1894
100.4120  23.9586  99.9445  24.3191  3.1209
100.8080  24.4547  99.9445  24.3191  3.2065
100.7200  24.6420  99.9445  24.3191  3.1744
99.5713  23.7032  99.9445  24.3191  3.2004
98.8783  23.5554  99.9445  24.3191  3.1155
100.7810  24.1990  99.9445  24.3191  3.0384
100.8160  25.0395  99.9445  24.3191  3.1601
100.3690  24.1603  99.9445  24.3191  3.0520
99.5529  24.2045  99.9445  24.3191  3.1671
100.7200  24.6420  99.7771  25.3419  3.1729
97.9699  24.7130  99.7771  25.3419  3.0899
97.6622  23.9027  99.7771  25.3419  3.1511
98.4849  24.7484  99.7771  25.3419  3.1410
100.4990  25.5666  99.7771  25.3419  3.0522
98.8634  25.4505  99.7771  25.3419  3.0492
98.8350  24.6942  99.7771  25.3419  3.0547
98.0252  24.4972  99.7771  25.3419  3.1068
98.5433  25.5117  99.7771  25.3419  3.0471
99.1663  24.7523  99.7771  25.3419  3.0852
100.3690  24.1603  99.7771  25.3419  3.1531
100.5960  26.2944  99.7771  25.3419  3.0875
97.7332  24.3999  99.7771  25.3419  3.1134
97.6568  24.6108  99.7771  25.3419  3.1063
99.0325  24.5549  99.7771  25.3419  3.0981
99.3404  24.5305  99.7771  25.3419  3.1357
98.5651  24.1350  99.7771  25.3419  3.1015
98.3349  25.2175  99.7771  25.3419  3.0758
99.6453  24.8769  99.7771  25.3419  3.0323
98.3382  24.3368  99.7771  25.3419  3.1462
100.2160  25.0148  99.7771  25.3419  3.0514
99.6235  24.5257  99.7771  25.3419  3.0677
100.4690  24.5924  99.7771  25.3419  3.1159
99.5529  24.2045  99.7771  25.3419  3.0912
98.8431  25.1964  99.7771  25.3419  3.1215
100.3200  25.2400  99.7771  25.3419  3.0468
99.8799  24.7112  99.7771  25.3419  3.0913
99.7242  24.0204  99.7771  25.3419  3.1042
97.9350  25.1078  99.7771  25.3419  3.0881
99.0268  23.8963  99.7771  25.3419  3.1870
98.8783  23.5554  99.7771  25.3419  3.1763
98.6668  24.9037  99.7771  25.3419  3.1505
99.9445  24.3191  99.7771  25.3419  3.1706
97.7857  24.1826  99.7771  25.3419  3.1528
99.5713  23.7032  99.7771  25.3419  3.1264
98.2175  24.6619  99.7771  25.3419  3.1005
100.5230  25.0541  99.7771  25.3419  3.0620
100.8960  25.5945  99.7771  25.3419  3.0538
100.8160  25.0395  99.7771  25.3419  3.0544
99.2375  25.4847  99.7771  25.3419  3.0200
97.7857  24.1826  100.5960  26.2944  3.1110
100.0910  24.8650  100.5960  26.2944  3.0792
98.3349  25.2175  100.5960  26.2944  3.0816
99.4801  25.0480  100.5960  26.2944  3.0493
99.5713  23.7032  100.5960  26.2944  3.1464
100.8080  24.4547  100.5960  26.2944  3.1692
98.8431  25.1964  100.5960  26.2944  3.1296
99.2375  25.4847  100.5960  26.2944  3.0925
99.6235  24.5257  100.5960  26.2944  3.1598
100.8160  25.0395  100.5960  26.2944  3.1639
99.8799  24.7112  100.5960  26.2944  3.1387
100.3690  24.1603  100.5960  26.2944  3.1314
99.6453  24.8769  100.5960  26.2944  3.1595
98.5651  24.1350  100.5960  26.2944  3.1084
99.7242  24.0204  100.5960  26.2944  3.1372
97.9699  24.7130  100.5960  26.2944  3.0882
99.8346  24.9958  100.5960  26.2944  3.1585
98.6668  24.9037  100.5960  26.2944  3.1019
100.7810  24.1990  100.5960  26.2944  3.1874
98.3382  24.3368  100.5960  26.2944  3.1172
100.2940  23.5890  100.5960  26.2944  3.1277
100.1990  24.7084  100.5960  26.2944  3.0846
97.7332  24.3999  100.5960  26.2944  3.1189
99.1663  24.7523  100.5960  26.2944  3.0657
99.0384  24.3221  100.5960  26.2944  3.1072
98.8350  24.6942  100.5960  26.2944  3.0797
97.6568  24.6108  100.5960  26.2944  3.0868
100.7200  24.6420  100.5960  26.2944  3.1403
99.9445  24.3191  100.5960  26.2944  3.1149
97.6622  23.9027  100.5960  26.2944  3.1239
99.3404  24.5305  100.5960  26.2944  3.1367
100.4120  23.9586  100.5960  26.2944  3.1303
98.8783  23.5554  100.5960  26.2944  3.1620
98.8634  25.4505  100.5960  26.2944  3.0589
98.4849  24.7484  100.5960  26.2944  3.1111
100.4690  24.5924  100.5960  26.2944  3.1071
97.9350  25.1078  100.5960  26.2944  3.0845
98.5433  25.5117  100.5960  26.2944  3.0456
98.0252  24.4972  100.5960  26.2944  3.1018
99.0325  24.5549  100.5960  26.2944  3.0627
99.0268  23.8963  100.5960  26.2944  3.1568
98.2175  24.6619  100.5960  26.2944  3.1083
99.3404  24.5305  100.2160  25.0148  3.1023
98.6668  24.9037  100.2160  25.0148  3.1130
99.1663  24.7523  100.2160  25.0148  3.1664
97.9350  25.1078  100.2160  25.0148  3.0902
99.9868  25.4893  100.2160  25.0148  3.1822
100.7200  24.6420  100.2160  25.0148  3.1470
99.0325  24.5549  100.2160  25.0148  3.1500
99.6235  24.5257  100.2160  25.0148  3.1293
98.8350  24.6942  100.2160  25.0148  3.1059
97.9699  24.7130  100.2160  25.0148  3.0951
98.8431  25.1964  100.2160  25.0148  3.0615
99.0268  23.8963  100.2160  25.0148  3.1288
98.8634  25.4505  100.2160  25.0148  3.1165
99.9445  24.3191  100.2160  25.0148  3.1108
98.4849  24.7484  100.2160  25.0148  3.1237
98.5651  24.1350  100.2160  25.0148  3.1505
97.6622  23.9027  100.2160  25.0148  3.1669
99.5713  23.7032  100.2160  25.0148  3.2029
99.2375  25.4847  100.2160  25.0148  3.1688
97.7332  24.3999  100.2160  25.0148  3.1568
100.3690  24.1603  100.2160  25.0148  3.2102
98.2175  24.6619  100.2160  25.0148  3.1174
99.5529  24.2045  100.2160  25.0148  3.1605
99.4801  25.0480  100.2160  25.0148  3.0722
98.0252  24.4972  100.2160  25.0148  3.1585
100.8960  25.5945  100.2160  25.0148  3.0625
100.7810  24.1990  100.2160  25.0148  3.1930
97.7857  24.1826  100.2160  25.0148  3.1553
98.8783  23.5554  100.2160  25.0148  3.1307
99.0384  24.3221  100.2160  25.0148  3.1197
100.8160  25.0395  100.2160  25.0148  3.0505
98.3382  24.3368  100.2160  25.0148  3.1301
97.6568  24.6108  100.2160  25.0148  3.1265
100.1000  25.9100  100.2160  25.0148  3.0404
98.5433  25.5117  100.2160  25.0148  3.0956
99.7242  24.0204  100.2160  25.0148  3.1713
100.2940  23.5890  100.2160  25.0148  3.1797
100.5960  26.2944  100.2160  25.0148  3.0673
100.8080  24.4547  100.2160  25.0148  3.1553
100.5230  25.0541  100.2160  25.0148  3.0225
99.6453  24.8769  100.2160  25.0148  3.1228
98.3349  25.2175  100.2160  25.0148  3.0779
100.8990  25.3230  100.2160  25.0148  3.1322
99.8346  24.9958  100.2160  25.0148  3.0406
100.2940  23.5890  100.8080  24.4547  3.1530
100.8160  25.0395  100.8080  24.4547  3.1278
100.4120  23.9586  100.8080  24.4547  3.1080
99.5713  23.7032  100.1990  24.7084  3.2125
100.7200  24.6420  100.1990  24.7084  3.1708
100.7810  24.1990  100.1990  24.7084  3.2144
99.7242  24.0204  100.1990  24.7084  3.1952
100.2940  23.5890  100.1990  24.7084  3.1640
99.5529  24.2045  100.1990  24.7084  3.1170
100.8160  25.0395  100.1990  24.7084  3.1736
100.4120  23.9586  100.1990  24.7084  3.2179
99.9445  24.3191  100.1990  24.7084  3.0444
99.0268  23.8963  100.1990  24.7084  3.1135
98.8783  23.5554  100.1990  24.7084  3.1276
100.8080  24.4547  98.3382  24.3368  3.1258
99.7242  24.0204  98.3382  24.3368  3.1168
100.3690  24.1603  98.3382  24.3368  3.1011
99.5713  23.7032  98.3382  24.3368  3.1997
99.5529  24.2045  98.3382  24.3368  3.1090
100.2940  23.5890  98.3382  24.3368  3.1881
100.1990  24.7084  98.3382  24.3368  3.1530
99.8799  24.7112  98.3382  24.3368  3.1449
99.9445  24.3191  98.3382  24.3368  3.1051
100.7200  24.6420  98.3382  24.3368  3.1490
100.4120  23.9586  98.3382  24.3368  3.1247
100.0910  24.8650  98.3382  24.3368  3.1903
100.8160  25.0395  98.3382  24.3368  3.1458
100.7810  24.1990  98.3382  24.3368  3.1124
100.3690  24.1603  100.1700  26.3600  3.1475
99.4137  25.2954  100.1700  26.3600  3.1257
99.0325  24.5549  100.1700  26.3600  3.1250
97.9699  24.7130  100.1700  26.3600  3.0874
98.8431  25.1964  100.1700  26.3600  3.0638
99.9868  25.4893  100.1700  26.3600  3.0318
100.4120  23.9586  100.1700  26.3600  3.1647
97.7332  24.3999  100.1700  26.3600  3.1000
99.9445  24.3191  100.1700  26.3600  3.0875
100.2160  25.0148  100.1700  26.3600  3.0522
100.8990  25.3230  100.1700  26.3600  3.0486
99.6235  24.5257  100.1700  26.3600  3.0969
100.8960  25.5945  100.1700  26.3600  3.0645
100.4690  24.5924  100.1700  26.3600  3.1548
99.8346  24.9958  100.1700  26.3600  3.0561
98.0252  24.4972  100.1700  26.3600  3.0954
98.5433  25.5117  100.1700  26.3600  3.0657
99.4801  25.0480  100.1700  26.3600  3.1121
98.8350  24.6942  100.1700  26.3600  3.0606
98.5651  24.1350  100.1700  26.3600  3.1176
99.7242  24.0204  100.1700  26.3600  3.0974
100.2940  23.5890  100.1700  26.3600  3.1442
100.4990  25.5666  100.1700  26.3600  3.2076
99.2375  25.4847  100.1700  26.3600  3.0497
99.6453  24.8769  100.1700  26.3600  3.0920
100.0910  24.8650  100.1700  26.3600  3.0536
98.4849  24.7484  100.1700  26.3600  3.0912
98.6668  24.9037  100.1700  26.3600  3.0782
99.8799  24.7112  100.1700  26.3600  3.0621
99.5529  24.2045  100.1700  26.3600  3.0961
99.1663  24.7523  100.1700  26.3600  3.1141
97.6568  24.6108  100.1700  26.3600  3.0823
99.7280  25.5410  100.1700  26.3600  3.1035
99.4300  26.2040  100.1700  26.3600  3.0685
97.9350  25.1078  100.1700  26.3600  3.0650
97.7857  24.1826  100.1700  26.3600  3.1198
100.4900  25.3500  100.1700  26.3600  3.2179
98.3382  24.3368  100.1700  26.3600  3.1122
100.1990  24.7084  100.1700  26.3600  3.0834
100.5230  25.0541  100.1700  26.3600  3.1508
99.0268  23.8963  100.1700  26.3600  3.1348
99.5713  23.7032  100.1700  26.3600  3.1116
99.3404  24.5305  100.1700  26.3600  3.1186
98.3349  25.2175  100.1700  26.3600  3.0592
99.8316  25.8146  100.1700  26.3600  3.0358
98.8783  23.5554  100.1700  26.3600  3.1453
99.7771  25.3419  100.1700  26.3600  3.0735
100.3200  25.2400  100.1700  26.3600  3.1001
98.8634  25.4505  100.1700  26.3600  3.0913
98.2175  24.6619  100.1700  26.3600  3.1000
99.0384  24.3221  100.1700  26.3600  3.1530
99.4024  25.6322  100.1700  26.3600  3.0618
97.6568  24.6108  98.3349  25.2175  3.1015
100.8160  25.0395  98.3349  25.2175  3.0490
97.9350  25.1078  98.3349  25.2175  3.0747
100.4690  24.5924  98.3349  25.2175  3.1218
99.8346  24.9958  98.3349  25.2175  3.0634
100.7200  24.6420  98.3349  25.2175  3.1089
99.9445  24.3191  98.3349  25.2175  3.0839
99.8799  24.7112  98.3349  25.2175  3.1016
100.7810  24.1990  98.3349  25.2175  3.1640
98.5651  24.1350  98.3349  25.2175  3.1153
99.1663  24.7523  98.3349  25.2175  3.1503
99.4801  25.0480  98.3349  25.2175  3.0472
100.3690  24.1603  98.3349  25.2175  3.0700
99.6235  24.5257  98.3349  25.2175  3.1489
97.9699  24.7130  98.3349  25.2175  3.2035
100.1990  24.7084  98.3349  25.2175  3.0848
97.7857  24.1826  98.3349  25.2175  3.2152
100.8080  24.4547  98.3349  25.2175  3.1492
98.8634  25.4505  98.3349  25.2175  3.1637
97.6622  23.9027  98.3349  25.2175  3.2090
98.0252  24.4972  98.3349  25.2175  3.1309
99.0384  24.3221  98.3349  25.2175  3.1957
98.3382  24.3368  98.3349  25.2175  3.0773
99.0325  24.5549  98.3349  25.2175  3.1360
99.5529  24.2045  98.3349  25.2175  3.1095
98.8350  24.6942  98.3349  25.2175  3.2166
98.2175  24.6619  98.3349  25.2175  3.0156
99.6453  24.8769  98.3349  25.2175  3.0593
97.7332  24.3999  98.3349  25.2175  3.1482
99.2375  25.4847  98.3349  25.2175  3.1343
99.3404  24.5305  98.3349  25.2175  3.1706
100.4120  23.9586  98.3349  25.2175  3.1103
99.7242  24.0204  98.3349  25.2175  3.1393
99.0268  23.8963  98.3349  25.2175  3.1455
100.7200  24.6420  98.2175  24.6619  3.1229
98.0252  24.4972  98.2175  24.6619  3.1904
100.8160  25.0395  98.2175  24.6619  3.0984
99.9445  24.3191  98.2175  24.6619  3.0963
100.4690  24.5924  98.2175  24.6619  3.1105
98.5651  24.1350  98.2175  24.6619  3.2248
99.5713  23.7032  98.2175  24.6619  3.1517
100.0910  24.8650  98.2175  24.6619  3.1188
99.7242  24.0204  98.2175  24.6619  3.1339
99.8799  24.7112  98.2175  24.6619  3.0831
100.8080  24.4547  98.2175  24.6619  3.1170
99.5529  24.2045  98.2175  24.6619  3.1256
98.8783  23.5554  98.2175  24.6619  3.1574
97.7857  24.1826  98.2175  24.6619  3.1769
97.6622  23.9027  98.2175  24.6619  3.1726
100.2940  23.5890  98.2175  24.6619  3.1242
100.3690  24.1603  98.2175  24.6619  3.1008
100.4120  23.9586  98.2175  24.6619  3.1419
100.1990  24.7084  98.2175  24.6619  3.0946
99.0268  23.8963  98.2175  24.6619  3.1098
100.7810  24.1990  98.2175  24.6619  3.1007
98.8350  24.6942  100.4900  25.3500  3.0741
98.4849  24.7484  100.4900  25.3500  3.0894
98.3349  25.2175  100.4900  25.3500  3.0451
98.8431  25.1964  100.4900  25.3500  3.0473
98.3382  24.3368  100.4900  25.3500  3.0960
100.4690  24.5924  100.4900  25.3500  3.0657
99.5713  23.7032  100.4900  25.3500  3.1702
99.6453  24.8769  100.4900  25.3500  3.0257
97.9699  24.7130  100.4900  25.3500  3.0735
99.2375  25.4847  100.4900  25.3500  3.0271
100.3690  24.1603  100.4900  25.3500  3.1278
99.6235  24.5257  100.4900  25.3500  3.0895
97.9350  25.1078  100.4900  25.3500  3.0702
98.5651  24.1350  100.4900  25.3500  3.1046
99.8346  24.9958  100.4900  25.3500  3.0532
100.8960  25.5945  100.4900  25.3500  3.1823
97.6622  23.9027  100.4900  25.3500  3.1190
99.4801  25.0480  100.4900  25.3500  3.1155
97.6568  24.6108  100.4900  25.3500  3.0829
99.9445  24.3191  100.4900  25.3500  3.1311
99.8799  24.7112  100.4900  25.3500  3.1748
97.7332  24.3999  100.4900  25.3500  3.1174
99.0268  23.8963  100.4900  25.3500  3.0894
98.2175  24.6619  100.4900  25.3500  3.0911
98.5433  25.5117  100.4900  25.3500  3.0324
100.2940  23.5890  100.4900  25.3500  3.1281
98.8783  23.5554  100.4900  25.3500  3.1162
98.6668  24.9037  100.4900  25.3500  3.0915
99.5529  24.2045  100.4900  25.3500  3.2005
99.0384  24.3221  100.4900  25.3500  3.0899
100.7200  24.6420  100.4900  25.3500  3.1724
98.0252  24.4972  100.4900  25.3500  3.1077
99.1663  24.7523  100.4900  25.3500  3.0810
100.4120  23.9586  100.4900  25.3500  3.1605
99.0325  24.5549  100.4900  25.3500  3.0789
98.8634  25.4505  100.4900  25.3500  3.0200
100.0910  24.8650  100.4900  25.3500  3.0399
99.3404  24.5305  100.4900  25.3500  3.0677
97.7857  24.1826  100.4900  25.3500  3.1209
100.5960  26.2944  100.4900  25.3500  3.0658
100.1000  25.9100  100.4900  25.3500  3.1336
99.7242  24.0204  100.4900  25.3500  3.1620
100.7810  24.1990  100.7200  24.6420  3.1365
100.4120  23.9586  100.7200  24.6420  3.1082
100.2940  23.5890  100.7200  24.6420  3.1338
100.8080  24.4547  100.7200  24.6420  3.1723
100.7200  24.6420  99.0384  24.3221  3.1538
100.1990  24.7084  99.0384  24.3221  3.2051
99.8799  24.7112  99.0384  24.3221  3.1480
99.6235  24.5257  99.0384  24.3221  3.0919
100.8160  25.0395  99.0384  24.3221  3.1219
98.0252  24.4972  99.0384  24.3221  3.1380
100.3690  24.1603  99.0384  24.3221  3.1144
100.4120  23.9586  99.0384  24.3221  3.1022
97.7332  24.3999  99.0384  24.3221  3.1577
99.8346  24.9958  99.0384  24.3221  3.1092
99.5529  24.2045  99.0384  24.3221  3.0530
97.7857  24.1826  99.0384  24.3221  3.1892
99.7242  24.0204  99.0384  24.3221  3.1374
99.6453  24.8769  99.0384  24.3221  3.1061
99.4801  25.0480  99.0384  24.3221  3.1751
98.2175  24.6619  99.0384  24.3221  3.1552
97.9350  25.1078  99.0384  24.3221  3.1164
99.1663  24.7523  99.0384  24.3221  3.1082
100.8080  24.4547  99.0384  24.3221  3.1350
97.6568  24.6108  99.0384  24.3221  3.1324
97.6622  23.9027  99.0384  24.3221  3.2131
98.3382  24.3368  99.0384  24.3221  3.1682
100.2940  23.5890  99.0384  24.3221  3.1074
97.9699  24.7130  99.0384  24.3221  3.1778
100.7810  24.1990  99.0384  24.3221  3.0840
100.4690  24.5924  99.0384  24.3221  3.1452
99.9445  24.3191  99.0384  24.3221  3.0551
99.5713  23.7032  99.0384  24.3221  3.1461
100.0910  24.8650  99.0384  24.3221  3.1282
99.0268  23.8963  99.0384  24.3221  3.0756
98.8783  23.5554  99.0384  24.3221  3.1299
99.3404  24.5305  98.8863  26.3578  3.1791
99.4801  25.0480  98.8863  26.3578  3.1924
99.4300  26.2040  98.8863  26.3578  3.0599
98.2175  24.6619  98.8863  26.3578  3.1698
97.7857  24.1826  98.8863  26.3578  3.1294
98.8431  25.1964  98.8863  26.3578  3.1322
99.4024  25.6322  98.8863  26.3578  3.1755
99.6453  24.8769  98.8863  26.3578  3.1561
100.5960  26.2944  98.8863  26.3578  3.0289
100.5200  25.8500  98.8863  26.3578  3.0664
100.4990  25.5666  98.8863  26.3578  3.0786
100.8560  25.9242  98.8863  26.3578  3.0578
99.1663  24.7523  98.8863  26.3578  3.1677
99.7242  24.0204  98.8863  26.3578  3.1359
99.5713  23.7032  98.8863  26.3578  3.1698
100.3690  24.1603  98.8863  26.3578  3.1246
99.0384  24.3221  98.8863  26.3578  3.1614
98.3382  24.3368  98.8863  26.3578  3.1708
99.9868  25.4893  98.8863  26.3578  3.0620
98.6668  24.9037  98.8863  26.3578  3.1467
98.8783  23.5554  98.8863  26.3578  3.1560
100.8990  25.3230  98.8863  26.3578  3.0509
100.7200  24.6420  98.8863  26.3578  3.1037
99.5529  24.2045  98.8863  26.3578  3.1855
99.9445  24.3191  98.8863  26.3578  3.1727
100.4690  24.5924  98.8863  26.3578  3.1576
98.8634  25.4505  98.8863  26.3578  3.1220
98.0252  24.4972  98.8863  26.3578  3.1878
100.2520  26.1294  98.8863  26.3578  3.0292
98.8350  24.6942  98.8863  26.3578  3.1329
100.1000  25.9100  98.8863  26.3578  3.0831
98.5433  25.5117  98.8863  26.3578  3.2272
99.0268  23.8963  98.8863  26.3578  3.1571
100.2940  23.5890  98.8863  26.3578  3.1744
100.8160  25.0395  98.8863  26.3578  3.0752
100.8960  25.5945  98.8863  26.3578  3.0619
98.3349  25.2175  98.8863  26.3578  3.1754
99.7771  25.3419  98.8863  26.3578  3.0856
99.8316  25.8146  98.8863  26.3578  3.1126
98.5651  24.1350  98.8863  26.3578  3.1518
100.4120  23.9586  98.8863  26.3578  3.1481
99.7280  25.5410  98.8863  26.3578  3.0494
100.1990  24.7084  98.8863  26.3578  3.1555
100.2160  25.0148  98.8863  26.3578  3.0827
100.7810  24.1990  98.8863  26.3578  3.1947
97.7332  24.3999  98.8863  26.3578  3.1322
97.9699  24.7130  98.8863  26.3578  3.1419
100.8080  24.4547  98.8863  26.3578  3.1291
100.5230  25.0541  98.8863  26.3578  3.0471
99.8799  24.7112  98.8863  26.3578  3.1514
97.9350  25.1078  98.8863  26.3578  3.1268
99.0325  24.5549  98.8863  26.3578  3.1636
98.4849  24.7484  98.8863  26.3578  3.1531
99.6235  24.5257  98.8863  26.3578  3.1980
99.8346  24.9958  98.8863  26.3578  3.1665
100.3200  25.2400  98.8863  26.3578  3.0819
97.6568  24.6108  98.8863  26.3578  3.1661
98.6668  24.9037  100.3200  25.2400  3.0969
99.6235  24.5257  100.3200  25.2400  3.1337
100.8080  24.4547  100.3200  25.2400  3.1394
98.5651  24.1350  100.3200  25.2400  3.1316
100.1000  25.9100  100.3200  25.2400  3.0613
98.3382  24.3368  100.3200  25.2400  3.0872
98.5433  25.5117  100.3200  25.2400  3.0497
99.0268  23.8963  100.3200  25.2400  3.1145
97.7857  24.1826  100.3200  25.2400  3.1242
99.1663  24.7523  100.3200  25.2400  3.1260
98.8783  23.5554  100.3200  25.2400  3.1342
99.9445  24.3191  100.3200  25.2400  3.1046
100.4120  23.9586  100.3200  25.2400  3.1930
100.5960  26.2944  100.3200  25.2400  3.0646
98.3349  25.2175  100.3200  25.2400  3.0425
99.0384  24.3221  100.3200  25.2400  3.0880
97.6622  23.9027  100.3200  25.2400  3.1410
100.7200  24.6420  100.3200  25.2400  3.1425
99.6453  24.8769  100.3200  25.2400  3.0698
97.9350  25.1078  100.3200  25.2400  3.0649
100.5230  25.0541  100.3200  25.2400  3.1755
100.8990  25.3230  100.3200  25.2400  3.0269
97.6568  24.6108  100.3200  25.2400  3.1081
99.5529  24.2045  100.3200  25.2400  3.1886
98.8634  25.4505  100.3200  25.2400  3.0488
99.8346  24.9958  100.3200  25.2400  3.1318
99.7242  24.0204  100.3200  25.2400  3.1513
98.2175  24.6619  100.3200  25.2400  3.1150
99.0325  24.5549  100.3200  25.2400  3.0844
99.5713  23.7032  100.3200  25.2400  3.1670
98.4849  24.7484  100.3200  25.2400  3.1139
98.8431  25.1964  100.3200  25.2400  3.0415
99.3404  24.5305  100.3200  25.2400  3.0549
98.0252  24.4972  100.3200  25.2400  3.0980
100.2940  23.5890  100.3200  25.2400  3.1597
100.8960  25.5945  100.3200  25.2400  3.1810
97.9699  24.7130  100.3200  25.2400  3.1036
99.2375  25.4847  100.3200  25.2400  3.0249
97.7332  24.3999  100.3200  25.2400  3.1161
100.4690  24.5924  100.3200  25.2400  3.1836
98.8350  24.6942  100.3200  25.2400  3.0881
99.4801  25.0480  100.3200  25.2400  3.0988
99.8799  24.7112  100.3200  25.2400  3.0984
100.3690  24.1603  100.3200  25.2400  3.1724
100.7810  24.1990  100.5200  25.8500  3.2011
100.3690  24.1603  100.5200  25.8500  3.1412
98.5651  24.1350  100.5200  25.8500  3.1164
99.3404  24.5305  100.5200  25.8500  3.1082
99.7242  24.0204  100.5200  25.8500  3.1441
98.8783  23.5554  100.5200  25.8500  3.1469
99.7280  25.5410  100.5200  25.8500  3.0795
99.0325  24.5549  100.5200  25.8500  3.0616
98.0252  24.4972  100.5200  25.8500  3.0938
99.4801  25.0480  100.5200  25.8500  3.0410
100.8960  25.5945  100.5200  25.8500  3.1619
99.1663  24.7523  100.5200  25.8500  3.0375
100.8080  24.4547  100.5200  25.8500  3.2011
99.0384  24.3221  100.5200  25.8500  3.0833
97.6622  23.9027  100.5200  25.8500  3.1355
99.5713  23.7032  100.5200  25.8500  3.1486
99.7771  25.3419  100.5200  25.8500  3.0326
99.9445  24.3191  100.5200  25.8500  3.1085
98.8431  25.1964  100.5200  25.8500  3.0540
99.8799  24.7112  100.5200  25.8500  3.1374
100.5230  25.0541  100.5200  25.8500  3.0343
97.7332  24.3999  100.5200  25.8500  3.0990
100.4120  23.9586  100.5200  25.8500  3.1475
100.1990  24.7084  100.5200  25.8500  3.0789
100.0910  24.8650  100.5200  25.8500  3.0724
100.2940  23.5890  100.5200  25.8500  3.1297
98.8350  24.6942  100.5200  25.8500  3.0861
100.2160  25.0148  100.5200  25.8500  3.0393
97.9350  25.1078  100.5200  25.8500  3.0741
99.2375  25.4847  100.5200  25.8500  3.1151
98.3382  24.3368  100.5200  25.8500  3.1109
100.7200  24.6420  100.5200  25.8500  3.1491
100.4690  24.5924  100.5200  25.8500  3.0968
98.3349  25.2175  100.5200  25.8500  3.0838
99.6453  24.8769  100.5200  25.8500  3.0819
99.4137  25.2954  100.5200  25.8500  3.0611
97.9699  24.7130  100.5200  25.8500  3.0985
100.8560  25.9242  100.5200  25.8500  3.1085
99.9868  25.4893  100.5200  25.8500  3.1827
98.5433  25.5117  100.5200  25.8500  3.0702
98.8634  25.4505  100.5200  25.8500  3.0850
99.6235  24.5257  100.5200  25.8500  3.1377
98.2175  24.6619  100.5200  25.8500  3.0994
99.0268  23.8963  100.5200  25.8500  3.1319
97.7857  24.1826  100.5200  25.8500  3.1128
97.6568  24.6108  100.5200  25.8500  3.1027
99.5529  24.2045  100.5200  25.8500  3.1681
100.8160  25.0395  100.5200  25.8500  3.2191
99.7242  24.0204  99.8799  24.7112  3.0945
99.5713  23.7032  99.8799  24.7112  3.1502
99.0268  23.8963  99.8799  24.7112  3.1795
100.7200  24.6420  99.8799  24.7112  3.1351
100.8080  24.4547  99.8799  24.7112  3.1828
100.8160  25.0395  99.8799  24.7112  3.1422
98.8783  23.5554  99.8799  24.7112  3.1817
99.9445  24.3191  99.8799  24.7112  3.0360
99.5529  24.2045  99.8799  24.7112  3.1118
99.0384  24.3221  100.2520  26.1294  3.1560
100.8960  25.5945  100.2520  26.1294  3.0636
97.7332  24.3999  100.2520  26.1294  3.1086
99.1663  24.7523  100.2520  26.1294  3.0813
99.0268  23.8963  100.2520  26.1294  3.1493
99.7242  24.0204  100.2520  26.1294  3.1054
98.2175  24.6619  100.2520  26.1294  3.1140
100.4990  25.5666  100.2520  26.1294  3.2151
98.4849  24.7484  100.2520  26.1294  3.1119
100.5230  25.0541  100.2520  26.1294  3.1580
100.8080  24.4547  100.2520  26.1294  3.1880
97.6622  23.9027  100.2520  26.1294  3.1220
99.7280  25.5410  100.2520  26.1294  3.1275
99.6453  24.8769  100.2520  26.1294  3.1213
99.4137  25.2954  100.2520  26.1294  3.0780
99.3404  24.5305  100.2520  26.1294  3.1412
100.2940  23.5890  100.2520  26.1294  3.1455
100.2160  25.0148  100.2520  26.1294  3.0487
98.8783  23.5554  100.2520  26.1294  3.1527
98.6668  24.9037  100.2520  26.1294  3.0812
100.4900  25.3500  100.2520  26.1294  3.1706
100.3200  25.2400  100.2520  26.1294  3.0461
98.8350  24.6942  100.2520  26.1294  3.0397
100.3690  24.1603  100.2520  26.1294  3.1481
97.9699  24.7130  100.2520  26.1294  3.0802
100.0910  24.8650  100.2520  26.1294  3.0407
100.1990  24.7084  100.2520  26.1294  3.0765
98.5651  24.1350  100.2520  26.1294  3.0970
100.4120  23.9586  100.2520  26.1294  3.1598
99.9445  24.3191  100.2520  26.1294  3.0861
99.4024  25.6322  100.2520  26.1294  3.0319
98.0252  24.4972  100.2520  26.1294  3.1168
99.2375  25.4847  100.2520  26.1294  3.0429
100.7200  24.6420  100.2520  26.1294  3.1667
99.8346  24.9958  100.2520  26.1294  3.0899
99.0325  24.5549  100.2520  26.1294  3.0989
98.8634  25.4505  100.2520  26.1294  3.0609
99.6235  24.5257  100.2520  26.1294  3.1173
100.4690  24.5924  100.2520  26.1294  3.1396
97.9350  25.1078  100.2520  26.1294  3.0736
99.5713  23.7032  100.2520  26.1294  3.1181
99.7771  25.3419  100.2520  26.1294  3.0665
99.4801  25.0480  100.2520  26.1294  3.1056
98.5433  25.5117  100.2520  26.1294  3.0686
98.3382  24.3368  100.2520  26.1294  3.1022
97.6568  24.6108  100.2520  26.1294  3.0956
100.8560  25.9242  100.2520  26.1294  3.1167
100.8990  25.3230  100.2520  26.1294  3.0571
98.8431  25.1964  100.2520  26.1294  3.1210
98.3349  25.2175  100.2520  26.1294  3.0655
99.4801  25.0480  98.5433  25.5117  3.1484
100.8080  24.4547  98.5433  25.5117  3.1765
99.7242  24.0204  98.5433  25.5117  3.1162
97.7857  24.1826  98.5433  25.5117  3.1451
99.0268  23.8963  98.5433  25.5117  3.1867
99.8346  24.9958  98.5433  25.5117  3.1174
98.8350  24.6942  98.5433  25.5117  3.1437
99.5713  23.7032  98.5433  25.5117  3.1081
99.8799  24.7112  98.5433  25.5117  3.1646
99.0384  24.3221  98.5433  25.5117  3.1964
99.6453  24.8769  98.5433  25.5117  3.1746
100.7810  24.1990  98.5433  25.5117  3.1482
99.3404  24.5305  98.5433  25.5117  3.0827
100.4690  24.5924  98.5433  25.5117  3.1618
98.4849  24.7484  98.5433  25.5117  3.0380
97.7332  24.3999  98.5433  25.5117  3.1170
98.3382  24.3368  98.5433  25.5117  3.0921
100.8160  25.0395  98.5433  25.5117  3.0604
99.5529  24.2045  98.5433  25.5117  3.0950
97.6622  23.9027  98.5433  25.5117  3.1595
98.0252  24.4972  98.5433  25.5117  3.1344
99.9445  24.3191  98.5433  25.5117  3.1022
100.1990  24.7084  98.5433  25.5117  3.1719
100.7200  24.6420  98.5433  25.5117  3.1599
100.0910  24.8650  98.5433  25.5117  3.1402
98.8634  25.4505  98.5433  25.5117  3.2048
97.9350  25.1078  98.5433  25.5117  3.0485
99.6235  24.5257  98.5433  25.5117  3.0830
100.2940  23.5890  98.5433  25.5117  3.1269
98.6668  24.9037  98.5433  25.5117  3.0645
100.3690  24.1603  98.5433  25.5117  3.1230
97.6568  24.6108  98.5433  25.5117  3.1025
99.1663  24.7523  98.5433  25.5117  3.1246
98.8783  23.5554  98.5433  25.5117  3.1365
98.5651  24.1350  98.5433  25.5117  3.1022
98.2175  24.6619  98.5433  25.5117  3.0823
99.2375  25.4847  98.5433  25.5117  3.0397
99.7242  24.0204  99.0325  24.5549  3.1455
100.8160  25.0395  99.0325  24.5549  3.1121
100.0910  24.8650  99.0325  24.5549  3.1579
99.1663  24.7523  99.0325  24.5549  3.0681
98.0252  24.4972  99.0325  24.5549  3.1446
100.3690  24.1603  99.0325  24.5549  3.0730
99.8799  24.7112  99.0325  24.5549  3.1049
99.6453  24.8769  99.0325  24.5549  3.1068
100.1990  24.7084  99.0325  24.5549  3.0817
99.5713  23.7032  99.0325  24.5549  3.1734
100.2940  23.5890  99.0325  24.5549  3.1469
97.7332  24.3999  99.0325  24.5549  3.1728
97.6622  23.9027  99.0325  24.5549  3.2255
98.8783  23.5554  99.0325  24.5549  3.1280
99.0268  23.8963  99.0325  24.5549  3.0805
98.5651  24.1350  99.0325  24.5549  3.2271
97.9350  25.1078  99.0325  24.5549  3.1545
99.6235  24.5257  99.0325  24.5549  3.0804
97.6568  24.6108  99.0325  24.5549  3.1205
99.5529  24.2045  99.0325  24.5549  3.1458
99.9445  24.3191  99.0325  24.5549  3.0707
97.9699  24.7130  99.0325  24.5549  3.0971
98.2175  24.6619  99.0325  24.5549  3.0859
100.4120  23.9586  99.0325  24.5549  3.1588
100.8080  24.4547  99.0325  24.5549  3.0919
100.7200  24.6420  99.0325  24.5549  3.1165
100.7810  24.1990  99.0325  24.5549  3.0912
100.4690  24.5924  99.0325  24.5549  3.0937
97.7857  24.1826  99.0325  24.5549  3.2264
99.8346  24.9958  99.0325  24.5549  3.0800
99.4801  25.0480  99.0325  24.5549  3.1075
99.9445  24.3191  99.1301  26.2006  3.1698
99.8316  25.8146  99.1301  26.2006  3.1202
100.8560  25.9242  99.1301  26.2006  3.0469
100.7200  24.6420  99.1301  26.2006  3.1066
97.6568  24.6108  99.1301  26.2006  3.1296
100.4990  25.5666  99.1301  26.2006  3.0741
99.6235  24.5257  99.1301  26.2006  3.1730
98.8783  23.5554  99.1301  26.2006  3.1627
99.4801  25.0480  99.1301  26.2006  3.1636
97.6622  23.9027  99.1301  26.2006  3.1646
100.7810  24.1990  99.1301  26.2006  3.1782
100.5960  26.2944  99.1301  26.2006  3.0289
99.7280  25.5410  99.1301  26.2006  3.0713
98.4849  24.7484  99.1301  26.2006  3.1891
99.1663  24.7523  99.1301  26.2006  3.1305
97.9699  24.7130  99.1301  26.2006  3.1375
100.1700  26.3600  99.1301  26.2006  3.0334
100.3200  25.2400  99.1301  26.2006  3.0806
100.1990  24.7084  99.1301  26.2006  3.1469
98.8634  25.4505  99.1301  26.2006  3.1834
98.6668  24.9037  99.1301  26.2006  3.2072
99.8346  24.9958  99.1301  26.2006  3.1673
98.3349  25.2175  99.1301  26.2006  3.1104
100.5200  25.8500  99.1301  26.2006  3.0709
100.2160  25.0148  99.1301  26.2006  3.0803
99.2375  25.4847  99.1301  26.2006  3.1395
100.0910  24.8650  99.1301  26.2006  3.1607
99.6453  24.8769  99.1301  26.2006  3.1767
100.8960  25.5945  99.1301  26.2006  3.0712
98.2175  24.6619  99.1301  26.2006  3.1403
98.0252  24.4972  99.1301  26.2006  3.1527
99.0325  24.5549  99.1301  26.2006  3.1382
97.7332  24.3999  99.1301  26.2006  3.1249
99.5529  24.2045  99.1301  26.2006  3.1630
100.8160  25.0395  99.1301  26.2006  3.0681
99.4024  25.6322  99.1301  26.2006  3.2069
99.7242  24.0204  99.1301  26.2006  3.1446
98.5651  24.1350  99.1301  26.2006  3.2013
99.7771  25.3419  99.1301  26.2006  3.1215
100.2940  23.5890  99.1301  26.2006  3.1556
98.8431  25.1964  99.1301  26.2006  3.1682
98.8350  24.6942  99.1301  26.2006  3.1534
99.5713  23.7032  99.1301  26.2006  3.1593
100.8080  24.4547  99.1301  26.2006  3.1323
97.9350  25.1078  99.1301  26.2006  3.0869
100.1000  25.9100  99.1301  26.2006  3.0943
98.5433  25.5117  99.1301  26.2006  3.1495
100.4120  23.9586  99.1301  26.2006  3.1710
100.3690  24.1603  99.1301  26.2006  3.1351
100.5230  25.0541  99.1301  26.2006  3.0873
100.8990  25.3230  99.1301  26.2006  3.0700
99.8799  24.7112  99.1301  26.2006  3.1475
98.3382  24.3368  99.1301  26.2006  3.2153
99.3404  24.5305  99.1301  26.2006  3.1515
100.4690  24.5924  99.1301  26.2006  3.1431
99.4137  25.2954  99.1301  26.2006  3.2017
100.2520  26.1294  99.1301  26.2006  3.0167
99.9868  25.4893  99.1301  26.2006  3.0587
99.0384  24.3221  99.1301  26.2006  3.1445
99.0268  23.8963  99.1301  26.2006  3.1479
97.7857  24.1826  99.1301  26.2006  3.1462
97.9699  24.7130  99.6235  24.5257  3.0738
97.7332  24.3999  99.6235  24.5257  3.1182
100.7810  24.1990  99.6235  24.5257  3.1330
98.8783  23.5554  99.6235  24.5257  3.1849
98.2175  24.6619  99.6235  24.5257  3.0393
98.3382  24.3368  99.6235  24.5257  3.1199
100.1990  24.7084  99.6235  24.5257  3.1508
98.5651  24.1350  99.6235  24.5257  3.1917
98.0252  24.4972  99.6235  24.5257  3.1056
100.8160  25.0395  99.6235  24.5257  3.1569
97.7857  24.1826  99.6235  24.5257  3.1747
99.7242  24.0204  99.6235  24.5257  3.1110
99.5713  23.7032  99.6235  24.5257  3.1182
99.1663  24.7523  99.6235  24.5257  3.1678
97.9350  25.1078  99.6235  24.5257  3.1219
97.6622  23.9027  99.6235  24.5257  3.1817
100.4690  24.5924  99.6235  24.5257  3.1620
100.4120  23.9586  99.6235  24.5257  3.2173
100.7200  24.6420  99.6235  24.5257  3.1731
97.6568  24.6108  99.6235  24.5257  3.0784
100.8080  24.4547  99.6235  24.5257  3.1325
99.7280  25.5410  100.8560  25.9242  3.1404
99.4801  25.0480  100.8560  25.9242  3.0657
100.8160  25.0395  100.8560  25.9242  3.0815
97.7857  24.1826  100.8560  25.9242  3.1004
100.4900  25.3500  100.8560  25.9242  3.0550
99.9868  25.4893  100.8560  25.9242  3.0931
99.1663  24.7523  100.8560  25.9242  3.0619
100.2160  25.0148  100.8560  25.9242  3.1004
98.8783  23.5554  100.8560  25.9242  3.1090
97.9350  25.1078  100.8560  25.9242  3.0499
99.0325  24.5549  100.8560  25.9242  3.0744
99.2375  25.4847  100.8560  25.9242  3.0669
100.0910  24.8650  100.8560  25.9242  3.1337
98.8634  25.4505  100.8560  25.9242  3.0930
100.8990  25.3230  100.8560  25.9242  3.0231
97.6622  23.9027  100.8560  25.9242  3.1255
98.8350  24.6942  100.8560  25.9242  3.0853
98.0252  24.4972  100.8560  25.9242  3.0902
99.4137  25.2954  100.8560  25.9242  3.0638
100.4990  25.5666  100.8560  25.9242  3.0291
98.4849  24.7484  100.8560  25.9242  3.0880
99.6235  24.5257  100.8560  25.9242  3.0870
100.1990  24.7084  100.8560  25.9242  3.0974
98.5651  24.1350  100.8560  25.9242  3.1089
98.5433  25.5117  100.8560  25.9242  3.0680
100.4120  23.9586  100.8560  25.9242  3.1184
99.8799  24.7112  100.8560  25.9242  3.1323
99.0268  23.8963  100.8560  25.9242  3.1010
99.3404  24.5305  100.8560  25.9242  3.0765
99.9445  24.3191  100.8560  25.9242  3.1566
100.5230  25.0541  100.8560  25.9242  3.0464
100.3200  25.2400  100.8560  25.9242  3.0830
100.7200  24.6420  100.8560  25.9242  3.1039
100.2940  23.5890  100.8560  25.9242  3.1153
97.6568  24.6108  100.8560  25.9242  3.0956
98.6668  24.9037  100.8560  25.9242  3.0764
100.3690  24.1603  100.8560  25.9242  3.1113
98.3382  24.3368  100.8560  25.9242  3.0954
99.7771  25.3419  100.8560  25.9242  3.0613
98.2175  24.6619  100.8560  25.9242  3.0838
99.0384  24.3221  100.8560  25.9242  3.0908
99.8346  24.9958  100.8560  25.9242  3.0357
100.8080  24.4547  100.8560  25.9242  3.1272
99.8316  25.8146  100.8560  25.9242  3.0236
99.5713  23.7032  100.8560  25.9242  3.1604
100.7810  24.1990  100.8560  25.9242  3.1403
97.7332  24.3999  100.8560  25.9242  3.1011
97.9699  24.7130  100.8560  25.9242  3.0878
99.6453  24.8769  100.8560  25.9242  3.0423
99.7242  24.0204  100.8560  25.9242  3.1449
99.9445  24.3191  99.3404  24.5305  3.1209
98.3382  24.3368  99.3404  24.5305  3.1664
98.0252  24.4972  99.3404  24.5305  3.1362
100.7810  24.1990  99.3404  24.5305  3.0888
100.1990  24.7084  99.3404  24.5305  3.1375
100.3690  24.1603  99.3404  24.5305  3.1037
99.5713  23.7032  99.3404  24.5305  3.1477
99.7242  24.0204  99.3404  24.5305  3.2017
97.7332  24.3999  99.3404  24.5305  3.1372
100.7200  24.6420  99.3404  24.5305  3.1338
97.9699  24.7130  99.3404  24.5305  3.0926
100.4690  24.5924  99.3404  24.5305  3.1123
100.4120  23.9586  99.3404  24.5305  3.1754
98.5651  24.1350  99.3404  24.5305  3.1996
100.2940  23.5890  99.3404  24.5305  3.1595
98.8783  23.5554  99.3404  24.5305  3.2122
99.0268  23.8963  99.3404  24.5305  3.1720
97.6622  23.9027  99.3404  24.5305  3.1989
99.8799  24.7112  99.3404  24.5305  3.1021
97.7857  24.1826  99.3404  24.5305  3.1988
100.8080  24.4547  99.3404  24.5305  3.1143
97.6568  24.6108  99.3404  24.5305  3.1057
97.9350  25.1078  99.3404  24.5305  3.1293
100.8160  25.0395  99.3404  24.5305  3.1587
98.2175  24.6619  99.3404  24.5305  3.0879
97.9699  24.7130  98.4849  24.7484  3.0554
98.8634  25.4505  98.4849  24.7484  3.1776
99.0325  24.5549  98.4849  24.7484  3.0946
98.3382  24.3368  98.4849  24.7484  3.0475
100.8080  24.4547  98.4849  24.7484  3.1117
100.1990  24.7084  98.4849  24.7484  3.0645
97.7332  24.3999  98.4849  24.7484  3.2053
98.8431  25.1964  98.4849  24.7484  3.2289
99.5529  24.2045  98.4849  24.7484  3.1993
99.9445  24.3191  98.4849  24.7484  3.1131
99.7242  24.0204  98.4849  24.7484  3.1496
100.7200  24.6420  98.4849  24.7484  3.1149
99.0268  23.8963  98.4849  24.7484  3.1970
99.8799  24.7112  98.4849  24.7484  3.0435
100.7810  24.1990  98.4849  24.7484  3.1010
99.1663  24.7523  98.4849  24.7484  3.0608
99.6235  24.5257  98.4849  24.7484  3.0590
100.4120  23.9586  98.4849  24.7484  3.1623
99.5713  23.7032  98.4849  24.7484  3.1485
99.4801  25.0480  98.4849  24.7484  3.1688
99.3404  24.5305  98.4849  24.7484  3.1060
98.5651  24.1350  98.4849  24.7484  3.0871
100.3690  24.1603  98.4849  24.7484  3.1117
100.4690  24.5924  98.4849  24.7484  3.0940
100.0910  24.8650  98.4849  24.7484  3.1144
99.8346  24.9958  98.4849  24.7484  3.1289
98.8783  23.5554  98.4849  24.7484  3.1618
97.6622  23.9027  98.4849  24.7484  3.1569
99.6453  24.8769  98.4849  24.7484  3.0651
100.8160  25.0395  98.4849  24.7484  3.0876
97.6568  24.6108  98.4849  24.7484  3.1350
97.7857  24.1826  98.4849  24.7484  3.1370
100.2940  23.5890  98.4849  24.7484  3.1327
99.2375  25.4847  98.4849  24.7484  3.1338
97.6622  23.9027  98.6668  24.9037  3.1647
100.1990  24.7084  98.6668  24.9037  3.0514
100.7810  24.1990  98.6668  24.9037  3.1263
99.7242  24.0204  98.6668  24.9037  3.1378
99.0268  23.8963  98.6668  24.9037  3.2112
100.4120  23.9586  98.6668  24.9037  3.1012
100.8160  25.0395  98.6668  24.9037  3.0499
99.9445  24.3191  98.6668  24.9037  3.1362
100.8080  24.4547  98.6668  24.9037  3.1242
98.8634  25.4505  98.6668  24.9037  3.1458
97.6568  24.6108  98.6668  24.9037  3.1840
99.5529  24.2045  98.6668  24.9037  3.1076
100.0910  24.8650  98.6668  24.9037  3.0819
98.5651  24.1350  98.6668  24.9037  3.1505
97.9350  25.1078  98.6668  24.9037  3.0454
99.6235  24.5257  98.6668  24.9037  3.1503
97.7857  24.1826  98.6668  24.9037  3.1433
98.0252  24.4972  98.6668  24.9037  3.1694
99.8346  24.9958  98.6668  24.9037  3.0789
99.4801  25.0480  98.6668  24.9037  3.1247
99.2375  25.4847  98.6668  24.9037  3.1569
97.7332  24.3999  98.6668  24.9037  3.1652
99.1663  24.7523  98.6668  24.9037  3.1362
100.7200  24.6420  98.6668  24.9037  3.1133
97.9699  24.7130  98.6668  24.9037  3.1206
99.8799  24.7112  98.6668  24.9037  3.0517
98.4849  24.7484  98.6668  24.9037  3.1712
100.3690  24.1603  98.6668  24.9037  3.1489
98.3382  24.3368  98.6668  24.9037  3.2023
99.3404  24.5305  98.6668  24.9037  3.1900
100.2940  23.5890  98.6668  24.9037  3.1230
99.5713  23.7032  98.6668  24.9037  3.1195
100.4690  24.5924  98.6668  24.9037  3.1085
99.6453  24.8769  98.6668  24.9037  3.0219
99.7242  24.0204  100.0910  24.8650  3.1497
99.5713  23.7032  100.0910  24.8650  3.1798
100.7810  24.1990  100.0910  24.8650  3.2092
98.8783  23.5554  100.0910  24.8650  3.1494
100.2940  23.5890  100.0910  24.8650  3.2023
100.8160  25.0395  100.0910  24.8650  3.0788
99.0268  23.8963  100.0910  24.8650  3.1185
100.1990  24.7084  100.0910  24.8650  3.2080
99.5529  24.2045  100.0910  24.8650  3.1375
100.7200  24.6420  100.3690  24.1603  3.1630
100.8160  25.0395  100.3690  24.1603  3.1082
99.7242  24.0204  100.3690  24.1603  3.1622
99.0268  23.8963  100.3690  24.1603  3.1542
99.5713  23.7032  100.3690  24.1603  3.1847
99.5529  24.2045  100.3690  24.1603  3.0866
100.7810  24.1990  100.3690  24.1603  3.0608
98.8783  23.5554  100.3690  24.1603  3.1764
98.8783  23.5554  100.4690  24.5924  3.1764
100.2940  23.5890  100.4690  24.5924  3.1393
99.0268  23.8963  100.4690  24.5924  3.1414
100.4120  23.9586  100.4690  24.5924  3.1675
100.8160  25.0395  100.4690  24.5924  3.1108
99.5529  24.2045  100.4690  24.5924  3.2041
99.7242  24.0204  100.4690  24.5924  3.1705
100.3690  24.1603  100.4690  24.5924  3.0771
98.3349  25.2175  99.4024  25.6322  3.1488
99.5529  24.2045  99.4024  25.6322  3.1298
100.8960  25.5945  99.4024  25.6322  3.0496
99.7242  24.0204  99.4024  25.6322  3.1562
100.4900  25.3500  99.4024  25.6322  3.0424
97.9350  25.1078  99.4024  25.6322  3.1096
100.4120  23.9586  99.4024  25.6322  3.1517
99.6235  24.5257  99.4024  25.6322  3.1445
99.8316  25.8146  99.4024  25.6322  3.1401
98.2175  24.6619  99.4024  25.6322  3.1235
98.5433  25.5117  99.4024  25.6322  3.0572
100.7200  24.6420  99.4024  25.6322  3.1052
100.5200  25.8500  99.4024  25.6322  3.0743
98.4849  24.7484  99.4024  25.6322  3.0970
100.7810  24.1990  99.4024  25.6322  3.1966
100.8160  25.0395  99.4024  25.6322  3.0808
100.2940  23.5890  99.4024  25.6322  3.1417
100.3200  25.2400  99.4024  25.6322  3.0900
100.1990  24.7084  99.4024  25.6322  3.1313
100.8560  25.9242  99.4024  25.6322  3.0484
98.8431  25.1964  99.4024  25.6322  3.0939
100.8080  24.4547  99.4024  25.6322  3.1736
98.8783  23.5554  99.4024  25.6322  3.1426
100.8990  25.3230  99.4024  25.6322  3.0324
97.7332  24.3999  99.4024  25.6322  3.1307
100.5960  26.2944  99.4024  25.6322  3.0976
99.1663  24.7523  99.4024  25.6322  3.0994
99.0325  24.5549  99.4024  25.6322  3.1296
99.4801  25.0480  99.4024  25.6322  3.0483
99.9445  24.3191  99.4024  25.6322  3.2031
99.5713  23.7032  99.4024  25.6322  3.1444
97.7857  24.1826  99.4024  25.6322  3.1626
99.7771  25.3419  99.4024  25.6322  3.1637
100.3690  24.1603  99.4024  25.6322  3.1460
99.8346  24.9958  99.4024  25.6322  3.1898
97.6568  24.6108  99.4024  25.6322  3.1385
97.6622  23.9027  99.4024  25.6322  3.1575
99.9868  25.4893  99.4024  25.6322  3.0449
99.7280  25.5410  99.4024  25.6322  3.1110
97.9699  24.7130  99.4024  25.6322  3.1405
99.0268  23.8963  99.4024  25.6322  3.1277
100.4990  25.5666  99.4024  25.6322  3.0402
100.4690  24.5924  99.4024  25.6322  3.1793
98.8350  24.6942  99.4024  25.6322  3.1597
99.0384  24.3221  99.4024  25.6322  3.1316
99.4137  25.2954  99.4024  25.6322  3.0804
100.1000  25.9100  99.4024  25.6322  3.0993
100.0910  24.8650  99.4024  25.6322  3.0901
98.0252  24.4972  99.4024  25.6322  3.1266
98.8634  25.4505  99.4024  25.6322  3.1258
98.5651  24.1350  99.4024  25.6322  3.1899
99.6453  24.8769  99.4024  25.6322  3.1480
99.8799  24.7112  99.4024  25.6322  3.1854
99.3404  24.5305  99.4024  25.6322  3.0968
98.3382  24.3368  99.4024  25.6322  3.1509
100.2160  25.0148  99.4024  25.6322  3.0337
98.6668  24.9037  99.4024  25.6322  3.1580
100.4120  23.9586  98.8783  23.5554  3.1506
100.8080  24.4547  98.8783  23.5554  3.1561
100.7200  24.6420  98.8783  23.5554  3.1667
100.7810  24.1990  98.8783  23.5554  3.1584
100.8160  25.0395  98.8783  23.5554  3.1495
100.2940  23.5890  98.8783  23.5554  3.1122
98.5651  24.1350  99.2375  25.4847  3.2186
97.6622  23.9027  99.2375  25.4847  3.1592
100.7200  24.6420  99.2375  25.4847  3.1644
98.0252  24.4972  99.2375  25.4847  3.1381
97.7857  24.1826  99.2375  25.4847  3.1536
99.5713  23.7032  99.2375  25.4847  3.1517
99.5529  24.2045  99.2375  25.4847  3.1489
99.0384  24.3221  99.2375  25.4847  3.0938
100.3690  24.1603  99.2375  25.4847  3.1620
99.9445  24.3191  99.2375  25.4847  3.1800
98.3382  24.3368  99.2375  25.4847  3.1799
100.4120  23.9586  99.2375  25.4847  3.1584
99.8799  24.7112  99.2375  25.4847  3.1577
100.0910  24.8650  99.2375  25.4847  3.1022
100.1990  24.7084  99.2375  25.4847  3.1744
100.4690  24.5924  99.2375  25.4847  3.1765
99.7242  24.0204  99.2375  25.4847  3.1705
97.9699  24.7130  99.2375  25.4847  3.1227
100.7810  24.1990  99.2375  25.4847  3.2115
99.0268  23.8963  99.2375  25.4847  3.1284
98.8350  24.6942  99.2375  25.4847  3.1407
97.7332  24.3999  99.2375  25.4847  3.1402
98.2175  24.6619  99.2375  25.4847  3.1033
99.6453  24.8769  99.2375  25.4847  3.2184
99.1663  24.7523  99.2375  25.4847  3.0560
98.8783  23.5554  99.2375  25.4847  3.1387
98.8431  25.1964  99.2375  25.4847  3.1844
99.8346  24.9958  99.2375  25.4847  3.1507
99.0325  24.5549  99.2375  25.4847  3.0914
100.2940  23.5890  99.2375  25.4847  3.1564
99.4801  25.0480  99.2375  25.4847  3.1648
98.8634  25.4505  99.2375  25.4847  3.0785
99.6235  24.5257  99.2375  25.4847  3.1953
97.6568  24.6108  99.2375  25.4847  3.1134
99.3404  24.5305  99.2375  25.4847  3.1078
97.9350  25.1078  99.2375  25.4847  3.1044
100.8160  25.0395  99.2375  25.4847  3.0846
99.4801  25.0480  98.8431  25.1964  3.0875
100.4690  24.5924  98.8431  25.1964  3.1421
98.0252  24.4972  98.8431  25.1964  3.1318
100.7810  24.1990  98.8431  25.1964  3.1963
99.5713  23.7032  98.8431  25.1964  3.1642
97.9350  25.1078  98.8431  25.1964  3.0602
99.5529  24.2045  98.8431  25.1964  3.1067
98.2175  24.6619  98.8431  25.1964  3.1075
99.8799  24.7112  98.8431  25.1964  3.1972
100.7200  24.6420  98.8431  25.1964  3.1338
100.1990  24.7084  98.8431  25.1964  3.1601
100.2940  23.5890  98.8431  25.1964  3.1225
100.8160  25.0395  98.8431  25.1964  3.0637
99.9445  24.3191  98.8431  25.1964  3.1078
99.0325  24.5549  98.8431  25.1964  3.1642
98.8783  23.5554  98.8431  25.1964  3.1521
100.3690  24.1603  98.8431  25.1964  3.1131
99.7242  24.0204  98.8431  25.1964  3.1003
98.8350  24.6942  98.8431  25.1964  3.0773
98.3382  24.3368  98.8431  25.1964  3.2097
97.6568  24.6108  98.8431  25.1964  3.1284
99.8346  24.9958  98.8431  25.1964  3.0625
99.0384  24.3221  98.8431  25.1964  3.1727
98.5651  24.1350  98.8431  25.1964  3.2101
99.6453  24.8769  98.8431  25.1964  3.1347
99.3404  24.5305  98.8431  25.1964  3.1646
97.7332  24.3999  98.8431  25.1964  3.1389
99.6235  24.5257  98.8431  25.1964  3.0983
100.4120  23.9586  98.8431  25.1964  3.1527
100.8080  24.4547  98.8431  25.1964  3.1788
100.0910  24.8650  98.8431  25.1964  3.1059
97.6622  23.9027  98.8431  25.1964  3.1603
97.9699  24.7130  98.8431  25.1964  3.1145
99.0268  23.8963  98.8431  25.1964  3.1573
97.7857  24.1826  98.8431  25.1964  3.1575
98.5651  24.1350  97.7857  24.1826  3.1651
99.8799  24.7112  97.7857  24.1826  3.1888
99.7242  24.0204  97.7857  24.1826  3.1159
100.3690  24.1603  97.7857  24.1826  3.1250
100.1990  24.7084  97.7857  24.1826  3.1857
100.7200  24.6420  97.7857  24.1826  3.1628
100.2940  23.5890  97.7857  24.1826  3.1530
99.5529  24.2045  97.7857  24.1826  3.1191
100.4690  24.5924  97.7857  24.1826  3.1680
98.8783  23.5554  97.7857  24.1826  3.0995
99.0268  23.8963  97.7857  24.1826  3.1110
100.4120  23.9586  97.7857  24.1826  3.1291
100.7810  24.1990  97.7857  24.1826  3.1309
100.8160  25.0395  97.7857  24.1826  3.1685
100.8080  24.4547  97.7857  24.1826  3.1411
99.9445  24.3191  97.7857  24.1826  3.1241
98.3382  24.3368  97.7857  24.1826  3.2099
100.0910  24.8650  97.7857  24.1826  3.1932
99.5713  23.7032  97.7857  24.1826  3.1438
97.9699  24.7130  99.7280  25.5410  3.0976
97.7332  24.3999  99.7280  25.5410  3.1230
100.7810  24.1990  99.7280  25.5410  3.2054
100.8990  25.3230  99.7280  25.5410  3.0174
98.5433  25.5117  99.7280  25.5410  3.0537
99.5713  23.7032  99.7280  25.5410  3.1223
100.3690  24.1603  99.7280  25.5410  3.1427
98.8634  25.4505  99.7280  25.5410  3.0831
98.4849  24.7484  99.7280  25.5410  3.1298
100.8960  25.5945  99.7280  25.5410  3.0638
99.0384  24.3221  99.7280  25.5410  3.1576
98.2175  24.6619  99.7280  25.5410  3.1189
100.7200  24.6420  99.7280  25.5410  3.1302
97.7857  24.1826  99.7280  25.5410  3.1208
100.8160  25.0395  99.7280  25.5410  3.1011
99.6235  24.5257  99.7280  25.5410  3.0895
100.4990  25.5666  99.7280  25.5410  3.0590
99.4801  25.0480  99.7280  25.5410  3.0280
97.9350  25.1078  99.7280  25.5410  3.0965
98.0252  24.4972  99.7280  25.5410  3.1277
99.2375  25.4847  99.7280  25.5410  3.0519
100.4900  25.3500  99.7280  25.5410  3.0311
100.5960  26.2944  99.7280  25.5410  3.0623
99.1663  24.7523  99.7280  25.5410  3.1055
99.9445  24.3191  99.7280  25.5410  3.1598
97.6622  23.9027  99.7280  25.5410  3.1503
99.3404  24.5305  99.7280  25.5410  3.1154
100.5230  25.0541  99.7280  25.5410  3.0812
98.8350  24.6942  99.7280  25.5410  3.0575
99.4137  25.2954  99.7280  25.5410  3.1320
100.4690  24.5924  99.7280  25.5410  3.1162
98.8431  25.1964  99.7280  25.5410  3.1341
98.8783  23.5554  99.7280  25.5410  3.1643
99.8799  24.7112  99.7280  25.5410  3.1177
97.6568  24.6108  99.7280  25.5410  3.1015
100.2160  25.0148  99.7280  25.5410  3.0218
98.3349  25.2175  99.7280  25.5410  3.0821
98.6668  24.9037  99.7280  25.5410  3.0800
100.8080  24.4547  99.7280  25.5410  3.1885
99.0268  23.8963  99.7280  25.5410  3.1514
99.0325  24.5549  99.7280  25.5410  3.1204
100.2940  23.5890  99.7280  25.5410  3.2212
99.6453  24.8769  99.7280  25.5410  3.0353
99.7242  24.0204  99.7280  25.5410  3.1279
100.1000  25.9100  99.7280  25.5410  3.0465
100.3200  25.2400  99.7280  25.5410  3.0838
98.5651  24.1350  99.7280  25.5410  3.1262
99.5529  24.2045  99.7280  25.5410  3.0956
98.3382  24.3368  99.7280  25.5410  3.1212
97.9699  24.7130  99.8346  24.9958  3.1033
99.0268  23.8963  99.8346  24.9958  3.2119
99.9445  24.3191  99.8346  24.9958  3.1468
100.3690  24.1603  99.8346  24.9958  3.2002
99.5713  23.7032  99.8346  24.9958  3.1597
97.9350  25.1078  99.8346  24.9958  3.0652
98.0252  24.4972  99.8346  24.9958  3.1754
99.3404  24.5305  99.8346  24.9958  3.1063
100.8160  25.0395  99.8346  24.9958  3.0363
99.5529  24.2045  99.8346  24.9958  3.1120
97.7857  24.1826  99.8346  24.9958  3.1414
98.8783  23.5554  99.8346  24.9958  3.1965
98.2175  24.6619  99.8346  24.9958  3.1253
100.4690  24.5924  99.8346  24.9958  3.2212
99.7242  24.0204  99.8346  24.9958  3.1043
99.6235  24.5257  99.8346  24.9958  3.0752
100.7200  24.6420  99.8346  24.9958  3.1823
97.7332  24.3999  99.8346  24.9958  3.1675
99.1663  24.7523  99.8346  24.9958  3.1306
98.3382  24.3368  99.8346  24.9958  3.1253
97.6622  23.9027  99.8346  24.9958  3.1807
97.6568  24.6108  99.8346  24.9958  3.1301
100.4120  23.9586  99.8346  24.9958  3.1536
98.5651  24.1350  99.8346  24.9958  3.1427
98.5651  24.1350  97.9699  24.7130  3.2242
97.7857  24.1826  97.9699  24.7130  3.1412
99.7242  24.0204  97.9699  24.7130  3.1518
100.1990  24.7084  97.9699  24.7130  3.0954
100.3690  24.1603  97.9699  24.7130  3.1073
100.7200  24.6420  97.9699  24.7130  3.1221
97.7332  24.3999  97.9699  24.7130  3.1296
100.4120  23.9586  97.9699  24.7130  3.1225
99.5713  23.7032  97.9699  24.7130  3.1230
97.6568  24.6108  97.9699  24.7130  3.1323
100.7810  24.1990  97.9699  24.7130  3.1076
99.5529  24.2045  97.9699  24.7130  3.1250
100.4690  24.5924  97.9699  24.7130  3.1134
99.8799  24.7112  97.9699  24.7130  3.0702
100.8160  25.0395  97.9699  24.7130  3.0913
100.2940  23.5890  97.9699  24.7130  3.1295
99.0268  23.8963  97.9699  24.7130  3.1247
99.9445  24.3191  97.9699  24.7130  3.1047
97.6622  23.9027  97.9699  24.7130  3.1922
100.0910  24.8650  97.9699  24.7130  3.1012
100.8080  24.4547  97.9699  24.7130  3.1246
100.7200  24.6420  99.7242  24.0204  3.1246
98.8783  23.5554  99.7242  24.0204  3.1855
100.2940  23.5890  99.7242  24.0204  3.1531
100.8080  24.4547  99.7242  24.0204  3.2117
99.5713  23.7032  99.7242  24.0204  3.0789
100.7810  24.1990  99.7242  24.0204  3.1676
100.8160  25.0395  99.7242  24.0204  3.1386
100.4120  23.9586  99.7242  24.0204  3.1663
100.8160  25.0395  100.4120  23.9586  3.1410
100.7810  24.1990  100.4120  23.9586  3.2265
99.0268  23.8963  97.7332  24.3999  3.2013
100.4120  23.9586  97.7332  24.3999  3.1343
100.8160  25.0395  97.7332  24.3999  3.1354
98.3382  24.3368  97.7332  24.3999  3.1388
99.5529  24.2045  97.7332  24.3999  3.1253
100.7810  24.1990  97.7332  24.3999  3.1319
100.3690  24.1603  97.7332  24.3999  3.1255
100.7200  24.6420  97.7332  24.3999  3.1347
97.6622  23.9027  97.7332  24.3999  3.0369
99.5713  23.7032  97.7332  24.3999  3.1809
98.8783  23.5554  97.7332  24.3999  3.1197
100.8080  24.4547  97.7332  24.3999  3.1347
99.8799  24.7112  97.7332  24.3999  3.1442
99.9445  24.3191  97.7332  24.3999  3.1195
100.2940  23.5890  97.7332  24.3999  3.1418
100.0910  24.8650  97.7332  24.3999  3.1889
100.4690  24.5924  97.7332  24.3999  3.1320
99.7242  24.0204  97.7332  24.3999  3.1436
100.1990  24.7084  97.7332  24.3999  3.1359
98.5651  24.1350  97.7332  24.3999  3.1561
