1797  3.0842  0.0432  010
100.1470  24.4348  100.0690  23.8785  3.0696
98.5925  24.4245  100.0690  23.8785  3.1003
100.2540  25.6093  100.0690  23.8785  3.0878
98.8518  25.8317  100.0690  23.8785  3.1268
98.0709  24.0851  100.0690  23.8785  3.0745
99.2454  24.0357  100.0690  23.8785  3.0311
99.3717  25.8854  100.0690  23.8785  3.1212
100.1470  24.4348  99.9475  26.1088  3.1160
98.5197  25.0289  99.9475  26.1088  3.0364
100.2540  25.6093  99.9475  26.1088  3.0925
98.5925  24.4245  99.9475  26.1088  3.0535
99.2454  24.0357  99.9475  26.1088  3.0813
98.0709  24.0851  99.9475  26.1088  3.1193
99.3717  25.8854  99.9475  26.1088  3.0378
98.8518  25.8317  99.9475  26.1088  3.0433
100.0690  23.8785  99.9475  26.1088  3.1191
100.1470  24.4348  99.3717  25.8854  3.1381
98.0709  24.0851  98.5197  25.0289  3.1463
100.2540  25.6093  98.5197  25.0289  3.0588
100.1470  24.4348  98.5197  25.0289  3.1122
99.3717  25.8854  98.5197  25.0289  3.0577
100.1470  24.4348  98.0709  24.0851  3.0993
99.2454  24.0357  98.0709  24.0851  3.0886
99.3717  25.8854  98.0709  24.0851  3.1103
100.2540  25.6093  98.8518  25.8317  3.0483
98.5197  25.0289  98.8518  25.8317  3.1128
98.0709  24.0851  98.8518  25.8317  3.1427
98.5925  24.4245  98.8518  25.8317  3.1636
99.3717  25.8854  98.8518  25.8317  3.0655
99.2454  24.0357  98.8518  25.8317  3.1468
99.3717  25.8854  99.2454  24.0357  3.0799
100.1470  24.4348  99.2454  24.0357  3.1225
98.0709  24.0851  100.2540  25.6093  3.1035
99.2454  24.0357  100.2540  25.6093  3.1061
100.1470  24.4348  100.2540  25.6093  3.0267
99.3717  25.8854  100.2540  25.6093  3.0246
100.1470  24.4348  98.5925  24.4245  3.0596
98.5197  25.0289  98.5925  24.4245  3.0145
99.3717  25.8854  98.5925  24.4245  3.1536
100.2540  25.6093  98.5925  24.4245  3.0656
98.0709  24.0851  98.5925  24.4245  3.1592
99.2454  24.0357  98.5925  24.4245  3.1104
100.8080  24.4547  99.5713  23.7032  3.1007
100.7200  24.6420  99.5713  23.7032  3.1518
100.7810  24.1990  99.5713  23.7032  3.1680
100.4120  23.9586  99.5713  23.7032  3.1365
100.8160  25.0395  99.5713  23.7032  3.1182
98.8783  23.5554  99.5713  23.7032  3.1078
100.2940  23.5890  99.5713  23.7032  3.0458
97.7857  24.1826  99.4801  25.0480  3.1049
99.6235  24.5257  99.4801  25.0480  3.0782
97.9350  25.1078  99.4801  25.0480  3.0236
98.0252  24.4972  99.4801  25.0480  3.1006
100.2940  23.5890  99.4801  25.0480  3.1006
100.4690  24.5924  99.4801  25.0480  3.1756
97.9699  24.7130  99.4801  25.0480  3.0670
99.0268  23.8963  99.4801  25.0480  3.1277
99.7242  24.0204  99.4801  25.0480  3.1209
98.5651  24.1350  99.4801  25.0480  3.0829
99.5529  24.2045  99.4801  25.0480  3.0404
100.8160  25.0395  99.4801  25.0480  3.0183
99.3404  24.5305  99.4801  25.0480  3.0317
100.3690  24.1603  99.4801  25.0480  3.1013
98.2175  24.6619  99.4801  25.0480  3.0907
98.3382  24.3368  99.4801  25.0480  3.0715
100.7200  24.6420  99.4801  25.0480  3.1368
97.7332  24.3999  99.4801  25.0480  3.0973
99.9445  24.3191  99.4801  25.0480  3.1761
100.4120  23.9586  99.4801  25.0480  3.0999
99.5713  23.7032  99.4801  25.0480  3.0889
100.0910  24.8650  99.4801  25.0480  3.0737
97.6568  24.6108  99.4801  25.0480  3.0949
98.8783  23.5554  99.4801  25.0480  3.1421
99.8799  24.7112  97.6568  24.6108  3.0619
99.7242  24.0204  97.6568  24.6108  3.0910
98.5651  24.1350  97.6568  24.6108  3.1360
100.8080  24.4547  97.6568  24.6108  3.0824
97.6622  23.9027  97.6568  24.6108  3.0349
99.0268  23.8963  97.6568  24.6108  3.1373
97.7857  24.1826  97.6568  24.6108  3.0003
98.8783  23.5554  97.6568  24.6108  3.0707
99.9445  24.3191  97.6568  24.6108  3.0657
100.4120  23.9586  97.6568  24.6108  3.0930
100.7810  24.1990  97.6568  24.6108  3.0733
98.3382  24.3368  97.6568  24.6108  3.0686
100.0910  24.8650  97.6568  24.6108  3.0917
100.8160  25.0395  97.6568  24.6108  3.0707
98.2175  24.6619  97.6568  24.6108  3.0704
99.5529  24.2045  97.6568  24.6108  3.0718
100.3690  24.1603  97.6568  24.6108  3.0709
99.5713  23.7032  97.6568  24.6108  3.0788
100.7200  24.6420  97.6568  24.6108  3.0858
100.1990  24.7084  97.6568  24.6108  3.0701
100.4690  24.5924  97.6568  24.6108  3.0794
100.7810  24.1990  99.5529  24.2045  3.0670
98.8783  23.5554  99.5529  24.2045  3.0727
100.7200  24.6420  99.5529  24.2045  3.1473
100.8160  25.0395  99.5529  24.2045  3.0900
100.8080  24.4547  99.5529  24.2045  3.1598
99.0268  23.8963  99.5529  24.2045  3.1245
100.4120  23.9586  99.5529  24.2045  3.1071
99.1663  24.7523  99.8316  25.8146  3.0860
98.8350  24.6942  99.8316  25.8146  3.0516
100.5960  26.2944  99.8316  25.8146  3.0658
99.0384  24.3221  99.8316  25.8146  3.1265
100.7200  24.6420  99.8316  25.8146  3.0469
98.0252  24.4972  99.8316  25.8146  3.0880
100.3690  24.1603  99.8316  25.8146  3.1643
98.4849  24.7484  99.8316  25.8146  3.1049
97.7857  24.1826  99.8316  25.8146  3.1149
99.9445  24.3191  99.8316  25.8146  3.1113
98.3382  24.3368  99.8316  25.8146  3.1150
99.6235  24.5257  99.8316  25.8146  3.0614
97.6622  23.9027  99.8316  25.8146  3.1284
98.6668  24.9037  99.8316  25.8146  3.0919
99.4801  25.0480  99.8316  25.8146  3.0598
99.8346  24.9958  99.8316  25.8146  3.0189
100.1990  24.7084  99.8316  25.8146  3.1674
99.4137  25.2954  99.8316  25.8146  3.0663
100.8990  25.3230  99.8316  25.8146  3.0491
98.8431  25.1964  99.8316  25.8146  3.0440
99.5713  23.7032  99.8316  25.8146  3.0995
97.9699  24.7130  99.8316  25.8146  3.0752
99.8799  24.7112  99.8316  25.8146  3.0845
100.8960  25.5945  99.8316  25.8146  3.0104
100.1000  25.9100  99.8316  25.8146  3.0583
99.3404  24.5305  99.8316  25.8146  3.0880
98.3349  25.2175  99.8316  25.8146  3.0285
100.8160  25.0395  99.8316  25.8146  3.0206
100.2160  25.0148  99.8316  25.8146  3.1119
97.6568  24.6108  99.8316  25.8146  3.0811
98.8634  25.4505  99.8316  25.8146  3.0968
99.7242  24.0204  99.8316  25.8146  3.0890
98.2175  24.6619  99.8316  25.8146  3.0826
99.2375  25.4847  99.8316  25.8146  3.0735
99.6453  24.8769  99.8316  25.8146  3.0497
98.5651  24.1350  99.8316  25.8146  3.0934
98.5433  25.5117  99.8316  25.8146  3.0314
100.4900  25.3500  99.8316  25.8146  3.0419
99.0268  23.8963  99.8316  25.8146  3.1098
99.5529  24.2045  99.8316  25.8146  3.0777
98.8783  23.5554  99.8316  25.8146  3.1169
100.2940  23.5890  99.8316  25.8146  3.1600
100.5230  25.0541  99.8316  25.8146  3.0017
100.7810  24.1990  99.8316  25.8146  3.1498
100.4120  23.9586  99.8316  25.8146  3.1613
100.4990  25.5666  99.8316  25.8146  3.0295
97.7332  24.3999  99.8316  25.8146  3.0818
97.9350  25.1078  99.8316  25.8146  3.0203
100.8080  24.4547  99.8316  25.8146  3.0776
99.0325  24.5549  99.8316  25.8146  3.0801
100.8080  24.4547  100.5230  25.0541  3.1023
98.0252  24.4972  100.5230  25.0541  3.0933
99.0268  23.8963  100.5230  25.0541  3.1082
99.0325  24.5549  100.5230  25.0541  3.0718
100.8990  25.3230  100.5230  25.0541  3.0429
98.8634  25.4505  100.5230  25.0541  3.0410
99.0384  24.3221  100.5230  25.0541  3.0783
100.7200  24.6420  100.5230  25.0541  3.0648
97.6622  23.9027  100.5230  25.0541  3.1104
99.9445  24.3191  100.5230  25.0541  3.1633
98.3382  24.3368  100.5230  25.0541  3.0810
99.5529  24.2045  100.5230  25.0541  3.0898
97.9699  24.7130  100.5230  25.0541  3.0526
97.9350  25.1078  100.5230  25.0541  3.0335
97.7332  24.3999  100.5230  25.0541  3.0855
99.8799  24.7112  100.5230  25.0541  3.0729
98.6668  24.9037  100.5230  25.0541  3.0474
99.6235  24.5257  100.5230  25.0541  3.0683
100.4690  24.5924  100.5230  25.0541  3.0205
98.8350  24.6942  100.5230  25.0541  3.0524
98.4849  24.7484  100.5230  25.0541  3.0610
99.6453  24.8769  100.5230  25.0541  3.0682
99.2375  25.4847  100.5230  25.0541  3.0275
99.4801  25.0480  100.5230  25.0541  3.0273
99.5713  23.7032  100.5230  25.0541  3.1386
99.1663  24.7523  100.5230  25.0541  3.0580
98.5651  24.1350  100.5230  25.0541  3.0947
97.7857  24.1826  100.5230  25.0541  3.1103
100.4120  23.9586  100.5230  25.0541  3.1312
98.8431  25.1964  100.5230  25.0541  3.0270
99.8346  24.9958  100.5230  25.0541  2.9859
100.2940  23.5890  100.5230  25.0541  3.0999
100.5960  26.2944  100.5230  25.0541  3.0558
100.3690  24.1603  100.5230  25.0541  3.0847
98.3349  25.2175  100.5230  25.0541  3.0278
99.7242  24.0204  100.5230  25.0541  3.1521
98.8783  23.5554  100.5230  25.0541  3.1181
99.3404  24.5305  100.5230  25.0541  3.0834
100.8160  25.0395  100.5230  25.0541  3.0655
100.7810  24.1990  100.5230  25.0541  3.1753
98.5433  25.5117  100.5230  25.0541  3.0245
100.8960  25.5945  100.5230  25.0541  2.9927
97.6568  24.6108  100.5230  25.0541  3.0758
100.1990  24.7084  100.5230  25.0541  3.0269
98.2175  24.6619  100.5230  25.0541  3.0603
100.1000  25.9100  100.5230  25.0541  3.0404
99.6453  24.8769  100.4990  25.5666  2.9990
100.8160  25.0395  100.4990  25.5666  3.1640
99.8799  24.7112  100.4990  25.5666  3.0741
97.9699  24.7130  100.4990  25.5666  3.0291
98.3349  25.2175  100.4990  25.5666  3.0548
99.7242  24.0204  100.4990  25.5666  3.1132
98.0252  24.4972  100.4990  25.5666  3.0564
97.6622  23.9027  100.4990  25.5666  3.0883
99.5529  24.2045  100.4990  25.5666  3.1203
98.6668  24.9037  100.4990  25.5666  3.0350
97.7332  24.3999  100.4990  25.5666  3.0691
97.7857  24.1826  100.4990  25.5666  3.0816
100.7810  24.1990  100.4990  25.5666  3.1538
100.3690  24.1603  100.4990  25.5666  3.0780
98.5433  25.5117  100.4990  25.5666  2.9944
98.8431  25.1964  100.4990  25.5666  3.0642
100.4690  24.5924  100.4990  25.5666  3.0464
100.0910  24.8650  100.4990  25.5666  3.0359
99.5713  23.7032  100.4990  25.5666  3.1120
99.9445  24.3191  100.4990  25.5666  3.1007
99.4801  25.0480  100.4990  25.5666  2.9909
99.0268  23.8963  100.4990  25.5666  3.0564
100.2940  23.5890  100.4990  25.5666  3.1090
99.0325  24.5549  100.4990  25.5666  3.0444
98.8634  25.4505  100.4990  25.5666  3.0398
98.4849  24.7484  100.4990  25.5666  3.0323
98.8783  23.5554  100.4990  25.5666  3.0694
99.1663  24.7523  100.4990  25.5666  3.0182
100.5960  26.2944  100.4990  25.5666  2.9943
100.1990  24.7084  100.4990  25.5666  3.0019
99.2375  25.4847  100.4990  25.5666  2.9972
98.3382  24.3368  100.4990  25.5666  3.0657
100.4120  23.9586  100.4990  25.5666  3.1073
99.6235  24.5257  100.4990  25.5666  3.0736
97.9350  25.1078  100.4990  25.5666  3.0580
98.2175  24.6619  100.4990  25.5666  3.0464
99.0384  24.3221  100.4990  25.5666  3.0421
97.6568  24.6108  100.4990  25.5666  3.0385
99.3404  24.5305  100.4990  25.5666  3.0171
98.8350  24.6942  100.4990  25.5666  3.0362
98.5651  24.1350  100.4990  25.5666  3.0670
100.1000  25.9100  100.4990  25.5666  3.0115
100.2940  23.5890  100.8990  25.3230  3.1056
99.8346  24.9958  100.8990  25.3230  3.0410
100.4120  23.9586  100.8990  25.3230  3.1023
99.0384  24.3221  100.8990  25.3230  3.0606
98.8431  25.1964  100.8990  25.3230  3.0063
100.5960  26.2944  100.8990  25.3230  3.0890
99.6235  24.5257  100.8990  25.3230  3.0372
97.6568  24.6108  100.8990  25.3230  3.0657
99.0325  24.5549  100.8990  25.3230  3.0333
100.1990  24.7084  100.8990  25.3230  3.0191
98.2175  24.6619  100.8990  25.3230  3.0507
98.5433  25.5117  100.8990  25.3230  2.9938
98.3349  25.2175  100.8990  25.3230  3.0120
97.9350  25.1078  100.8990  25.3230  3.0261
98.8634  25.4505  100.8990  25.3230  3.0082
98.5651  24.1350  100.8990  25.3230  3.0747
99.4801  25.0480  100.8990  25.3230  3.0211
98.8783  23.5554  100.8990  25.3230  3.0818
99.5529  24.2045  100.8990  25.3230  3.0450
100.1000  25.9100  100.8990  25.3230  2.9934
99.1663  24.7523  100.8990  25.3230  3.0316
98.4849  24.7484  100.8990  25.3230  3.0535
98.0252  24.4972  100.8990  25.3230  3.0591
98.8350  24.6942  100.8990  25.3230  3.0261
100.7810  24.1990  100.8990  25.3230  3.1102
99.7242  24.0204  100.8990  25.3230  3.1045
97.7332  24.3999  100.8990  25.3230  3.0579
97.9699  24.7130  100.8990  25.3230  3.0387
99.0268  23.8963  100.8990  25.3230  3.0858
100.0910  24.8650  100.8990  25.3230  3.0229
100.3690  24.1603  100.8990  25.3230  3.0966
99.8799  24.7112  100.8990  25.3230  3.0103
100.7200  24.6420  100.8990  25.3230  2.9890
97.7857  24.1826  100.8990  25.3230  3.0778
100.8080  24.4547  100.8990  25.3230  3.0804
99.9445  24.3191  100.8990  25.3230  3.1175
99.5713  23.7032  100.8990  25.3230  3.1103
100.4690  24.5924  100.8990  25.3230  3.0838
99.6453  24.8769  100.8990  25.3230  3.0875
98.6668  24.9037  100.8990  25.3230  3.0432
99.3404  24.5305  100.8990  25.3230  3.0500
100.7200  24.6420  98.5651  24.1350  3.1203
100.0910  24.8650  98.5651  24.1350  3.1229
99.5713  23.7032  98.5651  24.1350  3.1440
100.8160  25.0395  98.5651  24.1350  3.0945
98.8783  23.5554  98.5651  24.1350  3.0944
99.9445  24.3191  98.5651  24.1350  3.0893
100.4690  24.5924  98.5651  24.1350  3.1234
99.5529  24.2045  98.5651  24.1350  3.0754
100.2940  23.5890  98.5651  24.1350  3.1035
100.4120  23.9586  98.5651  24.1350  3.0744
99.7242  24.0204  98.5651  24.1350  3.0589
100.7810  24.1990  98.5651  24.1350  3.0790
100.8080  24.4547  98.5651  24.1350  3.1095
99.0268  23.8963  98.5651  24.1350  3.1181
100.3690  24.1603  98.5651  24.1350  3.0900
100.1990  24.7084  98.5651  24.1350  3.1437
99.8799  24.7112  98.5651  24.1350  3.1428
97.9699  24.7130  98.8634  25.4505  3.0909
100.8080  24.4547  98.8634  25.4505  3.1765
100.2940  23.5890  98.8634  25.4505  3.0856
100.4120  23.9586  98.8634  25.4505  3.0957
99.1663  24.7523  98.8634  25.4505  3.1420
100.8160  25.0395  98.8634  25.4505  3.0292
98.3382  24.3368  98.8634  25.4505  3.1696
97.6622  23.9027  98.8634  25.4505  3.1251
100.0910  24.8650  98.8634  25.4505  3.1527
99.0384  24.3221  98.8634  25.4505  3.1568
99.3404  24.5305  98.8634  25.4505  3.1260
99.8799  24.7112  98.8634  25.4505  3.1191
99.7242  24.0204  98.8634  25.4505  3.0752
100.3690  24.1603  98.8634  25.4505  3.1241
99.6453  24.8769  98.8634  25.4505  3.1083
97.9350  25.1078  98.8634  25.4505  3.1218
99.5529  24.2045  98.8634  25.4505  3.0931
98.8350  24.6942  98.8634  25.4505  3.0858
100.7810  24.1990  98.8634  25.4505  3.1194
97.7332  24.3999  98.8634  25.4505  3.1024
98.2175  24.6619  98.8634  25.4505  3.0716
99.9445  24.3191  98.8634  25.4505  3.0595
97.7857  24.1826  98.8634  25.4505  3.1207
98.0252  24.4972  98.8634  25.4505  3.0952
99.6235  24.5257  98.8634  25.4505  3.0503
97.6568  24.6108  98.8634  25.4505  3.1003
99.8346  24.9958  98.8634  25.4505  3.1709
99.0268  23.8963  98.8634  25.4505  3.1318
98.8783  23.5554  98.8634  25.4505  3.1296
99.0325  24.5549  98.8634  25.4505  3.1028
99.4801  25.0480  98.8634  25.4505  3.1360
99.5713  23.7032  98.8634  25.4505  3.1178
100.8160  25.0395  100.2940  23.5890  3.1136
100.8160  25.0395  100.7810  24.1990  3.1218
100.2940  23.5890  100.7810  24.1990  3.1344
98.3349  25.2175  99.4137  25.2954  3.0462
97.6622  23.9027  99.4137  25.2954  3.1549
99.5529  24.2045  99.4137  25.2954  3.0945
97.7332  24.3999  99.4137  25.2954  3.0931
99.6453  24.8769  99.4137  25.2954  3.0885
99.4801  25.0480  99.4137  25.2954  3.0964
98.8431  25.1964  99.4137  25.2954  3.1099
98.8634  25.4505  99.4137  25.2954  3.0895
100.4990  25.5666  99.4137  25.2954  3.0420
100.8960  25.5945  99.4137  25.2954  3.0100
99.0268  23.8963  99.4137  25.2954  3.1020
100.4120  23.9586  99.4137  25.2954  3.1433
97.6568  24.6108  99.4137  25.2954  3.0762
97.9350  25.1078  99.4137  25.2954  3.0801
100.4690  24.5924  99.4137  25.2954  3.1682
100.5230  25.0541  99.4137  25.2954  2.9948
99.0384  24.3221  99.4137  25.2954  3.1288
99.0325  24.5549  99.4137  25.2954  3.0870
100.2160  25.0148  99.4137  25.2954  3.0758
100.0910  24.8650  99.4137  25.2954  3.1519
99.6235  24.5257  99.4137  25.2954  3.1278
99.9868  25.4893  99.4137  25.2954  3.0100
98.8783  23.5554  99.4137  25.2954  3.1285
99.7242  24.0204  99.4137  25.2954  3.1204
98.6668  24.9037  99.4137  25.2954  3.1217
100.7200  24.6420  99.4137  25.2954  3.1785
99.8799  24.7112  99.4137  25.2954  3.1433
97.9699  24.7130  99.4137  25.2954  3.0823
98.3382  24.3368  99.4137  25.2954  3.1168
98.5433  25.5117  99.4137  25.2954  3.0256
99.1663  24.7523  99.4137  25.2954  3.0479
98.2175  24.6619  99.4137  25.2954  3.1254
100.2940  23.5890  99.4137  25.2954  3.1241
99.5713  23.7032  99.4137  25.2954  3.1105
100.5960  26.2944  99.4137  25.2954  3.0257
97.7857  24.1826  99.4137  25.2954  3.1414
100.8160  25.0395  99.4137  25.2954  3.0016
100.7810  24.1990  99.4137  25.2954  3.1517
99.3404  24.5305  99.4137  25.2954  3.0375
98.5651  24.1350  99.4137  25.2954  3.1022
98.4849  24.7484  99.4137  25.2954  3.1065
98.0252  24.4972  99.4137  25.2954  3.0944
98.8350  24.6942  99.4137  25.2954  3.0800
100.1000  25.9100  99.4137  25.2954  3.0548
100.3690  24.1603  99.4137  25.2954  3.1492
98.5651  24.1350  97.6622  23.9027  3.1606
99.8799  24.7112  97.6622  23.9027  3.1388
100.8080  24.4547  97.6622  23.9027  3.1240
100.7810  24.1990  97.6622  23.9027  3.0876
100.4690  24.5924  97.6622  23.9027  3.1391
100.4120  23.9586  97.6622  23.9027  3.0837
100.7200  24.6420  97.6622  23.9027  3.1316
99.5713  23.7032  97.6622  23.9027  3.0733
99.0268  23.8963  97.6622  23.9027  3.0615
98.8783  23.5554  97.6622  23.9027  3.1019
100.2940  23.5890  97.6622  23.9027  3.0798
99.9445  24.3191  97.6622  23.9027  3.1117
100.3690  24.1603  97.6622  23.9027  3.0952
100.8160  25.0395  97.6622  23.9027  3.1043
100.1990  24.7084  97.6622  23.9027  3.1193
99.7242  24.0204  97.6622  23.9027  3.0773
99.5529  24.2045  97.6622  23.9027  3.1100
97.9350  25.1078  99.9868  25.4893  3.0715
100.4990  25.5666  99.9868  25.4893  3.0253
98.6668  24.9037  99.9868  25.4893  3.0375
98.0252  24.4972  99.9868  25.4893  3.0678
97.6568  24.6108  99.9868  25.4893  3.0461
97.7857  24.1826  99.9868  25.4893  3.0814
98.8431  25.1964  99.9868  25.4893  3.0768
100.8160  25.0395  99.9868  25.4893  3.0743
100.7200  24.6420  99.9868  25.4893  3.0828
98.3382  24.3368  99.9868  25.4893  3.0619
99.6453  24.8769  99.9868  25.4893  3.0651
98.4849  24.7484  99.9868  25.4893  3.0380
98.5433  25.5117  99.9868  25.4893  2.9986
99.1663  24.7523  99.9868  25.4893  3.0083
98.2175  24.6619  99.9868  25.4893  3.0461
99.8799  24.7112  99.9868  25.4893  3.0511
99.9445  24.3191  99.9868  25.4893  3.1061
99.7242  24.0204  99.9868  25.4893  3.0959
100.8990  25.3230  99.9868  25.4893  2.9864
99.6235  24.5257  99.9868  25.4893  3.0810
100.8960  25.5945  99.9868  25.4893  3.0276
99.5713  23.7032  99.9868  25.4893  3.1029
98.8634  25.4505  99.9868  25.4893  3.0328
99.0325  24.5549  99.9868  25.4893  2.9902
100.2940  23.5890  99.9868  25.4893  3.1560
99.5529  24.2045  99.9868  25.4893  3.0971
98.5651  24.1350  99.9868  25.4893  3.0789
100.3690  24.1603  99.9868  25.4893  3.1790
97.6622  23.9027  99.9868  25.4893  3.1033
98.8350  24.6942  99.9868  25.4893  3.0288
100.8080  24.4547  99.9868  25.4893  3.1101
100.5960  26.2944  99.9868  25.4893  3.1057
100.4120  23.9586  99.9868  25.4893  3.1769
98.8783  23.5554  99.9868  25.4893  3.1323
98.3349  25.2175  99.9868  25.4893  3.0518
97.7332  24.3999  99.9868  25.4893  3.0727
97.9699  24.7130  99.9868  25.4893  3.0358
100.4690  24.5924  99.9868  25.4893  3.1725
99.3404  24.5305  99.9868  25.4893  3.1147
99.8346  24.9958  99.9868  25.4893  3.0238
99.8316  25.8146  99.4300  26.2040  3.1213
99.5529  24.2045  99.4300  26.2040  3.0869
98.4849  24.7484  99.4300  26.2040  3.1359
99.6453  24.8769  99.4300  26.2040  3.0947
100.8160  25.0395  99.4300  26.2040  3.0830
99.9868  25.4893  99.4300  26.2040  3.1273
99.4137  25.2954  99.4300  26.2040  3.0633
100.3200  25.2400  99.4300  26.2040  3.0638
100.1000  25.9100  99.4300  26.2040  3.0758
99.9445  24.3191  99.4300  26.2040  3.1157
100.4900  25.3500  99.4300  26.2040  3.0050
98.2175  24.6619  99.4300  26.2040  3.0767
99.4801  25.0480  99.4300  26.2040  3.0613
98.6668  24.9037  99.4300  26.2040  3.1705
100.8960  25.5945  99.4300  26.2040  3.0575
99.2375  25.4847  99.4300  26.2040  3.0321
98.8431  25.1964  99.4300  26.2040  3.1556
100.7810  24.1990  99.4300  26.2040  3.0069
98.5651  24.1350  99.4300  26.2040  3.1681
97.6568  24.6108  99.4300  26.2040  3.0806
98.3382  24.3368  99.4300  26.2040  3.1337
99.0325  24.5549  99.4300  26.2040  3.0901
97.6622  23.9027  99.4300  26.2040  3.1155
99.7771  25.3419  99.4300  26.2040  3.0755
100.4990  25.5666  99.4300  26.2040  3.0477
100.5960  26.2944  99.4300  26.2040  2.9980
99.4024  25.6322  99.4300  26.2040  2.9949
98.8350  24.6942  99.4300  26.2040  3.1301
100.2940  23.5890  99.4300  26.2040  3.1132
99.1663  24.7523  99.4300  26.2040  3.0750
97.9350  25.1078  99.4300  26.2040  3.0536
97.9699  24.7130  99.4300  26.2040  3.0859
100.5200  25.8500  99.4300  26.2040  3.0524
100.8560  25.9242  99.4300  26.2040  3.0258
98.3349  25.2175  99.4300  26.2040  3.0562
99.0384  24.3221  99.4300  26.2040  3.0958
100.2160  25.0148  99.4300  26.2040  3.0736
98.8634  25.4505  99.4300  26.2040  3.1694
98.5433  25.5117  99.4300  26.2040  3.0693
97.7332  24.3999  99.4300  26.2040  3.1110
99.8799  24.7112  99.4300  26.2040  3.0882
99.3404  24.5305  99.4300  26.2040  3.0858
99.8346  24.9958  99.4300  26.2040  3.0689
99.6235  24.5257  99.4300  26.2040  3.1123
99.0268  23.8963  99.4300  26.2040  3.0976
97.7857  24.1826  99.4300  26.2040  3.0962
100.4120  23.9586  99.4300  26.2040  3.0986
98.8783  23.5554  99.4300  26.2040  3.1019
99.7280  25.5410  99.4300  26.2040  3.0882
100.4690  24.5924  99.4300  26.2040  3.1065
100.0910  24.8650  99.4300  26.2040  3.1466
99.7242  24.0204  99.4300  26.2040  3.0894
98.0252  24.4972  99.4300  26.2040  3.0972
100.8990  25.3230  99.4300  26.2040  3.0051
100.7200  24.6420  99.4300  26.2040  3.0720
100.3690  24.1603  99.4300  26.2040  3.1155
100.5230  25.0541  99.4300  26.2040  3.0261
99.5713  23.7032  99.4300  26.2040  3.0971
97.6622  23.9027  99.1663  24.7523  3.1482
98.3382  24.3368  99.1663  24.7523  3.1504
100.0910  24.8650  99.1663  24.7523  3.0627
99.9445  24.3191  99.1663  24.7523  3.0875
98.2175  24.6619  99.1663  24.7523  3.0530
100.8080  24.4547  99.1663  24.7523  3.0912
98.0252  24.4972  99.1663  24.7523  3.1109
97.7332  24.3999  99.1663  24.7523  3.1319
98.8783  23.5554  99.1663  24.7523  3.1213
100.4120  23.9586  99.1663  24.7523  3.0679
99.5529  24.2045  99.1663  24.7523  3.0884
97.6568  24.6108  99.1663  24.7523  3.0828
97.9350  25.1078  99.1663  24.7523  3.0832
100.4690  24.5924  99.1663  24.7523  3.0676
100.7200  24.6420  99.1663  24.7523  3.0793
99.5713  23.7032  99.1663  24.7523  3.0883
100.2940  23.5890  99.1663  24.7523  3.0415
100.7810  24.1990  99.1663  24.7523  3.0894
97.9699  24.7130  99.1663  24.7523  3.0474
99.0268  23.8963  99.1663  24.7523  3.0788
100.8160  25.0395  99.1663  24.7523  3.0640
98.5651  24.1350  99.1663  24.7523  3.1166
100.1990  24.7084  99.1663  24.7523  3.0353
99.7242  24.0204  99.1663  24.7523  3.0969
100.3690  24.1603  99.1663  24.7523  3.0953
97.7857  24.1826  99.1663  24.7523  3.1737
97.7857  24.1826  99.6453  24.8769  3.1424
100.4120  23.9586  99.6453  24.8769  3.0968
97.9699  24.7130  99.6453  24.8769  3.0431
99.8346  24.9958  99.6453  24.8769  3.0593
99.0268  23.8963  99.6453  24.8769  3.1790
99.3404  24.5305  99.6453  24.8769  3.0570
100.7200  24.6420  99.6453  24.8769  3.1343
99.9445  24.3191  99.6453  24.8769  3.1095
99.1663  24.7523  99.6453  24.8769  3.0282
100.0910  24.8650  99.6453  24.8769  3.0143
99.7242  24.0204  99.6453  24.8769  3.0693
98.3382  24.3368  99.6453  24.8769  3.1332
100.3690  24.1603  99.6453  24.8769  3.0518
100.8160  25.0395  99.6453  24.8769  3.0469
100.2940  23.5890  99.6453  24.8769  3.1230
99.5529  24.2045  99.6453  24.8769  3.0201
98.8783  23.5554  99.6453  24.8769  3.1384
97.9350  25.1078  99.6453  24.8769  3.0154
98.2175  24.6619  99.6453  24.8769  3.0656
99.5713  23.7032  99.6453  24.8769  3.0907
100.1990  24.7084  99.6453  24.8769  3.1030
98.0252  24.4972  99.6453  24.8769  3.1158
97.6568  24.6108  99.6453  24.8769  3.0745
100.4690  24.5924  99.6453  24.8769  3.1732
97.7332  24.3999  99.6453  24.8769  3.1145
99.5529  24.2045  97.9350  25.1078  3.0646
98.8783  23.5554  97.9350  25.1078  3.0981
100.4690  24.5924  97.9350  25.1078  3.0662
99.5713  23.7032  97.9350  25.1078  3.0652
97.6568  24.6108  97.9350  25.1078  3.1608
98.0252  24.4972  97.9350  25.1078  3.0304
98.5651  24.1350  97.9350  25.1078  3.1264
100.7810  24.1990  97.9350  25.1078  3.0806
97.7857  24.1826  97.9350  25.1078  3.1111
99.8799  24.7112  97.9350  25.1078  3.0397
98.2175  24.6619  97.9350  25.1078  3.1213
98.3382  24.3368  97.9350  25.1078  3.1493
97.7332  24.3999  97.9350  25.1078  3.1360
99.0268  23.8963  97.9350  25.1078  3.0681
100.7200  24.6420  97.9350  25.1078  3.0731
100.8160  25.0395  97.9350  25.1078  3.0320
99.7242  24.0204  97.9350  25.1078  3.0537
100.0910  24.8650  97.9350  25.1078  3.0549
99.9445  24.3191  97.9350  25.1078  3.0666
100.8080  24.4547  97.9350  25.1078  3.0896
100.3690  24.1603  97.9350  25.1078  3.0827
100.4120  23.9586  97.9350  25.1078  3.0417
100.1990  24.7084  97.9350  25.1078  3.0540
100.8160  25.0395  99.0268  23.8963  3.0933
100.7810  24.1990  99.0268  23.8963  3.0888
100.7200  24.6420  99.0268  23.8963  3.0844
100.4120  23.9586  99.0268  23.8963  3.0756
99.5713  23.7032  99.0268  23.8963  3.1562
99.7242  24.0204  99.0268  23.8963  3.0682
100.8080  24.4547  99.0268  23.8963  3.1729
100.2940  23.5890  99.0268  23.8963  3.0983
99.5529  24.2045  98.8350  24.6942  3.1081
97.7332  24.3999  98.8350  24.6942  3.1359
99.0384  24.3221  98.8350  24.6942  3.1277
97.9699  24.7130  98.8350  24.6942  3.0259
97.9350  25.1078  98.8350  24.6942  3.1124
98.2175  24.6619  98.8350  24.6942  3.0220
99.6453  24.8769  98.8350  24.6942  3.0583
98.8783  23.5554  98.8350  24.6942  3.1067
98.0252  24.4972  98.8350  24.6942  3.1187
100.4120  23.9586  98.8350  24.6942  3.1068
97.6568  24.6108  98.8350  24.6942  3.0779
100.3690  24.1603  98.8350  24.6942  3.1078
99.9445  24.3191  98.8350  24.6942  3.0666
100.7810  24.1990  98.8350  24.6942  3.0728
99.1663  24.7523  98.8350  24.6942  3.0684
100.1990  24.7084  98.8350  24.6942  3.0483
99.8799  24.7112  98.8350  24.6942  3.0247
97.6622  23.9027  98.8350  24.6942  3.1641
100.7200  24.6420  98.8350  24.6942  3.0842
99.7242  24.0204  98.8350  24.6942  3.0889
98.3382  24.3368  98.8350  24.6942  3.1000
99.4801  25.0480  98.8350  24.6942  3.0092
100.8080  24.4547  98.8350  24.6942  3.0920
100.8160  25.0395  98.8350  24.6942  3.0607
99.0268  23.8963  98.8350  24.6942  3.1064
99.6235  24.5257  98.8350  24.6942  3.0451
100.0910  24.8650  98.8350  24.6942  3.0621
99.8346  24.9958  98.8350  24.6942  3.0902
99.5713  23.7032  98.8350  24.6942  3.0739
100.4690  24.5924  98.8350  24.6942  3.0547
99.3404  24.5305  98.8350  24.6942  3.0652
99.0268  23.8963  100.1000  25.9100  3.1132
99.0325  24.5549  100.1000  25.9100  3.0225
98.8350  24.6942  100.1000  25.9100  3.0206
100.3690  24.1603  100.1000  25.9100  3.1059
98.8431  25.1964  100.1000  25.9100  3.0571
100.8080  24.4547  100.1000  25.9100  3.0449
97.6568  24.6108  100.1000  25.9100  3.0789
100.1990  24.7084  100.1000  25.9100  3.0805
99.5529  24.2045  100.1000  25.9100  3.0777
100.4690  24.5924  100.1000  25.9100  3.0967
99.7242  24.0204  100.1000  25.9100  3.0707
97.7332  24.3999  100.1000  25.9100  3.0810
100.7810  24.1990  100.1000  25.9100  3.0807
98.8783  23.5554  100.1000  25.9100  3.1051
100.7200  24.6420  100.1000  25.9100  2.9894
98.3349  25.2175  100.1000  25.9100  3.0223
98.2175  24.6619  100.1000  25.9100  3.0750
98.4849  24.7484  100.1000  25.9100  3.0752
98.8634  25.4505  100.1000  25.9100  3.1359
98.6668  24.9037  100.1000  25.9100  3.0859
97.9350  25.1078  100.1000  25.9100  3.0231
99.5713  23.7032  100.1000  25.9100  3.0793
97.7857  24.1826  100.1000  25.9100  3.1090
99.6453  24.8769  100.1000  25.9100  3.0610
100.4120  23.9586  100.1000  25.9100  3.1206
99.8346  24.9958  100.1000  25.9100  3.0248
97.9699  24.7130  100.1000  25.9100  3.0889
99.4801  25.0480  100.1000  25.9100  3.0419
100.8160  25.0395  100.1000  25.9100  3.0652
99.1663  24.7523  100.1000  25.9100  3.0491
98.0252  24.4972  100.1000  25.9100  3.0930
98.5651  24.1350  100.1000  25.9100  3.0598
98.3382  24.3368  100.1000  25.9100  3.0735
99.3404  24.5305  100.1000  25.9100  3.0813
100.2940  23.5890  100.1000  25.9100  3.1204
99.2375  25.4847  100.1000  25.9100  3.1156
99.0384  24.3221  100.1000  25.9100  3.0918
98.5433  25.5117  100.1000  25.9100  3.0753
99.9445  24.3191  100.1000  25.9100  3.0574
99.6235  24.5257  100.1000  25.9100  3.0517
100.3690  24.1603  98.0252  24.4972  3.0744
99.5529  24.2045  98.0252  24.4972  3.0773
100.1990  24.7084  98.0252  24.4972  3.0879
100.0910  24.8650  98.0252  24.4972  3.1125
100.7810  24.1990  98.0252  24.4972  3.0824
100.8080  24.4547  98.0252  24.4972  3.0884
99.8799  24.7112  98.0252  24.4972  3.0838
100.8160  25.0395  98.0252  24.4972  3.0894
99.0268  23.8963  98.0252  24.4972  3.1634
100.4690  24.5924  98.0252  24.4972  3.0849
100.4120  23.9586  98.0252  24.4972  3.0969
99.5713  23.7032  98.0252  24.4972  3.1093
98.8783  23.5554  98.0252  24.4972  3.0620
99.7242  24.0204  98.0252  24.4972  3.1030
99.9445  24.3191  98.0252  24.4972  3.0711
100.7200  24.6420  98.0252  24.4972  3.0948
99.6235  24.5257  100.8960  25.5945  3.0476
99.1663  24.7523  100.8960  25.5945  3.0194
99.9445  24.3191  100.8960  25.5945  3.1132
99.3404  24.5305  100.8960  25.5945  3.0501
99.0384  24.3221  100.8960  25.5945  3.0548
98.8634  25.4505  100.8960  25.5945  3.0235
98.2175  24.6619  100.8960  25.5945  3.0448
100.8080  24.4547  100.8960  25.5945  3.0939
99.6453  24.8769  100.8960  25.5945  3.0086
100.7200  24.6420  100.8960  25.5945  3.0382
100.5960  26.2944  100.8960  25.5945  3.1639
98.8350  24.6942  100.8960  25.5945  3.0240
98.3382  24.3368  100.8960  25.5945  3.0512
98.6668  24.9037  100.8960  25.5945  3.0339
100.7810  24.1990  100.8960  25.5945  3.1136
97.9350  25.1078  100.8960  25.5945  3.0503
100.1000  25.9100  100.8960  25.5945  3.0115
98.5651  24.1350  100.8960  25.5945  3.0725
97.6568  24.6108  100.8960  25.5945  3.0483
97.6622  23.9027  100.8960  25.5945  3.0827
98.0252  24.4972  100.8960  25.5945  3.0500
99.0268  23.8963  100.8960  25.5945  3.0657
97.7332  24.3999  100.8960  25.5945  3.0494
99.5713  23.7032  100.8960  25.5945  3.1150
99.0325  24.5549  100.8960  25.5945  3.0320
99.4801  25.0480  100.8960  25.5945  3.0360
98.8783  23.5554  100.8960  25.5945  3.0861
99.7242  24.0204  100.8960  25.5945  3.1270
99.8799  24.7112  100.8960  25.5945  3.0359
98.4849  24.7484  100.8960  25.5945  3.0305
99.5529  24.2045  100.8960  25.5945  3.0514
98.3349  25.2175  100.8960  25.5945  3.0481
100.1990  24.7084  100.8960  25.5945  3.0620
100.3690  24.1603  100.8960  25.5945  3.0642
100.4120  23.9586  100.8960  25.5945  3.0919
98.5433  25.5117  100.8960  25.5945  2.9939
100.0910  24.8650  100.8960  25.5945  3.0461
97.9699  24.7130  100.8960  25.5945  3.0319
98.8431  25.1964  100.8960  25.5945  3.0531
97.7857  24.1826  100.8960  25.5945  3.0733
99.0268  23.8963  99.9445  24.3191  3.1528
100.4120  23.9586  99.9445  24.3191  3.0939
100.8080  24.4547  99.9445  24.3191  3.1604
100.7200  24.6420  99.9445  24.3191  3.1336
99.5713  23.7032  99.9445  24.3191  3.1768
100.2940  23.5890  99.9445  24.3191  3.1700
98.8783  23.5554  99.9445  24.3191  3.0914
100.7810  24.1990  99.9445  24.3191  3.0236
100.8160  25.0395  99.9445  24.3191  3.1257
100.3690  24.1603  99.9445  24.3191  2.9897
99.5529  24.2045  99.9445  24.3191  3.0701
100.7200  24.6420  99.7771  25.3419  3.1158
97.9699  24.7130  99.7771  25.3419  3.0453
97.6622  23.9027  99.7771  25.3419  3.1107
98.4849  24.7484  99.7771  25.3419  3.0734
100.4990  25.5666  99.7771  25.3419  3.0058
98.8634  25.4505  99.7771  25.3419  3.0528
98.8350  24.6942  99.7771  25.3419  3.0272
98.0252  24.4972  99.7771  25.3419  3.0678
98.5433  25.5117  99.7771  25.3419  3.0035
99.1663  24.7523  99.7771  25.3419  2.9986
100.3690  24.1603  99.7771  25.3419  3.1305
100.5960  26.2944  99.7771  25.3419  3.0258
97.7332  24.3999  99.7771  25.3419  3.0707
97.6568  24.6108  99.7771  25.3419  3.0621
99.0325  24.5549  99.7771  25.3419  3.0288
99.3404  24.5305  99.7771  25.3419  3.0982
98.5651  24.1350  99.7771  25.3419  3.0737
98.3349  25.2175  99.7771  25.3419  3.0434
99.6453  24.8769  99.7771  25.3419  3.0311
98.3382  24.3368  99.7771  25.3419  3.0956
100.2160  25.0148  99.7771  25.3419  3.0736
99.6235  24.5257  99.7771  25.3419  3.0391
100.4690  24.5924  99.7771  25.3419  3.1152
99.5529  24.2045  99.7771  25.3419  3.0668
98.8431  25.1964  99.7771  25.3419  3.0776
99.8799  24.7112  99.7771  25.3419  3.0397
99.7242  24.0204  99.7771  25.3419  3.0778
97.9350  25.1078  99.7771  25.3419  3.0564
99.0268  23.8963  99.7771  25.3419  3.1566
98.8783  23.5554  99.7771  25.3419  3.1440
98.6668  24.9037  99.7771  25.3419  3.0944
99.9445  24.3191  99.7771  25.3419  3.1387
97.7857  24.1826  99.7771  25.3419  3.1114
99.5713  23.7032  99.7771  25.3419  3.0881
98.2175  24.6619  99.7771  25.3419  3.0548
100.5230  25.0541  99.7771  25.3419  2.9956
100.8960  25.5945  99.7771  25.3419  3.0114
100.8160  25.0395  99.7771  25.3419  3.0050
99.2375  25.4847  99.7771  25.3419  2.9960
97.7857  24.1826  100.5960  26.2944  3.0540
100.0910  24.8650  100.5960  26.2944  3.0411
98.3349  25.2175  100.5960  26.2944  3.0677
99.4801  25.0480  100.5960  26.2944  3.0112
99.5713  23.7032  100.5960  26.2944  3.1116
100.8080  24.4547  100.5960  26.2944  3.1639
98.8431  25.1964  100.5960  26.2944  3.0946
99.2375  25.4847  100.5960  26.2944  3.0737
99.6235  24.5257  100.5960  26.2944  3.1250
100.8160  25.0395  100.5960  26.2944  3.1212
99.8799  24.7112  100.5960  26.2944  3.1037
100.3690  24.1603  100.5960  26.2944  3.0910
99.6453  24.8769  100.5960  26.2944  3.1237
98.5651  24.1350  100.5960  26.2944  3.0812
99.7242  24.0204  100.5960  26.2944  3.1069
97.9699  24.7130  100.5960  26.2944  3.0611
99.8346  24.9958  100.5960  26.2944  3.1049
98.6668  24.9037  100.5960  26.2944  3.0764
100.7810  24.1990  100.5960  26.2944  3.1680
98.3382  24.3368  100.5960  26.2944  3.0720
100.2940  23.5890  100.5960  26.2944  3.1006
100.1990  24.7084  100.5960  26.2944  3.0608
97.7332  24.3999  100.5960  26.2944  3.0860
99.1663  24.7523  100.5960  26.2944  3.0303
97.6568  24.6108  100.5960  26.2944  3.0619
99.9445  24.3191  100.5960  26.2944  3.0936
99.3404  24.5305  100.5960  26.2944  3.1013
100.4120  23.9586  100.5960  26.2944  3.0991
98.8783  23.5554  100.5960  26.2944  3.1358
98.8634  25.4505  100.5960  26.2944  3.0152
98.4849  24.7484  100.5960  26.2944  3.0839
100.4690  24.5924  100.5960  26.2944  3.0811
98.5433  25.5117  100.5960  26.2944  3.0092
99.0325  24.5549  100.5960  26.2944  3.0382
99.0268  23.8963  100.5960  26.2944  3.1321
98.2175  24.6619  100.5960  26.2944  3.0826
99.3404  24.5305  100.2160  25.0148  3.0848
98.6668  24.9037  100.2160  25.0148  3.0701
99.1663  24.7523  100.2160  25.0148  3.1228
97.9350  25.1078  100.2160  25.0148  3.0568
99.9868  25.4893  100.2160  25.0148  3.1021
100.7200  24.6420  100.2160  25.0148  3.1376
99.0325  24.5549  100.2160  25.0148  3.1043
98.8350  24.6942  100.2160  25.0148  3.0697
97.9699  24.7130  100.2160  25.0148  3.0702
98.8431  25.1964  100.2160  25.0148  3.0406
99.0268  23.8963  100.2160  25.0148  3.1002
98.8634  25.4505  100.2160  25.0148  3.1076
99.9445  24.3191  100.2160  25.0148  3.1248
98.4849  24.7484  100.2160  25.0148  3.0817
98.5651  24.1350  100.2160  25.0148  3.1185
97.6622  23.9027  100.2160  25.0148  3.1431
99.5713  23.7032  100.2160  25.0148  3.1823
99.2375  25.4847  100.2160  25.0148  3.1203
97.7332  24.3999  100.2160  25.0148  3.1079
100.3690  24.1603  100.2160  25.0148  3.1508
98.2175  24.6619  100.2160  25.0148  3.0745
99.5529  24.2045  100.2160  25.0148  3.1311
99.4801  25.0480  100.2160  25.0148  3.0220
98.0252  24.4972  100.2160  25.0148  3.1149
100.8960  25.5945  100.2160  25.0148  3.0031
97.7857  24.1826  100.2160  25.0148  3.1116
98.8783  23.5554  100.2160  25.0148  3.0827
99.0384  24.3221  100.2160  25.0148  3.0908
98.3382  24.3368  100.2160  25.0148  3.0974
97.6568  24.6108  100.2160  25.0148  3.0953
100.1000  25.9100  100.2160  25.0148  2.9990
98.5433  25.5117  100.2160  25.0148  3.0659
100.2940  23.5890  100.2160  25.0148  3.1513
100.5960  26.2944  100.2160  25.0148  3.0437
100.8080  24.4547  100.2160  25.0148  3.1713
99.6453  24.8769  100.2160  25.0148  3.1090
98.3349  25.2175  100.2160  25.0148  3.0437
100.8990  25.3230  100.2160  25.0148  3.0551
100.2940  23.5890  100.8080  24.4547  3.1419
100.8160  25.0395  100.8080  24.4547  3.1172
100.7200  24.6420  100.1990  24.7084  3.0869
99.7242  24.0204  100.1990  24.7084  3.1382
100.2940  23.5890  100.1990  24.7084  3.1326
100.8160  25.0395  100.1990  24.7084  3.0780
100.4120  23.9586  100.1990  24.7084  3.1694
99.0268  23.8963  100.1990  24.7084  3.1112
98.8783  23.5554  100.1990  24.7084  3.0901
100.8080  24.4547  98.3382  24.3368  3.0846
99.7242  24.0204  98.3382  24.3368  3.0791
100.3690  24.1603  98.3382  24.3368  3.0610
99.0268  23.8963  98.3382  24.3368  3.1739
99.5713  23.7032  98.3382  24.3368  3.1470
99.5529  24.2045  98.3382  24.3368  3.0546
100.2940  23.5890  98.3382  24.3368  3.1498
98.8783  23.5554  98.3382  24.3368  3.1288
100.1990  24.7084  98.3382  24.3368  3.1013
99.8799  24.7112  98.3382  24.3368  3.0955
99.9445  24.3191  98.3382  24.3368  3.0585
100.7200  24.6420  98.3382  24.3368  3.0964
100.4120  23.9586  98.3382  24.3368  3.0881
100.0910  24.8650  98.3382  24.3368  3.1436
100.8160  25.0395  98.3382  24.3368  3.0955
100.7810  24.1990  98.3382  24.3368  3.0777
100.3690  24.1603  100.1700  26.3600  3.1022
99.4137  25.2954  100.1700  26.3600  3.0915
99.0325  24.5549  100.1700  26.3600  3.0903
97.9699  24.7130  100.1700  26.3600  3.0508
98.8431  25.1964  100.1700  26.3600  3.0471
99.9868  25.4893  100.1700  26.3600  3.0213
100.4120  23.9586  100.1700  26.3600  3.1224
97.7332  24.3999  100.1700  26.3600  3.0629
99.9445  24.3191  100.1700  26.3600  3.0668
100.2160  25.0148  100.1700  26.3600  3.0264
100.8990  25.3230  100.1700  26.3600  3.0495
99.6235  24.5257  100.1700  26.3600  3.0667
100.8960  25.5945  100.1700  26.3600  3.0661
100.4690  24.5924  100.1700  26.3600  3.1033
99.8346  24.9958  100.1700  26.3600  3.0343
98.0252  24.4972  100.1700  26.3600  3.0648
98.5433  25.5117  100.1700  26.3600  3.0326
99.4801  25.0480  100.1700  26.3600  3.0668
98.8350  24.6942  100.1700  26.3600  3.0145
98.5651  24.1350  100.1700  26.3600  3.0739
99.7242  24.0204  100.1700  26.3600  3.0724
100.2940  23.5890  100.1700  26.3600  3.1131
100.4990  25.5666  100.1700  26.3600  3.1566
99.2375  25.4847  100.1700  26.3600  3.0008
99.6453  24.8769  100.1700  26.3600  3.0629
100.0910  24.8650  100.1700  26.3600  3.0200
98.4849  24.7484  100.1700  26.3600  3.0631
98.6668  24.9037  100.1700  26.3600  3.0547
99.8799  24.7112  100.1700  26.3600  3.0391
99.5529  24.2045  100.1700  26.3600  3.0692
99.1663  24.7523  100.1700  26.3600  3.0702
97.6568  24.6108  100.1700  26.3600  3.0513
99.7280  25.5410  100.1700  26.3600  3.0980
99.4300  26.2040  100.1700  26.3600  3.0236
97.9350  25.1078  100.1700  26.3600  3.0280
97.7857  24.1826  100.1700  26.3600  3.1024
98.3382  24.3368  100.1700  26.3600  3.0787
100.1990  24.7084  100.1700  26.3600  3.0659
100.5230  25.0541  100.1700  26.3600  3.1013
99.0268  23.8963  100.1700  26.3600  3.0968
99.5713  23.7032  100.1700  26.3600  3.0803
99.3404  24.5305  100.1700  26.3600  3.0831
98.3349  25.2175  100.1700  26.3600  3.0097
99.8316  25.8146  100.1700  26.3600  3.0269
98.8783  23.5554  100.1700  26.3600  3.1017
99.7771  25.3419  100.1700  26.3600  3.0640
100.3200  25.2400  100.1700  26.3600  3.0781
98.8634  25.4505  100.1700  26.3600  3.0560
98.2175  24.6619  100.1700  26.3600  3.0613
99.0384  24.3221  100.1700  26.3600  3.1158
99.4024  25.6322  100.1700  26.3600  3.0063
97.6568  24.6108  98.3349  25.2175  3.1045
100.8160  25.0395  98.3349  25.2175  3.0158
97.9350  25.1078  98.3349  25.2175  3.0198
100.4690  24.5924  98.3349  25.2175  3.0915
100.2940  23.5890  98.3349  25.2175  3.0535
99.8346  24.9958  98.3349  25.2175  3.0236
100.7200  24.6420  98.3349  25.2175  3.0750
99.9445  24.3191  98.3349  25.2175  3.0429
99.8799  24.7112  98.3349  25.2175  3.0563
100.7810  24.1990  98.3349  25.2175  3.1366
98.5651  24.1350  98.3349  25.2175  3.0915
99.1663  24.7523  98.3349  25.2175  3.1242
99.4801  25.0480  98.3349  25.2175  3.0093
99.6235  24.5257  98.3349  25.2175  3.0993
100.1990  24.7084  98.3349  25.2175  3.0653
97.7857  24.1826  98.3349  25.2175  3.1717
100.8080  24.4547  98.3349  25.2175  3.1191
98.8634  25.4505  98.3349  25.2175  3.1311
97.6622  23.9027  98.3349  25.2175  3.1626
98.0252  24.4972  98.3349  25.2175  3.1028
98.6668  24.9037  98.3349  25.2175  3.1635
99.0384  24.3221  98.3349  25.2175  3.1346
98.3382  24.3368  98.3349  25.2175  3.0564
99.0325  24.5549  98.3349  25.2175  3.1011
99.5529  24.2045  98.3349  25.2175  3.0657
98.8350  24.6942  98.3349  25.2175  3.1128
98.2175  24.6619  98.3349  25.2175  3.0011
99.6453  24.8769  98.3349  25.2175  3.0183
97.7332  24.3999  98.3349  25.2175  3.0929
99.2375  25.4847  98.3349  25.2175  3.1001
99.3404  24.5305  98.3349  25.2175  3.1187
100.4120  23.9586  98.3349  25.2175  3.0692
99.7242  24.0204  98.3349  25.2175  3.1135
99.0268  23.8963  98.3349  25.2175  3.0711
100.7200  24.6420  98.2175  24.6619  3.0869
97.7332  24.3999  98.2175  24.6619  3.1551
100.8160  25.0395  98.2175  24.6619  3.0557
99.9445  24.3191  98.2175  24.6619  3.0436
100.4690  24.5924  98.2175  24.6619  3.0732
98.5651  24.1350  98.2175  24.6619  3.1506
99.5713  23.7032  98.2175  24.6619  3.1000
99.7242  24.0204  98.2175  24.6619  3.0920
99.8799  24.7112  98.2175  24.6619  3.0430
100.8080  24.4547  98.2175  24.6619  3.0820
99.5529  24.2045  98.2175  24.6619  3.0751
98.8783  23.5554  98.2175  24.6619  3.0780
97.6622  23.9027  98.2175  24.6619  3.1169
100.2940  23.5890  98.2175  24.6619  3.0836
100.3690  24.1603  98.2175  24.6619  3.0519
100.4120  23.9586  98.2175  24.6619  3.1061
100.1990  24.7084  98.2175  24.6619  3.0583
99.0268  23.8963  98.2175  24.6619  3.0721
100.7810  24.1990  98.2175  24.6619  3.0572
98.8350  24.6942  100.4900  25.3500  3.0129
98.4849  24.7484  100.4900  25.3500  3.0488
98.3349  25.2175  100.4900  25.3500  3.0157
98.8431  25.1964  100.4900  25.3500  3.0149
98.3382  24.3368  100.4900  25.3500  3.0628
100.4690  24.5924  100.4900  25.3500  3.0276
99.5713  23.7032  100.4900  25.3500  3.1344
99.6453  24.8769  100.4900  25.3500  3.0053
97.9699  24.7130  100.4900  25.3500  3.0324
100.3690  24.1603  100.4900  25.3500  3.0816
99.6235  24.5257  100.4900  25.3500  3.0451
97.9350  25.1078  100.4900  25.3500  3.0355
98.5651  24.1350  100.4900  25.3500  3.0671
99.8346  24.9958  100.4900  25.3500  2.9981
100.8960  25.5945  100.4900  25.3500  3.0939
97.6622  23.9027  100.4900  25.3500  3.0805
99.4801  25.0480  100.4900  25.3500  3.0671
97.6568  24.6108  100.4900  25.3500  3.0446
99.9445  24.3191  100.4900  25.3500  3.1101
99.8799  24.7112  100.4900  25.3500  3.1092
97.7332  24.3999  100.4900  25.3500  3.0665
99.0268  23.8963  100.4900  25.3500  3.0580
98.2175  24.6619  100.4900  25.3500  3.0410
98.5433  25.5117  100.4900  25.3500  2.9873
100.2940  23.5890  100.4900  25.3500  3.1037
98.8783  23.5554  100.4900  25.3500  3.0796
100.8160  25.0395  100.4900  25.3500  3.1755
100.8080  24.4547  100.4900  25.3500  3.1443
98.6668  24.9037  100.4900  25.3500  3.0514
99.0384  24.3221  100.4900  25.3500  3.0552
100.7200  24.6420  100.4900  25.3500  3.0811
98.0252  24.4972  100.4900  25.3500  3.0548
99.1663  24.7523  100.4900  25.3500  3.0410
100.4120  23.9586  100.4900  25.3500  3.1384
99.0325  24.5549  100.4900  25.3500  3.0421
98.8634  25.4505  100.4900  25.3500  2.9952
100.0910  24.8650  100.4900  25.3500  3.0209
99.3404  24.5305  100.4900  25.3500  3.0502
100.5960  26.2944  100.4900  25.3500  3.0350
100.1000  25.9100  100.4900  25.3500  3.0103
99.7242  24.0204  100.4900  25.3500  3.1202
100.7810  24.1990  100.7200  24.6420  3.1034
100.2940  23.5890  100.7200  24.6420  3.1366
100.7200  24.6420  99.0384  24.3221  3.1106
100.1990  24.7084  99.0384  24.3221  3.1465
99.8799  24.7112  99.0384  24.3221  3.1071
99.6235  24.5257  99.0384  24.3221  3.0571
100.8160  25.0395  99.0384  24.3221  3.1004
98.0252  24.4972  99.0384  24.3221  3.0959
100.3690  24.1603  99.0384  24.3221  3.0611
100.4120  23.9586  99.0384  24.3221  3.0702
97.7332  24.3999  99.0384  24.3221  3.1234
98.5651  24.1350  99.0384  24.3221  3.1396
99.8346  24.9958  99.0384  24.3221  3.0544
97.7857  24.1826  99.0384  24.3221  3.1329
99.7242  24.0204  99.0384  24.3221  3.0369
99.6453  24.8769  99.0384  24.3221  3.0040
99.4801  25.0480  99.0384  24.3221  3.1360
98.2175  24.6619  99.0384  24.3221  3.1254
97.9350  25.1078  99.0384  24.3221  3.0681
99.1663  24.7523  99.0384  24.3221  3.0548
100.8080  24.4547  99.0384  24.3221  3.0911
97.6568  24.6108  99.0384  24.3221  3.0856
97.6622  23.9027  99.0384  24.3221  3.1767
98.3382  24.3368  99.0384  24.3221  3.1004
97.9699  24.7130  99.0384  24.3221  3.1230
100.7810  24.1990  99.0384  24.3221  3.0552
100.4690  24.5924  99.0384  24.3221  3.0997
99.9445  24.3191  99.0384  24.3221  3.0078
99.5713  23.7032  99.0384  24.3221  3.0681
100.0910  24.8650  99.0384  24.3221  3.1027
99.0268  23.8963  99.0384  24.3221  3.0294
98.8783  23.5554  99.0384  24.3221  3.0875
99.3404  24.5305  98.8863  26.3578  3.1512
99.4801  25.0480  98.8863  26.3578  3.1431
99.4300  26.2040  98.8863  26.3578  3.0334
98.2175  24.6619  98.8863  26.3578  3.1476
97.7857  24.1826  98.8863  26.3578  3.0993
98.8431  25.1964  98.8863  26.3578  3.1218
99.4024  25.6322  98.8863  26.3578  3.1104
100.5960  26.2944  98.8863  26.3578  3.0032
100.5200  25.8500  98.8863  26.3578  3.0417
100.4990  25.5666  98.8863  26.3578  3.0565
100.8560  25.9242  98.8863  26.3578  3.0337
99.1663  24.7523  98.8863  26.3578  3.1426
99.5713  23.7032  98.8863  26.3578  3.1340
99.0384  24.3221  98.8863  26.3578  3.1324
99.9868  25.4893  98.8863  26.3578  3.0306
98.8783  23.5554  98.8863  26.3578  3.1322
100.8990  25.3230  98.8863  26.3578  3.0119
100.7200  24.6420  98.8863  26.3578  3.0770
99.5529  24.2045  98.8863  26.3578  3.1446
99.9445  24.3191  98.8863  26.3578  3.1516
100.4690  24.5924  98.8863  26.3578  3.1235
98.8634  25.4505  98.8863  26.3578  3.0876
98.0252  24.4972  98.8863  26.3578  3.1655
100.2520  26.1294  98.8863  26.3578  3.0079
98.8350  24.6942  98.8863  26.3578  3.1083
100.1000  25.9100  98.8863  26.3578  3.0677
99.0268  23.8963  98.8863  26.3578  3.1348
100.2940  23.5890  98.8863  26.3578  3.1330
100.8160  25.0395  98.8863  26.3578  3.0619
100.8960  25.5945  98.8863  26.3578  3.0512
98.3349  25.2175  98.8863  26.3578  3.1625
99.7771  25.3419  98.8863  26.3578  3.0608
99.8316  25.8146  98.8863  26.3578  3.0798
98.5651  24.1350  98.8863  26.3578  3.1108
100.4120  23.9586  98.8863  26.3578  3.1368
99.7280  25.5410  98.8863  26.3578  3.0418
100.1990  24.7084  98.8863  26.3578  3.1185
100.2160  25.0148  98.8863  26.3578  3.0434
100.7810  24.1990  98.8863  26.3578  3.1493
97.7332  24.3999  98.8863  26.3578  3.1098
97.9699  24.7130  98.8863  26.3578  3.1210
100.8080  24.4547  98.8863  26.3578  3.1168
100.5230  25.0541  98.8863  26.3578  3.0095
100.1700  26.3600  98.8863  26.3578  2.9964
99.8799  24.7112  98.8863  26.3578  3.1227
97.9350  25.1078  98.8863  26.3578  3.0969
98.4849  24.7484  98.8863  26.3578  3.1353
99.6235  24.5257  98.8863  26.3578  3.1527
99.8346  24.9958  98.8863  26.3578  3.1530
100.3200  25.2400  98.8863  26.3578  3.0566
97.6568  24.6108  98.8863  26.3578  3.1479
98.6668  24.9037  100.3200  25.2400  3.0588
99.6235  24.5257  100.3200  25.2400  3.1121
100.8080  24.4547  100.3200  25.2400  3.0915
98.5651  24.1350  100.3200  25.2400  3.1014
100.1000  25.9100  100.3200  25.2400  2.9930
98.3382  24.3368  100.3200  25.2400  3.0597
98.5433  25.5117  100.3200  25.2400  3.0050
100.8160  25.0395  100.3200  25.2400  2.9902
99.0268  23.8963  100.3200  25.2400  3.0866
97.7857  24.1826  100.3200  25.2400  3.0916
99.1663  24.7523  100.3200  25.2400  3.0903
98.8783  23.5554  100.3200  25.2400  3.0931
99.9445  24.3191  100.3200  25.2400  3.0816
100.4120  23.9586  100.3200  25.2400  3.1718
100.5960  26.2944  100.3200  25.2400  3.0484
98.3349  25.2175  100.3200  25.2400  3.0051
99.0384  24.3221  100.3200  25.2400  3.0746
97.6622  23.9027  100.3200  25.2400  3.1133
100.7200  24.6420  100.3200  25.2400  3.0494
99.6453  24.8769  100.3200  25.2400  3.0559
97.9350  25.1078  100.3200  25.2400  3.0343
100.5230  25.0541  100.3200  25.2400  3.0886
97.6568  24.6108  100.3200  25.2400  3.0840
99.5529  24.2045  100.3200  25.2400  3.1523
98.8634  25.4505  100.3200  25.2400  3.0083
99.8346  24.9958  100.3200  25.2400  3.0797
99.7242  24.0204  100.3200  25.2400  3.1216
98.2175  24.6619  100.3200  25.2400  3.0670
99.0325  24.5549  100.3200  25.2400  3.0486
99.5713  23.7032  100.3200  25.2400  3.1319
98.4849  24.7484  100.3200  25.2400  3.0729
98.8431  25.1964  100.3200  25.2400  3.0078
99.3404  24.5305  100.3200  25.2400  3.0386
98.0252  24.4972  100.3200  25.2400  3.0614
100.2940  23.5890  100.3200  25.2400  3.1367
100.8960  25.5945  100.3200  25.2400  3.0859
97.9699  24.7130  100.3200  25.2400  3.0599
97.7332  24.3999  100.3200  25.2400  3.0693
100.4690  24.5924  100.3200  25.2400  3.1291
98.8350  24.6942  100.3200  25.2400  3.0550
99.4801  25.0480  100.3200  25.2400  3.0554
99.8799  24.7112  100.3200  25.2400  3.0396
100.3690  24.1603  100.3200  25.2400  3.1227
100.7810  24.1990  100.5200  25.8500  3.1520
100.3690  24.1603  100.5200  25.8500  3.0959
98.5651  24.1350  100.5200  25.8500  3.0732
99.3404  24.5305  100.5200  25.8500  3.0516
99.7242  24.0204  100.5200  25.8500  3.1124
98.8783  23.5554  100.5200  25.8500  3.0971
99.7280  25.5410  100.5200  25.8500  3.0496
99.0325  24.5549  100.5200  25.8500  3.0398
98.0252  24.4972  100.5200  25.8500  3.0546
99.4801  25.0480  100.5200  25.8500  3.0169
100.8960  25.5945  100.5200  25.8500  3.0666
99.1663  24.7523  100.5200  25.8500  3.0187
100.8080  24.4547  100.5200  25.8500  3.1257
99.0384  24.3221  100.5200  25.8500  3.0587
97.6622  23.9027  100.5200  25.8500  3.0979
99.5713  23.7032  100.5200  25.8500  3.1143
99.9445  24.3191  100.5200  25.8500  3.0785
98.8431  25.1964  100.5200  25.8500  3.0057
99.8799  24.7112  100.5200  25.8500  3.0903
100.5230  25.0541  100.5200  25.8500  3.0014
97.7332  24.3999  100.5200  25.8500  3.0677
100.1990  24.7084  100.5200  25.8500  3.0585
100.0910  24.8650  100.5200  25.8500  3.0461
100.2940  23.5890  100.5200  25.8500  3.1054
98.8350  24.6942  100.5200  25.8500  3.0346
100.2160  25.0148  100.5200  25.8500  3.0193
97.9350  25.1078  100.5200  25.8500  3.0251
99.2375  25.4847  100.5200  25.8500  3.0672
98.3382  24.3368  100.5200  25.8500  3.0670
100.7200  24.6420  100.5200  25.8500  3.0942
100.4690  24.5924  100.5200  25.8500  3.0645
98.3349  25.2175  100.5200  25.8500  3.0416
99.6453  24.8769  100.5200  25.8500  3.0158
99.4137  25.2954  100.5200  25.8500  3.0162
97.9699  24.7130  100.5200  25.8500  3.0592
99.9868  25.4893  100.5200  25.8500  3.0804
98.5433  25.5117  100.5200  25.8500  3.0305
98.8634  25.4505  100.5200  25.8500  3.0658
98.2175  24.6619  100.5200  25.8500  3.0604
99.0268  23.8963  100.5200  25.8500  3.0867
97.7857  24.1826  100.5200  25.8500  3.0740
97.6568  24.6108  100.5200  25.8500  3.0639
99.5529  24.2045  100.5200  25.8500  3.1237
100.8160  25.0395  100.5200  25.8500  3.1487
100.8990  25.3230  100.5200  25.8500  3.0478
99.7242  24.0204  99.8799  24.7112  3.0825
99.5713  23.7032  99.8799  24.7112  3.1189
99.0268  23.8963  99.8799  24.7112  3.1408
100.7200  24.6420  99.8799  24.7112  3.1002
100.8080  24.4547  99.8799  24.7112  3.1662
100.8160  25.0395  99.8799  24.7112  3.1082
98.8783  23.5554  99.8799  24.7112  3.1171
100.1990  24.7084  99.8799  24.7112  3.1783
99.5529  24.2045  99.8799  24.7112  3.0492
100.3690  24.1603  99.8799  24.7112  2.9943
99.0384  24.3221  100.2520  26.1294  3.1252
100.8960  25.5945  100.2520  26.1294  3.0551
97.7332  24.3999  100.2520  26.1294  3.0726
99.1663  24.7523  100.2520  26.1294  3.0331
99.0268  23.8963  100.2520  26.1294  3.1127
99.7242  24.0204  100.2520  26.1294  3.0831
98.2175  24.6619  100.2520  26.1294  3.0787
100.7810  24.1990  100.2520  26.1294  3.1741
98.4849  24.7484  100.2520  26.1294  3.0800
100.5230  25.0541  100.2520  26.1294  3.1107
100.8080  24.4547  100.2520  26.1294  3.1134
97.6622  23.9027  100.2520  26.1294  3.0794
99.7280  25.5410  100.2520  26.1294  3.1130
99.6453  24.8769  100.2520  26.1294  3.0829
99.4137  25.2954  100.2520  26.1294  3.0227
99.3404  24.5305  100.2520  26.1294  3.0979
100.2940  23.5890  100.2520  26.1294  3.1190
100.2160  25.0148  100.2520  26.1294  3.0186
99.9868  25.4893  100.2520  26.1294  3.0027
98.8783  23.5554  100.2520  26.1294  3.1115
98.6668  24.9037  100.2520  26.1294  3.0427
100.4900  25.3500  100.2520  26.1294  3.1540
100.3200  25.2400  100.2520  26.1294  3.0146
98.8350  24.6942  100.2520  26.1294  3.0155
100.3690  24.1603  100.2520  26.1294  3.1025
97.9699  24.7130  100.2520  26.1294  3.0462
100.0910  24.8650  100.2520  26.1294  3.0041
100.1990  24.7084  100.2520  26.1294  3.0583
98.5651  24.1350  100.2520  26.1294  3.0752
100.4120  23.9586  100.2520  26.1294  3.1214
99.9445  24.3191  100.2520  26.1294  3.0681
98.0252  24.4972  100.2520  26.1294  3.0642
99.2375  25.4847  100.2520  26.1294  3.0392
100.7200  24.6420  100.2520  26.1294  3.0878
99.8346  24.9958  100.2520  26.1294  3.0849
99.6235  24.5257  100.2520  26.1294  3.0937
100.4690  24.5924  100.2520  26.1294  3.0934
97.9350  25.1078  100.2520  26.1294  3.0612
99.5713  23.7032  100.2520  26.1294  3.0834
99.7771  25.3419  100.2520  26.1294  3.0418
99.4801  25.0480  100.2520  26.1294  3.0477
98.5433  25.5117  100.2520  26.1294  3.0294
98.3382  24.3368  100.2520  26.1294  3.0610
97.6568  24.6108  100.2520  26.1294  3.0656
100.8560  25.9242  100.2520  26.1294  3.0474
100.8990  25.3230  100.2520  26.1294  3.0649
98.3349  25.2175  100.2520  26.1294  3.0474
99.4801  25.0480  98.5433  25.5117  3.0966
100.8080  24.4547  98.5433  25.5117  3.1559
99.7242  24.0204  98.5433  25.5117  3.0884
97.7857  24.1826  98.5433  25.5117  3.1071
99.0268  23.8963  98.5433  25.5117  3.1476
99.8346  24.9958  98.5433  25.5117  3.0917
98.8350  24.6942  98.5433  25.5117  3.1171
99.5713  23.7032  98.5433  25.5117  3.0684
99.8799  24.7112  98.5433  25.5117  3.0995
99.0384  24.3221  98.5433  25.5117  3.1661
99.6453  24.8769  98.5433  25.5117  3.1120
100.7810  24.1990  98.5433  25.5117  3.1066
99.3404  24.5305  98.5433  25.5117  3.0526
100.4120  23.9586  98.5433  25.5117  3.0584
100.4690  24.5924  98.5433  25.5117  3.1207
98.4849  24.7484  98.5433  25.5117  3.0088
97.7332  24.3999  98.5433  25.5117  3.1041
98.3382  24.3368  98.5433  25.5117  3.0651
100.8160  25.0395  98.5433  25.5117  3.0250
99.5529  24.2045  98.5433  25.5117  3.0676
97.6622  23.9027  98.5433  25.5117  3.1211
98.0252  24.4972  98.5433  25.5117  3.0996
99.9445  24.3191  98.5433  25.5117  3.0442
100.1990  24.7084  98.5433  25.5117  3.1399
100.7200  24.6420  98.5433  25.5117  3.1432
100.0910  24.8650  98.5433  25.5117  3.1092
97.9350  25.1078  98.5433  25.5117  3.0232
99.6235  24.5257  98.5433  25.5117  3.0453
100.2940  23.5890  98.5433  25.5117  3.0740
98.6668  24.9037  98.5433  25.5117  3.0109
100.3690  24.1603  98.5433  25.5117  3.0779
97.6568  24.6108  98.5433  25.5117  3.0846
99.1663  24.7523  98.5433  25.5117  3.0589
98.8783  23.5554  98.5433  25.5117  3.1133
98.5651  24.1350  98.5433  25.5117  3.0834
98.2175  24.6619  98.5433  25.5117  3.0600
99.2375  25.4847  98.5433  25.5117  2.9867
98.3382  24.3368  99.0325  24.5549  3.1700
99.7242  24.0204  99.0325  24.5549  3.1205
100.8160  25.0395  99.0325  24.5549  3.0630
100.0910  24.8650  99.0325  24.5549  3.0986
99.1663  24.7523  99.0325  24.5549  3.0656
98.0252  24.4972  99.0325  24.5549  3.1197
100.3690  24.1603  99.0325  24.5549  3.0281
99.8799  24.7112  99.0325  24.5549  3.0463
99.6453  24.8769  99.0325  24.5549  3.0438
100.1990  24.7084  99.0325  24.5549  3.0537
99.5713  23.7032  99.0325  24.5549  3.1032
100.2940  23.5890  99.0325  24.5549  3.1051
97.7332  24.3999  99.0325  24.5549  3.1409
97.6622  23.9027  99.0325  24.5549  3.1719
98.8783  23.5554  99.0325  24.5549  3.1052
99.0268  23.8963  99.0325  24.5549  3.0676
98.5651  24.1350  99.0325  24.5549  3.1735
97.9350  25.1078  99.0325  24.5549  3.1017
99.6235  24.5257  99.0325  24.5549  3.0008
97.6568  24.6108  99.0325  24.5549  3.0848
99.5529  24.2045  99.0325  24.5549  3.0872
99.9445  24.3191  99.0325  24.5549  3.0353
97.9699  24.7130  99.0325  24.5549  3.0573
98.2175  24.6619  99.0325  24.5549  3.0571
100.4120  23.9586  99.0325  24.5549  3.1166
100.8080  24.4547  99.0325  24.5549  3.0623
100.7200  24.6420  99.0325  24.5549  3.0722
100.7810  24.1990  99.0325  24.5549  3.0558
100.4690  24.5924  99.0325  24.5549  3.0523
97.7857  24.1826  99.0325  24.5549  3.1816
99.8346  24.9958  99.0325  24.5549  3.0474
99.9445  24.3191  99.1301  26.2006  3.1449
99.8316  25.8146  99.1301  26.2006  3.0870
100.8560  25.9242  99.1301  26.2006  3.0141
100.7200  24.6420  99.1301  26.2006  3.0615
97.6568  24.6108  99.1301  26.2006  3.1080
100.4990  25.5666  99.1301  26.2006  3.0572
99.6235  24.5257  99.1301  26.2006  3.1426
99.4300  26.2040  99.1301  26.2006  3.1825
98.8783  23.5554  99.1301  26.2006  3.1361
99.4801  25.0480  99.1301  26.2006  3.1542
97.6622  23.9027  99.1301  26.2006  3.1391
100.7810  24.1990  99.1301  26.2006  3.1424
100.5960  26.2944  99.1301  26.2006  3.0068
99.7280  25.5410  99.1301  26.2006  3.0164
98.4849  24.7484  99.1301  26.2006  3.1636
99.1663  24.7523  99.1301  26.2006  3.1103
97.9699  24.7130  99.1301  26.2006  3.1218
100.1700  26.3600  99.1301  26.2006  3.0233
100.3200  25.2400  99.1301  26.2006  3.0508
100.1990  24.7084  99.1301  26.2006  3.1124
98.8634  25.4505  99.1301  26.2006  3.1841
99.8346  24.9958  99.1301  26.2006  3.1479
98.3349  25.2175  99.1301  26.2006  3.0860
100.5200  25.8500  99.1301  26.2006  3.0396
100.2160  25.0148  99.1301  26.2006  3.0306
99.2375  25.4847  99.1301  26.2006  3.1096
100.0910  24.8650  99.1301  26.2006  3.1205
99.6453  24.8769  99.1301  26.2006  3.1438
100.8960  25.5945  99.1301  26.2006  3.0492
98.2175  24.6619  99.1301  26.2006  3.1025
98.0252  24.4972  99.1301  26.2006  3.1189
99.0325  24.5549  99.1301  26.2006  3.1182
97.7332  24.3999  99.1301  26.2006  3.1115
99.5529  24.2045  99.1301  26.2006  3.1307
100.8160  25.0395  99.1301  26.2006  3.0526
99.4024  25.6322  99.1301  26.2006  3.1835
99.7242  24.0204  99.1301  26.2006  3.1172
99.7771  25.3419  99.1301  26.2006  3.0717
100.2940  23.5890  99.1301  26.2006  3.1388
98.8431  25.1964  99.1301  26.2006  3.1645
98.8350  24.6942  99.1301  26.2006  3.1382
100.8080  24.4547  99.1301  26.2006  3.1067
97.9350  25.1078  99.1301  26.2006  3.0769
100.1000  25.9100  99.1301  26.2006  3.0562
98.5433  25.5117  99.1301  26.2006  3.1144
100.4120  23.9586  99.1301  26.2006  3.1391
100.3690  24.1603  99.1301  26.2006  3.0945
100.5230  25.0541  99.1301  26.2006  3.1027
99.8799  24.7112  99.1301  26.2006  3.1067
99.3404  24.5305  99.1301  26.2006  3.1424
100.4690  24.5924  99.1301  26.2006  3.1153
99.4137  25.2954  99.1301  26.2006  3.1811
99.9868  25.4893  99.1301  26.2006  3.0055
99.0384  24.3221  99.1301  26.2006  3.1223
99.0268  23.8963  99.1301  26.2006  3.1285
97.7857  24.1826  99.1301  26.2006  3.1313
97.9699  24.7130  99.6235  24.5257  3.0356
97.7332  24.3999  99.6235  24.5257  3.0781
100.7810  24.1990  99.6235  24.5257  3.1100
100.2940  23.5890  99.6235  24.5257  3.0116
98.8783  23.5554  99.6235  24.5257  3.1304
98.2175  24.6619  99.6235  24.5257  3.0259
98.3382  24.3368  99.6235  24.5257  3.0770
100.1990  24.7084  99.6235  24.5257  3.1111
100.3690  24.1603  99.6235  24.5257  3.1624
98.5651  24.1350  99.6235  24.5257  3.1301
98.0252  24.4972  99.6235  24.5257  3.0595
100.8160  25.0395  99.6235  24.5257  3.1096
97.7857  24.1826  99.6235  24.5257  3.1126
99.5713  23.7032  99.6235  24.5257  3.0739
99.1663  24.7523  99.6235  24.5257  3.0760
97.9350  25.1078  99.6235  24.5257  3.0808
97.6622  23.9027  99.6235  24.5257  3.1452
100.4690  24.5924  99.6235  24.5257  3.0976
100.4120  23.9586  99.6235  24.5257  3.1577
99.8799  24.7112  99.6235  24.5257  3.1699
100.7200  24.6420  99.6235  24.5257  3.1283
97.6568  24.6108  99.6235  24.5257  3.0458
100.8080  24.4547  99.6235  24.5257  3.0955
99.7280  25.5410  100.8560  25.9242  3.1070
99.4801  25.0480  100.8560  25.9242  3.0355
100.8160  25.0395  100.8560  25.9242  3.0563
97.7857  24.1826  100.8560  25.9242  3.0714
100.4900  25.3500  100.8560  25.9242  3.0422
99.9868  25.4893  100.8560  25.9242  3.0747
99.1663  24.7523  100.8560  25.9242  3.0263
100.2160  25.0148  100.8560  25.9242  3.0781
98.8783  23.5554  100.8560  25.9242  3.0710
97.9350  25.1078  100.8560  25.9242  3.0087
99.0325  24.5549  100.8560  25.9242  3.0388
99.2375  25.4847  100.8560  25.9242  3.0531
98.8634  25.4505  100.8560  25.9242  3.0730
97.6622  23.9027  100.8560  25.9242  3.0905
98.8350  24.6942  100.8560  25.9242  3.0474
98.0252  24.4972  100.8560  25.9242  3.0622
99.4137  25.2954  100.8560  25.9242  3.0089
100.4990  25.5666  100.8560  25.9242  3.0220
98.4849  24.7484  100.8560  25.9242  3.0585
99.6235  24.5257  100.8560  25.9242  3.0502
100.1990  24.7084  100.8560  25.9242  3.0686
98.5651  24.1350  100.8560  25.9242  3.0752
98.5433  25.5117  100.8560  25.9242  3.0456
100.4120  23.9586  100.8560  25.9242  3.0939
99.8799  24.7112  100.8560  25.9242  3.0524
99.0268  23.8963  100.8560  25.9242  3.0678
99.3404  24.5305  100.8560  25.9242  3.0479
99.9445  24.3191  100.8560  25.9242  3.1342
100.5230  25.0541  100.8560  25.9242  3.0349
100.3200  25.2400  100.8560  25.9242  3.0420
100.7200  24.6420  100.8560  25.9242  3.0677
100.2940  23.5890  100.8560  25.9242  3.0829
97.6568  24.6108  100.8560  25.9242  3.0631
98.6668  24.9037  100.8560  25.9242  3.0535
100.3690  24.1603  100.8560  25.9242  3.0666
98.3382  24.3368  100.8560  25.9242  3.0591
98.2175  24.6619  100.8560  25.9242  3.0593
99.0384  24.3221  100.8560  25.9242  3.0599
100.8080  24.4547  100.8560  25.9242  3.0884
100.7810  24.1990  100.8560  25.9242  3.1148
97.7332  24.3999  100.8560  25.9242  3.0667
97.9699  24.7130  100.8560  25.9242  3.0510
99.6453  24.8769  100.8560  25.9242  3.0136
99.7242  24.0204  100.8560  25.9242  3.1047
99.9445  24.3191  99.3404  24.5305  3.0474
98.3382  24.3368  99.3404  24.5305  3.1189
98.0252  24.4972  99.3404  24.5305  3.0940
100.7810  24.1990  99.3404  24.5305  3.0622
100.1990  24.7084  99.3404  24.5305  3.0852
100.3690  24.1603  99.3404  24.5305  3.0600
99.5713  23.7032  99.3404  24.5305  3.0895
99.7242  24.0204  99.3404  24.5305  3.1220
97.7332  24.3999  99.3404  24.5305  3.0954
100.7200  24.6420  99.3404  24.5305  3.1030
97.9699  24.7130  99.3404  24.5305  3.0535
100.4690  24.5924  99.3404  24.5305  3.0727
100.4120  23.9586  99.3404  24.5305  3.1295
98.5651  24.1350  99.3404  24.5305  3.1590
100.2940  23.5890  99.3404  24.5305  3.1158
98.8783  23.5554  99.3404  24.5305  3.1842
99.0268  23.8963  99.3404  24.5305  3.1469
97.6622  23.9027  99.3404  24.5305  3.1733
99.8799  24.7112  99.3404  24.5305  3.0426
97.7857  24.1826  99.3404  24.5305  3.1446
100.8080  24.4547  99.3404  24.5305  3.0809
97.6568  24.6108  99.3404  24.5305  3.0683
97.9350  25.1078  99.3404  24.5305  3.0957
100.8160  25.0395  99.3404  24.5305  3.0921
98.2175  24.6619  99.3404  24.5305  3.0453
97.9699  24.7130  98.4849  24.7484  2.9986
98.8634  25.4505  98.4849  24.7484  3.1516
99.0325  24.5549  98.4849  24.7484  3.0591
98.3382  24.3368  98.4849  24.7484  3.0182
100.8080  24.4547  98.4849  24.7484  3.0799
100.1990  24.7084  98.4849  24.7484  3.0408
97.7332  24.3999  98.4849  24.7484  3.1437
99.5529  24.2045  98.4849  24.7484  3.1319
97.9350  25.1078  98.4849  24.7484  3.1603
99.9445  24.3191  98.4849  24.7484  3.0564
99.7242  24.0204  98.4849  24.7484  3.0950
100.7200  24.6420  98.4849  24.7484  3.0810
99.0268  23.8963  98.4849  24.7484  3.1000
99.8799  24.7112  98.4849  24.7484  3.0151
100.7810  24.1990  98.4849  24.7484  3.0564
99.1663  24.7523  98.4849  24.7484  3.0192
99.6235  24.5257  98.4849  24.7484  3.0324
100.4120  23.9586  98.4849  24.7484  3.1262
99.5713  23.7032  98.4849  24.7484  3.0940
98.0252  24.4972  98.4849  24.7484  3.1612
99.4801  25.0480  98.4849  24.7484  3.1059
99.3404  24.5305  98.4849  24.7484  3.0654
98.5651  24.1350  98.4849  24.7484  3.0524
100.3690  24.1603  98.4849  24.7484  3.0601
100.4690  24.5924  98.4849  24.7484  3.0635
100.0910  24.8650  98.4849  24.7484  3.0704
99.8346  24.9958  98.4849  24.7484  3.0955
98.8783  23.5554  98.4849  24.7484  3.1063
99.6453  24.8769  98.4849  24.7484  3.0444
100.8160  25.0395  98.4849  24.7484  3.0532
97.6568  24.6108  98.4849  24.7484  3.0905
97.7857  24.1826  98.4849  24.7484  3.1084
100.2940  23.5890  98.4849  24.7484  3.1052
99.2375  25.4847  98.4849  24.7484  3.1197
97.6622  23.9027  98.6668  24.9037  3.1423
100.1990  24.7084  98.6668  24.9037  3.0397
100.7810  24.1990  98.6668  24.9037  3.1031
99.7242  24.0204  98.6668  24.9037  3.0877
99.0268  23.8963  98.6668  24.9037  3.1666
100.4120  23.9586  98.6668  24.9037  3.0650
100.8160  25.0395  98.6668  24.9037  3.0330
99.9445  24.3191  98.6668  24.9037  3.0945
100.8080  24.4547  98.6668  24.9037  3.0982
98.8634  25.4505  98.6668  24.9037  3.1295
97.6568  24.6108  98.6668  24.9037  3.1302
99.5529  24.2045  98.6668  24.9037  3.0670
100.0910  24.8650  98.6668  24.9037  3.0539
97.9350  25.1078  98.6668  24.9037  3.0330
99.6235  24.5257  98.6668  24.9037  3.1125
97.7857  24.1826  98.6668  24.9037  3.1240
98.0252  24.4972  98.6668  24.9037  3.1422
99.8346  24.9958  98.6668  24.9037  3.0511
99.4801  25.0480  98.6668  24.9037  3.0776
99.2375  25.4847  98.6668  24.9037  3.1435
97.7332  24.3999  98.6668  24.9037  3.1177
99.1663  24.7523  98.6668  24.9037  3.1448
100.7200  24.6420  98.6668  24.9037  3.0811
97.9699  24.7130  98.6668  24.9037  3.0614
99.8799  24.7112  98.6668  24.9037  3.0246
98.4849  24.7484  98.6668  24.9037  3.1582
100.3690  24.1603  98.6668  24.9037  3.0982
98.2175  24.6619  98.6668  24.9037  3.1730
98.3382  24.3368  98.6668  24.9037  3.1432
99.3404  24.5305  98.6668  24.9037  3.1736
100.2940  23.5890  98.6668  24.9037  3.0501
99.5713  23.7032  98.6668  24.9037  3.0976
100.4690  24.5924  98.6668  24.9037  3.0755
99.6453  24.8769  98.6668  24.9037  2.9943
99.7242  24.0204  100.0910  24.8650  3.1458
99.5713  23.7032  100.0910  24.8650  3.1566
98.8783  23.5554  100.0910  24.8650  3.1042
100.2940  23.5890  100.0910  24.8650  3.1619
100.8160  25.0395  100.0910  24.8650  3.0404
99.0268  23.8963  100.0910  24.8650  3.0736
100.7200  24.6420  100.0910  24.8650  3.1663
99.5529  24.2045  100.0910  24.8650  3.0868
100.7200  24.6420  100.3690  24.1603  3.1454
100.8160  25.0395  100.3690  24.1603  3.0793
99.7242  24.0204  100.3690  24.1603  3.1180
99.0268  23.8963  100.3690  24.1603  3.1085
99.5713  23.7032  100.3690  24.1603  3.1152
99.5529  24.2045  100.3690  24.1603  3.0469
98.8783  23.5554  100.3690  24.1603  3.1173
100.2940  23.5890  100.3690  24.1603  2.9913
98.8783  23.5554  100.4690  24.5924  3.1500
100.2940  23.5890  100.4690  24.5924  3.1443
99.0268  23.8963  100.4690  24.5924  3.1057
100.4120  23.9586  100.4690  24.5924  3.1474
100.8160  25.0395  100.4690  24.5924  3.1327
99.5529  24.2045  100.4690  24.5924  3.1745
99.7242  24.0204  100.4690  24.5924  3.1343
100.3690  24.1603  100.4690  24.5924  2.9862
98.3349  25.2175  99.4024  25.6322  3.1240
99.5529  24.2045  99.4024  25.6322  3.1015
100.8960  25.5945  99.4024  25.6322  3.0150
99.7242  24.0204  99.4024  25.6322  3.1204
100.4900  25.3500  99.4024  25.6322  3.0085
97.9350  25.1078  99.4024  25.6322  3.0786
100.4120  23.9586  99.4024  25.6322  3.1305
99.6235  24.5257  99.4024  25.6322  3.1162
98.2175  24.6619  99.4024  25.6322  3.1073
98.5433  25.5117  99.4024  25.6322  3.0005
100.7200  24.6420  99.4024  25.6322  3.0771
100.5200  25.8500  99.4024  25.6322  3.0273
98.4849  24.7484  99.4024  25.6322  3.0728
100.7810  24.1990  99.4024  25.6322  3.1521
100.8160  25.0395  99.4024  25.6322  3.0443
100.2940  23.5890  99.4024  25.6322  3.1137
100.3200  25.2400  99.4024  25.6322  3.0421
100.1990  24.7084  99.4024  25.6322  3.1150
100.8560  25.9242  99.4024  25.6322  3.0278
98.8431  25.1964  99.4024  25.6322  3.0625
100.8080  24.4547  99.4024  25.6322  3.1471
98.8783  23.5554  99.4024  25.6322  3.1178
100.8990  25.3230  99.4024  25.6322  3.0049
97.7332  24.3999  99.4024  25.6322  3.1006
99.1663  24.7523  99.4024  25.6322  3.0727
99.0325  24.5549  99.4024  25.6322  3.0964
99.4801  25.0480  99.4024  25.6322  3.0158
99.9445  24.3191  99.4024  25.6322  3.1576
99.5713  23.7032  99.4024  25.6322  3.1102
99.7771  25.3419  99.4024  25.6322  3.0213
100.3690  24.1603  99.4024  25.6322  3.1107
99.8346  24.9958  99.4024  25.6322  3.1227
97.6568  24.6108  99.4024  25.6322  3.1124
97.6622  23.9027  99.4024  25.6322  3.1250
99.9868  25.4893  99.4024  25.6322  3.0109
99.7280  25.5410  99.4024  25.6322  3.0683
97.9699  24.7130  99.4024  25.6322  3.1131
99.0268  23.8963  99.4024  25.6322  3.1041
100.4990  25.5666  99.4024  25.6322  2.9947
100.4690  24.5924  99.4024  25.6322  3.1375
98.8350  24.6942  99.4024  25.6322  3.1167
99.0384  24.3221  99.4024  25.6322  3.1038
99.4137  25.2954  99.4024  25.6322  3.0824
100.1000  25.9100  99.4024  25.6322  3.0811
100.0910  24.8650  99.4024  25.6322  3.0660
98.0252  24.4972  99.4024  25.6322  3.0980
98.8634  25.4505  99.4024  25.6322  3.0906
98.5651  24.1350  99.4024  25.6322  3.1417
99.6453  24.8769  99.4024  25.6322  3.1205
99.8799  24.7112  99.4024  25.6322  3.1310
99.3404  24.5305  99.4024  25.6322  3.0753
98.3382  24.3368  99.4024  25.6322  3.1014
100.2160  25.0148  99.4024  25.6322  2.9936
98.6668  24.9037  99.4024  25.6322  3.1354
100.4120  23.9586  98.8783  23.5554  3.1156
100.8080  24.4547  98.8783  23.5554  3.1147
100.7200  24.6420  98.8783  23.5554  3.1306
100.7810  24.1990  98.8783  23.5554  3.1443
100.8160  25.0395  98.8783  23.5554  3.1189
100.2940  23.5890  98.8783  23.5554  3.0627
97.6622  23.9027  99.2375  25.4847  3.1299
100.7200  24.6420  99.2375  25.4847  3.1381
98.0252  24.4972  99.2375  25.4847  3.1251
97.7857  24.1826  99.2375  25.4847  3.1204
99.5713  23.7032  99.2375  25.4847  3.1045
99.5529  24.2045  99.2375  25.4847  3.0972
99.0384  24.3221  99.2375  25.4847  3.0688
100.3690  24.1603  99.2375  25.4847  3.1332
99.9445  24.3191  99.2375  25.4847  3.1411
100.4120  23.9586  99.2375  25.4847  3.1312
99.8799  24.7112  99.2375  25.4847  3.1277
100.0910  24.8650  99.2375  25.4847  3.1091
100.1990  24.7084  99.2375  25.4847  3.1324
100.4690  24.5924  99.2375  25.4847  3.1425
99.7242  24.0204  99.2375  25.4847  3.1147
97.9699  24.7130  99.2375  25.4847  3.0949
100.7810  24.1990  99.2375  25.4847  3.1758
99.0268  23.8963  99.2375  25.4847  3.1040
98.8350  24.6942  99.2375  25.4847  3.1171
97.7332  24.3999  99.2375  25.4847  3.1133
98.2175  24.6619  99.2375  25.4847  3.1151
99.6453  24.8769  99.2375  25.4847  3.1450
99.1663  24.7523  99.2375  25.4847  3.0365
98.8783  23.5554  99.2375  25.4847  3.1103
98.8431  25.1964  99.2375  25.4847  3.1740
99.8346  24.9958  99.2375  25.4847  3.1394
99.0325  24.5549  99.2375  25.4847  3.0753
100.2940  23.5890  99.2375  25.4847  3.1251
99.4801  25.0480  99.2375  25.4847  3.1093
98.8634  25.4505  99.2375  25.4847  3.0239
99.6235  24.5257  99.2375  25.4847  3.1364
97.6568  24.6108  99.2375  25.4847  3.0876
99.3404  24.5305  99.2375  25.4847  3.0912
97.9350  25.1078  99.2375  25.4847  3.0741
100.8160  25.0395  99.2375  25.4847  3.0269
99.4801  25.0480  98.8431  25.1964  3.0274
100.4690  24.5924  98.8431  25.1964  3.1133
98.0252  24.4972  98.8431  25.1964  3.1139
100.7810  24.1990  98.8431  25.1964  3.1657
99.5713  23.7032  98.8431  25.1964  3.1057
97.9350  25.1078  98.8431  25.1964  3.0388
99.5529  24.2045  98.8431  25.1964  3.0454
98.2175  24.6619  98.8431  25.1964  3.0601
99.8799  24.7112  98.8431  25.1964  3.1279
100.7200  24.6420  98.8431  25.1964  3.1031
100.1990  24.7084  98.8431  25.1964  3.1132
100.2940  23.5890  98.8431  25.1964  3.0801
100.8160  25.0395  98.8431  25.1964  3.0268
99.9445  24.3191  98.8431  25.1964  3.0356
99.0325  24.5549  98.8431  25.1964  3.1272
98.8783  23.5554  98.8431  25.1964  3.1228
100.3690  24.1603  98.8431  25.1964  3.0460
99.7242  24.0204  98.8431  25.1964  3.0726
98.8350  24.6942  98.8431  25.1964  3.0780
98.3382  24.3368  98.8431  25.1964  3.1722
97.6568  24.6108  98.8431  25.1964  3.0870
99.8346  24.9958  98.8431  25.1964  3.0272
99.0384  24.3221  98.8431  25.1964  3.1520
98.5651  24.1350  98.8431  25.1964  3.1838
99.6453  24.8769  98.8431  25.1964  3.0748
99.3404  24.5305  98.8431  25.1964  3.0833
97.7332  24.3999  98.8431  25.1964  3.1017
99.6235  24.5257  98.8431  25.1964  3.0818
100.4120  23.9586  98.8431  25.1964  3.1055
100.8080  24.4547  98.8431  25.1964  3.1490
100.0910  24.8650  98.8431  25.1964  3.0774
97.9699  24.7130  98.8431  25.1964  3.0730
99.0268  23.8963  98.8431  25.1964  3.1339
97.7857  24.1826  98.8431  25.1964  3.1472
99.8799  24.7112  97.7857  24.1826  3.1314
99.7242  24.0204  97.7857  24.1826  3.0865
100.3690  24.1603  97.7857  24.1826  3.0881
100.1990  24.7084  97.7857  24.1826  3.1312
100.7200  24.6420  97.7857  24.1826  3.1169
100.2940  23.5890  97.7857  24.1826  3.1130
99.5529  24.2045  97.7857  24.1826  3.0772
100.4690  24.5924  97.7857  24.1826  3.1160
98.8783  23.5554  97.7857  24.1826  3.0584
99.0268  23.8963  97.7857  24.1826  3.0886
100.4120  23.9586  97.7857  24.1826  3.0880
100.7810  24.1990  97.7857  24.1826  3.0866
100.8160  25.0395  97.7857  24.1826  3.1160
100.8080  24.4547  97.7857  24.1826  3.0978
99.9445  24.3191  97.7857  24.1826  3.0931
98.3382  24.3368  97.7857  24.1826  3.1433
100.0910  24.8650  97.7857  24.1826  3.1486
99.5713  23.7032  97.7857  24.1826  3.1007
97.9699  24.7130  99.7280  25.5410  3.0625
97.7332  24.3999  99.7280  25.5410  3.0836
100.7810  24.1990  99.7280  25.5410  3.1671
100.8990  25.3230  99.7280  25.5410  2.9891
98.5433  25.5117  99.7280  25.5410  3.0065
99.5713  23.7032  99.7280  25.5410  3.0858
100.3690  24.1603  99.7280  25.5410  3.1001
98.8634  25.4505  99.7280  25.5410  3.0521
98.4849  24.7484  99.7280  25.5410  3.0812
100.8960  25.5945  99.7280  25.5410  3.0205
99.0384  24.3221  99.7280  25.5410  3.1209
98.2175  24.6619  99.7280  25.5410  3.0775
100.7200  24.6420  99.7280  25.5410  3.0968
97.7857  24.1826  99.7280  25.5410  3.1038
100.8160  25.0395  99.7280  25.5410  3.0527
99.6235  24.5257  99.7280  25.5410  3.0546
100.4990  25.5666  99.7280  25.5410  3.0183
99.4801  25.0480  99.7280  25.5410  3.0012
97.9350  25.1078  99.7280  25.5410  3.0727
98.0252  24.4972  99.7280  25.5410  3.0953
99.2375  25.4847  99.7280  25.5410  2.9881
100.5960  26.2944  99.7280  25.5410  3.0449
99.1663  24.7523  99.7280  25.5410  3.0591
99.9445  24.3191  99.7280  25.5410  3.1019
97.6622  23.9027  99.7280  25.5410  3.1154
99.3404  24.5305  99.7280  25.5410  3.0885
100.5230  25.0541  99.7280  25.5410  2.9986
98.8350  24.6942  99.7280  25.5410  3.0131
99.4137  25.2954  99.7280  25.5410  3.0620
100.4690  24.5924  99.7280  25.5410  3.1187
98.8431  25.1964  99.7280  25.5410  3.1111
98.8783  23.5554  99.7280  25.5410  3.1343
99.8799  24.7112  99.7280  25.5410  3.0770
97.6568  24.6108  99.7280  25.5410  3.0688
98.3349  25.2175  99.7280  25.5410  3.0621
98.6668  24.9037  99.7280  25.5410  3.0393
100.8080  24.4547  99.7280  25.5410  3.1518
99.0268  23.8963  99.7280  25.5410  3.1210
99.0325  24.5549  99.7280  25.5410  3.0789
100.2940  23.5890  99.7280  25.5410  3.1727
99.6453  24.8769  99.7280  25.5410  3.0311
99.7242  24.0204  99.7280  25.5410  3.0973
100.1000  25.9100  99.7280  25.5410  3.0147
100.3200  25.2400  99.7280  25.5410  3.0350
98.5651  24.1350  99.7280  25.5410  3.0865
99.5529  24.2045  99.7280  25.5410  3.0649
98.3382  24.3368  99.7280  25.5410  3.0836
97.9699  24.7130  99.8346  24.9958  3.0615
99.0268  23.8963  99.8346  24.9958  3.1497
99.9445  24.3191  99.8346  24.9958  3.1229
100.3690  24.1603  99.8346  24.9958  3.1776
99.5713  23.7032  99.8346  24.9958  3.1274
97.9350  25.1078  99.8346  24.9958  3.0376
98.0252  24.4972  99.8346  24.9958  3.1219
99.3404  24.5305  99.8346  24.9958  3.0456
100.8160  25.0395  99.8346  24.9958  2.9853
99.5529  24.2045  99.8346  24.9958  3.0963
97.7857  24.1826  99.8346  24.9958  3.1033
98.8783  23.5554  99.8346  24.9958  3.1416
98.2175  24.6619  99.8346  24.9958  3.0714
99.7242  24.0204  99.8346  24.9958  3.0778
100.7200  24.6420  99.8346  24.9958  3.1396
97.7332  24.3999  99.8346  24.9958  3.1193
99.1663  24.7523  99.8346  24.9958  3.0819
98.3382  24.3368  99.8346  24.9958  3.0742
97.6622  23.9027  99.8346  24.9958  3.1404
97.6568  24.6108  99.8346  24.9958  3.0973
100.4120  23.9586  99.8346  24.9958  3.1055
98.5651  24.1350  99.8346  24.9958  3.1056
98.5651  24.1350  97.9699  24.7130  3.1299
97.7857  24.1826  97.9699  24.7130  3.1038
99.7242  24.0204  97.9699  24.7130  3.1018
100.1990  24.7084  97.9699  24.7130  3.0547
100.3690  24.1603  97.9699  24.7130  3.0591
100.7200  24.6420  97.9699  24.7130  3.0771
98.8783  23.5554  97.9699  24.7130  3.0850
97.7332  24.3999  97.9699  24.7130  3.0522
100.4120  23.9586  97.9699  24.7130  3.0938
99.5713  23.7032  97.9699  24.7130  3.0819
97.6568  24.6108  97.9699  24.7130  3.0113
100.7810  24.1990  97.9699  24.7130  3.0613
99.5529  24.2045  97.9699  24.7130  3.0757
100.4690  24.5924  97.9699  24.7130  3.0703
99.8799  24.7112  97.9699  24.7130  3.0257
100.8160  25.0395  97.9699  24.7130  3.0532
100.2940  23.5890  97.9699  24.7130  3.0824
99.0268  23.8963  97.9699  24.7130  3.0732
99.9445  24.3191  97.9699  24.7130  3.0555
97.6622  23.9027  97.9699  24.7130  3.1512
100.0910  24.8650  97.9699  24.7130  3.0591
100.8080  24.4547  97.9699  24.7130  3.0798
100.7200  24.6420  99.7242  24.0204  3.1004
98.8783  23.5554  99.7242  24.0204  3.1541
100.2940  23.5890  99.7242  24.0204  3.1429
100.8080  24.4547  99.7242  24.0204  3.1748
100.7810  24.1990  99.7242  24.0204  3.1099
100.8160  25.0395  99.7242  24.0204  3.0864
100.4120  23.9586  99.7242  24.0204  3.0501
100.8160  25.0395  100.4120  23.9586  3.1353
100.7810  24.1990  100.4120  23.9586  3.1713
99.0268  23.8963  97.7332  24.3999  3.1524
100.4120  23.9586  97.7332  24.3999  3.1028
100.8160  25.0395  97.7332  24.3999  3.0931
98.3382  24.3368  97.7332  24.3999  3.0858
99.5529  24.2045  97.7332  24.3999  3.0950
100.7810  24.1990  97.7332  24.3999  3.1012
100.3690  24.1603  97.7332  24.3999  3.0832
100.7200  24.6420  97.7332  24.3999  3.1022
99.5713  23.7032  97.7332  24.3999  3.1372
98.8783  23.5554  97.7332  24.3999  3.0711
100.8080  24.4547  97.7332  24.3999  3.1016
99.8799  24.7112  97.7332  24.3999  3.0917
99.9445  24.3191  97.7332  24.3999  3.0859
100.2940  23.5890  97.7332  24.3999  3.1091
100.0910  24.8650  97.7332  24.3999  3.1200
100.4690  24.5924  97.7332  24.3999  3.0945
99.7242  24.0204  97.7332  24.3999  3.1041
100.1990  24.7084  97.7332  24.3999  3.1017
98.5651  24.1350  97.7332  24.3999  3.1181
