1457  3.5947  0.1117  032
98.5925  24.4245  100.0690  23.8785  3.5399
100.2540  25.6093  100.0690  23.8785  3.6339
98.8518  25.8317  100.0690  23.8785  3.6134
98.0709  24.0851  100.0690  23.8785  3.6123
99.2454  24.0357  100.0690  23.8785  3.9124
99.3717  25.8854  100.0690  23.8785  3.5553
98.5197  25.0289  100.0690  23.8785  3.5880
100.1470  24.4348  99.9475  26.1088  3.5178
98.5197  25.0289  99.9475  26.1088  3.5210
98.5925  24.4245  99.9475  26.1088  3.5113
99.2454  24.0357  99.9475  26.1088  3.5318
98.0709  24.0851  99.9475  26.1088  3.5263
98.8518  25.8317  99.9475  26.1088  3.6465
100.0690  23.8785  99.9475  26.1088  3.6006
100.1470  24.4348  99.3717  25.8854  3.5938
99.2454  24.0357  98.5197  25.0289  3.7156
98.0709  24.0851  98.5197  25.0289  3.6816
100.2540  25.6093  98.5197  25.0289  3.5734
100.1470  24.4348  98.5197  25.0289  3.4729
99.3717  25.8854  98.5197  25.0289  3.5731
100.1470  24.4348  98.0709  24.0851  3.6801
99.2454  24.0357  98.0709  24.0851  3.7471
99.3717  25.8854  98.0709  24.0851  3.5373
100.2540  25.6093  98.8518  25.8317  3.4994
98.5197  25.0289  98.8518  25.8317  3.8579
100.1470  24.4348  98.8518  25.8317  3.5552
98.0709  24.0851  98.8518  25.8317  3.6004
98.5925  24.4245  98.8518  25.8317  3.6362
99.2454  24.0357  98.8518  25.8317  3.7679
99.3717  25.8854  99.2454  24.0357  3.5848
98.0709  24.0851  100.2540  25.6093  3.5376
99.2454  24.0357  100.2540  25.6093  3.4636
100.1470  24.4348  100.2540  25.6093  3.5932
99.3717  25.8854  100.2540  25.6093  3.6704
100.1470  24.4348  98.5925  24.4245  3.5763
99.3717  25.8854  98.5925  24.4245  3.5725
100.2540  25.6093  98.5925  24.4245  3.5388
100.8080  24.4547  99.5713  23.7032  3.6255
100.7200  24.6420  99.5713  23.7032  3.4739
100.7810  24.1990  99.5713  23.7032  3.8258
100.8160  25.0395  99.5713  23.7032  3.5182
97.7857  24.1826  99.4801  25.0480  3.5209
97.9350  25.1078  99.4801  25.0480  3.6448
98.0252  24.4972  99.4801  25.0480  3.6864
100.2940  23.5890  99.4801  25.0480  3.7292
100.4690  24.5924  99.4801  25.0480  3.8876
99.0268  23.8963  99.4801  25.0480  3.5827
98.5651  24.1350  99.4801  25.0480  3.4841
97.6622  23.9027  99.4801  25.0480  3.5198
100.8160  25.0395  99.4801  25.0480  3.6356
100.3690  24.1603  99.4801  25.0480  3.7881
98.2175  24.6619  99.4801  25.0480  3.7102
98.3382  24.3368  99.4801  25.0480  3.4358
100.7810  24.1990  99.4801  25.0480  3.5429
100.7200  24.6420  99.4801  25.0480  3.5711
97.7332  24.3999  99.4801  25.0480  3.5168
100.4120  23.9586  99.4801  25.0480  3.6660
99.5713  23.7032  99.4801  25.0480  3.4560
98.8783  23.5554  99.4801  25.0480  3.5521
99.8799  24.7112  97.6568  24.6108  3.7926
99.7242  24.0204  97.6568  24.6108  3.5869
98.5651  24.1350  97.6568  24.6108  3.7175
100.8080  24.4547  97.6568  24.6108  3.7312
99.0268  23.8963  97.6568  24.6108  3.5868
99.9445  24.3191  97.6568  24.6108  3.4991
100.4120  23.9586  97.6568  24.6108  3.5831
100.7810  24.1990  97.6568  24.6108  3.6093
100.0910  24.8650  97.6568  24.6108  3.7505
100.8160  25.0395  97.6568  24.6108  3.6626
99.5529  24.2045  97.6568  24.6108  3.5512
100.3690  24.1603  97.6568  24.6108  3.5885
99.5713  23.7032  97.6568  24.6108  3.6207
100.7200  24.6420  97.6568  24.6108  3.6781
100.1990  24.7084  97.6568  24.6108  3.6759
100.2940  23.5890  97.6568  24.6108  3.5193
100.4690  24.5924  97.6568  24.6108  3.4556
100.7810  24.1990  99.5529  24.2045  3.7056
100.7200  24.6420  99.5529  24.2045  3.8096
100.8160  25.0395  99.5529  24.2045  3.5728
100.8080  24.4547  99.5529  24.2045  3.8166
100.2940  23.5890  99.5529  24.2045  3.8776
99.1663  24.7523  99.8316  25.8146  3.3840
98.8350  24.6942  99.8316  25.8146  3.4506
100.5960  26.2944  99.8316  25.8146  3.8493
99.0384  24.3221  99.8316  25.8146  3.5741
100.7200  24.6420  99.8316  25.8146  3.6175
98.0252  24.4972  99.8316  25.8146  3.4629
100.3690  24.1603  99.8316  25.8146  3.7553
98.4849  24.7484  99.8316  25.8146  3.4896
97.7857  24.1826  99.8316  25.8146  3.4950
99.9445  24.3191  99.8316  25.8146  3.4975
98.3382  24.3368  99.8316  25.8146  3.5397
99.6235  24.5257  99.8316  25.8146  3.5798
97.6622  23.9027  99.8316  25.8146  3.4914
99.4801  25.0480  99.8316  25.8146  3.7961
100.1990  24.7084  99.8316  25.8146  3.7907
100.8990  25.3230  99.8316  25.8146  3.5110
98.8431  25.1964  99.8316  25.8146  3.5194
99.5713  23.7032  99.8316  25.8146  3.7133
97.9699  24.7130  99.8316  25.8146  3.5184
99.8799  24.7112  99.8316  25.8146  3.6542
100.8960  25.5945  99.8316  25.8146  3.6030
99.3404  24.5305  99.8316  25.8146  3.6007
98.3349  25.2175  99.8316  25.8146  3.5446
100.8160  25.0395  99.8316  25.8146  3.5197
97.6568  24.6108  99.8316  25.8146  3.5769
98.8634  25.4505  99.8316  25.8146  3.7659
99.7242  24.0204  99.8316  25.8146  3.6184
98.2175  24.6619  99.8316  25.8146  3.5173
99.6453  24.8769  99.8316  25.8146  3.6897
98.5651  24.1350  99.8316  25.8146  3.5137
98.5433  25.5117  99.8316  25.8146  3.6421
100.4900  25.3500  99.8316  25.8146  3.8531
99.0268  23.8963  99.8316  25.8146  3.5540
99.5529  24.2045  99.8316  25.8146  3.6549
98.8783  23.5554  99.8316  25.8146  3.6022
100.2940  23.5890  99.8316  25.8146  3.5819
100.5230  25.0541  99.8316  25.8146  3.7076
100.7810  24.1990  99.8316  25.8146  3.6505
100.4120  23.9586  99.8316  25.8146  3.5806
97.7332  24.3999  99.8316  25.8146  3.4858
97.9350  25.1078  99.8316  25.8146  3.5288
100.8080  24.4547  99.8316  25.8146  3.6306
99.0325  24.5549  99.8316  25.8146  3.4451
98.0252  24.4972  100.5230  25.0541  3.6044
99.0268  23.8963  100.5230  25.0541  3.5814
99.0325  24.5549  100.5230  25.0541  3.6205
98.8634  25.4505  100.5230  25.0541  3.4247
99.0384  24.3221  100.5230  25.0541  3.5111
97.6622  23.9027  100.5230  25.0541  3.6004
99.9445  24.3191  100.5230  25.0541  3.7433
98.3382  24.3368  100.5230  25.0541  3.6047
99.5529  24.2045  100.5230  25.0541  3.4799
97.9699  24.7130  100.5230  25.0541  3.6512
97.9350  25.1078  100.5230  25.0541  3.5557
97.7332  24.3999  100.5230  25.0541  3.5954
98.6668  24.9037  100.5230  25.0541  3.6142
99.6235  24.5257  100.5230  25.0541  3.7801
98.8350  24.6942  100.5230  25.0541  3.6573
98.4849  24.7484  100.5230  25.0541  3.6069
99.2375  25.4847  100.5230  25.0541  3.4650
99.4801  25.0480  100.5230  25.0541  3.8431
99.5713  23.7032  100.5230  25.0541  3.6010
99.1663  24.7523  100.5230  25.0541  3.6800
98.5651  24.1350  100.5230  25.0541  3.5718
97.7857  24.1826  100.5230  25.0541  3.5351
100.4120  23.9586  100.5230  25.0541  3.6317
98.8431  25.1964  100.5230  25.0541  3.5275
100.2940  23.5890  100.5230  25.0541  3.6636
100.5960  26.2944  100.5230  25.0541  3.5589
98.3349  25.2175  100.5230  25.0541  3.5172
99.7242  24.0204  100.5230  25.0541  3.4620
98.8783  23.5554  100.5230  25.0541  3.5648
99.3404  24.5305  100.5230  25.0541  3.7004
98.5433  25.5117  100.5230  25.0541  3.4559
97.6568  24.6108  100.5230  25.0541  3.6505
98.2175  24.6619  100.5230  25.0541  3.6248
99.6453  24.8769  100.4990  25.5666  3.5953
99.8799  24.7112  100.4990  25.5666  3.5175
97.9699  24.7130  100.4990  25.5666  3.5337
98.3349  25.2175  100.4990  25.5666  3.5883
99.7242  24.0204  100.4990  25.5666  3.5634
98.0252  24.4972  100.4990  25.5666  3.5456
97.6622  23.9027  100.4990  25.5666  3.6052
99.5529  24.2045  100.4990  25.5666  3.5134
98.6668  24.9037  100.4990  25.5666  3.5172
99.8346  24.9958  100.4990  25.5666  3.8834
97.7332  24.3999  100.4990  25.5666  3.5760
97.7857  24.1826  100.4990  25.5666  3.5376
100.7810  24.1990  100.4990  25.5666  3.5842
98.5433  25.5117  100.4990  25.5666  3.5978
98.8431  25.1964  100.4990  25.5666  3.6783
100.0910  24.8650  100.4990  25.5666  3.8464
99.5713  23.7032  100.4990  25.5666  3.5447
99.9445  24.3191  100.4990  25.5666  3.5942
99.4801  25.0480  100.4990  25.5666  3.6666
99.0268  23.8963  100.4990  25.5666  3.5189
100.2940  23.5890  100.4990  25.5666  3.6662
99.0325  24.5549  100.4990  25.5666  3.5284
98.8634  25.4505  100.4990  25.5666  3.5769
98.4849  24.7484  100.4990  25.5666  3.5349
98.8783  23.5554  100.4990  25.5666  3.5640
99.1663  24.7523  100.4990  25.5666  3.5138
100.1990  24.7084  100.4990  25.5666  3.6776
99.2375  25.4847  100.4990  25.5666  3.7061
98.3382  24.3368  100.4990  25.5666  3.5955
100.4120  23.9586  100.4990  25.5666  3.5936
99.6235  24.5257  100.4990  25.5666  3.4801
97.9350  25.1078  100.4990  25.5666  3.5881
98.2175  24.6619  100.4990  25.5666  3.5350
99.0384  24.3221  100.4990  25.5666  3.5031
97.6568  24.6108  100.4990  25.5666  3.5764
99.3404  24.5305  100.4990  25.5666  3.5140
98.8350  24.6942  100.4990  25.5666  3.4812
98.5651  24.1350  100.4990  25.5666  3.5384
100.8080  24.4547  100.4990  25.5666  3.8491
100.2940  23.5890  100.8990  25.3230  3.6082
99.8346  24.9958  100.8990  25.3230  3.8351
100.4120  23.9586  100.8990  25.3230  3.6292
99.0384  24.3221  100.8990  25.3230  3.5852
98.8431  25.1964  100.8990  25.3230  3.5792
99.6235  24.5257  100.8990  25.3230  3.5435
97.6568  24.6108  100.8990  25.3230  3.5927
99.0325  24.5549  100.8990  25.3230  3.5250
100.1990  24.7084  100.8990  25.3230  3.7546
98.2175  24.6619  100.8990  25.3230  3.5809
98.5433  25.5117  100.8990  25.3230  3.5218
98.3349  25.2175  100.8990  25.3230  3.5746
97.9350  25.1078  100.8990  25.3230  3.6155
98.8634  25.4505  100.8990  25.3230  3.5050
98.5651  24.1350  100.8990  25.3230  3.5672
99.4801  25.0480  100.8990  25.3230  3.7387
98.8783  23.5554  100.8990  25.3230  3.5393
99.5529  24.2045  100.8990  25.3230  3.5308
100.1000  25.9100  100.8990  25.3230  3.6055
99.1663  24.7523  100.8990  25.3230  3.6343
98.4849  24.7484  100.8990  25.3230  3.5570
98.0252  24.4972  100.8990  25.3230  3.5541
98.8350  24.6942  100.8990  25.3230  3.5804
100.7810  24.1990  100.8990  25.3230  3.5953
98.3382  24.3368  100.8990  25.3230  3.5282
99.2375  25.4847  100.8990  25.3230  3.5022
99.7242  24.0204  100.8990  25.3230  3.6129
97.6622  23.9027  100.8990  25.3230  3.6376
97.7332  24.3999  100.8990  25.3230  3.5712
97.9699  24.7130  100.8990  25.3230  3.6438
99.0268  23.8963  100.8990  25.3230  3.5758
100.0910  24.8650  100.8990  25.3230  3.9105
100.3690  24.1603  100.8990  25.3230  3.5199
99.8799  24.7112  100.8990  25.3230  3.6653
97.7857  24.1826  100.8990  25.3230  3.6183
99.9445  24.3191  100.8990  25.3230  3.4038
99.5713  23.7032  100.8990  25.3230  3.5333
100.4690  24.5924  100.8990  25.3230  3.6985
99.6453  24.8769  100.8990  25.3230  3.6756
98.6668  24.9037  100.8990  25.3230  3.6186
99.3404  24.5305  100.8990  25.3230  3.5287
100.7200  24.6420  98.5651  24.1350  3.7129
100.0910  24.8650  98.5651  24.1350  3.5890
99.5713  23.7032  98.5651  24.1350  3.6614
100.8160  25.0395  98.5651  24.1350  3.5948
99.9445  24.3191  98.5651  24.1350  3.8707
100.2940  23.5890  98.5651  24.1350  3.4971
100.4120  23.9586  98.5651  24.1350  3.6054
99.7242  24.0204  98.5651  24.1350  3.5635
100.7810  24.1990  98.5651  24.1350  3.6398
100.8080  24.4547  98.5651  24.1350  3.6826
100.3690  24.1603  98.5651  24.1350  3.7597
100.1990  24.7084  98.5651  24.1350  3.6132
99.8799  24.7112  98.5651  24.1350  3.6340
97.9699  24.7130  98.8634  25.4505  3.5170
100.8080  24.4547  98.8634  25.4505  3.4833
100.2940  23.5890  98.8634  25.4505  3.6503
100.4120  23.9586  98.8634  25.4505  3.6113
100.8160  25.0395  98.8634  25.4505  3.4937
100.1990  24.7084  98.8634  25.4505  3.5136
98.5651  24.1350  98.8634  25.4505  3.5760
98.3382  24.3368  98.8634  25.4505  3.5147
97.6622  23.9027  98.8634  25.4505  3.5194
100.0910  24.8650  98.8634  25.4505  3.4512
100.4690  24.5924  98.8634  25.4505  3.5326
99.8799  24.7112  98.8634  25.4505  3.5481
99.7242  24.0204  98.8634  25.4505  3.6632
100.3690  24.1603  98.8634  25.4505  3.5789
99.6453  24.8769  98.8634  25.4505  3.6730
97.9350  25.1078  98.8634  25.4505  3.8866
99.5529  24.2045  98.8634  25.4505  3.6740
100.7810  24.1990  98.8634  25.4505  3.5328
97.7332  24.3999  98.8634  25.4505  3.4638
98.2175  24.6619  98.8634  25.4505  3.5954
99.9445  24.3191  98.8634  25.4505  3.5647
97.7857  24.1826  98.8634  25.4505  3.5805
98.0252  24.4972  98.8634  25.4505  3.4857
99.6235  24.5257  98.8634  25.4505  3.6823
99.8346  24.9958  98.8634  25.4505  3.6228
99.0268  23.8963  98.8634  25.4505  3.5122
98.8783  23.5554  98.8634  25.4505  3.6080
99.5713  23.7032  98.8634  25.4505  3.6049
100.7200  24.6420  98.8634  25.4505  3.4715
100.8160  25.0395  100.2940  23.5890  3.6693
98.3349  25.2175  99.4137  25.2954  3.7685
97.6622  23.9027  99.4137  25.2954  3.5470
97.7332  24.3999  99.4137  25.2954  3.5519
100.4990  25.5666  99.4137  25.2954  3.8039
100.4900  25.3500  99.4137  25.2954  3.8784
100.8960  25.5945  99.4137  25.2954  3.7301
99.0268  23.8963  99.4137  25.2954  3.6641
100.4120  23.9586  99.4137  25.2954  3.6727
100.4690  24.5924  99.4137  25.2954  3.7026
100.8080  24.4547  99.4137  25.2954  3.4865
100.5230  25.0541  99.4137  25.2954  3.6216
99.0384  24.3221  99.4137  25.2954  3.6464
98.8783  23.5554  99.4137  25.2954  3.6550
99.9445  24.3191  99.4137  25.2954  3.7618
100.7200  24.6420  99.4137  25.2954  3.5361
97.9699  24.7130  99.4137  25.2954  3.6040
98.2175  24.6619  99.4137  25.2954  3.5869
100.2940  23.5890  99.4137  25.2954  3.6700
100.8990  25.3230  99.4137  25.2954  3.5685
99.5713  23.7032  99.4137  25.2954  3.4782
100.5960  26.2944  99.4137  25.2954  3.3847
97.7857  24.1826  99.4137  25.2954  3.3797
100.8160  25.0395  99.4137  25.2954  3.4821
100.7810  24.1990  99.4137  25.2954  3.4855
98.4849  24.7484  99.4137  25.2954  3.6572
98.0252  24.4972  99.4137  25.2954  3.3837
100.1000  25.9100  99.4137  25.2954  3.7313
100.3690  24.1603  99.4137  25.2954  3.5537
100.0910  24.8650  97.6622  23.9027  3.3703
99.8799  24.7112  97.6622  23.9027  3.6320
100.8080  24.4547  97.6622  23.9027  3.7115
100.7810  24.1990  97.6622  23.9027  3.7199
100.4120  23.9586  97.6622  23.9027  3.7579
100.7200  24.6420  97.6622  23.9027  3.6542
99.0268  23.8963  97.6622  23.9027  3.6639
98.8783  23.5554  97.6622  23.9027  3.4865
100.2940  23.5890  97.6622  23.9027  3.7370
99.9445  24.3191  97.6622  23.9027  3.6458
100.8160  25.0395  97.6622  23.9027  3.6510
100.1990  24.7084  97.6622  23.9027  3.7034
99.7242  24.0204  97.6622  23.9027  3.6969
99.5529  24.2045  97.6622  23.9027  3.7770
97.9350  25.1078  99.9868  25.4893  3.5447
98.6668  24.9037  99.9868  25.4893  3.5307
98.0252  24.4972  99.9868  25.4893  3.5670
97.6568  24.6108  99.9868  25.4893  3.4918
97.7857  24.1826  99.9868  25.4893  3.5880
98.8431  25.1964  99.9868  25.4893  3.6956
100.8160  25.0395  99.9868  25.4893  3.6853
99.0384  24.3221  99.9868  25.4893  3.4726
100.7200  24.6420  99.9868  25.4893  3.6311
98.3382  24.3368  99.9868  25.4893  3.4864
98.4849  24.7484  99.9868  25.4893  3.4684
98.5433  25.5117  99.9868  25.4893  3.5633
99.1663  24.7523  99.9868  25.4893  3.5800
98.2175  24.6619  99.9868  25.4893  3.5245
100.7810  24.1990  99.9868  25.4893  3.6669
99.9445  24.3191  99.9868  25.4893  3.5329
99.7242  24.0204  99.9868  25.4893  3.6587
100.8990  25.3230  99.9868  25.4893  3.7200
99.6235  24.5257  99.9868  25.4893  3.5964
100.8960  25.5945  99.9868  25.4893  3.9084
99.5713  23.7032  99.9868  25.4893  3.7189
98.8634  25.4505  99.9868  25.4893  3.6555
99.0325  24.5549  99.9868  25.4893  3.4756
100.2940  23.5890  99.9868  25.4893  3.5703
99.5529  24.2045  99.9868  25.4893  3.5960
98.5651  24.1350  99.9868  25.4893  3.5648
100.3690  24.1603  99.9868  25.4893  3.6432
97.6622  23.9027  99.9868  25.4893  3.5530
98.8350  24.6942  99.9868  25.4893  3.5253
100.8080  24.4547  99.9868  25.4893  3.6341
100.5960  26.2944  99.9868  25.4893  3.4985
100.4120  23.9586  99.9868  25.4893  3.6716
98.8783  23.5554  99.9868  25.4893  3.6171
98.3349  25.2175  99.9868  25.4893  3.6368
97.7332  24.3999  99.9868  25.4893  3.5292
97.9699  24.7130  99.9868  25.4893  3.4943
99.3404  24.5305  99.9868  25.4893  3.5082
99.0268  23.8963  99.9868  25.4893  3.5456
99.5529  24.2045  99.4300  26.2040  3.5608
98.4849  24.7484  99.4300  26.2040  3.4863
99.6453  24.8769  99.4300  26.2040  3.5543
100.1990  24.7084  99.4300  26.2040  3.5681
100.8160  25.0395  99.4300  26.2040  3.5075
99.9868  25.4893  99.4300  26.2040  3.7656
99.4137  25.2954  99.4300  26.2040  3.8718
100.3200  25.2400  99.4300  26.2040  3.5494
99.9445  24.3191  99.4300  26.2040  3.5079
100.4900  25.3500  99.4300  26.2040  3.4912
98.2175  24.6619  99.4300  26.2040  3.4718
99.4801  25.0480  99.4300  26.2040  3.5271
98.6668  24.9037  99.4300  26.2040  3.5615
100.8960  25.5945  99.4300  26.2040  3.3902
98.8431  25.1964  99.4300  26.2040  3.4668
100.7810  24.1990  99.4300  26.2040  3.6230
98.5651  24.1350  99.4300  26.2040  3.5839
97.6568  24.6108  99.4300  26.2040  3.4854
98.3382  24.3368  99.4300  26.2040  3.5964
99.0325  24.5549  99.4300  26.2040  3.6683
100.4990  25.5666  99.4300  26.2040  3.5046
100.5960  26.2944  99.4300  26.2040  3.6165
98.8350  24.6942  99.4300  26.2040  3.5934
100.2940  23.5890  99.4300  26.2040  3.5537
97.9350  25.1078  99.4300  26.2040  3.4948
97.9699  24.7130  99.4300  26.2040  3.4819
100.5200  25.8500  99.4300  26.2040  3.6145
100.8560  25.9242  99.4300  26.2040  3.4905
98.3349  25.2175  99.4300  26.2040  3.4485
99.0384  24.3221  99.4300  26.2040  3.6206
100.2160  25.0148  99.4300  26.2040  3.5885
98.8634  25.4505  99.4300  26.2040  3.6591
98.5433  25.5117  99.4300  26.2040  3.5390
97.7332  24.3999  99.4300  26.2040  3.5380
99.8799  24.7112  99.4300  26.2040  3.6014
99.3404  24.5305  99.4300  26.2040  3.5665
99.8346  24.9958  99.4300  26.2040  3.6563
99.6235  24.5257  99.4300  26.2040  3.4709
99.0268  23.8963  99.4300  26.2040  3.5533
97.7857  24.1826  99.4300  26.2040  3.5570
100.4120  23.9586  99.4300  26.2040  3.5410
98.8783  23.5554  99.4300  26.2040  3.6168
100.4690  24.5924  99.4300  26.2040  3.6095
99.7242  24.0204  99.4300  26.2040  3.5640
98.0252  24.4972  99.4300  26.2040  3.4962
100.8080  24.4547  99.4300  26.2040  3.5950
100.8990  25.3230  99.4300  26.2040  3.4351
100.7200  24.6420  99.4300  26.2040  3.5758
100.3690  24.1603  99.4300  26.2040  3.5550
100.5230  25.0541  99.4300  26.2040  3.5303
99.5713  23.7032  99.4300  26.2040  3.6693
97.6622  23.9027  99.1663  24.7523  3.5545
100.8080  24.4547  99.1663  24.7523  3.6106
98.8783  23.5554  99.1663  24.7523  3.4157
100.4120  23.9586  99.1663  24.7523  3.6068
97.9350  25.1078  99.1663  24.7523  3.4470
100.4690  24.5924  99.1663  24.7523  3.5648
100.7200  24.6420  99.1663  24.7523  3.4031
100.2940  23.5890  99.1663  24.7523  3.5732
100.7810  24.1990  99.1663  24.7523  3.4199
100.8160  25.0395  99.1663  24.7523  3.7249
100.1990  24.7084  99.1663  24.7523  3.7706
100.3690  24.1603  99.1663  24.7523  3.6059
97.7857  24.1826  99.1663  24.7523  3.7813
97.7857  24.1826  99.6453  24.8769  3.6773
100.7810  24.1990  99.6453  24.8769  3.6261
100.4120  23.9586  99.6453  24.8769  3.7647
97.9699  24.7130  99.6453  24.8769  3.5476
99.0268  23.8963  99.6453  24.8769  3.5995
100.7200  24.6420  99.6453  24.8769  3.6617
98.3382  24.3368  99.6453  24.8769  3.6625
100.3690  24.1603  99.6453  24.8769  3.8262
100.8160  25.0395  99.6453  24.8769  3.8382
100.2940  23.5890  99.6453  24.8769  3.6872
98.8783  23.5554  99.6453  24.8769  3.4233
97.9350  25.1078  99.6453  24.8769  3.5405
100.8080  24.4547  99.6453  24.8769  3.6561
98.2175  24.6619  99.6453  24.8769  3.6760
99.5713  23.7032  99.6453  24.8769  3.5671
98.0252  24.4972  99.6453  24.8769  3.6403
97.6568  24.6108  99.6453  24.8769  3.6420
97.7332  24.3999  99.6453  24.8769  3.5968
97.6622  23.9027  99.6453  24.8769  3.5767
98.5651  24.1350  99.6453  24.8769  3.5777
99.5529  24.2045  97.9350  25.1078  3.4417
98.8783  23.5554  97.9350  25.1078  3.5358
100.2940  23.5890  97.9350  25.1078  3.5818
100.4690  24.5924  97.9350  25.1078  3.7063
98.5651  24.1350  97.9350  25.1078  3.7965
100.7810  24.1990  97.9350  25.1078  3.5361
97.7857  24.1826  97.9350  25.1078  3.7657
99.8799  24.7112  97.9350  25.1078  3.4583
99.0268  23.8963  97.9350  25.1078  3.6655
100.7200  24.6420  97.9350  25.1078  3.5499
100.8160  25.0395  97.9350  25.1078  3.5947
97.6622  23.9027  97.9350  25.1078  3.3974
99.7242  24.0204  97.9350  25.1078  3.4497
100.0910  24.8650  97.9350  25.1078  3.4165
99.9445  24.3191  97.9350  25.1078  3.5027
100.8080  24.4547  97.9350  25.1078  3.5032
100.3690  24.1603  97.9350  25.1078  3.5170
100.4120  23.9586  97.9350  25.1078  3.5403
100.1990  24.7084  97.9350  25.1078  3.4310
100.8160  25.0395  99.0268  23.8963  3.5964
100.7810  24.1990  99.0268  23.8963  3.6748
100.7200  24.6420  99.0268  23.8963  3.5978
100.4120  23.9586  99.0268  23.8963  3.7367
100.8080  24.4547  99.0268  23.8963  3.7130
100.2940  23.5890  99.0268  23.8963  3.6333
99.5529  24.2045  98.8350  24.6942  3.8254
97.9350  25.1078  98.8350  24.6942  3.7782
97.7857  24.1826  98.8350  24.6942  3.8013
98.8783  23.5554  98.8350  24.6942  3.5927
100.4120  23.9586  98.8350  24.6942  3.4518
97.6568  24.6108  98.8350  24.6942  3.7841
100.3690  24.1603  98.8350  24.6942  3.5784
99.9445  24.3191  98.8350  24.6942  3.7391
100.7810  24.1990  98.8350  24.6942  3.5458
100.1990  24.7084  98.8350  24.6942  3.6829
99.8799  24.7112  98.8350  24.6942  3.8091
97.6622  23.9027  98.8350  24.6942  3.4699
100.7200  24.6420  98.8350  24.6942  3.5242
99.7242  24.0204  98.8350  24.6942  3.6148
100.8080  24.4547  98.8350  24.6942  3.6040
100.8160  25.0395  98.8350  24.6942  3.6187
100.2940  23.5890  98.8350  24.6942  3.5232
100.0910  24.8650  98.8350  24.6942  3.7111
99.8346  24.9958  98.8350  24.6942  3.8261
99.5713  23.7032  98.8350  24.6942  3.6265
99.0268  23.8963  100.1000  25.9100  3.5807
99.0325  24.5549  100.1000  25.9100  3.4230
98.8350  24.6942  100.1000  25.9100  3.5039
100.3690  24.1603  100.1000  25.9100  3.5305
98.8431  25.1964  100.1000  25.9100  3.5583
100.8080  24.4547  100.1000  25.9100  3.6466
97.6568  24.6108  100.1000  25.9100  3.5044
100.1990  24.7084  100.1000  25.9100  3.6104
99.5529  24.2045  100.1000  25.9100  3.6429
100.4690  24.5924  100.1000  25.9100  3.7021
99.7242  24.0204  100.1000  25.9100  3.6955
97.7332  24.3999  100.1000  25.9100  3.4971
100.7810  24.1990  100.1000  25.9100  3.6420
98.8783  23.5554  100.1000  25.9100  3.5743
100.7200  24.6420  100.1000  25.9100  3.6818
98.3349  25.2175  100.1000  25.9100  3.5119
98.2175  24.6619  100.1000  25.9100  3.4444
98.4849  24.7484  100.1000  25.9100  3.5076
98.8634  25.4505  100.1000  25.9100  3.6091
98.6668  24.9037  100.1000  25.9100  3.4551
97.9350  25.1078  100.1000  25.9100  3.5230
99.5713  23.7032  100.1000  25.9100  3.5530
97.6622  23.9027  100.1000  25.9100  3.5481
97.7857  24.1826  100.1000  25.9100  3.4575
99.6453  24.8769  100.1000  25.9100  3.4967
100.4120  23.9586  100.1000  25.9100  3.6080
99.8799  24.7112  100.1000  25.9100  3.5309
99.8346  24.9958  100.1000  25.9100  3.6356
97.9699  24.7130  100.1000  25.9100  3.5500
99.4801  25.0480  100.1000  25.9100  3.4707
100.8160  25.0395  100.1000  25.9100  3.6340
98.0252  24.4972  100.1000  25.9100  3.5005
98.5651  24.1350  100.1000  25.9100  3.5130
98.3382  24.3368  100.1000  25.9100  3.4924
99.3404  24.5305  100.1000  25.9100  3.5247
100.2940  23.5890  100.1000  25.9100  3.6505
99.2375  25.4847  100.1000  25.9100  3.8907
99.0384  24.3221  100.1000  25.9100  3.5032
98.5433  25.5117  100.1000  25.9100  3.6941
99.9445  24.3191  100.1000  25.9100  3.5847
100.0910  24.8650  100.1000  25.9100  3.7043
99.6235  24.5257  100.1000  25.9100  3.5994
100.3690  24.1603  98.0252  24.4972  3.6969
99.5529  24.2045  98.0252  24.4972  3.6411
100.1990  24.7084  98.0252  24.4972  3.7111
100.7810  24.1990  98.0252  24.4972  3.6101
100.8080  24.4547  98.0252  24.4972  3.6951
99.8799  24.7112  98.0252  24.4972  3.6471
100.8160  25.0395  98.0252  24.4972  3.6060
99.0268  23.8963  98.0252  24.4972  3.7458
100.2940  23.5890  98.0252  24.4972  3.5911
100.4120  23.9586  98.0252  24.4972  3.5670
99.5713  23.7032  98.0252  24.4972  3.4751
100.7200  24.6420  98.0252  24.4972  3.6494
99.6235  24.5257  100.8960  25.5945  3.5089
99.9445  24.3191  100.8960  25.5945  3.5750
100.2940  23.5890  100.8960  25.5945  3.6621
99.0384  24.3221  100.8960  25.5945  3.6944
98.8634  25.4505  100.8960  25.5945  3.5585
98.2175  24.6619  100.8960  25.5945  3.5599
100.8080  24.4547  100.8960  25.5945  3.5195
99.6453  24.8769  100.8960  25.5945  3.5776
100.7200  24.6420  100.8960  25.5945  3.6548
99.2375  25.4847  100.8960  25.5945  3.5572
98.8350  24.6942  100.8960  25.5945  3.5535
98.3382  24.3368  100.8960  25.5945  3.6611
98.6668  24.9037  100.8960  25.5945  3.5834
100.7810  24.1990  100.8960  25.5945  3.5086
97.9350  25.1078  100.8960  25.5945  3.6041
100.1000  25.9100  100.8960  25.5945  3.7522
98.5651  24.1350  100.8960  25.5945  3.5402
97.6568  24.6108  100.8960  25.5945  3.4899
97.6622  23.9027  100.8960  25.5945  3.5900
98.0252  24.4972  100.8960  25.5945  3.4926
99.0268  23.8963  100.8960  25.5945  3.5268
97.7332  24.3999  100.8960  25.5945  3.5954
99.8346  24.9958  100.8960  25.5945  3.5758
99.5713  23.7032  100.8960  25.5945  3.5865
99.0325  24.5549  100.8960  25.5945  3.5060
98.8783  23.5554  100.8960  25.5945  3.5319
99.7242  24.0204  100.8960  25.5945  3.5444
99.8799  24.7112  100.8960  25.5945  3.4149
98.4849  24.7484  100.8960  25.5945  3.5730
99.5529  24.2045  100.8960  25.5945  3.4841
98.3349  25.2175  100.8960  25.5945  3.5850
100.4690  24.5924  100.8960  25.5945  3.5202
100.1990  24.7084  100.8960  25.5945  3.4403
100.3690  24.1603  100.8960  25.5945  3.6326
100.4120  23.9586  100.8960  25.5945  3.6653
98.5433  25.5117  100.8960  25.5945  3.6084
100.0910  24.8650  100.8960  25.5945  3.6683
97.9699  24.7130  100.8960  25.5945  3.5960
98.8431  25.1964  100.8960  25.5945  3.6060
97.7857  24.1826  100.8960  25.5945  3.5791
98.8783  23.5554  99.9445  24.3191  3.8719
100.8160  25.0395  99.9445  24.3191  3.5832
100.7200  24.6420  99.7771  25.3419  3.6187
97.9699  24.7130  99.7771  25.3419  3.5046
97.6622  23.9027  99.7771  25.3419  3.5776
98.4849  24.7484  99.7771  25.3419  3.5749
98.8634  25.4505  99.7771  25.3419  3.8200
98.8350  24.6942  99.7771  25.3419  3.6001
98.0252  24.4972  99.7771  25.3419  3.4855
98.5433  25.5117  99.7771  25.3419  3.5050
99.1663  24.7523  99.7771  25.3419  3.8395
99.0384  24.3221  99.7771  25.3419  3.4451
100.3690  24.1603  99.7771  25.3419  3.8358
100.5960  26.2944  99.7771  25.3419  3.3987
100.8990  25.3230  99.7771  25.3419  3.6924
97.7332  24.3999  99.7771  25.3419  3.5438
100.7810  24.1990  99.7771  25.3419  3.6530
99.3404  24.5305  99.7771  25.3419  3.7002
98.5651  24.1350  99.7771  25.3419  3.5214
98.3349  25.2175  99.7771  25.3419  3.6105
100.2940  23.5890  99.7771  25.3419  3.5377
98.3382  24.3368  99.7771  25.3419  3.7594
100.4690  24.5924  99.7771  25.3419  3.7096
99.5529  24.2045  99.7771  25.3419  3.5359
98.8431  25.1964  99.7771  25.3419  3.9053
97.9350  25.1078  99.7771  25.3419  3.5511
99.0268  23.8963  99.7771  25.3419  3.6134
98.8783  23.5554  99.7771  25.3419  3.5342
100.4120  23.9586  99.7771  25.3419  3.7312
98.6668  24.9037  99.7771  25.3419  3.6547
99.9445  24.3191  99.7771  25.3419  3.8271
97.7857  24.1826  99.7771  25.3419  3.5427
99.5713  23.7032  99.7771  25.3419  3.6559
98.2175  24.6619  99.7771  25.3419  3.5580
100.8080  24.4547  99.7771  25.3419  3.5181
100.8960  25.5945  99.7771  25.3419  3.7987
100.8160  25.0395  99.7771  25.3419  3.6679
99.5529  24.2045  100.5960  26.2944  3.5486
97.7857  24.1826  100.5960  26.2944  3.5275
100.0910  24.8650  100.5960  26.2944  3.4396
98.3349  25.2175  100.5960  26.2944  3.4726
99.4801  25.0480  100.5960  26.2944  3.4083
99.5713  23.7032  100.5960  26.2944  3.5505
100.8080  24.4547  100.5960  26.2944  3.5602
98.8431  25.1964  100.5960  26.2944  3.5314
99.2375  25.4847  100.5960  26.2944  3.4645
99.6235  24.5257  100.5960  26.2944  3.5252
100.8160  25.0395  100.5960  26.2944  3.5778
99.8799  24.7112  100.5960  26.2944  3.5627
100.3690  24.1603  100.5960  26.2944  3.5965
99.6453  24.8769  100.5960  26.2944  3.4964
98.5651  24.1350  100.5960  26.2944  3.5414
99.7242  24.0204  100.5960  26.2944  3.6190
97.9699  24.7130  100.5960  26.2944  3.4941
99.8346  24.9958  100.5960  26.2944  3.4928
98.6668  24.9037  100.5960  26.2944  3.5042
100.7810  24.1990  100.5960  26.2944  3.5955
98.3382  24.3368  100.5960  26.2944  3.4711
100.2940  23.5890  100.5960  26.2944  3.6170
100.1990  24.7084  100.5960  26.2944  3.6000
97.7332  24.3999  100.5960  26.2944  3.4888
99.1663  24.7523  100.5960  26.2944  3.4777
99.0384  24.3221  100.5960  26.2944  3.5242
98.8350  24.6942  100.5960  26.2944  3.5041
97.6568  24.6108  100.5960  26.2944  3.4905
100.7200  24.6420  100.5960  26.2944  3.5326
99.9445  24.3191  100.5960  26.2944  3.5690
97.6622  23.9027  100.5960  26.2944  3.5539
99.3404  24.5305  100.5960  26.2944  3.4945
100.4120  23.9586  100.5960  26.2944  3.6252
98.8783  23.5554  100.5960  26.2944  3.6079
98.8634  25.4505  100.5960  26.2944  3.4375
98.4849  24.7484  100.5960  26.2944  3.4509
100.4690  24.5924  100.5960  26.2944  3.5112
97.9350  25.1078  100.5960  26.2944  3.4676
98.5433  25.5117  100.5960  26.2944  3.4605
98.0252  24.4972  100.5960  26.2944  3.5229
99.0325  24.5549  100.5960  26.2944  3.5086
99.0268  23.8963  100.5960  26.2944  3.5663
98.2175  24.6619  100.5960  26.2944  3.4721
99.3404  24.5305  100.2160  25.0148  3.8592
98.6668  24.9037  100.2160  25.0148  3.6519
99.1663  24.7523  100.2160  25.0148  3.8569
97.9350  25.1078  100.2160  25.0148  3.5348
99.0325  24.5549  100.2160  25.0148  3.6605
98.8350  24.6942  100.2160  25.0148  3.7237
97.9699  24.7130  100.2160  25.0148  3.6618
98.8431  25.1964  100.2160  25.0148  3.5535
99.0268  23.8963  100.2160  25.0148  3.5444
98.8634  25.4505  100.2160  25.0148  3.4526
98.4849  24.7484  100.2160  25.0148  3.6773
98.5651  24.1350  100.2160  25.0148  3.5350
97.6622  23.9027  100.2160  25.0148  3.6088
99.5713  23.7032  100.2160  25.0148  3.7691
99.2375  25.4847  100.2160  25.0148  3.6785
97.7332  24.3999  100.2160  25.0148  3.6148
98.2175  24.6619  100.2160  25.0148  3.6069
99.5529  24.2045  100.2160  25.0148  3.5684
98.0252  24.4972  100.2160  25.0148  3.6351
100.8960  25.5945  100.2160  25.0148  3.8656
100.7810  24.1990  100.2160  25.0148  3.8074
97.7857  24.1826  100.2160  25.0148  3.6320
98.8783  23.5554  100.2160  25.0148  3.5915
99.0384  24.3221  100.2160  25.0148  3.6574
98.3382  24.3368  100.2160  25.0148  3.5690
97.6568  24.6108  100.2160  25.0148  3.7036
98.5433  25.5117  100.2160  25.0148  3.4079
99.7242  24.0204  100.2160  25.0148  3.5804
100.2940  23.5890  100.2160  25.0148  3.5528
100.5960  26.2944  100.2160  25.0148  3.5669
100.8080  24.4547  100.2160  25.0148  3.8798
98.3349  25.2175  100.2160  25.0148  3.5066
99.5713  23.7032  100.1990  24.7084  3.7132
99.7242  24.0204  100.1990  24.7084  3.8739
100.2940  23.5890  100.1990  24.7084  3.7275
99.0268  23.8963  100.1990  24.7084  3.5514
98.8783  23.5554  100.1990  24.7084  3.6934
100.8080  24.4547  98.3382  24.3368  3.6490
99.7242  24.0204  98.3382  24.3368  3.5361
99.5713  23.7032  98.3382  24.3368  3.5580
99.5529  24.2045  98.3382  24.3368  3.6953
100.2940  23.5890  98.3382  24.3368  3.5587
100.1990  24.7084  98.3382  24.3368  3.7349
99.9445  24.3191  98.3382  24.3368  3.4386
100.7200  24.6420  98.3382  24.3368  3.5949
100.4120  23.9586  98.3382  24.3368  3.6349
100.7810  24.1990  98.3382  24.3368  3.6834
100.3690  24.1603  100.1700  26.3600  3.6944
99.4137  25.2954  100.1700  26.3600  3.4816
99.0325  24.5549  100.1700  26.3600  3.4940
100.8560  25.9242  100.1700  26.3600  3.7228
97.9699  24.7130  100.1700  26.3600  3.4352
98.8431  25.1964  100.1700  26.3600  3.3893
99.9868  25.4893  100.1700  26.3600  3.8159
100.4120  23.9586  100.1700  26.3600  3.5885
97.7332  24.3999  100.1700  26.3600  3.4966
99.9445  24.3191  100.1700  26.3600  3.6368
100.2160  25.0148  100.1700  26.3600  3.4336
100.8990  25.3230  100.1700  26.3600  3.6681
99.6235  24.5257  100.1700  26.3600  3.5527
100.8960  25.5945  100.1700  26.3600  3.7844
100.4690  24.5924  100.1700  26.3600  3.5838
99.8346  24.9958  100.1700  26.3600  3.5727
98.0252  24.4972  100.1700  26.3600  3.5150
98.5433  25.5117  100.1700  26.3600  3.4312
99.4801  25.0480  100.1700  26.3600  3.5457
98.8350  24.6942  100.1700  26.3600  3.4581
98.5651  24.1350  100.1700  26.3600  3.5902
99.7242  24.0204  100.1700  26.3600  3.5749
100.2940  23.5890  100.1700  26.3600  3.6917
100.7200  24.6420  100.1700  26.3600  3.5370
99.2375  25.4847  100.1700  26.3600  3.4643
99.6453  24.8769  100.1700  26.3600  3.6609
100.0910  24.8650  100.1700  26.3600  3.4039
98.4849  24.7484  100.1700  26.3600  3.4784
98.6668  24.9037  100.1700  26.3600  3.5290
99.8799  24.7112  100.1700  26.3600  3.7096
99.5529  24.2045  100.1700  26.3600  3.5538
97.6568  24.6108  100.1700  26.3600  3.4444
100.8080  24.4547  100.1700  26.3600  3.5688
99.7280  25.5410  100.1700  26.3600  3.7203
97.6622  23.9027  100.1700  26.3600  3.5957
97.9350  25.1078  100.1700  26.3600  3.4603
97.7857  24.1826  100.1700  26.3600  3.5474
100.4900  25.3500  100.1700  26.3600  3.7532
100.5230  25.0541  100.1700  26.3600  3.6503
99.0268  23.8963  100.1700  26.3600  3.5440
99.3404  24.5305  100.1700  26.3600  3.6118
98.3349  25.2175  100.1700  26.3600  3.4016
99.7771  25.3419  100.1700  26.3600  3.5067
100.3200  25.2400  100.1700  26.3600  3.6544
98.8634  25.4505  100.1700  26.3600  3.4502
98.2175  24.6619  100.1700  26.3600  3.4389
99.0384  24.3221  100.1700  26.3600  3.5629
99.4024  25.6322  100.1700  26.3600  3.5036
100.8160  25.0395  98.3349  25.2175  3.5391
100.4690  24.5924  98.3349  25.2175  3.3889
99.8346  24.9958  98.3349  25.2175  3.4946
100.7200  24.6420  98.3349  25.2175  3.4647
99.9445  24.3191  98.3349  25.2175  3.4647
99.8799  24.7112  98.3349  25.2175  3.3816
100.7810  24.1990  98.3349  25.2175  3.4887
99.5713  23.7032  98.3349  25.2175  3.6052
98.5651  24.1350  98.3349  25.2175  3.7192
99.1663  24.7523  98.3349  25.2175  3.5686
99.4801  25.0480  98.3349  25.2175  3.6216
100.3690  24.1603  98.3349  25.2175  3.5004
99.6235  24.5257  98.3349  25.2175  3.5376
100.1990  24.7084  98.3349  25.2175  3.4766
100.8080  24.4547  98.3349  25.2175  3.4623
97.6622  23.9027  98.3349  25.2175  3.5713
99.0384  24.3221  98.3349  25.2175  3.8713
99.0325  24.5549  98.3349  25.2175  3.8457
99.5529  24.2045  98.3349  25.2175  3.5309
99.6453  24.8769  98.3349  25.2175  3.4847
97.7332  24.3999  98.3349  25.2175  3.6460
99.2375  25.4847  98.3349  25.2175  3.9097
98.8783  23.5554  98.3349  25.2175  3.5026
99.3404  24.5305  98.3349  25.2175  3.5851
100.4120  23.9586  98.3349  25.2175  3.5271
99.7242  24.0204  98.3349  25.2175  3.5370
99.0268  23.8963  98.3349  25.2175  3.6628
100.7200  24.6420  98.2175  24.6619  3.6240
100.8160  25.0395  98.2175  24.6619  3.6175
99.9445  24.3191  98.2175  24.6619  3.4893
100.4690  24.5924  98.2175  24.6619  3.6115
99.5713  23.7032  98.2175  24.6619  3.5329
100.0910  24.8650  98.2175  24.6619  3.4318
99.7242  24.0204  98.2175  24.6619  3.4628
99.8799  24.7112  98.2175  24.6619  3.6048
100.8080  24.4547  98.2175  24.6619  3.6235
99.5529  24.2045  98.2175  24.6619  3.5189
98.8783  23.5554  98.2175  24.6619  3.6906
97.6622  23.9027  98.2175  24.6619  3.6829
100.2940  23.5890  98.2175  24.6619  3.5531
100.3690  24.1603  98.2175  24.6619  3.5378
100.4120  23.9586  98.2175  24.6619  3.5213
100.1990  24.7084  98.2175  24.6619  3.6561
99.0268  23.8963  98.2175  24.6619  3.8191
100.7810  24.1990  98.2175  24.6619  3.5750
98.8350  24.6942  100.4900  25.3500  3.5074
98.4849  24.7484  100.4900  25.3500  3.5928
98.3349  25.2175  100.4900  25.3500  3.5865
98.8431  25.1964  100.4900  25.3500  3.5989
98.3382  24.3368  100.4900  25.3500  3.5337
99.5713  23.7032  100.4900  25.3500  3.5305
99.6453  24.8769  100.4900  25.3500  3.9037
97.9699  24.7130  100.4900  25.3500  3.6176
99.2375  25.4847  100.4900  25.3500  3.5944
100.3690  24.1603  100.4900  25.3500  3.5591
99.6235  24.5257  100.4900  25.3500  3.4856
97.9350  25.1078  100.4900  25.3500  3.5498
98.5651  24.1350  100.4900  25.3500  3.5255
97.6622  23.9027  100.4900  25.3500  3.6438
99.4801  25.0480  100.4900  25.3500  3.8469
97.6568  24.6108  100.4900  25.3500  3.5240
99.9445  24.3191  100.4900  25.3500  3.4507
99.8799  24.7112  100.4900  25.3500  3.7467
97.7332  24.3999  100.4900  25.3500  3.5418
99.0268  23.8963  100.4900  25.3500  3.5400
98.2175  24.6619  100.4900  25.3500  3.5926
98.5433  25.5117  100.4900  25.3500  3.5146
100.2940  23.5890  100.4900  25.3500  3.6537
98.8783  23.5554  100.4900  25.3500  3.6033
98.6668  24.9037  100.4900  25.3500  3.6051
99.5529  24.2045  100.4900  25.3500  3.4986
99.0384  24.3221  100.4900  25.3500  3.5436
100.7810  24.1990  100.4900  25.3500  3.8585
98.0252  24.4972  100.4900  25.3500  3.6169
99.1663  24.7523  100.4900  25.3500  3.6955
100.4120  23.9586  100.4900  25.3500  3.5629
99.0325  24.5549  100.4900  25.3500  3.5268
98.8634  25.4505  100.4900  25.3500  3.5212
99.3404  24.5305  100.4900  25.3500  3.5604
97.7857  24.1826  100.4900  25.3500  3.5916
100.5960  26.2944  100.4900  25.3500  3.7279
99.7242  24.0204  100.4900  25.3500  3.5506
100.2940  23.5890  100.7200  24.6420  3.5984
100.7200  24.6420  99.0384  24.3221  3.7339
100.1990  24.7084  99.0384  24.3221  3.8404
100.8160  25.0395  99.0384  24.3221  3.5908
100.3690  24.1603  99.0384  24.3221  3.6719
100.4120  23.9586  99.0384  24.3221  3.6053
97.7332  24.3999  99.0384  24.3221  3.8358
99.8346  24.9958  99.0384  24.3221  3.7044
97.7857  24.1826  99.0384  24.3221  3.8332
97.9350  25.1078  99.0384  24.3221  3.5163
100.8080  24.4547  99.0384  24.3221  3.6764
100.2940  23.5890  99.0384  24.3221  3.5303
97.9699  24.7130  99.0384  24.3221  3.6121
100.7810  24.1990  99.0384  24.3221  3.5284
99.3404  24.5305  98.8863  26.3578  3.3412
99.4801  25.0480  98.8863  26.3578  3.5291
98.2175  24.6619  98.8863  26.3578  3.5905
97.7857  24.1826  98.8863  26.3578  3.5567
99.4024  25.6322  98.8863  26.3578  3.9078
99.6453  24.8769  98.8863  26.3578  3.5378
100.5960  26.2944  98.8863  26.3578  3.4748
100.5200  25.8500  98.8863  26.3578  3.5215
100.4990  25.5666  98.8863  26.3578  3.3242
100.8560  25.9242  98.8863  26.3578  3.4624
99.1663  24.7523  98.8863  26.3578  3.8156
99.7242  24.0204  98.8863  26.3578  3.4522
99.5713  23.7032  98.8863  26.3578  3.7377
100.3690  24.1603  98.8863  26.3578  3.6744
99.0384  24.3221  98.8863  26.3578  3.6506
98.3382  24.3368  98.8863  26.3578  3.6380
99.9868  25.4893  98.8863  26.3578  3.4365
98.6668  24.9037  98.8863  26.3578  3.4375
98.8783  23.5554  98.8863  26.3578  3.6885
100.8990  25.3230  98.8863  26.3578  3.3730
100.7200  24.6420  98.8863  26.3578  3.5019
99.5529  24.2045  98.8863  26.3578  3.4430
99.9445  24.3191  98.8863  26.3578  3.5279
98.8634  25.4505  98.8863  26.3578  3.7567
98.0252  24.4972  98.8863  26.3578  3.5713
100.2520  26.1294  98.8863  26.3578  3.4826
100.4900  25.3500  98.8863  26.3578  3.3697
98.8350  24.6942  98.8863  26.3578  3.6669
100.1000  25.9100  98.8863  26.3578  3.5654
98.5433  25.5117  98.8863  26.3578  3.6166
99.0268  23.8963  98.8863  26.3578  3.6280
100.2940  23.5890  98.8863  26.3578  3.7047
100.8160  25.0395  98.8863  26.3578  3.4964
100.8960  25.5945  98.8863  26.3578  3.3337
99.4137  25.2954  98.8863  26.3578  3.6752
99.7771  25.3419  98.8863  26.3578  3.5257
99.8316  25.8146  98.8863  26.3578  3.5446
98.5651  24.1350  98.8863  26.3578  3.7079
100.4120  23.9586  98.8863  26.3578  3.5665
99.7280  25.5410  98.8863  26.3578  3.5387
100.1990  24.7084  98.8863  26.3578  3.5894
100.2160  25.0148  98.8863  26.3578  3.5020
100.7810  24.1990  98.8863  26.3578  3.6071
97.7332  24.3999  98.8863  26.3578  3.6535
100.8080  24.4547  98.8863  26.3578  3.5565
100.5230  25.0541  98.8863  26.3578  3.5094
99.8799  24.7112  98.8863  26.3578  3.6386
99.0325  24.5549  98.8863  26.3578  3.4182
99.6235  24.5257  98.8863  26.3578  3.4615
99.8346  24.9958  98.8863  26.3578  3.5732
100.3200  25.2400  98.8863  26.3578  3.4731
97.6568  24.6108  98.8863  26.3578  3.6259
98.6668  24.9037  100.3200  25.2400  3.7793
99.6235  24.5257  100.3200  25.2400  3.6844
98.5651  24.1350  100.3200  25.2400  3.5557
98.3382  24.3368  100.3200  25.2400  3.5350
98.5433  25.5117  100.3200  25.2400  3.3836
99.0268  23.8963  100.3200  25.2400  3.5606
97.7857  24.1826  100.3200  25.2400  3.5338
99.1663  24.7523  100.3200  25.2400  3.6648
98.8783  23.5554  100.3200  25.2400  3.5404
99.9445  24.3191  100.3200  25.2400  3.6049
100.4120  23.9586  100.3200  25.2400  3.5771
100.5960  26.2944  100.3200  25.2400  3.5448
98.3349  25.2175  100.3200  25.2400  3.5573
99.0384  24.3221  100.3200  25.2400  3.4690
97.6622  23.9027  100.3200  25.2400  3.5895
97.9350  25.1078  100.3200  25.2400  3.5689
97.6568  24.6108  100.3200  25.2400  3.5923
99.5529  24.2045  100.3200  25.2400  3.4930
98.8634  25.4505  100.3200  25.2400  3.4716
99.7242  24.0204  100.3200  25.2400  3.6262
98.2175  24.6619  100.3200  25.2400  3.6167
99.0325  24.5549  100.3200  25.2400  3.5929
99.5713  23.7032  100.3200  25.2400  3.6679
98.4849  24.7484  100.3200  25.2400  3.6050
98.8431  25.1964  100.3200  25.2400  3.5932
99.3404  24.5305  100.3200  25.2400  3.5264
98.0252  24.4972  100.3200  25.2400  3.6163
100.2940  23.5890  100.3200  25.2400  3.6275
97.9699  24.7130  100.3200  25.2400  3.6117
99.2375  25.4847  100.3200  25.2400  3.6580
97.7332  24.3999  100.3200  25.2400  3.5714
98.8350  24.6942  100.3200  25.2400  3.5852
100.7810  24.1990  100.3200  25.2400  3.8180
100.3690  24.1603  100.3200  25.2400  3.7304
100.7810  24.1990  100.5200  25.8500  3.5440
100.3690  24.1603  100.5200  25.8500  3.6930
98.5651  24.1350  100.5200  25.8500  3.5039
99.3404  24.5305  100.5200  25.8500  3.4817
99.7242  24.0204  100.5200  25.8500  3.5851
98.8783  23.5554  100.5200  25.8500  3.6908
99.0325  24.5549  100.5200  25.8500  3.5010
98.0252  24.4972  100.5200  25.8500  3.5854
99.4801  25.0480  100.5200  25.8500  3.5130
99.1663  24.7523  100.5200  25.8500  3.4510
100.8080  24.4547  100.5200  25.8500  3.5968
99.0384  24.3221  100.5200  25.8500  3.5542
97.6622  23.9027  100.5200  25.8500  3.4663
99.5713  23.7032  100.5200  25.8500  3.6623
99.9445  24.3191  100.5200  25.8500  3.6117
98.8431  25.1964  100.5200  25.8500  3.4115
99.8799  24.7112  100.5200  25.8500  3.4695
97.7332  24.3999  100.5200  25.8500  3.5228
100.4120  23.9586  100.5200  25.8500  3.6286
100.1990  24.7084  100.5200  25.8500  3.5280
100.0910  24.8650  100.5200  25.8500  3.5521
100.2940  23.5890  100.5200  25.8500  3.6046
98.8350  24.6942  100.5200  25.8500  3.5190
100.2160  25.0148  100.5200  25.8500  3.6948
97.9350  25.1078  100.5200  25.8500  3.5197
99.2375  25.4847  100.5200  25.8500  3.6186
98.3382  24.3368  100.5200  25.8500  3.4762
100.7200  24.6420  100.5200  25.8500  3.6391
100.4690  24.5924  100.5200  25.8500  3.5648
98.3349  25.2175  100.5200  25.8500  3.5279
99.6453  24.8769  100.5200  25.8500  3.4298
99.4137  25.2954  100.5200  25.8500  3.5573
97.9699  24.7130  100.5200  25.8500  3.4575
98.5433  25.5117  100.5200  25.8500  3.5112
98.8634  25.4505  100.5200  25.8500  3.6559
99.6235  24.5257  100.5200  25.8500  3.4809
98.2175  24.6619  100.5200  25.8500  3.5403
99.0268  23.8963  100.5200  25.8500  3.5677
97.7857  24.1826  100.5200  25.8500  3.6082
97.6568  24.6108  100.5200  25.8500  3.5389
99.5529  24.2045  100.5200  25.8500  3.5215
99.8346  24.9958  100.5200  25.8500  3.4773
98.4849  24.7484  100.5200  25.8500  3.5293
99.5713  23.7032  99.8799  24.7112  3.7825
100.2940  23.5890  99.8799  24.7112  3.7831
99.0268  23.8963  99.8799  24.7112  3.4989
100.8080  24.4547  99.8799  24.7112  3.8962
98.8783  23.5554  99.8799  24.7112  3.5191
100.7810  24.1990  99.8799  24.7112  3.8086
97.7857  24.1826  100.2520  26.1294  3.5056
99.0384  24.3221  100.2520  26.1294  3.5820
100.8960  25.5945  100.2520  26.1294  3.7281
97.7332  24.3999  100.2520  26.1294  3.4999
99.1663  24.7523  100.2520  26.1294  3.4237
99.0268  23.8963  100.2520  26.1294  3.5621
100.8160  25.0395  100.2520  26.1294  3.6981
99.7242  24.0204  100.2520  26.1294  3.5705
98.2175  24.6619  100.2520  26.1294  3.4676
100.7810  24.1990  100.2520  26.1294  3.6011
98.4849  24.7484  100.2520  26.1294  3.4782
100.5230  25.0541  100.2520  26.1294  3.7652
100.8080  24.4547  100.2520  26.1294  3.5990
97.6622  23.9027  100.2520  26.1294  3.5420
99.6453  24.8769  100.2520  26.1294  3.5402
99.4137  25.2954  100.2520  26.1294  3.4098
99.3404  24.5305  100.2520  26.1294  3.5315
100.2940  23.5890  100.2520  26.1294  3.6945
100.2160  25.0148  100.2520  26.1294  3.6343
98.8783  23.5554  100.2520  26.1294  3.6314
98.6668  24.9037  100.2520  26.1294  3.4064
98.8350  24.6942  100.2520  26.1294  3.4754
99.5529  24.2045  100.2520  26.1294  3.5687
100.3690  24.1603  100.2520  26.1294  3.5948
97.9699  24.7130  100.2520  26.1294  3.4487
99.4300  26.2040  100.2520  26.1294  3.8121
100.0910  24.8650  100.2520  26.1294  3.3837
99.8799  24.7112  100.2520  26.1294  3.6170
100.1990  24.7084  100.2520  26.1294  3.5782
98.5651  24.1350  100.2520  26.1294  3.5396
100.4120  23.9586  100.2520  26.1294  3.6328
99.9445  24.3191  100.2520  26.1294  3.6317
99.4024  25.6322  100.2520  26.1294  3.6875
98.0252  24.4972  100.2520  26.1294  3.4818
99.2375  25.4847  100.2520  26.1294  3.5612
100.7200  24.6420  100.2520  26.1294  3.6873
99.8346  24.9958  100.2520  26.1294  3.5095
99.0325  24.5549  100.2520  26.1294  3.4939
98.8634  25.4505  100.2520  26.1294  3.5645
99.6235  24.5257  100.2520  26.1294  3.5999
100.4690  24.5924  100.2520  26.1294  3.5050
97.9350  25.1078  100.2520  26.1294  3.4700
99.5713  23.7032  100.2520  26.1294  3.5365
99.7771  25.3419  100.2520  26.1294  3.6083
99.4801  25.0480  100.2520  26.1294  3.4327
98.5433  25.5117  100.2520  26.1294  3.5146
98.3382  24.3368  100.2520  26.1294  3.5344
97.6568  24.6108  100.2520  26.1294  3.5053
100.8990  25.3230  100.2520  26.1294  3.6990
98.8431  25.1964  100.2520  26.1294  3.4838
98.3349  25.2175  100.2520  26.1294  3.4976
99.4801  25.0480  98.5433  25.5117  3.7104
100.8080  24.4547  98.5433  25.5117  3.4924
99.7242  24.0204  98.5433  25.5117  3.6298
99.0268  23.8963  98.5433  25.5117  3.4531
99.8346  24.9958  98.5433  25.5117  3.4663
99.5713  23.7032  98.5433  25.5117  3.5665
99.8799  24.7112  98.5433  25.5117  3.5148
99.0384  24.3221  98.5433  25.5117  3.6981
99.6453  24.8769  98.5433  25.5117  3.6189
97.9699  24.7130  98.5433  25.5117  3.8619
100.7810  24.1990  98.5433  25.5117  3.4901
99.3404  24.5305  98.5433  25.5117  3.8176
97.7332  24.3999  98.5433  25.5117  3.6390
98.3382  24.3368  98.5433  25.5117  3.3369
100.8160  25.0395  98.5433  25.5117  3.4806
99.5529  24.2045  98.5433  25.5117  3.6578
99.0325  24.5549  98.5433  25.5117  3.6859
97.6622  23.9027  98.5433  25.5117  3.4529
98.0252  24.4972  98.5433  25.5117  3.5647
99.9445  24.3191  98.5433  25.5117  3.4855
100.1990  24.7084  98.5433  25.5117  3.4340
100.7200  24.6420  98.5433  25.5117  3.4680
100.0910  24.8650  98.5433  25.5117  3.4395
99.6235  24.5257  98.5433  25.5117  3.5314
100.2940  23.5890  98.5433  25.5117  3.6636
100.3690  24.1603  98.5433  25.5117  3.5129
98.8783  23.5554  98.5433  25.5117  3.7456
98.5651  24.1350  98.5433  25.5117  3.5072
98.2175  24.6619  98.5433  25.5117  3.6841
100.8160  25.0395  99.0325  24.5549  3.6369
100.3690  24.1603  99.0325  24.5549  3.6196
100.1990  24.7084  99.0325  24.5549  3.7832
100.2940  23.5890  99.0325  24.5549  3.5845
97.7332  24.3999  99.0325  24.5549  3.9053
97.6622  23.9027  99.0325  24.5549  3.5305
98.8783  23.5554  99.0325  24.5549  3.8162
97.9350  25.1078  99.0325  24.5549  3.4455
97.6568  24.6108  99.0325  24.5549  3.5481
100.4120  23.9586  99.0325  24.5549  3.4796
100.8080  24.4547  99.0325  24.5549  3.5197
100.7200  24.6420  99.0325  24.5549  3.5909
100.7810  24.1990  99.0325  24.5549  3.5406
100.4690  24.5924  99.0325  24.5549  3.8061
97.7857  24.1826  99.0325  24.5549  3.7014
99.9445  24.3191  99.1301  26.2006  3.6264
100.4900  25.3500  99.1301  26.2006  3.4336
100.7200  24.6420  99.1301  26.2006  3.4642
100.4990  25.5666  99.1301  26.2006  3.4661
99.4801  25.0480  99.1301  26.2006  3.4490
100.7810  24.1990  99.1301  26.2006  3.6063
100.5960  26.2944  99.1301  26.2006  3.5033
99.7280  25.5410  99.1301  26.2006  3.7834
98.4849  24.7484  99.1301  26.2006  3.4676
99.1663  24.7523  99.1301  26.2006  3.5373
100.1990  24.7084  99.1301  26.2006  3.6606
98.6668  24.9037  99.1301  26.2006  3.6622
99.8346  24.9958  99.1301  26.2006  3.6155
100.5200  25.8500  99.1301  26.2006  3.3539
100.2160  25.0148  99.1301  26.2006  3.5585
99.6453  24.8769  99.1301  26.2006  3.7267
100.8960  25.5945  99.1301  26.2006  3.4884
98.2175  24.6619  99.1301  26.2006  3.5162
99.0325  24.5549  99.1301  26.2006  3.4436
99.5529  24.2045  99.1301  26.2006  3.6018
100.8160  25.0395  99.1301  26.2006  3.4953
99.7242  24.0204  99.1301  26.2006  3.6550
98.5651  24.1350  99.1301  26.2006  3.4003
99.7771  25.3419  99.1301  26.2006  3.7304
99.5713  23.7032  99.1301  26.2006  3.7979
100.8080  24.4547  99.1301  26.2006  3.4792
97.9350  25.1078  99.1301  26.2006  3.5552
100.1000  25.9100  99.1301  26.2006  3.7270
100.3690  24.1603  99.1301  26.2006  3.6180
100.5230  25.0541  99.1301  26.2006  3.4561
100.8990  25.3230  99.1301  26.2006  3.4783
99.8799  24.7112  99.1301  26.2006  3.3958
98.3382  24.3368  99.1301  26.2006  3.4656
100.4690  24.5924  99.1301  26.2006  3.5119
99.4137  25.2954  99.1301  26.2006  3.7861
100.2520  26.1294  99.1301  26.2006  3.5786
99.9868  25.4893  99.1301  26.2006  3.4951
99.0384  24.3221  99.1301  26.2006  3.4880
99.0268  23.8963  99.1301  26.2006  3.6530
97.7857  24.1826  99.1301  26.2006  3.4872
97.9699  24.7130  99.6235  24.5257  3.4602
97.7332  24.3999  99.6235  24.5257  3.6393
100.7810  24.1990  99.6235  24.5257  3.6517
100.2940  23.5890  99.6235  24.5257  3.8645
98.8783  23.5554  99.6235  24.5257  3.5691
98.2175  24.6619  99.6235  24.5257  3.6113
98.3382  24.3368  99.6235  24.5257  3.8664
98.5651  24.1350  99.6235  24.5257  3.8054
100.8160  25.0395  99.6235  24.5257  3.7068
97.7857  24.1826  99.6235  24.5257  3.6740
97.9350  25.1078  99.6235  24.5257  3.3942
97.6622  23.9027  99.6235  24.5257  3.7043
100.4120  23.9586  99.6235  24.5257  3.8653
100.7200  24.6420  99.6235  24.5257  3.8493
97.6568  24.6108  99.6235  24.5257  3.5858
100.8080  24.4547  99.6235  24.5257  3.7022
99.7280  25.5410  100.8560  25.9242  3.7006
99.4801  25.0480  100.8560  25.9242  3.4639
100.8160  25.0395  100.8560  25.9242  3.8728
97.7857  24.1826  100.8560  25.9242  3.6055
99.9868  25.4893  100.8560  25.9242  3.8946
100.2160  25.0148  100.8560  25.9242  3.3680
98.8783  23.5554  100.8560  25.9242  3.6309
99.0325  24.5549  100.8560  25.9242  3.5343
99.2375  25.4847  100.8560  25.9242  3.6507
98.8634  25.4505  100.8560  25.9242  3.5910
97.6622  23.9027  100.8560  25.9242  3.5399
98.8350  24.6942  100.8560  25.9242  3.4526
98.0252  24.4972  100.8560  25.9242  3.5201
99.4137  25.2954  100.8560  25.9242  3.4675
99.5529  24.2045  100.8560  25.9242  3.4968
98.4849  24.7484  100.8560  25.9242  3.5187
99.6235  24.5257  100.8560  25.9242  3.4463
100.1990  24.7084  100.8560  25.9242  3.4630
98.5651  24.1350  100.8560  25.9242  3.4903
98.5433  25.5117  100.8560  25.9242  3.6274
100.4120  23.9586  100.8560  25.9242  3.6155
99.8799  24.7112  100.8560  25.9242  3.6417
99.0268  23.8963  100.8560  25.9242  3.5771
99.9445  24.3191  100.8560  25.9242  3.5151
100.5230  25.0541  100.8560  25.9242  3.6054
100.3200  25.2400  100.8560  25.9242  3.6507
100.7200  24.6420  100.8560  25.9242  3.4798
100.2940  23.5890  100.8560  25.9242  3.5388
98.6668  24.9037  100.8560  25.9242  3.5840
100.3690  24.1603  100.8560  25.9242  3.4985
98.3382  24.3368  100.8560  25.9242  3.4960
99.7771  25.3419  100.8560  25.9242  3.5890
98.2175  24.6619  100.8560  25.9242  3.5577
99.0384  24.3221  100.8560  25.9242  3.5616
99.8346  24.9958  100.8560  25.9242  3.4000
100.8080  24.4547  100.8560  25.9242  3.5287
99.8316  25.8146  100.8560  25.9242  3.8723
100.7810  24.1990  100.8560  25.9242  3.5206
97.9699  24.7130  100.8560  25.9242  3.4472
99.6453  24.8769  100.8560  25.9242  3.4226
98.3349  25.2175  100.8560  25.9242  3.5102
99.7242  24.0204  100.8560  25.9242  3.5303
100.7810  24.1990  99.3404  24.5305  3.5845
100.3690  24.1603  99.3404  24.5305  3.7177
100.7200  24.6420  99.3404  24.5305  3.6372
97.9699  24.7130  99.3404  24.5305  3.7187
100.4690  24.5924  99.3404  24.5305  3.7767
100.4120  23.9586  99.3404  24.5305  3.6499
100.2940  23.5890  99.3404  24.5305  3.6769
98.8783  23.5554  99.3404  24.5305  3.7405
97.6622  23.9027  99.3404  24.5305  3.7263
97.7857  24.1826  99.3404  24.5305  3.7813
100.8080  24.4547  99.3404  24.5305  3.6065
97.9350  25.1078  99.3404  24.5305  3.5755
100.8160  25.0395  99.3404  24.5305  3.6244
98.2175  24.6619  99.3404  24.5305  3.7788
100.8080  24.4547  98.4849  24.7484  3.5659
100.1990  24.7084  98.4849  24.7484  3.5848
99.5529  24.2045  98.4849  24.7484  3.6243
99.7242  24.0204  98.4849  24.7484  3.5505
100.7200  24.6420  98.4849  24.7484  3.5876
99.8799  24.7112  98.4849  24.7484  3.6401
100.7810  24.1990  98.4849  24.7484  3.5238
99.6235  24.5257  98.4849  24.7484  3.6624
100.4120  23.9586  98.4849  24.7484  3.5116
99.5713  23.7032  98.4849  24.7484  3.5917
99.4801  25.0480  98.4849  24.7484  3.8919
100.3690  24.1603  98.4849  24.7484  3.4916
100.4690  24.5924  98.4849  24.7484  3.5911
100.0910  24.8650  98.4849  24.7484  3.4529
99.8346  24.9958  98.4849  24.7484  3.6813
98.8783  23.5554  98.4849  24.7484  3.7142
97.6622  23.9027  98.4849  24.7484  3.5849
99.6453  24.8769  98.4849  24.7484  3.7684
100.8160  25.0395  98.4849  24.7484  3.6016
100.2940  23.5890  98.4849  24.7484  3.5578
99.2375  25.4847  98.4849  24.7484  3.5995
97.6622  23.9027  98.6668  24.9037  3.4636
100.1990  24.7084  98.6668  24.9037  3.5884
100.7810  24.1990  98.6668  24.9037  3.4758
99.7242  24.0204  98.6668  24.9037  3.4195
99.0268  23.8963  98.6668  24.9037  3.9010
100.4120  23.9586  98.6668  24.9037  3.5149
100.8160  25.0395  98.6668  24.9037  3.6401
99.9445  24.3191  98.6668  24.9037  3.3264
100.8080  24.4547  98.6668  24.9037  3.5340
99.5529  24.2045  98.6668  24.9037  3.8140
99.6235  24.5257  98.6668  24.9037  3.8826
97.7857  24.1826  98.6668  24.9037  3.5754
99.8346  24.9958  98.6668  24.9037  3.8892
97.7332  24.3999  98.6668  24.9037  3.5564
100.7200  24.6420  98.6668  24.9037  3.5326
99.8799  24.7112  98.6668  24.9037  3.5166
100.3690  24.1603  98.6668  24.9037  3.3974
100.2940  23.5890  98.6668  24.9037  3.5638
99.5713  23.7032  98.6668  24.9037  3.7717
99.6453  24.8769  98.6668  24.9037  3.8963
99.7242  24.0204  100.0910  24.8650  3.8234
100.8080  24.4547  100.0910  24.8650  3.8862
99.0268  23.8963  100.0910  24.8650  3.4935
100.8160  25.0395  100.3690  24.1603  3.6203
99.0268  23.8963  100.3690  24.1603  3.7474
99.0268  23.8963  100.4690  24.5924  3.6170
99.5713  23.7032  100.4690  24.5924  3.4342
98.3349  25.2175  99.4024  25.6322  3.6305
99.5529  24.2045  99.4024  25.6322  3.5052
100.8960  25.5945  99.4024  25.6322  3.5381
99.7242  24.0204  99.4024  25.6322  3.6027
100.4900  25.3500  99.4024  25.6322  3.5562
97.9350  25.1078  99.4024  25.6322  3.5591
100.4120  23.9586  99.4024  25.6322  3.6410
99.6235  24.5257  99.4024  25.6322  3.7571
98.2175  24.6619  99.4024  25.6322  3.5179
98.5433  25.5117  99.4024  25.6322  3.8876
100.7200  24.6420  99.4024  25.6322  3.5125
100.5200  25.8500  99.4024  25.6322  3.7274
98.4849  24.7484  99.4024  25.6322  3.4967
100.7810  24.1990  99.4024  25.6322  3.5838
100.8160  25.0395  99.4024  25.6322  3.4319
100.2940  23.5890  99.4024  25.6322  3.5703
100.3200  25.2400  99.4024  25.6322  3.5947
100.1990  24.7084  99.4024  25.6322  3.6406
100.8560  25.9242  99.4024  25.6322  3.6838
100.8080  24.4547  99.4024  25.6322  3.5390
98.8783  23.5554  99.4024  25.6322  3.5478
100.8990  25.3230  99.4024  25.6322  3.4678
97.7332  24.3999  99.4024  25.6322  3.4600
100.5960  26.2944  99.4024  25.6322  3.5370
99.1663  24.7523  99.4024  25.6322  3.7818
99.0325  24.5549  99.4024  25.6322  3.5496
99.9445  24.3191  99.4024  25.6322  3.7262
99.5713  23.7032  99.4024  25.6322  3.6269
97.7857  24.1826  99.4024  25.6322  3.5134
100.3690  24.1603  99.4024  25.6322  3.6711
97.6568  24.6108  99.4024  25.6322  3.4628
97.6622  23.9027  99.4024  25.6322  3.5343
97.9699  24.7130  99.4024  25.6322  3.3933
99.0268  23.8963  99.4024  25.6322  3.7028
100.4990  25.5666  99.4024  25.6322  3.6423
100.4690  24.5924  99.4024  25.6322  3.4271
98.8350  24.6942  99.4024  25.6322  3.5550
99.0384  24.3221  99.4024  25.6322  3.6101
100.5230  25.0541  99.4024  25.6322  3.4716
100.0910  24.8650  99.4024  25.6322  3.7664
98.0252  24.4972  99.4024  25.6322  3.5050
98.5651  24.1350  99.4024  25.6322  3.5586
99.8799  24.7112  99.4024  25.6322  3.8451
99.3404  24.5305  99.4024  25.6322  3.6666
98.3382  24.3368  99.4024  25.6322  3.5538
100.2160  25.0148  99.4024  25.6322  3.5741
98.6668  24.9037  99.4024  25.6322  3.6085
100.8080  24.4547  98.8783  23.5554  3.6381
100.7200  24.6420  98.8783  23.5554  3.5450
100.7810  24.1990  98.8783  23.5554  3.5926
100.8160  25.0395  98.8783  23.5554  3.5867
98.5651  24.1350  99.2375  25.4847  3.5136
97.6622  23.9027  99.2375  25.4847  3.5497
100.7200  24.6420  99.2375  25.4847  3.4963
98.0252  24.4972  99.2375  25.4847  3.5417
97.7857  24.1826  99.2375  25.4847  3.4706
99.5713  23.7032  99.2375  25.4847  3.7635
99.0384  24.3221  99.2375  25.4847  3.5314
100.3690  24.1603  99.2375  25.4847  3.6195
99.9445  24.3191  99.2375  25.4847  3.6809
100.4120  23.9586  99.2375  25.4847  3.6735
99.8799  24.7112  99.2375  25.4847  3.8135
100.0910  24.8650  99.2375  25.4847  3.6693
100.1990  24.7084  99.2375  25.4847  3.5600
100.4690  24.5924  99.2375  25.4847  3.4869
97.9699  24.7130  99.2375  25.4847  3.4023
100.7810  24.1990  99.2375  25.4847  3.5357
99.0268  23.8963  99.2375  25.4847  3.6233
98.8350  24.6942  99.2375  25.4847  3.8029
97.7332  24.3999  99.2375  25.4847  3.4566
98.2175  24.6619  99.2375  25.4847  3.5307
98.8783  23.5554  99.2375  25.4847  3.7495
99.0325  24.5549  99.2375  25.4847  3.6713
100.2940  23.5890  99.2375  25.4847  3.6724
99.6235  24.5257  99.2375  25.4847  3.8551
97.6568  24.6108  99.2375  25.4847  3.3548
99.3404  24.5305  99.2375  25.4847  3.8583
97.9350  25.1078  99.2375  25.4847  3.6898
100.8160  25.0395  99.2375  25.4847  3.4238
100.4690  24.5924  98.8431  25.1964  3.3561
98.0252  24.4972  98.8431  25.1964  3.6648
100.7810  24.1990  98.8431  25.1964  3.5320
99.5713  23.7032  98.8431  25.1964  3.6911
99.5529  24.2045  98.8431  25.1964  3.7805
99.8799  24.7112  98.8431  25.1964  3.7062
100.7200  24.6420  98.8431  25.1964  3.5008
100.1990  24.7084  98.8431  25.1964  3.4609
100.2940  23.5890  98.8431  25.1964  3.6742
100.8160  25.0395  98.8431  25.1964  3.5347
98.8783  23.5554  98.8431  25.1964  3.5385
100.3690  24.1603  98.8431  25.1964  3.6054
99.7242  24.0204  98.8431  25.1964  3.7906
98.3382  24.3368  98.8431  25.1964  3.7723
97.6568  24.6108  98.8431  25.1964  3.5241
99.8346  24.9958  98.8431  25.1964  3.7939
98.5651  24.1350  98.8431  25.1964  3.6126
99.6235  24.5257  98.8431  25.1964  3.7897
100.4120  23.9586  98.8431  25.1964  3.5821
100.8080  24.4547  98.8431  25.1964  3.4385
100.0910  24.8650  98.8431  25.1964  3.4555
97.6622  23.9027  98.8431  25.1964  3.5954
97.9699  24.7130  98.8431  25.1964  3.7745
97.7857  24.1826  98.8431  25.1964  3.5435
99.8799  24.7112  97.7857  24.1826  3.6952
99.7242  24.0204  97.7857  24.1826  3.8399
100.1990  24.7084  97.7857  24.1826  3.6450
100.7200  24.6420  97.7857  24.1826  3.6552
100.2940  23.5890  97.7857  24.1826  3.5633
99.5529  24.2045  97.7857  24.1826  3.6390
98.8783  23.5554  97.7857  24.1826  3.5248
99.0268  23.8963  97.7857  24.1826  3.7014
100.4120  23.9586  97.7857  24.1826  3.6773
100.7810  24.1990  97.7857  24.1826  3.7285
100.8160  25.0395  97.7857  24.1826  3.6086
100.8080  24.4547  97.7857  24.1826  3.7452
99.9445  24.3191  97.7857  24.1826  3.6415
100.0910  24.8650  97.7857  24.1826  3.7096
97.9699  24.7130  99.7280  25.5410  3.4801
97.7332  24.3999  99.7280  25.5410  3.5604
100.7810  24.1990  99.7280  25.5410  3.6156
100.8990  25.3230  99.7280  25.5410  3.5310
98.5433  25.5117  99.7280  25.5410  3.6571
99.5713  23.7032  99.7280  25.5410  3.6507
100.3690  24.1603  99.7280  25.5410  3.6806
98.8634  25.4505  99.7280  25.5410  3.8154
98.4849  24.7484  99.7280  25.5410  3.5013
100.8960  25.5945  99.7280  25.5410  3.7527
99.0384  24.3221  99.7280  25.5410  3.4877
98.2175  24.6619  99.7280  25.5410  3.4463
100.7200  24.6420  99.7280  25.5410  3.5055
97.7857  24.1826  99.7280  25.5410  3.5240
100.8160  25.0395  99.7280  25.5410  3.5430
99.6235  24.5257  99.7280  25.5410  3.6963
97.9350  25.1078  99.7280  25.5410  3.5883
98.0252  24.4972  99.7280  25.5410  3.5029
100.5960  26.2944  99.7280  25.5410  3.4539
99.1663  24.7523  99.7280  25.5410  3.6589
99.9445  24.3191  99.7280  25.5410  3.5998
97.6622  23.9027  99.7280  25.5410  3.5469
99.3404  24.5305  99.7280  25.5410  3.5615
100.5230  25.0541  99.7280  25.5410  3.5967
98.8350  24.6942  99.7280  25.5410  3.4891
100.4690  24.5924  99.7280  25.5410  3.8640
98.8783  23.5554  99.7280  25.5410  3.5610
97.6568  24.6108  99.7280  25.5410  3.5249
98.3349  25.2175  99.7280  25.5410  3.6452
98.6668  24.9037  99.7280  25.5410  3.5321
100.8080  24.4547  99.7280  25.5410  3.5756
99.0268  23.8963  99.7280  25.5410  3.6156
99.0325  24.5549  99.7280  25.5410  3.4642
100.2940  23.5890  99.7280  25.5410  3.5518
99.7242  24.0204  99.7280  25.5410  3.5314
100.4120  23.9586  99.7280  25.5410  3.6821
98.5651  24.1350  99.7280  25.5410  3.5085
99.5529  24.2045  99.7280  25.5410  3.6192
98.3382  24.3368  99.7280  25.5410  3.6064
97.9699  24.7130  99.8346  24.9958  3.6306
99.0268  23.8963  99.8346  24.9958  3.5128
99.5713  23.7032  99.8346  24.9958  3.6395
97.9350  25.1078  99.8346  24.9958  3.5473
98.0252  24.4972  99.8346  24.9958  3.6399
100.2940  23.5890  99.8346  24.9958  3.6098
100.8160  25.0395  99.8346  24.9958  3.8342
97.7857  24.1826  99.8346  24.9958  3.6124
98.8783  23.5554  99.8346  24.9958  3.6851
98.2175  24.6619  99.8346  24.9958  3.6916
99.7242  24.0204  99.8346  24.9958  3.7907
100.7200  24.6420  99.8346  24.9958  3.7575
97.7332  24.3999  99.8346  24.9958  3.6454
98.3382  24.3368  99.8346  24.9958  3.4432
97.6622  23.9027  99.8346  24.9958  3.6246
97.6568  24.6108  99.8346  24.9958  3.6502
100.4120  23.9586  99.8346  24.9958  3.8282
98.5651  24.1350  99.8346  24.9958  3.5497
100.8080  24.4547  99.8346  24.9958  3.7046
100.7810  24.1990  99.8346  24.9958  3.6067
99.7242  24.0204  97.9699  24.7130  3.4670
100.1990  24.7084  97.9699  24.7130  3.5752
100.3690  24.1603  97.9699  24.7130  3.5428
100.7200  24.6420  97.9699  24.7130  3.6017
100.4120  23.9586  97.9699  24.7130  3.5251
99.5713  23.7032  97.9699  24.7130  3.4872
100.7810  24.1990  97.9699  24.7130  3.6148
99.5529  24.2045  97.9699  24.7130  3.3850
100.4690  24.5924  97.9699  24.7130  3.8225
99.8799  24.7112  97.9699  24.7130  3.6191
100.8160  25.0395  97.9699  24.7130  3.6376
100.2940  23.5890  97.9699  24.7130  3.5443
99.0268  23.8963  97.9699  24.7130  3.5861
99.9445  24.3191  97.9699  24.7130  3.4798
97.6622  23.9027  97.9699  24.7130  3.8624
100.0910  24.8650  97.9699  24.7130  3.4238
100.8080  24.4547  97.9699  24.7130  3.6294
100.7200  24.6420  99.7242  24.0204  3.7835
100.8080  24.4547  99.7242  24.0204  3.8799
100.7810  24.1990  99.7242  24.0204  3.8760
100.8160  25.0395  99.7242  24.0204  3.5027
100.8160  25.0395  100.4120  23.9586  3.5721
100.4120  23.9586  97.7332  24.3999  3.6185
100.8160  25.0395  97.7332  24.3999  3.6370
99.5529  24.2045  97.7332  24.3999  3.6747
100.7810  24.1990  97.7332  24.3999  3.7191
100.3690  24.1603  97.7332  24.3999  3.6409
100.7200  24.6420  97.7332  24.3999  3.7127
99.5713  23.7032  97.7332  24.3999  3.3653
98.8783  23.5554  97.7332  24.3999  3.7505
100.8080  24.4547  97.7332  24.3999  3.7009
99.8799  24.7112  97.7332  24.3999  3.7292
99.9445  24.3191  97.7332  24.3999  3.6744
100.2940  23.5890  97.7332  24.3999  3.5748
100.4690  24.5924  97.7332  24.3999  3.8086
99.7242  24.0204  97.7332  24.3999  3.7145
100.1990  24.7084  97.7332  24.3999  3.6974
