1467  3.0441  0.0422  008
98.5925  24.4245  100.0690  23.8785  3.0501
100.2540  25.6093  100.0690  23.8785  3.0559
98.0709  24.0851  100.0690  23.8785  3.0410
99.2454  24.0357  100.0690  23.8785  2.9903
99.3717  25.8854  100.0690  23.8785  3.0804
98.5197  25.0289  99.9475  26.1088  2.9902
100.2540  25.6093  99.9475  26.1088  3.0091
99.2454  24.0357  99.9475  26.1088  3.0350
99.3717  25.8854  99.9475  26.1088  2.9802
98.8518  25.8317  99.9475  26.1088  3.0090
100.1470  24.4348  99.3717  25.8854  3.1010
98.0709  24.0851  98.5197  25.0289  3.0811
100.2540  25.6093  98.5197  25.0289  3.0010
100.1470  24.4348  98.5197  25.0289  3.0808
99.3717  25.8854  98.5197  25.0289  3.0317
100.1470  24.4348  98.0709  24.0851  3.0545
99.2454  24.0357  98.0709  24.0851  3.0774
99.3717  25.8854  98.0709  24.0851  3.0854
100.2540  25.6093  98.8518  25.8317  2.9943
98.5197  25.0289  98.8518  25.8317  3.0632
98.0709  24.0851  98.8518  25.8317  3.1004
98.5925  24.4245  98.8518  25.8317  3.1276
99.3717  25.8854  98.8518  25.8317  3.0212
99.2454  24.0357  98.8518  25.8317  3.1217
100.1470  24.4348  99.2454  24.0357  3.0666
98.0709  24.0851  100.2540  25.6093  3.0612
99.2454  24.0357  100.2540  25.6093  3.0551
99.3717  25.8854  100.2540  25.6093  2.9838
100.1470  24.4348  98.5925  24.4245  3.0081
99.3717  25.8854  98.5925  24.4245  3.1092
100.2540  25.6093  98.5925  24.4245  3.0283
98.0709  24.0851  98.5925  24.4245  3.0949
99.2454  24.0357  98.5925  24.4245  3.0722
100.8080  24.4547  99.5713  23.7032  3.0882
100.7200  24.6420  99.5713  23.7032  3.1139
100.7810  24.1990  99.5713  23.7032  3.1237
100.4120  23.9586  99.5713  23.7032  3.1097
100.8160  25.0395  99.5713  23.7032  3.0748
98.8783  23.5554  99.5713  23.7032  3.0337
100.2940  23.5890  99.5713  23.7032  3.0110
97.7857  24.1826  99.4801  25.0480  3.0745
97.9350  25.1078  99.4801  25.0480  2.9952
98.0252  24.4972  99.4801  25.0480  3.0491
100.2940  23.5890  99.4801  25.0480  3.0747
100.4690  24.5924  99.4801  25.0480  3.1393
97.9699  24.7130  99.4801  25.0480  3.0163
98.5651  24.1350  99.4801  25.0480  3.0110
100.8160  25.0395  99.4801  25.0480  2.9832
100.3690  24.1603  99.4801  25.0480  3.0771
98.2175  24.6619  99.4801  25.0480  3.0280
98.3382  24.3368  99.4801  25.0480  3.0217
100.7200  24.6420  99.4801  25.0480  3.1397
97.7332  24.3999  99.4801  25.0480  3.0527
99.9445  24.3191  99.4801  25.0480  3.1017
100.4120  23.9586  99.4801  25.0480  3.0739
99.5713  23.7032  99.4801  25.0480  3.0537
97.6568  24.6108  99.4801  25.0480  3.0512
99.8799  24.7112  97.6568  24.6108  3.0277
99.7242  24.0204  97.6568  24.6108  3.0589
98.5651  24.1350  97.6568  24.6108  3.1006
100.8080  24.4547  97.6568  24.6108  3.0434
99.0268  23.8963  97.6568  24.6108  3.0813
98.8783  23.5554  97.6568  24.6108  3.0257
99.9445  24.3191  97.6568  24.6108  3.0267
100.4120  23.9586  97.6568  24.6108  3.0508
100.7810  24.1990  97.6568  24.6108  3.0338
98.3382  24.3368  97.6568  24.6108  3.0543
100.0910  24.8650  97.6568  24.6108  3.0444
100.8160  25.0395  97.6568  24.6108  3.0242
98.2175  24.6619  97.6568  24.6108  3.0112
99.5529  24.2045  97.6568  24.6108  3.0354
100.3690  24.1603  97.6568  24.6108  3.0313
99.5713  23.7032  97.6568  24.6108  3.0463
100.7200  24.6420  97.6568  24.6108  3.0442
100.1990  24.7084  97.6568  24.6108  3.0280
100.4690  24.5924  97.6568  24.6108  3.0357
100.7810  24.1990  99.5529  24.2045  3.0511
98.8783  23.5554  99.5529  24.2045  3.0473
100.7200  24.6420  99.5529  24.2045  3.1007
100.8160  25.0395  99.5529  24.2045  3.0624
100.8080  24.4547  99.5529  24.2045  3.1187
99.0268  23.8963  99.5529  24.2045  3.0512
100.4120  23.9586  99.5529  24.2045  3.0983
99.1663  24.7523  99.8316  25.8146  3.0204
98.8350  24.6942  99.8316  25.8146  3.0149
100.5960  26.2944  99.8316  25.8146  3.0037
100.7200  24.6420  99.8316  25.8146  2.9799
98.0252  24.4972  99.8316  25.8146  3.0651
100.3690  24.1603  99.8316  25.8146  3.0994
98.4849  24.7484  99.8316  25.8146  3.0567
97.7857  24.1826  99.8316  25.8146  3.0771
98.3382  24.3368  99.8316  25.8146  3.0770
99.6235  24.5257  99.8316  25.8146  3.0247
97.6622  23.9027  99.8316  25.8146  3.1018
98.6668  24.9037  99.8316  25.8146  3.0584
100.8990  25.3230  99.8316  25.8146  3.0074
99.5713  23.7032  99.8316  25.8146  3.0628
97.9699  24.7130  99.8316  25.8146  3.0313
99.8799  24.7112  99.8316  25.8146  3.0626
100.8960  25.5945  99.8316  25.8146  2.9820
99.3404  24.5305  99.8316  25.8146  3.0337
98.3349  25.2175  99.8316  25.8146  3.0007
100.8160  25.0395  99.8316  25.8146  2.9819
100.2160  25.0148  99.8316  25.8146  3.0576
97.6568  24.6108  99.8316  25.8146  3.0364
98.8634  25.4505  99.8316  25.8146  3.0096
99.7242  24.0204  99.8316  25.8146  3.0608
98.2175  24.6619  99.8316  25.8146  3.0435
100.3200  25.2400  99.8316  25.8146  2.9521
99.2375  25.4847  99.8316  25.8146  2.9859
99.6453  24.8769  99.8316  25.8146  3.0279
98.5651  24.1350  99.8316  25.8146  3.0454
98.5433  25.5117  99.8316  25.8146  2.9863
100.4900  25.3500  99.8316  25.8146  2.9898
99.0268  23.8963  99.8316  25.8146  3.0669
99.5529  24.2045  99.8316  25.8146  3.0457
98.8783  23.5554  99.8316  25.8146  3.0741
100.2940  23.5890  99.8316  25.8146  3.1156
100.5230  25.0541  99.8316  25.8146  2.9565
100.4120  23.9586  99.8316  25.8146  3.1181
100.4990  25.5666  99.8316  25.8146  2.9963
97.7332  24.3999  99.8316  25.8146  3.0403
97.9350  25.1078  99.8316  25.8146  3.0000
100.8080  24.4547  99.8316  25.8146  2.9861
99.0325  24.5549  99.8316  25.8146  3.0191
98.0252  24.4972  100.5230  25.0541  3.0422
99.0268  23.8963  100.5230  25.0541  3.1184
99.0325  24.5549  100.5230  25.0541  3.0335
98.8634  25.4505  100.5230  25.0541  3.0130
99.0384  24.3221  100.5230  25.0541  2.9999
97.6622  23.9027  100.5230  25.0541  3.0452
98.3382  24.3368  100.5230  25.0541  3.0183
99.5529  24.2045  100.5230  25.0541  3.0715
97.9699  24.7130  100.5230  25.0541  3.0157
97.9350  25.1078  100.5230  25.0541  3.0093
97.7332  24.3999  100.5230  25.0541  3.0438
99.8799  24.7112  100.5230  25.0541  3.0807
98.6668  24.9037  100.5230  25.0541  3.0147
99.6235  24.5257  100.5230  25.0541  3.0480
98.8350  24.6942  100.5230  25.0541  2.9951
98.4849  24.7484  100.5230  25.0541  3.0162
99.6453  24.8769  100.5230  25.0541  3.0007
99.2375  25.4847  100.5230  25.0541  2.9658
99.4801  25.0480  100.5230  25.0541  2.9980
99.5713  23.7032  100.5230  25.0541  3.0942
99.1663  24.7523  100.5230  25.0541  3.0133
97.7857  24.1826  100.5230  25.0541  3.0563
98.8431  25.1964  100.5230  25.0541  3.0050
98.3349  25.2175  100.5230  25.0541  2.9907
99.7242  24.0204  100.5230  25.0541  3.1062
98.8783  23.5554  100.5230  25.0541  3.0783
99.3404  24.5305  100.5230  25.0541  2.9970
98.5433  25.5117  100.5230  25.0541  2.9883
97.6568  24.6108  100.5230  25.0541  3.0293
98.2175  24.6619  100.5230  25.0541  3.0173
99.6453  24.8769  100.4990  25.5666  2.9601
100.8160  25.0395  100.4990  25.5666  3.0939
99.8799  24.7112  100.4990  25.5666  2.9783
97.9699  24.7130  100.4990  25.5666  2.9868
98.3349  25.2175  100.4990  25.5666  3.0046
98.0252  24.4972  100.4990  25.5666  3.0107
97.6622  23.9027  100.4990  25.5666  3.0436
99.5529  24.2045  100.4990  25.5666  3.0557
98.6668  24.9037  100.4990  25.5666  3.0028
97.7332  24.3999  100.4990  25.5666  3.0184
97.7857  24.1826  100.4990  25.5666  3.0376
100.3690  24.1603  100.4990  25.5666  3.0426
98.8431  25.1964  100.4990  25.5666  3.0151
100.4690  24.5924  100.4990  25.5666  3.0070
99.9445  24.3191  100.4990  25.5666  3.0990
99.0268  23.8963  100.4990  25.5666  3.0278
99.0325  24.5549  100.4990  25.5666  2.9936
98.8634  25.4505  100.4990  25.5666  3.0032
98.4849  24.7484  100.4990  25.5666  2.9834
99.1663  24.7523  100.4990  25.5666  2.9727
99.2375  25.4847  100.4990  25.5666  2.9521
98.3382  24.3368  100.4990  25.5666  3.0115
100.4120  23.9586  100.4990  25.5666  3.0635
99.6235  24.5257  100.4990  25.5666  3.0294
97.9350  25.1078  100.4990  25.5666  3.0104
98.2175  24.6619  100.4990  25.5666  3.0035
97.6568  24.6108  100.4990  25.5666  2.9983
99.3404  24.5305  100.4990  25.5666  2.9685
98.8350  24.6942  100.4990  25.5666  2.9808
100.1000  25.9100  100.4990  25.5666  2.9573
99.8346  24.9958  100.8990  25.3230  2.9660
99.0384  24.3221  100.8990  25.3230  3.0073
98.8431  25.1964  100.8990  25.3230  2.9686
100.5960  26.2944  100.8990  25.3230  3.0294
99.6235  24.5257  100.8990  25.3230  2.9964
97.6568  24.6108  100.8990  25.3230  3.0116
99.0325  24.5549  100.8990  25.3230  2.9850
100.1990  24.7084  100.8990  25.3230  2.9643
98.2175  24.6619  100.8990  25.3230  3.0023
98.5433  25.5117  100.8990  25.3230  2.9562
98.3349  25.2175  100.8990  25.3230  2.9639
97.9350  25.1078  100.8990  25.3230  2.9818
98.8634  25.4505  100.8990  25.3230  2.9678
98.5651  24.1350  100.8990  25.3230  3.0257
99.4801  25.0480  100.8990  25.3230  2.9600
98.8783  23.5554  100.8990  25.3230  3.0561
99.5529  24.2045  100.8990  25.3230  3.0201
99.1663  24.7523  100.8990  25.3230  2.9787
98.4849  24.7484  100.8990  25.3230  3.0003
98.0252  24.4972  100.8990  25.3230  3.0125
98.8350  24.6942  100.8990  25.3230  2.9818
100.7810  24.1990  100.8990  25.3230  3.0755
99.7242  24.0204  100.8990  25.3230  3.0432
97.7332  24.3999  100.8990  25.3230  3.0169
97.9699  24.7130  100.8990  25.3230  2.9972
99.0268  23.8963  100.8990  25.3230  3.0401
100.0910  24.8650  100.8990  25.3230  2.9627
99.8799  24.7112  100.8990  25.3230  3.0011
97.7857  24.1826  100.8990  25.3230  3.0364
100.8080  24.4547  100.8990  25.3230  3.0368
99.5713  23.7032  100.8990  25.3230  3.0752
100.4690  24.5924  100.8990  25.3230  3.0410
99.6453  24.8769  100.8990  25.3230  3.0122
98.6668  24.9037  100.8990  25.3230  2.9880
99.3404  24.5305  100.8990  25.3230  2.9990
100.7200  24.6420  98.5651  24.1350  3.0682
100.0910  24.8650  98.5651  24.1350  3.0766
99.5713  23.7032  98.5651  24.1350  3.0678
100.8160  25.0395  98.5651  24.1350  3.0547
98.8783  23.5554  98.5651  24.1350  2.9867
99.9445  24.3191  98.5651  24.1350  3.0435
100.4690  24.5924  98.5651  24.1350  3.0780
99.5529  24.2045  98.5651  24.1350  3.0694
100.2940  23.5890  98.5651  24.1350  3.0624
100.4120  23.9586  98.5651  24.1350  3.0601
99.7242  24.0204  98.5651  24.1350  3.0457
100.7810  24.1990  98.5651  24.1350  3.0505
100.8080  24.4547  98.5651  24.1350  3.0707
100.3690  24.1603  98.5651  24.1350  3.0602
100.1990  24.7084  98.5651  24.1350  3.0922
99.8799  24.7112  98.5651  24.1350  3.0851
97.9699  24.7130  98.8634  25.4505  3.0750
100.2940  23.5890  98.8634  25.4505  3.0461
100.4120  23.9586  98.8634  25.4505  3.0677
99.1663  24.7523  98.8634  25.4505  3.0967
100.8160  25.0395  98.8634  25.4505  2.9926
97.6622  23.9027  98.8634  25.4505  3.0833
100.0910  24.8650  98.8634  25.4505  3.1199
99.0384  24.3221  98.8634  25.4505  3.1242
99.3404  24.5305  98.8634  25.4505  3.0598
99.8799  24.7112  98.8634  25.4505  3.0819
99.7242  24.0204  98.8634  25.4505  3.0506
100.3690  24.1603  98.8634  25.4505  3.0887
99.6453  24.8769  98.8634  25.4505  3.0605
97.9350  25.1078  98.8634  25.4505  3.0366
99.5529  24.2045  98.8634  25.4505  3.0397
100.7810  24.1990  98.8634  25.4505  3.0986
97.7332  24.3999  98.8634  25.4505  3.0619
98.2175  24.6619  98.8634  25.4505  3.0249
99.9445  24.3191  98.8634  25.4505  3.0296
97.7857  24.1826  98.8634  25.4505  3.0841
98.0252  24.4972  98.8634  25.4505  3.0601
99.6235  24.5257  98.8634  25.4505  3.0142
97.6568  24.6108  98.8634  25.4505  3.0675
99.8346  24.9958  98.8634  25.4505  3.1248
99.0268  23.8963  98.8634  25.4505  3.1174
98.8783  23.5554  98.8634  25.4505  3.1147
99.0325  24.5549  98.8634  25.4505  3.0944
99.4801  25.0480  98.8634  25.4505  3.1168
99.5713  23.7032  98.8634  25.4505  3.0695
98.3349  25.2175  99.4137  25.2954  3.0327
97.6622  23.9027  99.4137  25.2954  3.1338
99.5529  24.2045  99.4137  25.2954  3.0553
97.7332  24.3999  99.4137  25.2954  3.0809
99.6453  24.8769  99.4137  25.2954  3.0740
98.8431  25.1964  99.4137  25.2954  3.0667
98.8634  25.4505  99.4137  25.2954  3.0723
100.4990  25.5666  99.4137  25.2954  2.9756
100.8960  25.5945  99.4137  25.2954  2.9582
99.0268  23.8963  99.4137  25.2954  3.0750
100.4120  23.9586  99.4137  25.2954  3.1296
97.6568  24.6108  99.4137  25.2954  3.0372
97.9350  25.1078  99.4137  25.2954  3.0530
100.4690  24.5924  99.4137  25.2954  3.1272
100.5230  25.0541  99.4137  25.2954  2.9640
99.0384  24.3221  99.4137  25.2954  3.1056
99.0325  24.5549  99.4137  25.2954  3.0352
100.2160  25.0148  99.4137  25.2954  3.0240
99.6235  24.5257  99.4137  25.2954  3.0653
98.8783  23.5554  99.4137  25.2954  3.0987
99.9445  24.3191  99.4137  25.2954  3.1355
99.7242  24.0204  99.4137  25.2954  3.0827
98.6668  24.9037  99.4137  25.2954  3.1033
100.7200  24.6420  99.4137  25.2954  3.1357
99.8799  24.7112  99.4137  25.2954  3.1216
97.9699  24.7130  99.4137  25.2954  3.0336
98.3382  24.3368  99.4137  25.2954  3.0974
98.5433  25.5117  99.4137  25.2954  2.9905
99.1663  24.7523  99.4137  25.2954  2.9735
98.2175  24.6619  99.4137  25.2954  3.0683
100.2940  23.5890  99.4137  25.2954  3.1126
99.5713  23.7032  99.4137  25.2954  3.0683
100.5960  26.2944  99.4137  25.2954  3.0103
97.7857  24.1826  99.4137  25.2954  3.1073
100.8160  25.0395  99.4137  25.2954  2.9594
98.5651  24.1350  99.4137  25.2954  3.0515
98.4849  24.7484  99.4137  25.2954  3.0732
98.0252  24.4972  99.4137  25.2954  3.0583
98.8350  24.6942  99.4137  25.2954  3.0524
100.1000  25.9100  99.4137  25.2954  3.0001
100.3690  24.1603  99.4137  25.2954  3.1133
98.5651  24.1350  97.6622  23.9027  3.1238
99.8799  24.7112  97.6622  23.9027  3.1032
100.8080  24.4547  97.6622  23.9027  3.0747
100.7810  24.1990  97.6622  23.9027  3.0469
100.4690  24.5924  97.6622  23.9027  3.0941
100.4120  23.9586  97.6622  23.9027  3.0535
100.7200  24.6420  97.6622  23.9027  3.0736
99.5713  23.7032  97.6622  23.9027  3.0249
99.0268  23.8963  97.6622  23.9027  3.0114
98.8783  23.5554  97.6622  23.9027  3.0302
100.2940  23.5890  97.6622  23.9027  3.0262
99.9445  24.3191  97.6622  23.9027  3.0593
100.3690  24.1603  97.6622  23.9027  3.0567
100.1990  24.7084  97.6622  23.9027  3.0791
99.7242  24.0204  97.6622  23.9027  3.0474
97.9350  25.1078  99.9868  25.4893  3.0269
100.4990  25.5666  99.9868  25.4893  2.9765
98.6668  24.9037  99.9868  25.4893  2.9716
98.0252  24.4972  99.9868  25.4893  3.0194
97.6568  24.6108  99.9868  25.4893  3.0082
97.7857  24.1826  99.9868  25.4893  3.0430
98.8431  25.1964  99.9868  25.4893  3.0295
100.8160  25.0395  99.9868  25.4893  2.9907
99.6453  24.8769  99.9868  25.4893  3.0445
98.4849  24.7484  99.9868  25.4893  2.9810
98.5433  25.5117  99.9868  25.4893  2.9739
99.2375  25.4847  99.9868  25.4893  2.9470
98.2175  24.6619  99.9868  25.4893  3.0051
99.9445  24.3191  99.9868  25.4893  3.0914
99.7242  24.0204  99.9868  25.4893  3.0711
99.6235  24.5257  99.9868  25.4893  3.0346
100.8960  25.5945  99.9868  25.4893  2.9793
99.5713  23.7032  99.9868  25.4893  3.0823
98.8634  25.4505  99.9868  25.4893  3.0112
100.2940  23.5890  99.9868  25.4893  3.1135
99.5529  24.2045  99.9868  25.4893  3.0536
98.5651  24.1350  99.9868  25.4893  3.0362
100.3690  24.1603  99.9868  25.4893  3.0979
100.8080  24.4547  99.9868  25.4893  3.0762
100.5960  26.2944  99.9868  25.4893  3.0560
98.3349  25.2175  99.9868  25.4893  3.0066
97.7332  24.3999  99.9868  25.4893  3.0238
97.9699  24.7130  99.9868  25.4893  2.9944
100.4690  24.5924  99.9868  25.4893  3.0990
99.3404  24.5305  99.9868  25.4893  3.0594
99.8316  25.8146  99.4300  26.2040  3.0195
99.5529  24.2045  99.4300  26.2040  3.0478
98.4849  24.7484  99.4300  26.2040  3.0878
100.8160  25.0395  99.4300  26.2040  3.0304
100.3200  25.2400  99.4300  26.2040  3.0041
100.1000  25.9100  99.4300  26.2040  3.0156
100.4900  25.3500  99.4300  26.2040  2.9701
98.2175  24.6619  99.4300  26.2040  3.0617
99.4801  25.0480  99.4300  26.2040  3.0343
98.6668  24.9037  99.4300  26.2040  3.1139
98.8431  25.1964  99.4300  26.2040  3.1056
98.3382  24.3368  99.4300  26.2040  3.0846
97.6622  23.9027  99.4300  26.2040  3.0728
99.7771  25.3419  99.4300  26.2040  3.0078
100.4990  25.5666  99.4300  26.2040  2.9940
100.5960  26.2944  99.4300  26.2040  2.9817
100.2940  23.5890  99.4300  26.2040  3.0911
99.1663  24.7523  99.4300  26.2040  3.0567
97.9350  25.1078  99.4300  26.2040  3.0445
97.9699  24.7130  99.4300  26.2040  3.0474
100.5200  25.8500  99.4300  26.2040  3.0043
100.8560  25.9242  99.4300  26.2040  2.9712
98.3349  25.2175  99.4300  26.2040  3.0575
99.0384  24.3221  99.4300  26.2040  3.0633
100.2160  25.0148  99.4300  26.2040  3.0400
98.8634  25.4505  99.4300  26.2040  3.1188
98.5433  25.5117  99.4300  26.2040  3.0694
97.7332  24.3999  99.4300  26.2040  3.0761
99.8799  24.7112  99.4300  26.2040  3.0296
99.8346  24.9958  99.4300  26.2040  2.9836
99.6235  24.5257  99.4300  26.2040  3.0678
97.7857  24.1826  99.4300  26.2040  3.0680
100.4120  23.9586  99.4300  26.2040  3.0633
98.8783  23.5554  99.4300  26.2040  3.0646
99.7280  25.5410  99.4300  26.2040  3.0247
99.7242  24.0204  99.4300  26.2040  3.0486
98.0252  24.4972  99.4300  26.2040  3.0750
100.8990  25.3230  99.4300  26.2040  2.9705
100.3690  24.1603  99.4300  26.2040  3.0703
100.5230  25.0541  99.4300  26.2040  2.9802
99.5713  23.7032  99.4300  26.2040  3.0573
98.3382  24.3368  99.1663  24.7523  3.0970
100.0910  24.8650  99.1663  24.7523  3.0279
99.9445  24.3191  99.1663  24.7523  3.0130
98.2175  24.6619  99.1663  24.7523  3.0440
100.8080  24.4547  99.1663  24.7523  3.0568
98.0252  24.4972  99.1663  24.7523  3.0907
97.7332  24.3999  99.1663  24.7523  3.0846
98.8783  23.5554  99.1663  24.7523  3.0815
100.4120  23.9586  99.1663  24.7523  3.0259
99.5529  24.2045  99.1663  24.7523  3.0007
97.6568  24.6108  99.1663  24.7523  3.0472
97.9350  25.1078  99.1663  24.7523  3.0400
100.4690  24.5924  99.1663  24.7523  3.0258
100.7200  24.6420  99.1663  24.7523  3.0452
99.5713  23.7032  99.1663  24.7523  3.0393
100.2940  23.5890  99.1663  24.7523  3.0210
100.7810  24.1990  99.1663  24.7523  3.0466
97.9699  24.7130  99.1663  24.7523  3.0015
99.0268  23.8963  99.1663  24.7523  3.0692
100.8160  25.0395  99.1663  24.7523  3.0198
98.5651  24.1350  99.1663  24.7523  3.0909
100.1990  24.7084  99.1663  24.7523  3.0169
99.7242  24.0204  99.1663  24.7523  3.0624
100.3690  24.1603  99.1663  24.7523  3.0117
97.7857  24.1826  99.1663  24.7523  3.1214
97.7857  24.1826  99.6453  24.8769  3.0872
100.4120  23.9586  99.6453  24.8769  3.0800
97.9699  24.7130  99.6453  24.8769  3.0080
99.0268  23.8963  99.6453  24.8769  3.1276
100.7200  24.6420  99.6453  24.8769  3.1341
100.0910  24.8650  99.6453  24.8769  3.0719
99.7242  24.0204  99.6453  24.8769  3.0664
98.3382  24.3368  99.6453  24.8769  3.0604
100.3690  24.1603  99.6453  24.8769  3.0522
100.8160  25.0395  99.6453  24.8769  3.0097
100.2940  23.5890  99.6453  24.8769  3.0910
99.5529  24.2045  99.6453  24.8769  3.0140
98.8783  23.5554  99.6453  24.8769  3.0913
97.9350  25.1078  99.6453  24.8769  2.9923
98.2175  24.6619  99.6453  24.8769  3.0103
99.5713  23.7032  99.6453  24.8769  3.0653
100.1990  24.7084  99.6453  24.8769  3.0931
98.0252  24.4972  99.6453  24.8769  3.0630
97.6568  24.6108  99.6453  24.8769  3.0291
97.7332  24.3999  99.6453  24.8769  3.0617
99.5529  24.2045  97.9350  25.1078  3.0196
98.8783  23.5554  97.9350  25.1078  3.0612
100.4690  24.5924  97.9350  25.1078  3.0291
99.5713  23.7032  97.9350  25.1078  3.0259
98.0252  24.4972  97.9350  25.1078  3.0241
98.5651  24.1350  97.9350  25.1078  3.0739
100.7810  24.1990  97.9350  25.1078  3.0351
99.8799  24.7112  97.9350  25.1078  3.0059
99.0268  23.8963  97.9350  25.1078  3.0362
100.7200  24.6420  97.9350  25.1078  3.0472
100.8160  25.0395  97.9350  25.1078  3.0058
100.0910  24.8650  97.9350  25.1078  3.0299
99.9445  24.3191  97.9350  25.1078  3.0110
100.8080  24.4547  97.9350  25.1078  3.0683
100.3690  24.1603  97.9350  25.1078  3.0293
100.1990  24.7084  97.9350  25.1078  3.0249
100.8160  25.0395  99.0268  23.8963  3.0627
100.7810  24.1990  99.0268  23.8963  3.0491
100.7200  24.6420  99.0268  23.8963  3.0570
100.4120  23.9586  99.0268  23.8963  3.0482
99.5713  23.7032  99.0268  23.8963  3.1160
99.7242  24.0204  99.0268  23.8963  3.0444
100.8080  24.4547  99.0268  23.8963  3.1256
100.2940  23.5890  99.0268  23.8963  3.0783
99.5529  24.2045  98.8350  24.6942  3.0425
97.7332  24.3999  98.8350  24.6942  3.1016
97.9699  24.7130  98.8350  24.6942  3.0064
97.9350  25.1078  98.8350  24.6942  3.0793
97.7857  24.1826  98.8350  24.6942  3.1254
98.2175  24.6619  98.8350  24.6942  3.0063
99.6453  24.8769  98.8350  24.6942  2.9961
98.8783  23.5554  98.8350  24.6942  3.0942
98.0252  24.4972  98.8350  24.6942  3.0827
100.4120  23.9586  98.8350  24.6942  3.0556
97.6568  24.6108  98.8350  24.6942  3.0280
100.3690  24.1603  98.8350  24.6942  3.0268
99.9445  24.3191  98.8350  24.6942  2.9888
100.7810  24.1990  98.8350  24.6942  3.0261
99.1663  24.7523  98.8350  24.6942  2.9999
100.1990  24.7084  98.8350  24.6942  3.0172
99.8799  24.7112  98.8350  24.6942  2.9885
100.7200  24.6420  98.8350  24.6942  3.0562
99.7242  24.0204  98.8350  24.6942  3.0585
98.3382  24.3368  98.8350  24.6942  3.0627
99.4801  25.0480  98.8350  24.6942  2.9640
100.8080  24.4547  98.8350  24.6942  3.0671
100.8160  25.0395  98.8350  24.6942  3.0177
99.6235  24.5257  98.8350  24.6942  3.0010
100.0910  24.8650  98.8350  24.6942  3.0561
99.8346  24.9958  98.8350  24.6942  3.0259
99.5713  23.7032  98.8350  24.6942  3.0252
100.4690  24.5924  98.8350  24.6942  3.0241
99.3404  24.5305  98.8350  24.6942  3.0445
99.0268  23.8963  100.1000  25.9100  3.0719
99.0325  24.5549  100.1000  25.9100  2.9786
98.8350  24.6942  100.1000  25.9100  2.9867
98.8431  25.1964  100.1000  25.9100  2.9963
100.8080  24.4547  100.1000  25.9100  3.0157
97.6568  24.6108  100.1000  25.9100  3.0511
99.5529  24.2045  100.1000  25.9100  3.0454
99.7242  24.0204  100.1000  25.9100  3.0463
97.7332  24.3999  100.1000  25.9100  3.0317
98.8783  23.5554  100.1000  25.9100  3.0687
100.7200  24.6420  100.1000  25.9100  2.9582
98.3349  25.2175  100.1000  25.9100  3.0031
98.2175  24.6619  100.1000  25.9100  3.0190
98.4849  24.7484  100.1000  25.9100  3.0282
98.8634  25.4505  100.1000  25.9100  3.0809
98.6668  24.9037  100.1000  25.9100  3.0299
97.9350  25.1078  100.1000  25.9100  3.0144
97.7857  24.1826  100.1000  25.9100  3.0553
99.6453  24.8769  100.1000  25.9100  3.0392
100.4120  23.9586  100.1000  25.9100  3.0651
97.9699  24.7130  100.1000  25.9100  3.0539
99.4801  25.0480  100.1000  25.9100  2.9888
99.1663  24.7523  100.1000  25.9100  2.9869
98.0252  24.4972  100.1000  25.9100  3.0457
98.5651  24.1350  100.1000  25.9100  3.0290
98.3382  24.3368  100.1000  25.9100  3.0180
99.3404  24.5305  100.1000  25.9100  3.0339
100.2940  23.5890  100.1000  25.9100  3.0764
99.2375  25.4847  100.1000  25.9100  3.0672
99.0384  24.3221  100.1000  25.9100  3.0379
98.5433  25.5117  100.1000  25.9100  3.0321
99.6235  24.5257  100.1000  25.9100  3.0160
100.3690  24.1603  98.0252  24.4972  3.0359
99.5529  24.2045  98.0252  24.4972  3.0350
100.1990  24.7084  98.0252  24.4972  3.0496
100.0910  24.8650  98.0252  24.4972  3.0619
100.7810  24.1990  98.0252  24.4972  3.0489
100.8080  24.4547  98.0252  24.4972  3.0567
99.8799  24.7112  98.0252  24.4972  3.0463
100.8160  25.0395  98.0252  24.4972  3.0455
99.0268  23.8963  98.0252  24.4972  3.1157
100.4690  24.5924  98.0252  24.4972  3.0403
100.4120  23.9586  98.0252  24.4972  3.0568
99.5713  23.7032  98.0252  24.4972  3.0929
98.8783  23.5554  98.0252  24.4972  3.0498
99.7242  24.0204  98.0252  24.4972  3.0585
99.9445  24.3191  98.0252  24.4972  3.0430
100.7200  24.6420  98.0252  24.4972  3.0568
99.6235  24.5257  100.8960  25.5945  3.0036
99.1663  24.7523  100.8960  25.5945  2.9838
99.9445  24.3191  100.8960  25.5945  3.0480
99.3404  24.5305  100.8960  25.5945  3.0063
99.0384  24.3221  100.8960  25.5945  3.0048
98.8634  25.4505  100.8960  25.5945  2.9941
98.2175  24.6619  100.8960  25.5945  2.9933
100.8080  24.4547  100.8960  25.5945  3.0504
99.6453  24.8769  100.8960  25.5945  2.9673
100.7200  24.6420  100.8960  25.5945  2.9990
99.2375  25.4847  100.8960  25.5945  2.9493
100.5960  26.2944  100.8960  25.5945  3.1046
98.8350  24.6942  100.8960  25.5945  2.9651
98.3382  24.3368  100.8960  25.5945  3.0012
98.6668  24.9037  100.8960  25.5945  2.9853
100.7810  24.1990  100.8960  25.5945  3.0755
97.9350  25.1078  100.8960  25.5945  3.0063
100.1000  25.9100  100.8960  25.5945  2.9950
98.5651  24.1350  100.8960  25.5945  3.0331
97.6568  24.6108  100.8960  25.5945  2.9996
98.0252  24.4972  100.8960  25.5945  2.9964
99.0268  23.8963  100.8960  25.5945  3.0231
97.7332  24.3999  100.8960  25.5945  3.0032
99.5713  23.7032  100.8960  25.5945  3.0648
99.0325  24.5549  100.8960  25.5945  2.9892
99.4801  25.0480  100.8960  25.5945  2.9602
98.8783  23.5554  100.8960  25.5945  3.0442
99.7242  24.0204  100.8960  25.5945  3.0670
99.8799  24.7112  100.8960  25.5945  2.9992
98.4849  24.7484  100.8960  25.5945  2.9827
99.5529  24.2045  100.8960  25.5945  3.0055
98.3349  25.2175  100.8960  25.5945  2.9958
100.1990  24.7084  100.8960  25.5945  2.9744
100.3690  24.1603  100.8960  25.5945  3.0157
100.4120  23.9586  100.8960  25.5945  3.0854
98.5433  25.5117  100.8960  25.5945  2.9522
97.9699  24.7130  100.8960  25.5945  2.9877
98.8431  25.1964  100.8960  25.5945  2.9986
97.7857  24.1826  100.8960  25.5945  3.0233
99.0268  23.8963  99.9445  24.3191  3.1080
100.4120  23.9586  99.9445  24.3191  3.0317
100.8080  24.4547  99.9445  24.3191  3.1109
100.7200  24.6420  99.9445  24.3191  3.1057
99.5713  23.7032  99.9445  24.3191  3.1145
100.2940  23.5890  99.9445  24.3191  3.1110
98.8783  23.5554  99.9445  24.3191  3.0724
100.7810  24.1990  99.9445  24.3191  3.0136
100.8160  25.0395  99.9445  24.3191  3.1097
100.3690  24.1603  99.9445  24.3191  2.9920
99.5529  24.2045  99.9445  24.3191  3.0345
100.7200  24.6420  99.7771  25.3419  3.0805
97.9699  24.7130  99.7771  25.3419  3.0044
97.6622  23.9027  99.7771  25.3419  3.0700
98.4849  24.7484  99.7771  25.3419  3.0080
100.4990  25.5666  99.7771  25.3419  2.9492
98.8634  25.4505  99.7771  25.3419  3.0356
98.8350  24.6942  99.7771  25.3419  2.9947
98.0252  24.4972  99.7771  25.3419  3.0319
98.5433  25.5117  99.7771  25.3419  2.9791
100.3690  24.1603  99.7771  25.3419  3.0753
97.7332  24.3999  99.7771  25.3419  3.0312
97.6568  24.6108  99.7771  25.3419  3.0181
99.0325  24.5549  99.7771  25.3419  2.9744
99.3404  24.5305  99.7771  25.3419  3.0481
98.5651  24.1350  99.7771  25.3419  3.0419
98.3349  25.2175  99.7771  25.3419  3.0052
100.2940  23.5890  99.7771  25.3419  3.1290
98.3382  24.3368  99.7771  25.3419  3.0461
100.2160  25.0148  99.7771  25.3419  3.0366
99.5529  24.2045  99.7771  25.3419  3.0471
98.8431  25.1964  99.7771  25.3419  3.0335
99.7242  24.0204  99.7771  25.3419  3.0650
97.9350  25.1078  99.7771  25.3419  3.0243
99.0268  23.8963  99.7771  25.3419  3.1189
98.8783  23.5554  99.7771  25.3419  3.1105
98.6668  24.9037  99.7771  25.3419  3.0417
97.7857  24.1826  99.7771  25.3419  3.0610
99.5713  23.7032  99.7771  25.3419  3.0602
98.2175  24.6619  99.7771  25.3419  3.0082
100.0910  24.8650  99.7771  25.3419  3.0706
100.8960  25.5945  99.7771  25.3419  2.9553
99.2375  25.4847  99.7771  25.3419  2.9763
97.7857  24.1826  100.5960  26.2944  3.0159
100.0910  24.8650  100.5960  26.2944  2.9909
99.4801  25.0480  100.5960  26.2944  2.9997
99.5713  23.7032  100.5960  26.2944  3.0746
99.6235  24.5257  100.5960  26.2944  3.0791
100.8160  25.0395  100.5960  26.2944  3.0556
99.8799  24.7112  100.5960  26.2944  3.0465
100.3690  24.1603  100.5960  26.2944  3.0478
98.5651  24.1350  100.5960  26.2944  3.0463
99.7242  24.0204  100.5960  26.2944  3.0676
97.9699  24.7130  100.5960  26.2944  3.0332
99.8346  24.9958  100.5960  26.2944  3.0400
98.6668  24.9037  100.5960  26.2944  3.0431
100.2940  23.5890  100.5960  26.2944  3.0745
100.1990  24.7084  100.5960  26.2944  3.0245
97.7332  24.3999  100.5960  26.2944  3.0423
99.1663  24.7523  100.5960  26.2944  3.0066
97.6568  24.6108  100.5960  26.2944  3.0345
99.3404  24.5305  100.5960  26.2944  3.0437
100.4120  23.9586  100.5960  26.2944  3.0672
98.8783  23.5554  100.5960  26.2944  3.0906
98.8634  25.4505  100.5960  26.2944  2.9773
98.4849  24.7484  100.5960  26.2944  3.0407
100.4690  24.5924  100.5960  26.2944  3.0396
98.5433  25.5117  100.5960  26.2944  2.9680
99.0268  23.8963  100.5960  26.2944  3.0936
98.2175  24.6619  100.5960  26.2944  3.0440
99.3404  24.5305  100.2160  25.0148  3.0524
98.6668  24.9037  100.2160  25.0148  3.0078
99.1663  24.7523  100.2160  25.0148  3.0720
97.9350  25.1078  100.2160  25.0148  3.0175
100.7200  24.6420  100.2160  25.0148  3.1066
99.0325  24.5549  100.2160  25.0148  3.0554
98.8350  24.6942  100.2160  25.0148  3.0313
97.9699  24.7130  100.2160  25.0148  3.0257
98.8431  25.1964  100.2160  25.0148  3.0152
99.0268  23.8963  100.2160  25.0148  3.0680
98.8634  25.4505  100.2160  25.0148  3.0702
98.5651  24.1350  100.2160  25.0148  3.0815
99.5713  23.7032  100.2160  25.0148  3.1410
99.2375  25.4847  100.2160  25.0148  3.0492
97.7332  24.3999  100.2160  25.0148  3.0677
99.4801  25.0480  100.2160  25.0148  2.9746
98.0252  24.4972  100.2160  25.0148  3.0738
100.8960  25.5945  100.2160  25.0148  2.9603
97.7857  24.1826  100.2160  25.0148  3.0770
98.8783  23.5554  100.2160  25.0148  3.0595
99.0384  24.3221  100.2160  25.0148  3.0496
98.3382  24.3368  100.2160  25.0148  3.0606
97.6568  24.6108  100.2160  25.0148  3.0452
98.5433  25.5117  100.2160  25.0148  3.0295
100.2940  23.5890  100.2160  25.0148  3.1230
99.6453  24.8769  100.2160  25.0148  3.0816
98.3349  25.2175  100.2160  25.0148  3.0080
100.8990  25.3230  100.2160  25.0148  2.9718
99.5713  23.7032  100.1990  24.7084  3.1315
100.7200  24.6420  100.1990  24.7084  3.0473
99.7242  24.0204  100.1990  24.7084  3.0402
100.2940  23.5890  100.1990  24.7084  3.1103
100.4120  23.9586  100.1990  24.7084  3.1320
99.0268  23.8963  100.1990  24.7084  3.1144
100.8080  24.4547  100.1990  24.7084  3.0618
98.8783  23.5554  100.1990  24.7084  3.0624
100.8080  24.4547  98.3382  24.3368  3.0525
99.7242  24.0204  98.3382  24.3368  3.0458
100.3690  24.1603  98.3382  24.3368  3.0335
99.0268  23.8963  98.3382  24.3368  3.1046
99.5713  23.7032  98.3382  24.3368  3.0820
99.5529  24.2045  98.3382  24.3368  3.0181
100.2940  23.5890  98.3382  24.3368  3.1010
98.8783  23.5554  98.3382  24.3368  3.0517
100.1990  24.7084  98.3382  24.3368  3.0506
99.8799  24.7112  98.3382  24.3368  3.0288
99.9445  24.3191  98.3382  24.3368  3.0192
100.7200  24.6420  98.3382  24.3368  3.0379
100.4120  23.9586  98.3382  24.3368  3.0539
100.8160  25.0395  98.3382  24.3368  3.0463
100.7810  24.1990  98.3382  24.3368  3.0444
100.3690  24.1603  100.1700  26.3600  3.0621
99.4137  25.2954  100.1700  26.3600  3.0518
99.0325  24.5549  100.1700  26.3600  3.0556
97.9699  24.7130  100.1700  26.3600  3.0195
98.8431  25.1964  100.1700  26.3600  3.0136
100.4120  23.9586  100.1700  26.3600  3.0768
97.7332  24.3999  100.1700  26.3600  3.0299
99.9445  24.3191  100.1700  26.3600  3.0441
100.2160  25.0148  100.1700  26.3600  3.0012
100.8990  25.3230  100.1700  26.3600  3.0512
99.6235  24.5257  100.1700  26.3600  3.0312
100.8960  25.5945  100.1700  26.3600  3.0574
100.4690  24.5924  100.1700  26.3600  3.0509
98.0252  24.4972  100.1700  26.3600  3.0399
98.5433  25.5117  100.1700  26.3600  2.9934
99.4801  25.0480  100.1700  26.3600  3.0338
98.5651  24.1350  100.1700  26.3600  3.0344
99.7242  24.0204  100.1700  26.3600  3.0431
100.2940  23.5890  100.1700  26.3600  3.0869
100.4990  25.5666  100.1700  26.3600  3.0732
99.2375  25.4847  100.1700  26.3600  2.9680
99.6453  24.8769  100.1700  26.3600  3.0347
100.0910  24.8650  100.1700  26.3600  2.9826
98.4849  24.7484  100.1700  26.3600  3.0274
98.6668  24.9037  100.1700  26.3600  3.0152
99.5529  24.2045  100.1700  26.3600  3.0345
99.1663  24.7523  100.1700  26.3600  3.0304
97.6568  24.6108  100.1700  26.3600  3.0191
99.7280  25.5410  100.1700  26.3600  3.0689
99.4300  26.2040  100.1700  26.3600  2.9854
97.9350  25.1078  100.1700  26.3600  3.0086
100.5960  26.2944  100.1700  26.3600  2.9628
98.3382  24.3368  100.1700  26.3600  3.0278
100.1990  24.7084  100.1700  26.3600  3.0612
100.5230  25.0541  100.1700  26.3600  3.0550
99.0268  23.8963  100.1700  26.3600  3.0574
99.5713  23.7032  100.1700  26.3600  3.0499
98.8783  23.5554  100.1700  26.3600  3.0586
98.8634  25.4505  100.1700  26.3600  3.0064
98.2175  24.6619  100.1700  26.3600  3.0261
99.0384  24.3221  100.1700  26.3600  3.0733
99.4024  25.6322  100.1700  26.3600  2.9517
100.8160  25.0395  98.3349  25.2175  2.9806
97.9350  25.1078  98.3349  25.2175  3.0461
100.4690  24.5924  98.3349  25.2175  3.0373
100.2940  23.5890  98.3349  25.2175  3.0261
99.8346  24.9958  98.3349  25.2175  2.9837
100.7200  24.6420  98.3349  25.2175  3.0255
99.9445  24.3191  98.3349  25.2175  2.9987
99.8799  24.7112  98.3349  25.2175  2.9941
100.7810  24.1990  98.3349  25.2175  3.0774
98.5651  24.1350  98.3349  25.2175  3.0618
99.1663  24.7523  98.3349  25.2175  3.0814
99.4801  25.0480  98.3349  25.2175  2.9710
99.6235  24.5257  98.3349  25.2175  3.0459
100.1990  24.7084  98.3349  25.2175  3.0219
97.7857  24.1826  98.3349  25.2175  3.0939
100.8080  24.4547  98.3349  25.2175  3.0683
98.8634  25.4505  98.3349  25.2175  3.0961
98.6668  24.9037  98.3349  25.2175  3.0318
99.0384  24.3221  98.3349  25.2175  3.0731
98.3382  24.3368  98.3349  25.2175  3.0433
99.0325  24.5549  98.3349  25.2175  3.0639
99.5529  24.2045  98.3349  25.2175  3.0112
98.8350  24.6942  98.3349  25.2175  3.0286
99.6453  24.8769  98.3349  25.2175  2.9844
97.7332  24.3999  98.3349  25.2175  3.0594
98.8431  25.1964  98.3349  25.2175  3.0024
99.3404  24.5305  98.3349  25.2175  3.0495
100.4120  23.9586  98.3349  25.2175  3.0237
99.7242  24.0204  98.3349  25.2175  3.0663
99.0268  23.8963  98.3349  25.2175  3.0187
100.7200  24.6420  98.2175  24.6619  3.0489
100.8160  25.0395  98.2175  24.6619  3.0114
99.9445  24.3191  98.2175  24.6619  2.9878
100.4690  24.5924  98.2175  24.6619  3.0346
98.5651  24.1350  98.2175  24.6619  3.1139
99.5713  23.7032  98.2175  24.6619  3.0611
99.7242  24.0204  98.2175  24.6619  3.0377
99.8799  24.7112  98.2175  24.6619  3.0103
100.8080  24.4547  98.2175  24.6619  3.0520
99.5529  24.2045  98.2175  24.6619  3.0353
98.8783  23.5554  98.2175  24.6619  3.0410
97.6622  23.9027  98.2175  24.6619  3.0729
100.2940  23.5890  98.2175  24.6619  3.0561
100.3690  24.1603  98.2175  24.6619  3.0077
100.4120  23.9586  98.2175  24.6619  3.0532
100.1990  24.7084  98.2175  24.6619  3.0231
99.0268  23.8963  98.2175  24.6619  3.0556
100.7810  24.1990  98.2175  24.6619  3.0253
98.8350  24.6942  100.4900  25.3500  2.9670
98.4849  24.7484  100.4900  25.3500  3.0063
98.3349  25.2175  100.4900  25.3500  2.9642
98.8431  25.1964  100.4900  25.3500  2.9777
98.3382  24.3368  100.4900  25.3500  3.0160
99.5713  23.7032  100.4900  25.3500  3.0946
99.6453  24.8769  100.4900  25.3500  2.9712
97.9699  24.7130  100.4900  25.3500  2.9925
100.3690  24.1603  100.4900  25.3500  3.0467
99.6235  24.5257  100.4900  25.3500  3.0013
97.9350  25.1078  100.4900  25.3500  2.9855
98.5651  24.1350  100.4900  25.3500  3.0350
100.8960  25.5945  100.4900  25.3500  2.9699
97.6622  23.9027  100.4900  25.3500  3.0461
99.4801  25.0480  100.4900  25.3500  2.9890
97.6568  24.6108  100.4900  25.3500  3.0038
99.8799  24.7112  100.4900  25.3500  3.0006
97.7332  24.3999  100.4900  25.3500  3.0242
99.0268  23.8963  100.4900  25.3500  3.0305
98.2175  24.6619  100.4900  25.3500  2.9936
98.5433  25.5117  100.4900  25.3500  2.9521
100.2940  23.5890  100.4900  25.3500  3.0814
98.8783  23.5554  100.4900  25.3500  3.0452
100.8160  25.0395  100.4900  25.3500  3.0812
100.8080  24.4547  100.4900  25.3500  3.0685
98.6668  24.9037  100.4900  25.3500  3.0037
99.0384  24.3221  100.4900  25.3500  3.0116
100.7200  24.6420  100.4900  25.3500  3.0082
100.7810  24.1990  100.4900  25.3500  3.1144
98.0252  24.4972  100.4900  25.3500  3.0137
99.1663  24.7523  100.4900  25.3500  2.9959
99.0325  24.5549  100.4900  25.3500  3.0060
98.8634  25.4505  100.4900  25.3500  2.9648
99.3404  24.5305  100.4900  25.3500  2.9885
99.7242  24.0204  100.4900  25.3500  3.0568
100.7200  24.6420  99.0384  24.3221  3.0572
100.1990  24.7084  99.0384  24.3221  3.0821
99.8799  24.7112  99.0384  24.3221  3.0519
99.6235  24.5257  99.0384  24.3221  3.0448
100.8160  25.0395  99.0384  24.3221  3.0603
98.0252  24.4972  99.0384  24.3221  3.0670
100.3690  24.1603  99.0384  24.3221  3.0070
100.4120  23.9586  99.0384  24.3221  3.0276
97.7332  24.3999  99.0384  24.3221  3.0948
99.8346  24.9958  99.0384  24.3221  3.0162
97.7857  24.1826  99.0384  24.3221  3.0967
98.2175  24.6619  99.0384  24.3221  3.1131
97.9350  25.1078  99.0384  24.3221  3.0379
100.8080  24.4547  99.0384  24.3221  3.0512
99.3404  24.5305  99.0384  24.3221  3.0945
97.6568  24.6108  99.0384  24.3221  3.0573
97.6622  23.9027  99.0384  24.3221  3.1147
98.3382  24.3368  99.0384  24.3221  3.0698
97.9699  24.7130  99.0384  24.3221  3.0394
100.7810  24.1990  99.0384  24.3221  3.0326
100.4690  24.5924  99.0384  24.3221  3.0444
99.9445  24.3191  99.0384  24.3221  2.9601
99.5713  23.7032  99.0384  24.3221  3.0235
100.0910  24.8650  99.0384  24.3221  3.0409
99.0268  23.8963  99.0384  24.3221  2.9644
99.4801  25.0480  98.8863  26.3578  3.1162
99.4300  26.2040  98.8863  26.3578  3.0025
98.2175  24.6619  98.8863  26.3578  3.1079
97.7857  24.1826  98.8863  26.3578  3.0844
98.8431  25.1964  98.8863  26.3578  3.1257
99.4024  25.6322  98.8863  26.3578  3.0704
100.5960  26.2944  98.8863  26.3578  2.9816
100.5200  25.8500  98.8863  26.3578  2.9961
100.4990  25.5666  98.8863  26.3578  3.0141
100.8560  25.9242  98.8863  26.3578  2.9978
99.1663  24.7523  98.8863  26.3578  3.1266
99.5713  23.7032  98.8863  26.3578  3.1009
100.8990  25.3230  98.8863  26.3578  2.9762
100.4690  24.5924  98.8863  26.3578  3.0884
98.8634  25.4505  98.8863  26.3578  3.0122
98.0252  24.4972  98.8863  26.3578  3.1314
100.2520  26.1294  98.8863  26.3578  2.9717
100.4900  25.3500  98.8863  26.3578  2.9725
100.1000  25.9100  98.8863  26.3578  3.0197
99.0268  23.8963  98.8863  26.3578  3.1103
100.2940  23.5890  98.8863  26.3578  3.1085
100.8160  25.0395  98.8863  26.3578  3.0179
100.8960  25.5945  98.8863  26.3578  3.0253
98.3349  25.2175  98.8863  26.3578  3.1345
99.7771  25.3419  98.8863  26.3578  3.0324
99.8316  25.8146  98.8863  26.3578  3.0249
99.7280  25.5410  98.8863  26.3578  3.0226
100.1990  24.7084  98.8863  26.3578  3.0907
100.2160  25.0148  98.8863  26.3578  3.0096
100.7810  24.1990  98.8863  26.3578  3.1077
97.7332  24.3999  98.8863  26.3578  3.1021
97.9699  24.7130  98.8863  26.3578  3.1053
100.8080  24.4547  98.8863  26.3578  3.0920
100.5230  25.0541  98.8863  26.3578  2.9727
100.1700  26.3600  98.8863  26.3578  2.9884
99.8799  24.7112  98.8863  26.3578  3.0995
97.9350  25.1078  98.8863  26.3578  3.0801
98.4849  24.7484  98.8863  26.3578  3.1194
99.6235  24.5257  98.8863  26.3578  3.1130
100.3200  25.2400  98.8863  26.3578  3.0054
97.6568  24.6108  98.8863  26.3578  3.1283
98.6668  24.9037  100.3200  25.2400  3.0171
99.6235  24.5257  100.3200  25.2400  3.1172
100.8080  24.4547  100.3200  25.2400  3.0684
98.5651  24.1350  100.3200  25.2400  3.0678
98.3382  24.3368  100.3200  25.2400  3.0417
98.5433  25.5117  100.3200  25.2400  2.9639
100.8160  25.0395  100.3200  25.2400  2.9846
99.0268  23.8963  100.3200  25.2400  3.0655
97.7857  24.1826  100.3200  25.2400  3.0667
99.1663  24.7523  100.3200  25.2400  3.0428
98.8783  23.5554  100.3200  25.2400  3.0546
98.3349  25.2175  100.3200  25.2400  2.9764
99.0384  24.3221  100.3200  25.2400  3.0394
97.6622  23.9027  100.3200  25.2400  3.0788
99.6453  24.8769  100.3200  25.2400  3.0339
97.9350  25.1078  100.3200  25.2400  3.0043
97.6568  24.6108  100.3200  25.2400  3.0517
99.5529  24.2045  100.3200  25.2400  3.0979
98.8634  25.4505  100.3200  25.2400  2.9720
99.7242  24.0204  100.3200  25.2400  3.0760
98.2175  24.6619  100.3200  25.2400  3.0161
99.0325  24.5549  100.3200  25.2400  3.0093
99.5713  23.7032  100.3200  25.2400  3.0909
98.4849  24.7484  100.3200  25.2400  3.0418
99.3404  24.5305  100.3200  25.2400  3.0258
98.0252  24.4972  100.3200  25.2400  3.0287
100.2940  23.5890  100.3200  25.2400  3.1148
100.8960  25.5945  100.3200  25.2400  2.9785
97.9699  24.7130  100.3200  25.2400  3.0168
97.7332  24.3999  100.3200  25.2400  3.0444
98.8350  24.6942  100.3200  25.2400  3.0267
99.4801  25.0480  100.3200  25.2400  3.0227
100.3690  24.1603  100.3200  25.2400  3.0805
100.7810  24.1990  100.5200  25.8500  3.0983
100.3690  24.1603  100.5200  25.8500  3.0541
98.5651  24.1350  100.5200  25.8500  3.0300
99.3404  24.5305  100.5200  25.8500  3.0097
99.7242  24.0204  100.5200  25.8500  3.0787
98.8783  23.5554  100.5200  25.8500  3.0429
99.0325  24.5549  100.5200  25.8500  2.9834
98.0252  24.4972  100.5200  25.8500  3.0155
99.4801  25.0480  100.5200  25.8500  2.9716
100.8960  25.5945  100.5200  25.8500  2.9956
100.8080  24.4547  100.5200  25.8500  3.0039
97.6622  23.9027  100.5200  25.8500  3.0565
99.5713  23.7032  100.5200  25.8500  3.0762
99.9445  24.3191  100.5200  25.8500  3.0352
98.8431  25.1964  100.5200  25.8500  2.9742
99.8799  24.7112  100.5200  25.8500  3.0256
97.7332  24.3999  100.5200  25.8500  3.0269
100.1990  24.7084  100.5200  25.8500  3.0197
100.2940  23.5890  100.5200  25.8500  3.0726
98.8350  24.6942  100.5200  25.8500  2.9870
100.2160  25.0148  100.5200  25.8500  2.9995
97.9350  25.1078  100.5200  25.8500  2.9956
99.2375  25.4847  100.5200  25.8500  3.0055
98.3382  24.3368  100.5200  25.8500  3.0232
100.7200  24.6420  100.5200  25.8500  3.0398
98.3349  25.2175  100.5200  25.8500  2.9996
99.6453  24.8769  100.5200  25.8500  2.9608
99.4137  25.2954  100.5200  25.8500  2.9813
97.9699  24.7130  100.5200  25.8500  3.0063
99.9868  25.4893  100.5200  25.8500  2.9798
98.5433  25.5117  100.5200  25.8500  2.9854
98.2175  24.6619  100.5200  25.8500  3.0111
99.0268  23.8963  100.5200  25.8500  3.0393
97.7857  24.1826  100.5200  25.8500  3.0365
97.6568  24.6108  100.5200  25.8500  3.0183
99.5529  24.2045  100.5200  25.8500  3.0671
100.8160  25.0395  100.5200  25.8500  3.0803
100.8990  25.3230  100.5200  25.8500  2.9810
100.4690  24.5924  99.8799  24.7112  3.1115
99.7242  24.0204  99.8799  24.7112  3.0762
99.5713  23.7032  99.8799  24.7112  3.0897
99.0268  23.8963  99.8799  24.7112  3.0834
100.7200  24.6420  99.8799  24.7112  3.0645
100.8160  25.0395  99.8799  24.7112  3.0806
98.8783  23.5554  99.8799  24.7112  3.0515
100.4120  23.9586  99.8799  24.7112  3.1142
100.3690  24.1603  99.8799  24.7112  3.0355
99.0384  24.3221  100.2520  26.1294  3.1068
100.8960  25.5945  100.2520  26.1294  3.0354
97.7332  24.3999  100.2520  26.1294  3.0293
99.1663  24.7523  100.2520  26.1294  3.0126
99.7242  24.0204  100.2520  26.1294  3.0493
98.2175  24.6619  100.2520  26.1294  3.0397
100.8080  24.4547  100.2520  26.1294  3.0583
100.5960  26.2944  100.2520  26.1294  3.0903
97.6622  23.9027  100.2520  26.1294  3.0562
99.7280  25.5410  100.2520  26.1294  3.0889
99.6453  24.8769  100.2520  26.1294  3.0401
99.4137  25.2954  100.2520  26.1294  2.9739
99.3404  24.5305  100.2520  26.1294  3.0429
100.2940  23.5890  100.2520  26.1294  3.0905
100.2160  25.0148  100.2520  26.1294  2.9674
98.8350  24.6942  100.2520  26.1294  2.9875
100.3690  24.1603  100.2520  26.1294  3.0544
97.9699  24.7130  100.2520  26.1294  3.0140
98.5651  24.1350  100.2520  26.1294  3.0524
100.4120  23.9586  100.2520  26.1294  3.0702
99.2375  25.4847  100.2520  26.1294  3.0207
100.7200  24.6420  100.2520  26.1294  3.0163
99.5713  23.7032  100.2520  26.1294  3.0384
98.3382  24.3368  100.2520  26.1294  3.0231
97.6568  24.6108  100.2520  26.1294  3.0383
100.8560  25.9242  100.2520  26.1294  2.9891
98.3349  25.2175  100.2520  26.1294  3.0265
99.4801  25.0480  98.5433  25.5117  3.0302
100.8080  24.4547  98.5433  25.5117  3.1088
99.7242  24.0204  98.5433  25.5117  3.0651
97.7857  24.1826  98.5433  25.5117  3.0646
99.0268  23.8963  98.5433  25.5117  3.1022
99.8346  24.9958  98.5433  25.5117  3.0450
98.8350  24.6942  98.5433  25.5117  3.1105
99.5713  23.7032  98.5433  25.5117  3.0548
99.8799  24.7112  98.5433  25.5117  3.0231
99.0384  24.3221  98.5433  25.5117  3.1351
99.6453  24.8769  98.5433  25.5117  3.0518
100.7810  24.1990  98.5433  25.5117  3.0755
99.3404  24.5305  98.5433  25.5117  3.0341
100.4120  23.9586  98.5433  25.5117  3.0265
100.4690  24.5924  98.5433  25.5117  3.0351
98.4849  24.7484  98.5433  25.5117  2.9695
98.3382  24.3368  98.5433  25.5117  3.0594
100.8160  25.0395  98.5433  25.5117  2.9874
99.5529  24.2045  98.5433  25.5117  3.0373
99.0325  24.5549  98.5433  25.5117  3.1330
97.6622  23.9027  98.5433  25.5117  3.0817
98.0252  24.4972  98.5433  25.5117  3.0508
99.9445  24.3191  98.5433  25.5117  3.0083
98.8431  25.1964  98.5433  25.5117  3.0818
100.7200  24.6420  98.5433  25.5117  3.1182
99.6235  24.5257  98.5433  25.5117  3.0174
100.2940  23.5890  98.5433  25.5117  3.0456
98.6668  24.9037  98.5433  25.5117  2.9715
100.3690  24.1603  98.5433  25.5117  3.0403
97.6568  24.6108  98.5433  25.5117  3.0846
99.1663  24.7523  98.5433  25.5117  3.0498
98.5651  24.1350  98.5433  25.5117  3.0709
99.2375  25.4847  98.5433  25.5117  2.9663
98.3382  24.3368  99.0325  24.5549  3.1118
99.7242  24.0204  99.0325  24.5549  3.0904
100.8160  25.0395  99.0325  24.5549  3.0153
100.0910  24.8650  99.0325  24.5549  3.0533
98.0252  24.4972  99.0325  24.5549  3.1026
100.3690  24.1603  99.0325  24.5549  2.9819
99.8799  24.7112  99.0325  24.5549  3.0107
99.6453  24.8769  99.0325  24.5549  3.0186
100.1990  24.7084  99.0325  24.5549  3.0280
99.5713  23.7032  99.0325  24.5549  3.0534
100.2940  23.5890  99.0325  24.5549  3.0591
97.7332  24.3999  99.0325  24.5549  3.1038
97.6622  23.9027  99.0325  24.5549  3.1268
98.8783  23.5554  99.0325  24.5549  3.0805
97.9350  25.1078  99.0325  24.5549  3.0346
99.6235  24.5257  99.0325  24.5549  2.9474
97.6568  24.6108  99.0325  24.5549  3.0433
99.5529  24.2045  99.0325  24.5549  2.9910
99.9445  24.3191  99.0325  24.5549  2.9976
97.9699  24.7130  99.0325  24.5549  3.0244
98.2175  24.6619  99.0325  24.5549  3.0553
100.4120  23.9586  99.0325  24.5549  3.0550
100.8080  24.4547  99.0325  24.5549  3.0401
100.7200  24.6420  99.0325  24.5549  3.0362
100.7810  24.1990  99.0325  24.5549  3.0143
100.4690  24.5924  99.0325  24.5549  3.0204
97.7857  24.1826  99.0325  24.5549  3.1404
99.8346  24.9958  99.0325  24.5549  3.0150
99.9445  24.3191  99.1301  26.2006  3.1192
100.8560  25.9242  99.1301  26.2006  2.9731
100.7200  24.6420  99.1301  26.2006  3.0116
97.6568  24.6108  99.1301  26.2006  3.0953
100.4990  25.5666  99.1301  26.2006  3.0181
99.4300  26.2040  99.1301  26.2006  3.0201
98.8783  23.5554  99.1301  26.2006  3.1085
97.6622  23.9027  99.1301  26.2006  3.1035
100.5960  26.2944  99.1301  26.2006  2.9857
99.7280  25.5410  99.1301  26.2006  2.9881
98.4849  24.7484  99.1301  26.2006  3.1268
99.1663  24.7523  99.1301  26.2006  3.0884
97.9699  24.7130  99.1301  26.2006  3.0896
100.1700  26.3600  99.1301  26.2006  2.9955
100.1990  24.7084  99.1301  26.2006  3.0707
99.8346  24.9958  99.1301  26.2006  3.0909
98.3349  25.2175  99.1301  26.2006  3.0621
100.5200  25.8500  99.1301  26.2006  2.9926
99.2375  25.4847  99.1301  26.2006  3.0708
100.0910  24.8650  99.1301  26.2006  3.0527
98.2175  24.6619  99.1301  26.2006  3.0699
98.0252  24.4972  99.1301  26.2006  3.0915
99.0325  24.5549  99.1301  26.2006  3.1003
97.7332  24.3999  99.1301  26.2006  3.0934
99.5529  24.2045  99.1301  26.2006  3.1101
100.8160  25.0395  99.1301  26.2006  3.0186
99.7771  25.3419  99.1301  26.2006  3.0179
100.2940  23.5890  99.1301  26.2006  3.1302
98.8350  24.6942  99.1301  26.2006  3.1177
100.8080  24.4547  99.1301  26.2006  3.0732
97.9350  25.1078  99.1301  26.2006  3.0750
100.1000  25.9100  99.1301  26.2006  2.9977
98.5433  25.5117  99.1301  26.2006  3.0757
100.4120  23.9586  99.1301  26.2006  3.0918
100.3690  24.1603  99.1301  26.2006  3.0631
100.4690  24.5924  99.1301  26.2006  3.0777
99.4137  25.2954  99.1301  26.2006  3.1375
100.2520  26.1294  99.1301  26.2006  2.9528
99.0384  24.3221  99.1301  26.2006  3.1101
99.0268  23.8963  99.1301  26.2006  3.1162
97.7857  24.1826  99.1301  26.2006  3.1034
97.9699  24.7130  99.6235  24.5257  2.9944
97.7332  24.3999  99.6235  24.5257  3.0353
100.7810  24.1990  99.6235  24.5257  3.0745
100.2940  23.5890  99.6235  24.5257  3.0280
98.8783  23.5554  99.6235  24.5257  3.0772
98.3382  24.3368  99.6235  24.5257  3.0305
100.1990  24.7084  99.6235  24.5257  3.0809
100.3690  24.1603  99.6235  24.5257  3.0672
98.5651  24.1350  99.6235  24.5257  3.0901
98.0252  24.4972  99.6235  24.5257  3.0239
100.8160  25.0395  99.6235  24.5257  3.0677
97.7857  24.1826  99.6235  24.5257  3.0759
99.5713  23.7032  99.6235  24.5257  3.0197
99.1663  24.7523  99.6235  24.5257  2.9574
97.9350  25.1078  99.6235  24.5257  3.0249
97.6622  23.9027  99.6235  24.5257  3.0989
100.4690  24.5924  99.6235  24.5257  3.0449
100.4120  23.9586  99.6235  24.5257  3.0895
100.7200  24.6420  99.6235  24.5257  3.0754
97.6568  24.6108  99.6235  24.5257  3.0069
99.9445  24.3191  99.6235  24.5257  3.0303
100.8080  24.4547  99.6235  24.5257  3.0651
99.7280  25.5410  100.8560  25.9242  3.0468
99.4801  25.0480  100.8560  25.9242  2.9934
97.7857  24.1826  100.8560  25.9242  3.0400
99.9868  25.4893  100.8560  25.9242  3.0348
100.2160  25.0148  100.8560  25.9242  3.0125
98.8783  23.5554  100.8560  25.9242  3.0324
98.8634  25.4505  100.8560  25.9242  3.0260
98.8350  24.6942  100.8560  25.9242  2.9978
98.0252  24.4972  100.8560  25.9242  3.0242
99.4137  25.2954  100.8560  25.9242  2.9676
100.4990  25.5666  100.8560  25.9242  3.0004
98.4849  24.7484  100.8560  25.9242  3.0176
99.6235  24.5257  100.8560  25.9242  3.0341
100.1990  24.7084  100.8560  25.9242  2.9947
98.5651  24.1350  100.8560  25.9242  3.0446
98.5433  25.5117  100.8560  25.9242  2.9952
100.4120  23.9586  100.8560  25.9242  3.0682
99.8799  24.7112  100.8560  25.9242  2.9663
99.0268  23.8963  100.8560  25.9242  3.0425
100.3200  25.2400  100.8560  25.9242  2.9872
100.7200  24.6420  100.8560  25.9242  3.0227
97.6568  24.6108  100.8560  25.9242  3.0236
98.6668  24.9037  100.8560  25.9242  3.0145
98.2175  24.6619  100.8560  25.9242  3.0282
99.0384  24.3221  100.8560  25.9242  3.0225
100.8080  24.4547  100.8560  25.9242  3.0505
100.7810  24.1990  100.8560  25.9242  3.0781
97.7332  24.3999  100.8560  25.9242  3.0275
97.9699  24.7130  100.8560  25.9242  3.0106
99.6453  24.8769  100.8560  25.9242  2.9892
98.3382  24.3368  99.3404  24.5305  3.0729
98.0252  24.4972  99.3404  24.5305  3.0605
100.7810  24.1990  99.3404  24.5305  3.0283
100.3690  24.1603  99.3404  24.5305  3.0107
99.5713  23.7032  99.3404  24.5305  3.0151
99.7242  24.0204  99.3404  24.5305  3.1012
97.7332  24.3999  99.3404  24.5305  3.0497
100.7200  24.6420  99.3404  24.5305  3.0526
97.9699  24.7130  99.3404  24.5305  3.0102
100.4690  24.5924  99.3404  24.5305  3.0262
100.4120  23.9586  99.3404  24.5305  3.0580
98.5651  24.1350  99.3404  24.5305  3.1101
100.2940  23.5890  99.3404  24.5305  3.0768
99.8799  24.7112  99.3404  24.5305  2.9999
100.8080  24.4547  99.3404  24.5305  3.0575
97.6568  24.6108  99.3404  24.5305  3.0401
97.9350  25.1078  99.3404  24.5305  3.0556
100.8160  25.0395  99.3404  24.5305  3.0252
98.2175  24.6619  99.3404  24.5305  3.0174
97.9699  24.7130  98.4849  24.7484  2.9798
98.8634  25.4505  98.4849  24.7484  3.1126
99.0325  24.5549  98.4849  24.7484  3.0408
100.8080  24.4547  98.4849  24.7484  3.0434
100.1990  24.7084  98.4849  24.7484  3.0235
97.7332  24.3999  98.4849  24.7484  3.0818
99.5529  24.2045  98.4849  24.7484  3.0547
97.9350  25.1078  98.4849  24.7484  3.0660
99.9445  24.3191  98.4849  24.7484  3.0026
99.7242  24.0204  98.4849  24.7484  3.0399
100.7200  24.6420  98.4849  24.7484  3.0514
99.8799  24.7112  98.4849  24.7484  2.9886
100.7810  24.1990  98.4849  24.7484  3.0226
99.1663  24.7523  98.4849  24.7484  3.0022
99.6235  24.5257  98.4849  24.7484  2.9970
100.4120  23.9586  98.4849  24.7484  3.0616
99.5713  23.7032  98.4849  24.7484  3.0496
98.0252  24.4972  98.4849  24.7484  3.0751
99.4801  25.0480  98.4849  24.7484  3.0448
99.3404  24.5305  98.4849  24.7484  3.0341
100.3690  24.1603  98.4849  24.7484  3.0162
100.4690  24.5924  98.4849  24.7484  3.0337
100.0910  24.8650  98.4849  24.7484  3.0360
98.8783  23.5554  98.4849  24.7484  3.0455
100.8160  25.0395  98.4849  24.7484  3.0205
97.6568  24.6108  98.4849  24.7484  3.0464
100.2940  23.5890  98.4849  24.7484  3.0623
99.2375  25.4847  98.4849  24.7484  3.1204
100.1990  24.7084  98.6668  24.9037  3.0279
100.7810  24.1990  98.6668  24.9037  3.0701
99.7242  24.0204  98.6668  24.9037  3.0596
99.0268  23.8963  98.6668  24.9037  3.1089
100.4120  23.9586  98.6668  24.9037  3.0373
99.9445  24.3191  98.6668  24.9037  3.0259
100.8080  24.4547  98.6668  24.9037  3.0810
98.8634  25.4505  98.6668  24.9037  3.1126
97.6568  24.6108  98.6668  24.9037  3.0763
99.5529  24.2045  98.6668  24.9037  3.0236
100.0910  24.8650  98.6668  24.9037  3.0320
97.9350  25.1078  98.6668  24.9037  3.0194
99.6235  24.5257  98.6668  24.9037  3.0405
97.7857  24.1826  98.6668  24.9037  3.1071
98.0252  24.4972  98.6668  24.9037  3.1234
99.8346  24.9958  98.6668  24.9037  3.0250
99.0384  24.3221  98.6668  24.9037  3.0899
99.4801  25.0480  98.6668  24.9037  3.0467
97.7332  24.3999  98.6668  24.9037  3.0642
99.1663  24.7523  98.6668  24.9037  3.1362
100.7200  24.6420  98.6668  24.9037  3.0705
97.9699  24.7130  98.6668  24.9037  3.0255
99.8799  24.7112  98.6668  24.9037  3.0204
100.3690  24.1603  98.6668  24.9037  3.0449
100.2940  23.5890  98.6668  24.9037  3.0238
99.5713  23.7032  98.6668  24.9037  3.0518
100.4690  24.5924  98.6668  24.9037  3.0568
99.6453  24.8769  98.6668  24.9037  2.9849
99.5713  23.7032  100.0910  24.8650  3.1352
98.8783  23.5554  100.0910  24.8650  3.0665
100.8080  24.4547  100.0910  24.8650  3.1372
99.0268  23.8963  100.0910  24.8650  3.0629
100.4690  24.5924  100.0910  24.8650  3.0916
100.7200  24.6420  100.0910  24.8650  3.1348
100.8160  25.0395  100.3690  24.1603  3.0829
99.7242  24.0204  100.3690  24.1603  3.0978
99.0268  23.8963  100.3690  24.1603  3.0638
99.5713  23.7032  100.3690  24.1603  3.0524
99.5529  24.2045  100.3690  24.1603  3.0196
100.7810  24.1990  100.3690  24.1603  2.9564
98.8783  23.5554  100.3690  24.1603  3.0604
98.8783  23.5554  100.4690  24.5924  3.1141
100.2940  23.5890  100.4690  24.5924  3.1398
99.0268  23.8963  100.4690  24.5924  3.0852
100.4120  23.9586  100.4690  24.5924  3.1246
99.5529  24.2045  100.4690  24.5924  3.1409
99.7242  24.0204  100.4690  24.5924  3.1071
100.3690  24.1603  100.4690  24.5924  3.0017
98.3349  25.2175  99.4024  25.6322  3.0671
99.5529  24.2045  99.4024  25.6322  3.0665
100.8960  25.5945  99.4024  25.6322  2.9714
99.7242  24.0204  99.4024  25.6322  3.0916
100.4900  25.3500  99.4024  25.6322  2.9588
97.9350  25.1078  99.4024  25.6322  3.0383
100.4120  23.9586  99.4024  25.6322  3.1009
99.6235  24.5257  99.4024  25.6322  3.0796
98.2175  24.6619  99.4024  25.6322  3.0787
98.5433  25.5117  99.4024  25.6322  2.9692
100.7200  24.6420  99.4024  25.6322  3.0445
100.5200  25.8500  99.4024  25.6322  2.9840
98.4849  24.7484  99.4024  25.6322  3.0609
100.7810  24.1990  99.4024  25.6322  3.1103
100.8160  25.0395  99.4024  25.6322  2.9840
100.3200  25.2400  99.4024  25.6322  2.9887
100.1990  24.7084  99.4024  25.6322  3.0702
100.8560  25.9242  99.4024  25.6322  2.9761
98.8431  25.1964  99.4024  25.6322  3.0359
100.8080  24.4547  99.4024  25.6322  3.1064
98.8783  23.5554  99.4024  25.6322  3.0866
97.7332  24.3999  99.4024  25.6322  3.0611
99.1663  24.7523  99.4024  25.6322  3.0375
99.0325  24.5549  99.4024  25.6322  3.0441
99.9445  24.3191  99.4024  25.6322  3.1219
99.5713  23.7032  99.4024  25.6322  3.0643
100.3690  24.1603  99.4024  25.6322  3.0908
99.8346  24.9958  99.4024  25.6322  3.0691
97.6568  24.6108  99.4024  25.6322  3.0632
99.9868  25.4893  99.4024  25.6322  2.9748
99.7280  25.5410  99.4024  25.6322  3.0170
97.9699  24.7130  99.4024  25.6322  3.0672
100.4990  25.5666  99.4024  25.6322  2.9528
100.4690  24.5924  99.4024  25.6322  3.0757
98.8350  24.6942  99.4024  25.6322  3.0608
99.0384  24.3221  99.4024  25.6322  3.0536
100.1000  25.9100  99.4024  25.6322  3.0492
100.0910  24.8650  99.4024  25.6322  3.0281
98.0252  24.4972  99.4024  25.6322  3.0892
98.5651  24.1350  99.4024  25.6322  3.0791
99.8799  24.7112  99.4024  25.6322  3.1042
99.3404  24.5305  99.4024  25.6322  3.0585
100.2160  25.0148  99.4024  25.6322  2.9530
98.6668  24.9037  99.4024  25.6322  3.1159
100.4120  23.9586  98.8783  23.5554  3.0863
100.8080  24.4547  98.8783  23.5554  3.0943
100.8160  25.0395  98.8783  23.5554  3.0922
100.2940  23.5890  98.8783  23.5554  3.0185
97.6622  23.9027  99.2375  25.4847  3.1187
100.7200  24.6420  99.2375  25.4847  3.0971
98.0252  24.4972  99.2375  25.4847  3.1082
97.7857  24.1826  99.2375  25.4847  3.1094
99.5713  23.7032  99.2375  25.4847  3.0455
99.5529  24.2045  99.2375  25.4847  3.0437
99.0384  24.3221  99.2375  25.4847  3.0431
100.3690  24.1603  99.2375  25.4847  3.1145
99.9445  24.3191  99.2375  25.4847  3.0933
100.4120  23.9586  99.2375  25.4847  3.1078
99.8799  24.7112  99.2375  25.4847  3.1020
100.1990  24.7084  99.2375  25.4847  3.1014
100.4690  24.5924  99.2375  25.4847  3.1131
99.7242  24.0204  99.2375  25.4847  3.0813
97.9699  24.7130  99.2375  25.4847  3.0764
99.0268  23.8963  99.2375  25.4847  3.0819
97.7332  24.3999  99.2375  25.4847  3.0951
98.2175  24.6619  99.2375  25.4847  3.0981
99.6453  24.8769  99.2375  25.4847  3.0855
99.1663  24.7523  99.2375  25.4847  3.0294
98.8783  23.5554  99.2375  25.4847  3.0819
99.8346  24.9958  99.2375  25.4847  3.1042
99.0325  24.5549  99.2375  25.4847  3.0683
100.2940  23.5890  99.2375  25.4847  3.0953
99.4801  25.0480  99.2375  25.4847  3.0926
99.6235  24.5257  99.2375  25.4847  3.0730
97.6568  24.6108  99.2375  25.4847  3.0754
97.9350  25.1078  99.2375  25.4847  3.0262
100.8160  25.0395  99.2375  25.4847  2.9490
99.4801  25.0480  98.8431  25.1964  2.9754
99.1663  24.7523  98.8431  25.1964  3.1256
100.4690  24.5924  98.8431  25.1964  3.0815
98.0252  24.4972  98.8431  25.1964  3.0865
100.7810  24.1990  98.8431  25.1964  3.1114
99.5713  23.7032  98.8431  25.1964  3.0514
97.9350  25.1078  98.8431  25.1964  3.0278
99.5529  24.2045  98.8431  25.1964  2.9965
98.2175  24.6619  98.8431  25.1964  3.0298
99.8799  24.7112  98.8431  25.1964  3.0424
100.7200  24.6420  98.8431  25.1964  3.0838
100.1990  24.7084  98.8431  25.1964  3.0552
100.8160  25.0395  98.8431  25.1964  2.9933
99.9445  24.3191  98.8431  25.1964  2.9945
98.8783  23.5554  98.8431  25.1964  3.0779
100.3690  24.1603  98.8431  25.1964  3.0088
99.7242  24.0204  98.8431  25.1964  3.0417
97.6568  24.6108  98.8431  25.1964  3.0467
99.8346  24.9958  98.8431  25.1964  3.0039
99.6453  24.8769  98.8431  25.1964  3.0174
99.3404  24.5305  98.8431  25.1964  3.0239
97.7332  24.3999  98.8431  25.1964  3.0675
99.6235  24.5257  98.8431  25.1964  3.0330
100.8080  24.4547  98.8431  25.1964  3.1073
100.0910  24.8650  98.8431  25.1964  3.0445
97.9699  24.7130  98.8431  25.1964  3.0421
97.7857  24.1826  98.8431  25.1964  3.1213
99.8799  24.7112  97.7857  24.1826  3.0685
99.7242  24.0204  97.7857  24.1826  3.0712
100.3690  24.1603  97.7857  24.1826  3.0640
100.1990  24.7084  97.7857  24.1826  3.0838
100.7200  24.6420  97.7857  24.1826  3.0706
99.5529  24.2045  97.7857  24.1826  3.0577
100.4690  24.5924  97.7857  24.1826  3.0762
98.8783  23.5554  97.7857  24.1826  3.0219
100.4120  23.9586  97.7857  24.1826  3.0573
100.7810  24.1990  97.7857  24.1826  3.0607
100.8160  25.0395  97.7857  24.1826  3.0642
100.8080  24.4547  97.7857  24.1826  3.0697
99.9445  24.3191  97.7857  24.1826  3.0554
100.0910  24.8650  97.7857  24.1826  3.0911
99.5713  23.7032  97.7857  24.1826  3.0556
97.9699  24.7130  99.7280  25.5410  3.0241
97.7332  24.3999  99.7280  25.5410  3.0371
100.7810  24.1990  99.7280  25.5410  3.1383
98.5433  25.5117  99.7280  25.5410  2.9729
99.5713  23.7032  99.7280  25.5410  3.0494
100.3690  24.1603  99.7280  25.5410  3.0648
98.8634  25.4505  99.7280  25.5410  3.0212
98.4849  24.7484  99.7280  25.5410  3.0285
100.8960  25.5945  99.7280  25.5410  2.9901
99.0384  24.3221  99.7280  25.5410  3.0665
98.2175  24.6619  99.7280  25.5410  3.0382
100.7200  24.6420  99.7280  25.5410  3.0668
100.8160  25.0395  99.7280  25.5410  2.9904
99.6235  24.5257  99.7280  25.5410  3.0096
100.4990  25.5666  99.7280  25.5410  2.9754
97.9350  25.1078  99.7280  25.5410  3.0231
98.0252  24.4972  99.7280  25.5410  3.0513
100.5960  26.2944  99.7280  25.5410  3.0305
99.1663  24.7523  99.7280  25.5410  3.0002
99.3404  24.5305  99.7280  25.5410  3.0612
100.0910  24.8650  99.7280  25.5410  3.1061
99.4137  25.2954  99.7280  25.5410  3.0241
100.4690  24.5924  99.7280  25.5410  3.0987
98.8431  25.1964  99.7280  25.5410  3.0659
98.8783  23.5554  99.7280  25.5410  3.0910
97.6568  24.6108  99.7280  25.5410  3.0341
98.3349  25.2175  99.7280  25.5410  3.0122
98.6668  24.9037  99.7280  25.5410  2.9930
100.8080  24.4547  99.7280  25.5410  3.1249
99.0268  23.8963  99.7280  25.5410  3.0873
99.0325  24.5549  99.7280  25.5410  3.0345
100.2940  23.5890  99.7280  25.5410  3.1127
99.7242  24.0204  99.7280  25.5410  3.0694
100.1000  25.9100  99.7280  25.5410  2.9689
100.3200  25.2400  99.7280  25.5410  2.9667
98.5651  24.1350  99.7280  25.5410  3.0521
99.5529  24.2045  99.7280  25.5410  3.0370
97.9699  24.7130  99.8346  24.9958  3.0167
99.0268  23.8963  99.8346  24.9958  3.0976
100.1990  24.7084  99.8346  24.9958  3.1408
99.5713  23.7032  99.8346  24.9958  3.0854
97.9350  25.1078  99.8346  24.9958  3.0119
98.0252  24.4972  99.8346  24.9958  3.0623
99.3404  24.5305  99.8346  24.9958  2.9974
100.8160  25.0395  99.8346  24.9958  2.9491
99.5529  24.2045  99.8346  24.9958  3.0789
97.7857  24.1826  99.8346  24.9958  3.0711
98.8783  23.5554  99.8346  24.9958  3.0947
98.2175  24.6619  99.8346  24.9958  3.0091
99.7242  24.0204  99.8346  24.9958  3.0627
100.7200  24.6420  99.8346  24.9958  3.1022
97.7332  24.3999  99.8346  24.9958  3.0696
99.1663  24.7523  99.8346  24.9958  3.0413
98.3382  24.3368  99.8346  24.9958  3.0372
97.6622  23.9027  99.8346  24.9958  3.0786
97.6568  24.6108  99.8346  24.9958  3.0448
100.4120  23.9586  99.8346  24.9958  3.1028
98.5651  24.1350  99.8346  24.9958  3.0601
98.5651  24.1350  97.9699  24.7130  3.0219
99.7242  24.0204  97.9699  24.7130  3.0414
100.1990  24.7084  97.9699  24.7130  3.0182
100.3690  24.1603  97.9699  24.7130  3.0082
100.7200  24.6420  97.9699  24.7130  3.0355
98.8783  23.5554  97.9699  24.7130  3.0349
97.7332  24.3999  97.9699  24.7130  3.0410
100.4120  23.9586  97.9699  24.7130  3.0423
99.5713  23.7032  97.9699  24.7130  3.0539
100.7810  24.1990  97.9699  24.7130  3.0177
99.5529  24.2045  97.9699  24.7130  3.0214
100.4690  24.5924  97.9699  24.7130  3.0290
98.3382  24.3368  97.9699  24.7130  3.0983
99.8799  24.7112  97.9699  24.7130  2.9870
100.8160  25.0395  97.9699  24.7130  3.0097
99.9445  24.3191  97.9699  24.7130  2.9993
100.0910  24.8650  97.9699  24.7130  3.0095
100.8080  24.4547  97.9699  24.7130  3.0354
100.7200  24.6420  99.7242  24.0204  3.1045
98.8783  23.5554  99.7242  24.0204  3.1193
100.2940  23.5890  99.7242  24.0204  3.1093
100.8080  24.4547  99.7242  24.0204  3.1390
100.7810  24.1990  99.7242  24.0204  3.0774
100.8160  25.0395  99.7242  24.0204  3.0502
100.4120  23.9586  99.7242  24.0204  3.0336
100.8160  25.0395  100.4120  23.9586  3.1214
99.0268  23.8963  97.7332  24.3999  3.0846
100.4120  23.9586  97.7332  24.3999  3.0672
100.8160  25.0395  97.7332  24.3999  3.0519
98.3382  24.3368  97.7332  24.3999  3.0507
99.5529  24.2045  97.7332  24.3999  3.0682
100.7810  24.1990  97.7332  24.3999  3.0673
100.3690  24.1603  97.7332  24.3999  3.0486
100.7200  24.6420  97.7332  24.3999  3.0627
99.5713  23.7032  97.7332  24.3999  3.0665
98.8783  23.5554  97.7332  24.3999  3.0293
100.8080  24.4547  97.7332  24.3999  3.0663
99.8799  24.7112  97.7332  24.3999  3.0396
99.9445  24.3191  97.7332  24.3999  3.0495
100.2940  23.5890  97.7332  24.3999  3.0702
100.0910  24.8650  97.7332  24.3999  3.0646
100.4690  24.5924  97.7332  24.3999  3.0550
99.7242  24.0204  97.7332  24.3999  3.0735
100.1990  24.7084  97.7332  24.3999  3.0556
98.5651  24.1350  97.7332  24.3999  3.0932
