1722  3.4336  0.0871  024
98.5925  24.4245  100.0690  23.8785  3.4188
100.2540  25.6093  100.0690  23.8785  3.4490
98.8518  25.8317  100.0690  23.8785  3.4501
98.0709  24.0851  100.0690  23.8785  3.4571
99.2454  24.0357  100.0690  23.8785  3.4809
99.3717  25.8854  100.0690  23.8785  3.4507
98.5197  25.0289  100.0690  23.8785  3.4527
100.1470  24.4348  99.9475  26.1088  3.3899
98.5197  25.0289  99.9475  26.1088  3.3379
98.5925  24.4245  99.9475  26.1088  3.3961
99.2454  24.0357  99.9475  26.1088  3.3915
98.0709  24.0851  99.9475  26.1088  3.3806
98.8518  25.8317  99.9475  26.1088  3.3484
100.0690  23.8785  99.9475  26.1088  3.4310
100.1470  24.4348  99.3717  25.8854  3.4642
99.2454  24.0357  98.5197  25.0289  3.5936
98.0709  24.0851  98.5197  25.0289  3.5489
100.2540  25.6093  98.5197  25.0289  3.3351
100.1470  24.4348  98.5197  25.0289  3.3829
99.3717  25.8854  98.5197  25.0289  3.4320
100.1470  24.4348  98.0709  24.0851  3.5296
99.2454  24.0357  98.0709  24.0851  3.5290
99.3717  25.8854  98.0709  24.0851  3.4342
100.2540  25.6093  98.8518  25.8317  3.3238
98.5197  25.0289  98.8518  25.8317  3.5462
100.1470  24.4348  98.8518  25.8317  3.4149
98.0709  24.0851  98.8518  25.8317  3.4383
98.5925  24.4245  98.8518  25.8317  3.4184
99.2454  24.0357  98.8518  25.8317  3.4494
99.3717  25.8854  99.2454  24.0357  3.4263
98.0709  24.0851  100.2540  25.6093  3.4330
99.2454  24.0357  100.2540  25.6093  3.3707
100.1470  24.4348  100.2540  25.6093  3.4240
99.3717  25.8854  100.2540  25.6093  3.3951
100.1470  24.4348  98.5925  24.4245  3.4096
99.3717  25.8854  98.5925  24.4245  3.3855
100.2540  25.6093  98.5925  24.4245  3.3749
99.2454  24.0357  98.5925  24.4245  3.7070
100.8080  24.4547  99.5713  23.7032  3.4538
100.7200  24.6420  99.5713  23.7032  3.4490
100.7810  24.1990  99.5713  23.7032  3.5669
100.8160  25.0395  99.5713  23.7032  3.4144
97.7857  24.1826  99.4801  25.0480  3.4255
97.9350  25.1078  99.4801  25.0480  3.3734
98.0252  24.4972  99.4801  25.0480  3.5178
100.2940  23.5890  99.4801  25.0480  3.4647
100.4690  24.5924  99.4801  25.0480  3.6160
97.9699  24.7130  99.4801  25.0480  3.4330
99.0268  23.8963  99.4801  25.0480  3.4392
99.7242  24.0204  99.4801  25.0480  3.5205
98.5651  24.1350  99.4801  25.0480  3.4603
97.6622  23.9027  99.4801  25.0480  3.4798
99.5529  24.2045  99.4801  25.0480  3.6597
100.8160  25.0395  99.4801  25.0480  3.3733
100.1990  24.7084  99.4801  25.0480  3.6244
100.3690  24.1603  99.4801  25.0480  3.4833
98.2175  24.6619  99.4801  25.0480  3.5591
98.3382  24.3368  99.4801  25.0480  3.3353
100.7810  24.1990  99.4801  25.0480  3.5014
100.7200  24.6420  99.4801  25.0480  3.3483
97.7332  24.3999  99.4801  25.0480  3.3551
100.4120  23.9586  99.4801  25.0480  3.4278
99.5713  23.7032  99.4801  25.0480  3.4156
97.6568  24.6108  99.4801  25.0480  3.4474
98.8783  23.5554  99.4801  25.0480  3.4623
100.8080  24.4547  99.4801  25.0480  3.3496
99.8799  24.7112  97.6568  24.6108  3.4601
99.7242  24.0204  97.6568  24.6108  3.4448
98.5651  24.1350  97.6568  24.6108  3.4720
100.8080  24.4547  97.6568  24.6108  3.4978
99.0268  23.8963  97.6568  24.6108  3.5426
99.9445  24.3191  97.6568  24.6108  3.4223
100.4120  23.9586  97.6568  24.6108  3.4331
100.7810  24.1990  97.6568  24.6108  3.4377
98.3382  24.3368  97.6568  24.6108  3.5362
100.0910  24.8650  97.6568  24.6108  3.4744
100.8160  25.0395  97.6568  24.6108  3.4159
99.5529  24.2045  97.6568  24.6108  3.4353
100.3690  24.1603  97.6568  24.6108  3.4678
99.5713  23.7032  97.6568  24.6108  3.4451
100.7200  24.6420  97.6568  24.6108  3.4902
100.1990  24.7084  97.6568  24.6108  3.4785
100.2940  23.5890  97.6568  24.6108  3.4401
100.4690  24.5924  97.6568  24.6108  3.3715
100.7810  24.1990  99.5529  24.2045  3.4074
100.7200  24.6420  99.5529  24.2045  3.5517
100.8160  25.0395  99.5529  24.2045  3.4303
100.8080  24.4547  99.5529  24.2045  3.5778
100.2940  23.5890  99.5529  24.2045  3.5678
100.4120  23.9586  99.5529  24.2045  3.5585
99.1663  24.7523  99.8316  25.8146  3.3374
98.8350  24.6942  99.8316  25.8146  3.3590
100.5960  26.2944  99.8316  25.8146  3.5419
99.0384  24.3221  99.8316  25.8146  3.3962
100.7200  24.6420  99.8316  25.8146  3.3782
98.0252  24.4972  99.8316  25.8146  3.3624
100.3690  24.1603  99.8316  25.8146  3.4297
98.4849  24.7484  99.8316  25.8146  3.3613
97.7857  24.1826  99.8316  25.8146  3.4163
99.9445  24.3191  99.8316  25.8146  3.4043
98.3382  24.3368  99.8316  25.8146  3.3964
99.6235  24.5257  99.8316  25.8146  3.4027
97.6622  23.9027  99.8316  25.8146  3.4209
98.6668  24.9037  99.8316  25.8146  3.3549
99.4801  25.0480  99.8316  25.8146  3.4687
99.8346  24.9958  99.8316  25.8146  3.5766
100.1990  24.7084  99.8316  25.8146  3.5007
100.0910  24.8650  99.8316  25.8146  3.6172
100.8990  25.3230  99.8316  25.8146  3.2902
98.8431  25.1964  99.8316  25.8146  3.3803
99.5713  23.7032  99.8316  25.8146  3.4747
97.9699  24.7130  99.8316  25.8146  3.3801
99.8799  24.7112  99.8316  25.8146  3.4220
100.8960  25.5945  99.8316  25.8146  3.3029
99.3404  24.5305  99.8316  25.8146  3.3936
98.3349  25.2175  99.8316  25.8146  3.3759
100.8160  25.0395  99.8316  25.8146  3.3694
100.2160  25.0148  99.8316  25.8146  3.6566
97.6568  24.6108  99.8316  25.8146  3.3689
98.8634  25.4505  99.8316  25.8146  3.4411
99.7242  24.0204  99.8316  25.8146  3.4306
98.2175  24.6619  99.8316  25.8146  3.3577
100.3200  25.2400  99.8316  25.8146  3.4787
99.6453  24.8769  99.8316  25.8146  3.4207
98.5651  24.1350  99.8316  25.8146  3.4306
98.5433  25.5117  99.8316  25.8146  3.3783
100.4900  25.3500  99.8316  25.8146  3.3768
99.0268  23.8963  99.8316  25.8146  3.4121
99.5529  24.2045  99.8316  25.8146  3.4244
98.8783  23.5554  99.8316  25.8146  3.4389
100.2940  23.5890  99.8316  25.8146  3.4474
100.5230  25.0541  99.8316  25.8146  3.3675
100.7810  24.1990  99.8316  25.8146  3.4078
100.4120  23.9586  99.8316  25.8146  3.4313
100.4990  25.5666  99.8316  25.8146  3.5846
97.7332  24.3999  99.8316  25.8146  3.3897
100.4690  24.5924  99.8316  25.8146  3.4981
97.9350  25.1078  99.8316  25.8146  3.2782
100.8080  24.4547  99.8316  25.8146  3.3784
99.0325  24.5549  99.8316  25.8146  3.3388
98.0252  24.4972  100.5230  25.0541  3.4901
99.0268  23.8963  100.5230  25.0541  3.4498
99.0325  24.5549  100.5230  25.0541  3.4884
98.8634  25.4505  100.5230  25.0541  3.2875
99.0384  24.3221  100.5230  25.0541  3.3682
97.6622  23.9027  100.5230  25.0541  3.4569
99.9445  24.3191  100.5230  25.0541  3.4974
98.3382  24.3368  100.5230  25.0541  3.3730
99.5529  24.2045  100.5230  25.0541  3.4291
97.9699  24.7130  100.5230  25.0541  3.4205
97.9350  25.1078  100.5230  25.0541  3.3812
97.7332  24.3999  100.5230  25.0541  3.4133
98.6668  24.9037  100.5230  25.0541  3.4626
99.6235  24.5257  100.5230  25.0541  3.5364
98.8350  24.6942  100.5230  25.0541  3.3968
98.4849  24.7484  100.5230  25.0541  3.4735
99.6453  24.8769  100.5230  25.0541  3.5903
99.2375  25.4847  100.5230  25.0541  3.2395
99.4801  25.0480  100.5230  25.0541  3.4498
99.5713  23.7032  100.5230  25.0541  3.4090
99.1663  24.7523  100.5230  25.0541  3.5137
98.5651  24.1350  100.5230  25.0541  3.4461
97.7857  24.1826  100.5230  25.0541  3.4297
100.4120  23.9586  100.5230  25.0541  3.4838
98.8431  25.1964  100.5230  25.0541  3.3182
99.8346  24.9958  100.5230  25.0541  3.4998
100.2940  23.5890  100.5230  25.0541  3.4703
100.5960  26.2944  100.5230  25.0541  3.3529
100.3690  24.1603  100.5230  25.0541  3.6678
98.3349  25.2175  100.5230  25.0541  3.3580
99.7242  24.0204  100.5230  25.0541  3.3870
98.8783  23.5554  100.5230  25.0541  3.4593
99.3404  24.5305  100.5230  25.0541  3.4482
98.5433  25.5117  100.5230  25.0541  3.3098
100.8960  25.5945  100.5230  25.0541  3.6421
97.6568  24.6108  100.5230  25.0541  3.4293
98.2175  24.6619  100.5230  25.0541  3.4813
100.1000  25.9100  100.5230  25.0541  3.5425
99.6453  24.8769  100.4990  25.5666  3.4496
99.8799  24.7112  100.4990  25.5666  3.3645
97.9699  24.7130  100.4990  25.5666  3.3894
98.3349  25.2175  100.4990  25.5666  3.3958
99.7242  24.0204  100.4990  25.5666  3.3830
100.7200  24.6420  100.4990  25.5666  3.6251
98.0252  24.4972  100.4990  25.5666  3.3732
97.6622  23.9027  100.4990  25.5666  3.4298
99.5529  24.2045  100.4990  25.5666  3.3623
98.6668  24.9037  100.4990  25.5666  3.3098
99.8346  24.9958  100.4990  25.5666  3.5118
97.7332  24.3999  100.4990  25.5666  3.3942
97.7857  24.1826  100.4990  25.5666  3.3872
100.7810  24.1990  100.4990  25.5666  3.4232
100.3690  24.1603  100.4990  25.5666  3.4394
98.5433  25.5117  100.4990  25.5666  3.3616
98.8431  25.1964  100.4990  25.5666  3.3506
100.4690  24.5924  100.4990  25.5666  3.6672
100.0910  24.8650  100.4990  25.5666  3.4909
99.5713  23.7032  100.4990  25.5666  3.4064
99.9445  24.3191  100.4990  25.5666  3.3715
99.4801  25.0480  100.4990  25.5666  3.4026
99.0268  23.8963  100.4990  25.5666  3.4205
100.2940  23.5890  100.4990  25.5666  3.4611
99.0325  24.5549  100.4990  25.5666  3.3673
98.8634  25.4505  100.4990  25.5666  3.3747
98.4849  24.7484  100.4990  25.5666  3.3535
98.8783  23.5554  100.4990  25.5666  3.4406
99.1663  24.7523  100.4990  25.5666  3.3520
100.5960  26.2944  100.4990  25.5666  3.5583
100.1990  24.7084  100.4990  25.5666  3.4212
99.2375  25.4847  100.4990  25.5666  3.3714
98.3382  24.3368  100.4990  25.5666  3.4365
100.4120  23.9586  100.4990  25.5666  3.4481
99.6235  24.5257  100.4990  25.5666  3.3654
97.9350  25.1078  100.4990  25.5666  3.3627
98.2175  24.6619  100.4990  25.5666  3.3780
99.0384  24.3221  100.4990  25.5666  3.3646
97.6568  24.6108  100.4990  25.5666  3.4253
99.3404  24.5305  100.4990  25.5666  3.4000
98.8350  24.6942  100.4990  25.5666  3.3885
98.5651  24.1350  100.4990  25.5666  3.3921
100.8080  24.4547  100.4990  25.5666  3.5489
100.2940  23.5890  100.8990  25.3230  3.3950
99.8346  24.9958  100.8990  25.3230  3.4612
100.4120  23.9586  100.8990  25.3230  3.4004
99.0384  24.3221  100.8990  25.3230  3.4504
98.8431  25.1964  100.8990  25.3230  3.3815
100.5960  26.2944  100.8990  25.3230  3.5370
99.6235  24.5257  100.8990  25.3230  3.3935
97.6568  24.6108  100.8990  25.3230  3.3974
99.0325  24.5549  100.8990  25.3230  3.4024
100.1990  24.7084  100.8990  25.3230  3.5035
98.2175  24.6619  100.8990  25.3230  3.4038
98.5433  25.5117  100.8990  25.3230  3.3496
98.3349  25.2175  100.8990  25.3230  3.3679
97.9350  25.1078  100.8990  25.3230  3.3662
98.8634  25.4505  100.8990  25.3230  3.3285
98.5651  24.1350  100.8990  25.3230  3.4202
99.4801  25.0480  100.8990  25.3230  3.4499
98.8783  23.5554  100.8990  25.3230  3.4350
99.5529  24.2045  100.8990  25.3230  3.4085
100.1000  25.9100  100.8990  25.3230  3.3405
99.1663  24.7523  100.8990  25.3230  3.3921
98.4849  24.7484  100.8990  25.3230  3.3971
98.0252  24.4972  100.8990  25.3230  3.4174
98.8350  24.6942  100.8990  25.3230  3.3452
100.7810  24.1990  100.8990  25.3230  3.4408
98.3382  24.3368  100.8990  25.3230  3.4038
99.2375  25.4847  100.8990  25.3230  3.3107
99.7242  24.0204  100.8990  25.3230  3.3962
97.6622  23.9027  100.8990  25.3230  3.4472
97.7332  24.3999  100.8990  25.3230  3.4373
97.9699  24.7130  100.8990  25.3230  3.4028
99.0268  23.8963  100.8990  25.3230  3.4169
100.0910  24.8650  100.8990  25.3230  3.6226
100.3690  24.1603  100.8990  25.3230  3.3786
99.8799  24.7112  100.8990  25.3230  3.4657
100.7200  24.6420  100.8990  25.3230  3.6609
97.7857  24.1826  100.8990  25.3230  3.4555
100.8080  24.4547  100.8990  25.3230  3.5429
99.9445  24.3191  100.8990  25.3230  3.3565
99.5713  23.7032  100.8990  25.3230  3.4152
100.4690  24.5924  100.8990  25.3230  3.4943
99.6453  24.8769  100.8990  25.3230  3.4241
98.6668  24.9037  100.8990  25.3230  3.4355
99.3404  24.5305  100.8990  25.3230  3.3863
100.7200  24.6420  98.5651  24.1350  3.4903
100.0910  24.8650  98.5651  24.1350  3.4519
99.5713  23.7032  98.5651  24.1350  3.4975
100.8160  25.0395  98.5651  24.1350  3.4068
99.9445  24.3191  98.5651  24.1350  3.4467
100.4690  24.5924  98.5651  24.1350  3.4983
99.5529  24.2045  98.5651  24.1350  3.5557
100.2940  23.5890  98.5651  24.1350  3.4032
100.4120  23.9586  98.5651  24.1350  3.4246
99.7242  24.0204  98.5651  24.1350  3.4335
100.7810  24.1990  98.5651  24.1350  3.4732
100.8080  24.4547  98.5651  24.1350  3.5228
100.3690  24.1603  98.5651  24.1350  3.5078
100.1990  24.7084  98.5651  24.1350  3.5665
99.8799  24.7112  98.5651  24.1350  3.5143
97.9699  24.7130  98.8634  25.4505  3.4072
100.8080  24.4547  98.8634  25.4505  3.3651
100.2940  23.5890  98.8634  25.4505  3.4704
100.4120  23.9586  98.8634  25.4505  3.4623
100.8160  25.0395  98.8634  25.4505  3.3331
100.1990  24.7084  98.8634  25.4505  3.3996
98.5651  24.1350  98.8634  25.4505  3.4457
98.3382  24.3368  98.8634  25.4505  3.4200
97.6622  23.9027  98.8634  25.4505  3.4356
100.0910  24.8650  98.8634  25.4505  3.3659
99.0384  24.3221  98.8634  25.4505  3.4250
100.4690  24.5924  98.8634  25.4505  3.3502
99.3404  24.5305  98.8634  25.4505  3.5979
99.8799  24.7112  98.8634  25.4505  3.4296
99.7242  24.0204  98.8634  25.4505  3.4514
100.3690  24.1603  98.8634  25.4505  3.4911
99.6453  24.8769  98.8634  25.4505  3.3983
97.9350  25.1078  98.8634  25.4505  3.5403
99.5529  24.2045  98.8634  25.4505  3.4891
98.8350  24.6942  98.8634  25.4505  3.6771
100.7810  24.1990  98.8634  25.4505  3.4028
97.7332  24.3999  98.8634  25.4505  3.4021
98.2175  24.6619  98.8634  25.4505  3.4640
99.9445  24.3191  98.8634  25.4505  3.4188
97.7857  24.1826  98.8634  25.4505  3.4463
98.0252  24.4972  98.8634  25.4505  3.4380
99.6235  24.5257  98.8634  25.4505  3.4648
97.6568  24.6108  98.8634  25.4505  3.3542
99.8346  24.9958  98.8634  25.4505  3.4393
99.0268  23.8963  98.8634  25.4505  3.4382
98.8783  23.5554  98.8634  25.4505  3.4658
99.0325  24.5549  98.8634  25.4505  3.6324
99.4801  25.0480  98.8634  25.4505  3.6901
99.5713  23.7032  98.8634  25.4505  3.4619
100.7200  24.6420  98.8634  25.4505  3.3367
100.8160  25.0395  100.2940  23.5890  3.4205
100.8160  25.0395  100.7810  24.1990  3.6398
100.2940  23.5890  100.7810  24.1990  3.6794
98.3349  25.2175  99.4137  25.2954  3.4004
97.6622  23.9027  99.4137  25.2954  3.4656
99.5529  24.2045  99.4137  25.2954  3.4368
97.7332  24.3999  99.4137  25.2954  3.3719
100.4990  25.5666  99.4137  25.2954  3.4723
100.1990  24.7084  99.4137  25.2954  3.5173
100.4900  25.3500  99.4137  25.2954  3.4837
100.8960  25.5945  99.4137  25.2954  3.4299
99.0268  23.8963  99.4137  25.2954  3.4717
100.4120  23.9586  99.4137  25.2954  3.4288
97.6568  24.6108  99.4137  25.2954  3.3386
97.9350  25.1078  99.4137  25.2954  3.3723
100.4690  24.5924  99.4137  25.2954  3.5364
100.8080  24.4547  99.4137  25.2954  3.3702
100.5230  25.0541  99.4137  25.2954  3.3136
99.0384  24.3221  99.4137  25.2954  3.4745
99.0325  24.5549  99.4137  25.2954  3.5263
100.2160  25.0148  99.4137  25.2954  3.5205
100.0910  24.8650  99.4137  25.2954  3.4707
98.8783  23.5554  99.4137  25.2954  3.4657
99.9445  24.3191  99.4137  25.2954  3.5714
99.7242  24.0204  99.4137  25.2954  3.3802
100.7200  24.6420  99.4137  25.2954  3.3583
97.9699  24.7130  99.4137  25.2954  3.4350
98.3382  24.3368  99.4137  25.2954  3.4297
98.5433  25.5117  99.4137  25.2954  3.5885
98.2175  24.6619  99.4137  25.2954  3.3907
100.2940  23.5890  99.4137  25.2954  3.4214
100.3200  25.2400  99.4137  25.2954  3.4760
100.8990  25.3230  99.4137  25.2954  3.3486
99.5713  23.7032  99.4137  25.2954  3.4178
100.5960  26.2944  99.4137  25.2954  3.3114
97.7857  24.1826  99.4137  25.2954  3.4069
100.8160  25.0395  99.4137  25.2954  3.3830
100.7810  24.1990  99.4137  25.2954  3.4618
99.3404  24.5305  99.4137  25.2954  3.7062
98.5651  24.1350  99.4137  25.2954  3.4277
98.4849  24.7484  99.4137  25.2954  3.4457
98.0252  24.4972  99.4137  25.2954  3.3928
98.8350  24.6942  99.4137  25.2954  3.6523
100.1000  25.9100  99.4137  25.2954  3.4805
100.3690  24.1603  99.4137  25.2954  3.3682
100.0910  24.8650  97.6622  23.9027  3.3311
99.8799  24.7112  97.6622  23.9027  3.4440
100.8080  24.4547  97.6622  23.9027  3.5466
100.7810  24.1990  97.6622  23.9027  3.5047
100.4690  24.5924  97.6622  23.9027  3.4473
100.4120  23.9586  97.6622  23.9027  3.5181
100.7200  24.6420  97.6622  23.9027  3.5006
99.5713  23.7032  97.6622  23.9027  3.4770
99.0268  23.8963  97.6622  23.9027  3.5623
98.8783  23.5554  97.6622  23.9027  3.3479
100.2940  23.5890  97.6622  23.9027  3.4850
99.9445  24.3191  97.6622  23.9027  3.5625
100.3690  24.1603  97.6622  23.9027  3.5691
100.8160  25.0395  97.6622  23.9027  3.4669
100.1990  24.7084  97.6622  23.9027  3.4838
99.7242  24.0204  97.6622  23.9027  3.5253
99.5529  24.2045  97.6622  23.9027  3.5417
97.9350  25.1078  99.9868  25.4893  3.3873
98.6668  24.9037  99.9868  25.4893  3.3619
98.0252  24.4972  99.9868  25.4893  3.3709
97.6568  24.6108  99.9868  25.4893  3.3832
97.7857  24.1826  99.9868  25.4893  3.4277
98.8431  25.1964  99.9868  25.4893  3.4690
100.8160  25.0395  99.9868  25.4893  3.4131
99.0384  24.3221  99.9868  25.4893  3.3864
100.7200  24.6420  99.9868  25.4893  3.3705
98.3382  24.3368  99.9868  25.4893  3.3976
99.6453  24.8769  99.9868  25.4893  3.6251
98.4849  24.7484  99.9868  25.4893  3.3879
98.5433  25.5117  99.9868  25.4893  3.3877
99.1663  24.7523  99.9868  25.4893  3.4245
99.2375  25.4847  99.9868  25.4893  3.5402
98.2175  24.6619  99.9868  25.4893  3.3922
99.8799  24.7112  99.9868  25.4893  3.5894
100.7810  24.1990  99.9868  25.4893  3.4301
99.9445  24.3191  99.9868  25.4893  3.4325
99.7242  24.0204  99.9868  25.4893  3.4523
100.8990  25.3230  99.9868  25.4893  3.3304
99.6235  24.5257  99.9868  25.4893  3.4060
100.8960  25.5945  99.9868  25.4893  3.4913
99.5713  23.7032  99.9868  25.4893  3.4549
98.8634  25.4505  99.9868  25.4893  3.3597
99.0325  24.5549  99.9868  25.4893  3.3998
100.2940  23.5890  99.9868  25.4893  3.4421
99.5529  24.2045  99.9868  25.4893  3.4159
98.5651  24.1350  99.9868  25.4893  3.3989
100.3690  24.1603  99.9868  25.4893  3.4301
97.6622  23.9027  99.9868  25.4893  3.4475
98.8350  24.6942  99.9868  25.4893  3.3695
100.8080  24.4547  99.9868  25.4893  3.3900
100.5960  26.2944  99.9868  25.4893  3.3365
100.4120  23.9586  99.9868  25.4893  3.4497
98.8783  23.5554  99.9868  25.4893  3.4512
98.3349  25.2175  99.9868  25.4893  3.3847
97.7332  24.3999  99.9868  25.4893  3.3752
97.9699  24.7130  99.9868  25.4893  3.3408
100.5230  25.0541  99.9868  25.4893  3.3540
100.4690  24.5924  99.9868  25.4893  3.6085
99.3404  24.5305  99.9868  25.4893  3.3801
99.0268  23.8963  99.9868  25.4893  3.4124
99.5529  24.2045  99.4300  26.2040  3.4249
98.4849  24.7484  99.4300  26.2040  3.3732
99.6453  24.8769  99.4300  26.2040  3.3702
100.1990  24.7084  99.4300  26.2040  3.4218
100.8160  25.0395  99.4300  26.2040  3.3704
99.9868  25.4893  99.4300  26.2040  3.5192
99.4137  25.2954  99.4300  26.2040  3.4715
100.3200  25.2400  99.4300  26.2040  3.2969
100.1000  25.9100  99.4300  26.2040  3.4991
99.9445  24.3191  99.4300  26.2040  3.3861
100.4900  25.3500  99.4300  26.2040  3.3481
98.2175  24.6619  99.4300  26.2040  3.4036
99.4801  25.0480  99.4300  26.2040  3.3573
98.6668  24.9037  99.4300  26.2040  3.3758
100.8960  25.5945  99.4300  26.2040  3.2546
99.2375  25.4847  99.4300  26.2040  3.5555
98.8431  25.1964  99.4300  26.2040  3.3477
100.7810  24.1990  99.4300  26.2040  3.4132
98.5651  24.1350  99.4300  26.2040  3.4095
97.6568  24.6108  99.4300  26.2040  3.3539
98.3382  24.3368  99.4300  26.2040  3.4084
99.0325  24.5549  99.4300  26.2040  3.3946
97.6622  23.9027  99.4300  26.2040  3.4231
99.7771  25.3419  99.4300  26.2040  3.5971
100.4990  25.5666  99.4300  26.2040  3.3670
100.5960  26.2944  99.4300  26.2040  3.3033
98.8350  24.6942  99.4300  26.2040  3.3729
100.2940  23.5890  99.4300  26.2040  3.4177
99.1663  24.7523  99.4300  26.2040  3.3791
97.9350  25.1078  99.4300  26.2040  3.3114
97.9699  24.7130  99.4300  26.2040  3.3365
100.5200  25.8500  99.4300  26.2040  3.3106
100.8560  25.9242  99.4300  26.2040  3.2943
98.3349  25.2175  99.4300  26.2040  3.3463
99.0384  24.3221  99.4300  26.2040  3.3979
100.2160  25.0148  99.4300  26.2040  3.3910
98.8634  25.4505  99.4300  26.2040  3.4186
98.5433  25.5117  99.4300  26.2040  3.4002
97.7332  24.3999  99.4300  26.2040  3.3619
99.8799  24.7112  99.4300  26.2040  3.4272
99.3404  24.5305  99.4300  26.2040  3.3745
99.8346  24.9958  99.4300  26.2040  3.4420
99.6235  24.5257  99.4300  26.2040  3.3813
99.0268  23.8963  99.4300  26.2040  3.4081
97.7857  24.1826  99.4300  26.2040  3.3754
100.4120  23.9586  99.4300  26.2040  3.3636
98.8783  23.5554  99.4300  26.2040  3.4218
99.7280  25.5410  99.4300  26.2040  3.6957
100.4690  24.5924  99.4300  26.2040  3.3872
99.7242  24.0204  99.4300  26.2040  3.4219
98.0252  24.4972  99.4300  26.2040  3.3711
100.8080  24.4547  99.4300  26.2040  3.4178
100.8990  25.3230  99.4300  26.2040  3.2814
100.7200  24.6420  99.4300  26.2040  3.4005
100.3690  24.1603  99.4300  26.2040  3.3716
100.5230  25.0541  99.4300  26.2040  3.3393
99.5713  23.7032  99.4300  26.2040  3.4419
97.6622  23.9027  99.1663  24.7523  3.5009
100.0910  24.8650  99.1663  24.7523  3.6619
99.9445  24.3191  99.1663  24.7523  3.5794
98.2175  24.6619  99.1663  24.7523  3.5935
100.8080  24.4547  99.1663  24.7523  3.3814
98.0252  24.4972  99.1663  24.7523  3.6268
97.7332  24.3999  99.1663  24.7523  3.5352
98.8783  23.5554  99.1663  24.7523  3.4554
100.4120  23.9586  99.1663  24.7523  3.5278
97.6568  24.6108  99.1663  24.7523  3.4756
97.9350  25.1078  99.1663  24.7523  3.3020
100.4690  24.5924  99.1663  24.7523  3.4526
100.7200  24.6420  99.1663  24.7523  3.4020
99.5713  23.7032  99.1663  24.7523  3.5585
100.2940  23.5890  99.1663  24.7523  3.4780
100.7810  24.1990  99.1663  24.7523  3.3527
97.9699  24.7130  99.1663  24.7523  3.5645
100.8160  25.0395  99.1663  24.7523  3.4187
98.5651  24.1350  99.1663  24.7523  3.6918
100.1990  24.7084  99.1663  24.7523  3.5008
100.3690  24.1603  99.1663  24.7523  3.4165
97.7857  24.1826  99.1663  24.7523  3.5729
97.7857  24.1826  99.6453  24.8769  3.4191
100.7810  24.1990  99.6453  24.8769  3.5045
100.4120  23.9586  99.6453  24.8769  3.4630
97.9699  24.7130  99.6453  24.8769  3.4562
99.0268  23.8963  99.6453  24.8769  3.4677
100.7200  24.6420  99.6453  24.8769  3.3792
99.7242  24.0204  99.6453  24.8769  3.7070
98.3382  24.3368  99.6453  24.8769  3.5611
100.3690  24.1603  99.6453  24.8769  3.5182
100.8160  25.0395  99.6453  24.8769  3.4921
100.2940  23.5890  99.6453  24.8769  3.4859
98.8783  23.5554  99.6453  24.8769  3.4034
97.9350  25.1078  99.6453  24.8769  3.3195
100.8080  24.4547  99.6453  24.8769  3.4073
98.2175  24.6619  99.6453  24.8769  3.4368
99.5713  23.7032  99.6453  24.8769  3.4702
98.0252  24.4972  99.6453  24.8769  3.4544
97.6568  24.6108  99.6453  24.8769  3.5301
97.7332  24.3999  99.6453  24.8769  3.4581
97.6622  23.9027  99.6453  24.8769  3.4484
98.5651  24.1350  99.6453  24.8769  3.4360
99.5529  24.2045  97.9350  25.1078  3.3304
98.8783  23.5554  97.9350  25.1078  3.5080
100.2940  23.5890  97.9350  25.1078  3.4449
100.4690  24.5924  97.9350  25.1078  3.4007
98.5651  24.1350  97.9350  25.1078  3.6668
100.7810  24.1990  97.9350  25.1078  3.3924
97.7857  24.1826  97.9350  25.1078  3.5374
99.8799  24.7112  97.9350  25.1078  3.3625
99.0268  23.8963  97.9350  25.1078  3.3973
100.7200  24.6420  97.9350  25.1078  3.3886
100.8160  25.0395  97.9350  25.1078  3.4035
97.6622  23.9027  97.9350  25.1078  3.4154
99.7242  24.0204  97.9350  25.1078  3.3938
100.0910  24.8650  97.9350  25.1078  3.2645
99.9445  24.3191  97.9350  25.1078  3.3479
100.8080  24.4547  97.9350  25.1078  3.3829
100.3690  24.1603  97.9350  25.1078  3.4118
100.4120  23.9586  97.9350  25.1078  3.4116
100.1990  24.7084  97.9350  25.1078  3.3615
100.8160  25.0395  99.0268  23.8963  3.4545
100.7810  24.1990  99.0268  23.8963  3.4515
100.7200  24.6420  99.0268  23.8963  3.4954
100.4120  23.9586  99.0268  23.8963  3.4151
100.8080  24.4547  99.0268  23.8963  3.5556
100.2940  23.5890  99.0268  23.8963  3.4346
99.5529  24.2045  98.8350  24.6942  3.3980
97.7332  24.3999  98.8350  24.6942  3.6999
97.9699  24.7130  98.8350  24.6942  3.6806
97.9350  25.1078  98.8350  24.6942  3.4302
97.7857  24.1826  98.8350  24.6942  3.5892
99.6453  24.8769  98.8350  24.6942  3.5839
98.8783  23.5554  98.8350  24.6942  3.5201
98.0252  24.4972  98.8350  24.6942  3.6888
100.4120  23.9586  98.8350  24.6942  3.3474
97.6568  24.6108  98.8350  24.6942  3.5324
100.3690  24.1603  98.8350  24.6942  3.4285
99.9445  24.3191  98.8350  24.6942  3.3882
100.7810  24.1990  98.8350  24.6942  3.3630
100.1990  24.7084  98.8350  24.6942  3.4033
99.8799  24.7112  98.8350  24.6942  3.4430
97.6622  23.9027  98.8350  24.6942  3.4420
100.7200  24.6420  98.8350  24.6942  3.4264
99.7242  24.0204  98.8350  24.6942  3.4689
100.8080  24.4547  98.8350  24.6942  3.4030
100.8160  25.0395  98.8350  24.6942  3.4073
100.2940  23.5890  98.8350  24.6942  3.4837
99.6235  24.5257  98.8350  24.6942  3.5041
100.0910  24.8650  98.8350  24.6942  3.5386
99.8346  24.9958  98.8350  24.6942  3.5263
99.5713  23.7032  98.8350  24.6942  3.6221
100.4690  24.5924  98.8350  24.6942  3.4852
99.3404  24.5305  98.8350  24.6942  3.6468
99.0268  23.8963  100.1000  25.9100  3.4110
99.0325  24.5549  100.1000  25.9100  3.3505
98.8350  24.6942  100.1000  25.9100  3.3691
100.3690  24.1603  100.1000  25.9100  3.4078
98.8431  25.1964  100.1000  25.9100  3.3221
100.8080  24.4547  100.1000  25.9100  3.4275
97.6568  24.6108  100.1000  25.9100  3.3299
100.1990  24.7084  100.1000  25.9100  3.4045
99.5529  24.2045  100.1000  25.9100  3.3892
100.4690  24.5924  100.1000  25.9100  3.4117
99.7242  24.0204  100.1000  25.9100  3.4156
97.7332  24.3999  100.1000  25.9100  3.3727
100.7810  24.1990  100.1000  25.9100  3.4197
98.8783  23.5554  100.1000  25.9100  3.4236
100.7200  24.6420  100.1000  25.9100  3.4550
98.3349  25.2175  100.1000  25.9100  3.3061
98.2175  24.6619  100.1000  25.9100  3.3618
98.4849  24.7484  100.1000  25.9100  3.3394
98.8634  25.4505  100.1000  25.9100  3.4229
98.6668  24.9037  100.1000  25.9100  3.3252
97.9350  25.1078  100.1000  25.9100  3.3082
99.5713  23.7032  100.1000  25.9100  3.4093
97.6622  23.9027  100.1000  25.9100  3.4261
97.7857  24.1826  100.1000  25.9100  3.4142
99.6453  24.8769  100.1000  25.9100  3.3230
100.4120  23.9586  100.1000  25.9100  3.4199
99.8799  24.7112  100.1000  25.9100  3.3609
99.8346  24.9958  100.1000  25.9100  3.3607
97.9699  24.7130  100.1000  25.9100  3.3538
99.4801  25.0480  100.1000  25.9100  3.3496
100.8160  25.0395  100.1000  25.9100  3.3361
99.1663  24.7523  100.1000  25.9100  3.3220
98.0252  24.4972  100.1000  25.9100  3.3793
98.5651  24.1350  100.1000  25.9100  3.3813
98.3382  24.3368  100.1000  25.9100  3.3912
99.3404  24.5305  100.1000  25.9100  3.3355
100.2940  23.5890  100.1000  25.9100  3.4505
99.2375  25.4847  100.1000  25.9100  3.5067
99.0384  24.3221  100.1000  25.9100  3.3845
98.5433  25.5117  100.1000  25.9100  3.3322
99.9445  24.3191  100.1000  25.9100  3.3928
100.0910  24.8650  100.1000  25.9100  3.4638
99.6235  24.5257  100.1000  25.9100  3.3590
100.3690  24.1603  98.0252  24.4972  3.4430
99.5529  24.2045  98.0252  24.4972  3.4138
100.1990  24.7084  98.0252  24.4972  3.5212
100.0910  24.8650  98.0252  24.4972  3.4438
100.7810  24.1990  98.0252  24.4972  3.4501
100.8080  24.4547  98.0252  24.4972  3.4687
99.8799  24.7112  98.0252  24.4972  3.5213
100.8160  25.0395  98.0252  24.4972  3.4364
99.0268  23.8963  98.0252  24.4972  3.5308
100.2940  23.5890  98.0252  24.4972  3.4376
100.4690  24.5924  98.0252  24.4972  3.5197
100.4120  23.9586  98.0252  24.4972  3.4445
99.5713  23.7032  98.0252  24.4972  3.4038
99.7242  24.0204  98.0252  24.4972  3.3818
99.9445  24.3191  98.0252  24.4972  3.3798
100.7200  24.6420  98.0252  24.4972  3.4754
99.6235  24.5257  100.8960  25.5945  3.4026
99.9445  24.3191  100.8960  25.5945  3.3597
100.2940  23.5890  100.8960  25.5945  3.4217
99.3404  24.5305  100.8960  25.5945  3.3487
99.0384  24.3221  100.8960  25.5945  3.3744
98.8634  25.4505  100.8960  25.5945  3.3636
98.2175  24.6619  100.8960  25.5945  3.4060
100.8080  24.4547  100.8960  25.5945  3.4205
99.6453  24.8769  100.8960  25.5945  3.3782
100.7200  24.6420  100.8960  25.5945  3.4071
99.2375  25.4847  100.8960  25.5945  3.3742
98.8350  24.6942  100.8960  25.5945  3.3910
98.3382  24.3368  100.8960  25.5945  3.3788
98.6668  24.9037  100.8960  25.5945  3.3589
100.7810  24.1990  100.8960  25.5945  3.4054
97.9350  25.1078  100.8960  25.5945  3.3433
100.1000  25.9100  100.8960  25.5945  3.4118
98.5651  24.1350  100.8960  25.5945  3.4163
97.6568  24.6108  100.8960  25.5945  3.3962
97.6622  23.9027  100.8960  25.5945  3.4297
98.0252  24.4972  100.8960  25.5945  3.3919
99.0268  23.8963  100.8960  25.5945  3.4015
97.7332  24.3999  100.8960  25.5945  3.4144
99.8346  24.9958  100.8960  25.5945  3.3970
99.5713  23.7032  100.8960  25.5945  3.4210
99.0325  24.5549  100.8960  25.5945  3.4004
99.4801  25.0480  100.8960  25.5945  3.3733
98.8783  23.5554  100.8960  25.5945  3.4188
99.7242  24.0204  100.8960  25.5945  3.3924
99.8799  24.7112  100.8960  25.5945  3.4065
98.4849  24.7484  100.8960  25.5945  3.3777
99.5529  24.2045  100.8960  25.5945  3.3917
98.3349  25.2175  100.8960  25.5945  3.3566
100.4690  24.5924  100.8960  25.5945  3.3371
100.1990  24.7084  100.8960  25.5945  3.3366
100.3690  24.1603  100.8960  25.5945  3.4053
100.4120  23.9586  100.8960  25.5945  3.3987
98.5433  25.5117  100.8960  25.5945  3.3775
100.0910  24.8650  100.8960  25.5945  3.4310
97.9699  24.7130  100.8960  25.5945  3.4077
98.8431  25.1964  100.8960  25.5945  3.3857
97.7857  24.1826  100.8960  25.5945  3.4205
98.8783  23.5554  99.9445  24.3191  3.5566
100.7810  24.1990  99.9445  24.3191  3.4427
100.8160  25.0395  99.9445  24.3191  3.4743
100.7200  24.6420  99.7771  25.3419  3.4297
97.9699  24.7130  99.7771  25.3419  3.3300
97.6622  23.9027  99.7771  25.3419  3.4801
98.4849  24.7484  99.7771  25.3419  3.4009
100.4990  25.5666  99.7771  25.3419  3.6372
98.8634  25.4505  99.7771  25.3419  3.3783
98.8350  24.6942  99.7771  25.3419  3.4268
98.0252  24.4972  99.7771  25.3419  3.3780
98.5433  25.5117  99.7771  25.3419  3.3450
99.1663  24.7523  99.7771  25.3419  3.5848
99.0384  24.3221  99.7771  25.3419  3.3851
100.3690  24.1603  99.7771  25.3419  3.5949
100.5960  26.2944  99.7771  25.3419  3.3092
100.8990  25.3230  99.7771  25.3419  3.3608
97.7332  24.3999  99.7771  25.3419  3.3681
99.0325  24.5549  99.7771  25.3419  3.4075
100.7810  24.1990  99.7771  25.3419  3.4262
99.3404  24.5305  99.7771  25.3419  3.4745
100.4900  25.3500  99.7771  25.3419  3.5330
98.5651  24.1350  99.7771  25.3419  3.4495
98.3349  25.2175  99.7771  25.3419  3.3737
100.2940  23.5890  99.7771  25.3419  3.4266
98.3382  24.3368  99.7771  25.3419  3.4169
99.6235  24.5257  99.7771  25.3419  3.5564
100.4690  24.5924  99.7771  25.3419  3.4569
99.5529  24.2045  99.7771  25.3419  3.4131
98.8431  25.1964  99.7771  25.3419  3.5084
99.7242  24.0204  99.7771  25.3419  3.4663
97.9350  25.1078  99.7771  25.3419  3.3904
99.0268  23.8963  99.7771  25.3419  3.4080
98.8783  23.5554  99.7771  25.3419  3.4314
100.4120  23.9586  99.7771  25.3419  3.5008
98.6668  24.9037  99.7771  25.3419  3.4669
99.9445  24.3191  99.7771  25.3419  3.5454
97.7857  24.1826  99.7771  25.3419  3.4289
99.5713  23.7032  99.7771  25.3419  3.4666
98.2175  24.6619  99.7771  25.3419  3.4244
100.8080  24.4547  99.7771  25.3419  3.4146
100.5230  25.0541  99.7771  25.3419  3.4781
100.8960  25.5945  99.7771  25.3419  3.4913
100.8160  25.0395  99.7771  25.3419  3.3691
99.2375  25.4847  99.7771  25.3419  3.6980
100.1000  25.9100  99.7771  25.3419  3.6054
99.5529  24.2045  100.5960  26.2944  3.3774
97.7857  24.1826  100.5960  26.2944  3.3827
100.0910  24.8650  100.5960  26.2944  3.2412
98.3349  25.2175  100.5960  26.2944  3.2790
99.4801  25.0480  100.5960  26.2944  3.3468
99.5713  23.7032  100.5960  26.2944  3.3953
100.8080  24.4547  100.5960  26.2944  3.3973
98.8431  25.1964  100.5960  26.2944  3.3133
99.2375  25.4847  100.5960  26.2944  3.2834
99.6235  24.5257  100.5960  26.2944  3.3577
100.8160  25.0395  100.5960  26.2944  3.3834
99.8799  24.7112  100.5960  26.2944  3.3440
100.3690  24.1603  100.5960  26.2944  3.4352
99.6453  24.8769  100.5960  26.2944  3.3421
98.5651  24.1350  100.5960  26.2944  3.3809
99.7242  24.0204  100.5960  26.2944  3.3881
97.9699  24.7130  100.5960  26.2944  3.3131
99.8346  24.9958  100.5960  26.2944  3.3106
98.6668  24.9037  100.5960  26.2944  3.3128
100.7810  24.1990  100.5960  26.2944  3.4096
98.3382  24.3368  100.5960  26.2944  3.3693
100.2940  23.5890  100.5960  26.2944  3.4283
100.1990  24.7084  100.5960  26.2944  3.3725
97.7332  24.3999  100.5960  26.2944  3.3536
99.1663  24.7523  100.5960  26.2944  3.3496
99.0384  24.3221  100.5960  26.2944  3.3762
98.8350  24.6942  100.5960  26.2944  3.3364
97.6568  24.6108  100.5960  26.2944  3.3295
100.7200  24.6420  100.5960  26.2944  3.3679
99.9445  24.3191  100.5960  26.2944  3.3717
97.6622  23.9027  100.5960  26.2944  3.3983
99.3404  24.5305  100.5960  26.2944  3.3567
100.4120  23.9586  100.5960  26.2944  3.4184
98.8783  23.5554  100.5960  26.2944  3.4328
98.8634  25.4505  100.5960  26.2944  3.3242
98.4849  24.7484  100.5960  26.2944  3.3436
100.4690  24.5924  100.5960  26.2944  3.3702
97.9350  25.1078  100.5960  26.2944  3.2905
98.5433  25.5117  100.5960  26.2944  3.2616
98.0252  24.4972  100.5960  26.2944  3.3878
99.0325  24.5549  100.5960  26.2944  3.3646
99.0268  23.8963  100.5960  26.2944  3.4094
98.2175  24.6619  100.5960  26.2944  3.3556
99.3404  24.5305  100.2160  25.0148  3.5527
98.6668  24.9037  100.2160  25.0148  3.4192
99.1663  24.7523  100.2160  25.0148  3.5634
97.9350  25.1078  100.2160  25.0148  3.3750
100.7200  24.6420  100.2160  25.0148  3.4807
99.0325  24.5549  100.2160  25.0148  3.4590
98.8350  24.6942  100.2160  25.0148  3.4787
97.9699  24.7130  100.2160  25.0148  3.4670
98.8431  25.1964  100.2160  25.0148  3.3912
99.0268  23.8963  100.2160  25.0148  3.4727
98.8634  25.4505  100.2160  25.0148  3.2700
99.9445  24.3191  100.2160  25.0148  3.6458
98.4849  24.7484  100.2160  25.0148  3.4487
98.5651  24.1350  100.2160  25.0148  3.4377
97.6622  23.9027  100.2160  25.0148  3.4537
99.5713  23.7032  100.2160  25.0148  3.4272
99.2375  25.4847  100.2160  25.0148  3.4627
100.4120  23.9586  100.2160  25.0148  3.6209
97.7332  24.3999  100.2160  25.0148  3.4723
98.2175  24.6619  100.2160  25.0148  3.4768
99.5529  24.2045  100.2160  25.0148  3.4498
99.4801  25.0480  100.2160  25.0148  3.6359
98.0252  24.4972  100.2160  25.0148  3.4977
100.8960  25.5945  100.2160  25.0148  3.5094
100.7810  24.1990  100.2160  25.0148  3.4813
100.4990  25.5666  100.2160  25.0148  3.6514
97.7857  24.1826  100.2160  25.0148  3.4595
98.8783  23.5554  100.2160  25.0148  3.4692
99.0384  24.3221  100.2160  25.0148  3.4034
100.8160  25.0395  100.2160  25.0148  3.7075
98.3382  24.3368  100.2160  25.0148  3.3920
97.6568  24.6108  100.2160  25.0148  3.4707
100.1000  25.9100  100.2160  25.0148  3.5205
98.5433  25.5117  100.2160  25.0148  3.2988
99.7242  24.0204  100.2160  25.0148  3.4238
100.2940  23.5890  100.2160  25.0148  3.4529
100.5960  26.2944  100.2160  25.0148  3.3411
100.8080  24.4547  100.2160  25.0148  3.4273
98.3349  25.2175  100.2160  25.0148  3.3378
100.2940  23.5890  100.8080  24.4547  3.4189
99.5713  23.7032  100.1990  24.7084  3.4780
100.7810  24.1990  100.1990  24.7084  3.5476
99.7242  24.0204  100.1990  24.7084  3.5947
100.2940  23.5890  100.1990  24.7084  3.5428
99.0268  23.8963  100.1990  24.7084  3.4447
98.8783  23.5554  100.1990  24.7084  3.5004
100.8080  24.4547  98.3382  24.3368  3.5081
99.7242  24.0204  98.3382  24.3368  3.3926
99.5713  23.7032  98.3382  24.3368  3.5166
99.5529  24.2045  98.3382  24.3368  3.5309
100.2940  23.5890  98.3382  24.3368  3.4457
100.1990  24.7084  98.3382  24.3368  3.4768
99.8799  24.7112  98.3382  24.3368  3.5556
99.9445  24.3191  98.3382  24.3368  3.4612
100.7200  24.6420  98.3382  24.3368  3.4992
100.4120  23.9586  98.3382  24.3368  3.4254
100.0910  24.8650  98.3382  24.3368  3.6261
100.8160  25.0395  98.3382  24.3368  3.4214
100.7810  24.1990  98.3382  24.3368  3.4638
100.3690  24.1603  100.1700  26.3600  3.4519
99.4137  25.2954  100.1700  26.3600  3.3126
99.0325  24.5549  100.1700  26.3600  3.3495
100.8560  25.9242  100.1700  26.3600  3.3714
97.9699  24.7130  100.1700  26.3600  3.3360
98.8431  25.1964  100.1700  26.3600  3.3161
99.9868  25.4893  100.1700  26.3600  3.4264
100.4120  23.9586  100.1700  26.3600  3.4300
97.7332  24.3999  100.1700  26.3600  3.3784
99.9445  24.3191  100.1700  26.3600  3.4066
100.2160  25.0148  100.1700  26.3600  3.3261
100.8990  25.3230  100.1700  26.3600  3.2988
99.6235  24.5257  100.1700  26.3600  3.3656
100.8960  25.5945  100.1700  26.3600  3.3198
100.4690  24.5924  100.1700  26.3600  3.3867
99.8346  24.9958  100.1700  26.3600  3.3450
98.0252  24.4972  100.1700  26.3600  3.3622
98.5433  25.5117  100.1700  26.3600  3.3116
99.4801  25.0480  100.1700  26.3600  3.3302
98.8350  24.6942  100.1700  26.3600  3.3577
98.5651  24.1350  100.1700  26.3600  3.4174
99.7242  24.0204  100.1700  26.3600  3.3975
100.2940  23.5890  100.1700  26.3600  3.4294
100.7200  24.6420  100.1700  26.3600  3.3569
100.4990  25.5666  100.1700  26.3600  3.6335
99.2375  25.4847  100.1700  26.3600  3.3578
99.6453  24.8769  100.1700  26.3600  3.3653
100.0910  24.8650  100.1700  26.3600  3.2674
98.4849  24.7484  100.1700  26.3600  3.3415
98.6668  24.9037  100.1700  26.3600  3.3550
99.8799  24.7112  100.1700  26.3600  3.3872
99.5529  24.2045  100.1700  26.3600  3.3604
99.1663  24.7523  100.1700  26.3600  3.3413
97.6568  24.6108  100.1700  26.3600  3.3309
100.8080  24.4547  100.1700  26.3600  3.3497
99.7280  25.5410  100.1700  26.3600  3.3980
99.4300  26.2040  100.1700  26.3600  3.3992
97.6622  23.9027  100.1700  26.3600  3.4317
97.9350  25.1078  100.1700  26.3600  3.2764
97.7857  24.1826  100.1700  26.3600  3.3741
100.4900  25.3500  100.1700  26.3600  3.4615
98.3382  24.3368  100.1700  26.3600  3.3851
100.1990  24.7084  100.1700  26.3600  3.3653
100.5230  25.0541  100.1700  26.3600  3.3693
99.0268  23.8963  100.1700  26.3600  3.3902
99.5713  23.7032  100.1700  26.3600  3.4336
99.3404  24.5305  100.1700  26.3600  3.3957
100.7810  24.1990  100.1700  26.3600  3.3522
98.3349  25.2175  100.1700  26.3600  3.3009
99.8316  25.8146  100.1700  26.3600  3.6554
98.8783  23.5554  100.1700  26.3600  3.4185
99.7771  25.3419  100.1700  26.3600  3.3321
100.3200  25.2400  100.1700  26.3600  3.3950
98.8634  25.4505  100.1700  26.3600  3.2971
98.2175  24.6619  100.1700  26.3600  3.3439
99.0384  24.3221  100.1700  26.3600  3.4031
99.4024  25.6322  100.1700  26.3600  3.3716
97.6568  24.6108  98.3349  25.2175  3.6433
100.8160  25.0395  98.3349  25.2175  3.3676
100.4690  24.5924  98.3349  25.2175  3.3382
99.8346  24.9958  98.3349  25.2175  3.3415
100.7200  24.6420  98.3349  25.2175  3.3615
99.9445  24.3191  98.3349  25.2175  3.3545
99.8799  24.7112  98.3349  25.2175  3.3197
100.7810  24.1990  98.3349  25.2175  3.3818
99.5713  23.7032  98.3349  25.2175  3.4463
98.5651  24.1350  98.3349  25.2175  3.4635
99.1663  24.7523  98.3349  25.2175  3.3447
99.4801  25.0480  98.3349  25.2175  3.3551
100.3690  24.1603  98.3349  25.2175  3.3956
99.6235  24.5257  98.3349  25.2175  3.4057
100.1990  24.7084  98.3349  25.2175  3.3269
97.7857  24.1826  98.3349  25.2175  3.4645
100.8080  24.4547  98.3349  25.2175  3.3616
97.6622  23.9027  98.3349  25.2175  3.4430
98.0252  24.4972  98.3349  25.2175  3.6332
99.0384  24.3221  98.3349  25.2175  3.6539
98.3382  24.3368  98.3349  25.2175  3.5254
99.0325  24.5549  98.3349  25.2175  3.6381
99.5529  24.2045  98.3349  25.2175  3.4238
99.6453  24.8769  98.3349  25.2175  3.2731
97.7332  24.3999  98.3349  25.2175  3.5216
99.2375  25.4847  98.3349  25.2175  3.5217
98.8783  23.5554  98.3349  25.2175  3.4183
98.8431  25.1964  98.3349  25.2175  3.6834
99.3404  24.5305  98.3349  25.2175  3.4001
100.4120  23.9586  98.3349  25.2175  3.4027
99.7242  24.0204  98.3349  25.2175  3.5076
99.0268  23.8963  98.3349  25.2175  3.4716
100.7200  24.6420  98.2175  24.6619  3.4392
100.8160  25.0395  98.2175  24.6619  3.4203
99.9445  24.3191  98.2175  24.6619  3.3553
100.4690  24.5924  98.2175  24.6619  3.4340
99.5713  23.7032  98.2175  24.6619  3.5121
100.0910  24.8650  98.2175  24.6619  3.4813
99.7242  24.0204  98.2175  24.6619  3.3766
99.8799  24.7112  98.2175  24.6619  3.4647
100.8080  24.4547  98.2175  24.6619  3.4415
99.5529  24.2045  98.2175  24.6619  3.3367
98.8783  23.5554  98.2175  24.6619  3.5861
97.6622  23.9027  98.2175  24.6619  3.5882
100.2940  23.5890  98.2175  24.6619  3.4402
100.3690  24.1603  98.2175  24.6619  3.3974
100.4120  23.9586  98.2175  24.6619  3.4208
100.1990  24.7084  98.2175  24.6619  3.4354
99.0268  23.8963  98.2175  24.6619  3.5908
100.7810  24.1990  98.2175  24.6619  3.4090
98.8350  24.6942  100.4900  25.3500  3.4206
98.4849  24.7484  100.4900  25.3500  3.3606
98.3349  25.2175  100.4900  25.3500  3.3636
98.8431  25.1964  100.4900  25.3500  3.3955
98.3382  24.3368  100.4900  25.3500  3.4236
99.9868  25.4893  100.4900  25.3500  3.6927
100.4690  24.5924  100.4900  25.3500  3.6515
99.5713  23.7032  100.4900  25.3500  3.4099
99.6453  24.8769  100.4900  25.3500  3.5366
97.9699  24.7130  100.4900  25.3500  3.4198
99.2375  25.4847  100.4900  25.3500  3.3756
100.3690  24.1603  100.4900  25.3500  3.5017
99.6235  24.5257  100.4900  25.3500  3.4055
97.9350  25.1078  100.4900  25.3500  3.3409
98.5651  24.1350  100.4900  25.3500  3.4276
97.6622  23.9027  100.4900  25.3500  3.4292
99.4801  25.0480  100.4900  25.3500  3.4654
97.6568  24.6108  100.4900  25.3500  3.4017
99.9445  24.3191  100.4900  25.3500  3.3299
100.1990  24.7084  100.4900  25.3500  3.6305
99.8799  24.7112  100.4900  25.3500  3.4755
97.7332  24.3999  100.4900  25.3500  3.4209
99.0268  23.8963  100.4900  25.3500  3.4158
98.2175  24.6619  100.4900  25.3500  3.3796
98.5433  25.5117  100.4900  25.3500  3.3339
100.2940  23.5890  100.4900  25.3500  3.4654
98.8783  23.5554  100.4900  25.3500  3.4543
98.6668  24.9037  100.4900  25.3500  3.3419
99.5529  24.2045  100.4900  25.3500  3.3768
99.0384  24.3221  100.4900  25.3500  3.3905
100.7810  24.1990  100.4900  25.3500  3.5666
98.0252  24.4972  100.4900  25.3500  3.4106
99.1663  24.7523  100.4900  25.3500  3.3780
100.4120  23.9586  100.4900  25.3500  3.4412
99.0325  24.5549  100.4900  25.3500  3.3587
98.8634  25.4505  100.4900  25.3500  3.3323
99.3404  24.5305  100.4900  25.3500  3.4198
97.7857  24.1826  100.4900  25.3500  3.4414
100.5960  26.2944  100.4900  25.3500  3.3976
99.7242  24.0204  100.4900  25.3500  3.3671
100.4120  23.9586  100.7200  24.6420  3.6578
100.2940  23.5890  100.7200  24.6420  3.4359
100.7200  24.6420  99.0384  24.3221  3.4771
100.1990  24.7084  99.0384  24.3221  3.5660
100.8160  25.0395  99.0384  24.3221  3.4747
98.0252  24.4972  99.0384  24.3221  3.6161
100.3690  24.1603  99.0384  24.3221  3.4623
100.4120  23.9586  99.0384  24.3221  3.4043
97.7332  24.3999  99.0384  24.3221  3.5977
99.8346  24.9958  99.0384  24.3221  3.4913
97.7857  24.1826  99.0384  24.3221  3.5965
99.7242  24.0204  99.0384  24.3221  3.6980
99.4801  25.0480  99.0384  24.3221  3.6150
98.2175  24.6619  99.0384  24.3221  3.6075
97.9350  25.1078  99.0384  24.3221  3.4116
100.8080  24.4547  99.0384  24.3221  3.4576
97.6568  24.6108  99.0384  24.3221  3.2968
97.6622  23.9027  99.0384  24.3221  3.6534
100.2940  23.5890  99.0384  24.3221  3.4614
97.9699  24.7130  99.0384  24.3221  3.4722
100.7810  24.1990  99.0384  24.3221  3.4030
100.4690  24.5924  99.0384  24.3221  3.6855
99.9445  24.3191  99.0384  24.3221  3.5700
100.0910  24.8650  99.0384  24.3221  3.4505
98.8783  23.5554  99.0384  24.3221  3.6789
99.3404  24.5305  98.8863  26.3578  3.3447
99.4801  25.0480  98.8863  26.3578  3.4101
99.4300  26.2040  98.8863  26.3578  3.5861
98.2175  24.6619  98.8863  26.3578  3.3777
97.7857  24.1826  98.8863  26.3578  3.4198
98.8431  25.1964  98.8863  26.3578  3.3131
99.4024  25.6322  98.8863  26.3578  3.5861
99.6453  24.8769  98.8863  26.3578  3.4044
100.5960  26.2944  98.8863  26.3578  3.2641
99.2375  25.4847  98.8863  26.3578  3.6761
100.5200  25.8500  98.8863  26.3578  3.2829
100.4990  25.5666  98.8863  26.3578  3.2377
100.8560  25.9242  98.8863  26.3578  3.2454
99.1663  24.7523  98.8863  26.3578  3.3668
99.7242  24.0204  98.8863  26.3578  3.4064
99.5713  23.7032  98.8863  26.3578  3.4405
100.3690  24.1603  98.8863  26.3578  3.4662
99.0384  24.3221  98.8863  26.3578  3.4655
98.3382  24.3368  98.8863  26.3578  3.3827
99.9868  25.4893  98.8863  26.3578  3.3328
98.6668  24.9037  98.8863  26.3578  3.3561
98.8783  23.5554  98.8863  26.3578  3.4639
100.8990  25.3230  98.8863  26.3578  3.2798
100.7200  24.6420  98.8863  26.3578  3.3721
99.5529  24.2045  98.8863  26.3578  3.3786
99.9445  24.3191  98.8863  26.3578  3.3723
100.4690  24.5924  98.8863  26.3578  3.4120
98.8634  25.4505  98.8863  26.3578  3.4953
98.0252  24.4972  98.8863  26.3578  3.3887
100.2520  26.1294  98.8863  26.3578  3.2921
100.4900  25.3500  98.8863  26.3578  3.2685
98.8350  24.6942  98.8863  26.3578  3.3979
100.1000  25.9100  98.8863  26.3578  3.2557
98.5433  25.5117  98.8863  26.3578  3.5470
99.0268  23.8963  98.8863  26.3578  3.4546
100.2940  23.5890  98.8863  26.3578  3.4104
100.8160  25.0395  98.8863  26.3578  3.3250
100.8960  25.5945  98.8863  26.3578  3.2152
98.3349  25.2175  98.8863  26.3578  3.3884
99.4137  25.2954  98.8863  26.3578  3.5243
99.7771  25.3419  98.8863  26.3578  3.3163
99.8316  25.8146  98.8863  26.3578  3.3390
98.5651  24.1350  98.8863  26.3578  3.4093
100.4120  23.9586  98.8863  26.3578  3.4364
99.7280  25.5410  98.8863  26.3578  3.3077
100.1990  24.7084  98.8863  26.3578  3.4067
100.2160  25.0148  98.8863  26.3578  3.3788
100.7810  24.1990  98.8863  26.3578  3.4352
97.7332  24.3999  98.8863  26.3578  3.4269
97.9699  24.7130  98.8863  26.3578  3.3694
100.8080  24.4547  98.8863  26.3578  3.4018
100.5230  25.0541  98.8863  26.3578  3.3241
100.1700  26.3600  98.8863  26.3578  3.3158
99.8799  24.7112  98.8863  26.3578  3.4044
97.9350  25.1078  98.8863  26.3578  3.3768
99.0325  24.5549  98.8863  26.3578  3.4007
98.4849  24.7484  98.8863  26.3578  3.3717
99.6235  24.5257  98.8863  26.3578  3.3655
99.8346  24.9958  98.8863  26.3578  3.3961
100.3200  25.2400  98.8863  26.3578  3.3173
97.6568  24.6108  98.8863  26.3578  3.4332
98.6668  24.9037  100.3200  25.2400  3.4404
99.6235  24.5257  100.3200  25.2400  3.4539
100.8080  24.4547  100.3200  25.2400  3.5060
98.5651  24.1350  100.3200  25.2400  3.4228
98.3382  24.3368  100.3200  25.2400  3.4042
98.5433  25.5117  100.3200  25.2400  3.2873
100.8160  25.0395  100.3200  25.2400  3.5089
99.0268  23.8963  100.3200  25.2400  3.4409
97.7857  24.1826  100.3200  25.2400  3.4261
99.1663  24.7523  100.3200  25.2400  3.4159
98.8783  23.5554  100.3200  25.2400  3.4541
99.9445  24.3191  100.3200  25.2400  3.4208
100.4120  23.9586  100.3200  25.2400  3.4569
100.5960  26.2944  100.3200  25.2400  3.3472
98.3349  25.2175  100.3200  25.2400  3.3565
99.0384  24.3221  100.3200  25.2400  3.3933
97.6622  23.9027  100.3200  25.2400  3.4390
97.9350  25.1078  100.3200  25.2400  3.3913
100.8990  25.3230  100.3200  25.2400  3.6010
97.6568  24.6108  100.3200  25.2400  3.4178
99.5529  24.2045  100.3200  25.2400  3.3848
98.8634  25.4505  100.3200  25.2400  3.3230
99.7242  24.0204  100.3200  25.2400  3.3960
98.2175  24.6619  100.3200  25.2400  3.4027
99.0325  24.5549  100.3200  25.2400  3.3533
99.5713  23.7032  100.3200  25.2400  3.4191
98.4849  24.7484  100.3200  25.2400  3.3603
98.8431  25.1964  100.3200  25.2400  3.3757
99.3404  24.5305  100.3200  25.2400  3.4078
98.0252  24.4972  100.3200  25.2400  3.3981
100.2940  23.5890  100.3200  25.2400  3.4810
97.9699  24.7130  100.3200  25.2400  3.4316
99.2375  25.4847  100.3200  25.2400  3.3285
97.7332  24.3999  100.3200  25.2400  3.4112
98.8350  24.6942  100.3200  25.2400  3.4331
100.7810  24.1990  100.3200  25.2400  3.5701
99.4801  25.0480  100.3200  25.2400  3.5829
100.3690  24.1603  100.3200  25.2400  3.5445
100.7810  24.1990  100.5200  25.8500  3.4061
100.3690  24.1603  100.5200  25.8500  3.4507
98.5651  24.1350  100.5200  25.8500  3.3854
100.1000  25.9100  100.5200  25.8500  3.5905
99.3404  24.5305  100.5200  25.8500  3.3834
99.7242  24.0204  100.5200  25.8500  3.4029
98.8783  23.5554  100.5200  25.8500  3.4740
99.7280  25.5410  100.5200  25.8500  3.5907
99.0325  24.5549  100.5200  25.8500  3.3454
98.0252  24.4972  100.5200  25.8500  3.3241
99.4801  25.0480  100.5200  25.8500  3.4086
100.3200  25.2400  100.5200  25.8500  3.6679
99.1663  24.7523  100.5200  25.8500  3.3516
100.8080  24.4547  100.5200  25.8500  3.4005
99.0384  24.3221  100.5200  25.8500  3.4024
97.6622  23.9027  100.5200  25.8500  3.3981
99.5713  23.7032  100.5200  25.8500  3.4224
99.7771  25.3419  100.5200  25.8500  3.6298
99.9445  24.3191  100.5200  25.8500  3.3779
98.8431  25.1964  100.5200  25.8500  3.3852
99.8799  24.7112  100.5200  25.8500  3.3270
100.5230  25.0541  100.5200  25.8500  3.6168
97.7332  24.3999  100.5200  25.8500  3.3575
100.4120  23.9586  100.5200  25.8500  3.4580
100.1990  24.7084  100.5200  25.8500  3.3687
100.0910  24.8650  100.5200  25.8500  3.3962
100.2940  23.5890  100.5200  25.8500  3.4456
98.8350  24.6942  100.5200  25.8500  3.3387
100.2160  25.0148  100.5200  25.8500  3.4017
97.9350  25.1078  100.5200  25.8500  3.3462
99.2375  25.4847  100.5200  25.8500  3.4342
98.3382  24.3368  100.5200  25.8500  3.4146
100.7200  24.6420  100.5200  25.8500  3.4466
100.4690  24.5924  100.5200  25.8500  3.4081
98.3349  25.2175  100.5200  25.8500  3.3349
99.6453  24.8769  100.5200  25.8500  3.3514
99.4137  25.2954  100.5200  25.8500  3.3476
97.9699  24.7130  100.5200  25.8500  3.3382
98.5433  25.5117  100.5200  25.8500  3.3758
98.8634  25.4505  100.5200  25.8500  3.3443
99.6235  24.5257  100.5200  25.8500  3.3453
98.2175  24.6619  100.5200  25.8500  3.3127
99.0268  23.8963  100.5200  25.8500  3.4296
99.8316  25.8146  100.5200  25.8500  3.4985
97.7857  24.1826  100.5200  25.8500  3.3956
97.6568  24.6108  100.5200  25.8500  3.3628
99.5529  24.2045  100.5200  25.8500  3.3751
100.8160  25.0395  100.5200  25.8500  3.6816
99.8346  24.9958  100.5200  25.8500  3.3416
98.4849  24.7484  100.5200  25.8500  3.4033
100.8990  25.3230  100.5200  25.8500  3.6357
99.5713  23.7032  99.8799  24.7112  3.5012
100.2940  23.5890  99.8799  24.7112  3.5496
99.0268  23.8963  99.8799  24.7112  3.4701
100.7200  24.6420  99.8799  24.7112  3.5361
100.8080  24.4547  99.8799  24.7112  3.4629
100.8160  25.0395  99.8799  24.7112  3.5521
98.8783  23.5554  99.8799  24.7112  3.4794
100.7810  24.1990  99.8799  24.7112  3.5866
100.4120  23.9586  99.8799  24.7112  3.6142
100.3690  24.1603  99.8799  24.7112  3.6031
97.7857  24.1826  100.2520  26.1294  3.4081
99.0384  24.3221  100.2520  26.1294  3.3798
100.8960  25.5945  100.2520  26.1294  3.3213
97.7332  24.3999  100.2520  26.1294  3.3639
99.1663  24.7523  100.2520  26.1294  3.3341
99.0268  23.8963  100.2520  26.1294  3.4082
100.8160  25.0395  100.2520  26.1294  3.4334
99.7242  24.0204  100.2520  26.1294  3.3837
98.2175  24.6619  100.2520  26.1294  3.3565
100.7810  24.1990  100.2520  26.1294  3.3922
98.4849  24.7484  100.2520  26.1294  3.3350
100.5230  25.0541  100.2520  26.1294  3.4562
100.8080  24.4547  100.2520  26.1294  3.3704
97.6622  23.9027  100.2520  26.1294  3.4323
99.7280  25.5410  100.2520  26.1294  3.4784
99.6453  24.8769  100.2520  26.1294  3.3337
99.4137  25.2954  100.2520  26.1294  3.3437
99.3404  24.5305  100.2520  26.1294  3.3563
100.2940  23.5890  100.2520  26.1294  3.4505
100.2160  25.0148  100.2520  26.1294  3.3817
99.9868  25.4893  100.2520  26.1294  3.5241
98.8783  23.5554  100.2520  26.1294  3.4366
98.6668  24.9037  100.2520  26.1294  3.2974
100.4900  25.3500  100.2520  26.1294  3.6433
100.3200  25.2400  100.2520  26.1294  3.4976
98.8350  24.6942  100.2520  26.1294  3.3567
99.5529  24.2045  100.2520  26.1294  3.3822
100.3690  24.1603  100.2520  26.1294  3.4602
97.9699  24.7130  100.2520  26.1294  3.3158
99.4300  26.2040  100.2520  26.1294  3.3430
100.0910  24.8650  100.2520  26.1294  3.3334
99.8799  24.7112  100.2520  26.1294  3.3636
100.1990  24.7084  100.2520  26.1294  3.3860
98.5651  24.1350  100.2520  26.1294  3.3917
100.4120  23.9586  100.2520  26.1294  3.4448
99.9445  24.3191  100.2520  26.1294  3.3926
99.4024  25.6322  100.2520  26.1294  3.4093
98.0252  24.4972  100.2520  26.1294  3.3795
99.2375  25.4847  100.2520  26.1294  3.3475
100.7200  24.6420  100.2520  26.1294  3.4124
99.8346  24.9958  100.2520  26.1294  3.3291
99.0325  24.5549  100.2520  26.1294  3.3659
98.8634  25.4505  100.2520  26.1294  3.3228
99.6235  24.5257  100.2520  26.1294  3.3690
100.4690  24.5924  100.2520  26.1294  3.3516
97.9350  25.1078  100.2520  26.1294  3.3006
99.5713  23.7032  100.2520  26.1294  3.4017
99.7771  25.3419  100.2520  26.1294  3.3748
99.4801  25.0480  100.2520  26.1294  3.3171
98.5433  25.5117  100.2520  26.1294  3.2861
98.3382  24.3368  100.2520  26.1294  3.3880
97.6568  24.6108  100.2520  26.1294  3.3160
100.8990  25.3230  100.2520  26.1294  3.3139
98.8431  25.1964  100.2520  26.1294  3.3143
98.3349  25.2175  100.2520  26.1294  3.3027
99.4801  25.0480  98.5433  25.5117  3.4315
100.8080  24.4547  98.5433  25.5117  3.3495
99.7242  24.0204  98.5433  25.5117  3.4204
97.7857  24.1826  98.5433  25.5117  3.4057
99.0268  23.8963  98.5433  25.5117  3.4014
99.8346  24.9958  98.5433  25.5117  3.2756
98.8350  24.6942  98.5433  25.5117  3.6910
99.5713  23.7032  98.5433  25.5117  3.4090
99.8799  24.7112  98.5433  25.5117  3.3946
99.0384  24.3221  98.5433  25.5117  3.4839
99.6453  24.8769  98.5433  25.5117  3.4623
97.9699  24.7130  98.5433  25.5117  3.5498
100.7810  24.1990  98.5433  25.5117  3.3693
99.3404  24.5305  98.5433  25.5117  3.5203
100.4690  24.5924  98.5433  25.5117  3.3785
98.4849  24.7484  98.5433  25.5117  3.6315
97.7332  24.3999  98.5433  25.5117  3.4541
98.3382  24.3368  98.5433  25.5117  3.3621
100.8160  25.0395  98.5433  25.5117  3.3129
99.5529  24.2045  98.5433  25.5117  3.3848
99.0325  24.5549  98.5433  25.5117  3.5418
97.6622  23.9027  98.5433  25.5117  3.4480
98.0252  24.4972  98.5433  25.5117  3.4201
99.9445  24.3191  98.5433  25.5117  3.4547
100.1990  24.7084  98.5433  25.5117  3.3374
100.7200  24.6420  98.5433  25.5117  3.3334
100.0910  24.8650  98.5433  25.5117  3.3102
99.6235  24.5257  98.5433  25.5117  3.3915
100.2940  23.5890  98.5433  25.5117  3.4522
100.3690  24.1603  98.5433  25.5117  3.4283
99.1663  24.7523  98.5433  25.5117  3.6987
98.8783  23.5554  98.5433  25.5117  3.4248
98.5651  24.1350  98.5433  25.5117  3.3650
98.2175  24.6619  98.5433  25.5117  3.4599
99.2375  25.4847  98.5433  25.5117  3.6919
99.7242  24.0204  99.0325  24.5549  3.5996
100.8160  25.0395  99.0325  24.5549  3.3869
100.0910  24.8650  99.0325  24.5549  3.5616
98.0252  24.4972  99.0325  24.5549  3.5678
100.3690  24.1603  99.0325  24.5549  3.3766
99.8799  24.7112  99.0325  24.5549  3.5966
100.1990  24.7084  99.0325  24.5549  3.5293
100.2940  23.5890  99.0325  24.5549  3.5325
97.7332  24.3999  99.0325  24.5549  3.5292
97.6622  23.9027  99.0325  24.5549  3.5468
98.8783  23.5554  99.0325  24.5549  3.5307
97.9350  25.1078  99.0325  24.5549  3.4305
97.6568  24.6108  99.0325  24.5549  3.5338
99.9445  24.3191  99.0325  24.5549  3.4996
97.9699  24.7130  99.0325  24.5549  3.5448
98.2175  24.6619  99.0325  24.5549  3.7013
100.4120  23.9586  99.0325  24.5549  3.3510
100.8080  24.4547  99.0325  24.5549  3.4409
100.7200  24.6420  99.0325  24.5549  3.4150
100.7810  24.1990  99.0325  24.5549  3.3502
100.4690  24.5924  99.0325  24.5549  3.4339
97.7857  24.1826  99.0325  24.5549  3.6059
99.8346  24.9958  99.0325  24.5549  3.6884
99.9445  24.3191  99.1301  26.2006  3.4059
99.8316  25.8146  99.1301  26.2006  3.4794
100.4900  25.3500  99.1301  26.2006  3.2932
100.8560  25.9242  99.1301  26.2006  3.2184
100.7200  24.6420  99.1301  26.2006  3.3744
97.6568  24.6108  99.1301  26.2006  3.4043
100.4990  25.5666  99.1301  26.2006  3.2556
99.6235  24.5257  99.1301  26.2006  3.2883
99.4801  25.0480  99.1301  26.2006  3.4131
97.6622  23.9027  99.1301  26.2006  3.4232
100.7810  24.1990  99.1301  26.2006  3.4225
100.5960  26.2944  99.1301  26.2006  3.2896
99.7280  25.5410  99.1301  26.2006  3.4597
98.4849  24.7484  99.1301  26.2006  3.3521
99.1663  24.7523  99.1301  26.2006  3.3892
97.9699  24.7130  99.1301  26.2006  3.3581
100.3200  25.2400  99.1301  26.2006  3.3645
100.1990  24.7084  99.1301  26.2006  3.3932
98.8634  25.4505  99.1301  26.2006  3.6075
98.6668  24.9037  99.1301  26.2006  3.4191
99.8346  24.9958  99.1301  26.2006  3.4199
98.3349  25.2175  99.1301  26.2006  3.3464
100.5200  25.8500  99.1301  26.2006  3.2367
100.2160  25.0148  99.1301  26.2006  3.3431
99.6453  24.8769  99.1301  26.2006  3.4275
100.8960  25.5945  99.1301  26.2006  3.2387
98.2175  24.6619  99.1301  26.2006  3.3831
98.0252  24.4972  99.1301  26.2006  3.3814
99.0325  24.5549  99.1301  26.2006  3.3576
97.7332  24.3999  99.1301  26.2006  3.4020
99.5529  24.2045  99.1301  26.2006  3.3963
100.8160  25.0395  99.1301  26.2006  3.3155
99.7242  24.0204  99.1301  26.2006  3.4386
98.5651  24.1350  99.1301  26.2006  3.3711
99.7771  25.3419  99.1301  26.2006  3.4379
98.8431  25.1964  99.1301  26.2006  3.3961
98.8350  24.6942  99.1301  26.2006  3.4627
99.5713  23.7032  99.1301  26.2006  3.4738
100.8080  24.4547  99.1301  26.2006  3.3927
97.9350  25.1078  99.1301  26.2006  3.3522
100.1000  25.9100  99.1301  26.2006  3.4266
98.5433  25.5117  99.1301  26.2006  3.5393
100.4120  23.9586  99.1301  26.2006  3.4018
100.3690  24.1603  99.1301  26.2006  3.4029
100.5230  25.0541  99.1301  26.2006  3.3465
100.8990  25.3230  99.1301  26.2006  3.2973
99.8799  24.7112  99.1301  26.2006  3.3969
98.3382  24.3368  99.1301  26.2006  3.3797
100.4690  24.5924  99.1301  26.2006  3.4344
99.4137  25.2954  99.1301  26.2006  3.5363
100.2520  26.1294  99.1301  26.2006  3.3004
99.9868  25.4893  99.1301  26.2006  3.3287
99.0384  24.3221  99.1301  26.2006  3.3868
99.0268  23.8963  99.1301  26.2006  3.4602
97.7857  24.1826  99.1301  26.2006  3.4046
97.9699  24.7130  99.6235  24.5257  3.3325
97.7332  24.3999  99.6235  24.5257  3.5206
100.7810  24.1990  99.6235  24.5257  3.4002
100.2940  23.5890  99.6235  24.5257  3.5220
98.8783  23.5554  99.6235  24.5257  3.4914
98.2175  24.6619  99.6235  24.5257  3.4432
98.3382  24.3368  99.6235  24.5257  3.5084
100.3690  24.1603  99.6235  24.5257  3.6438
98.5651  24.1350  99.6235  24.5257  3.5674
98.0252  24.4972  99.6235  24.5257  3.4716
100.8160  25.0395  99.6235  24.5257  3.4521
97.7857  24.1826  99.6235  24.5257  3.5088
99.5713  23.7032  99.6235  24.5257  3.6845
97.9350  25.1078  99.6235  24.5257  3.3432
97.6622  23.9027  99.6235  24.5257  3.5070
100.4690  24.5924  99.6235  24.5257  3.6641
100.4120  23.9586  99.6235  24.5257  3.5170
100.7200  24.6420  99.6235  24.5257  3.5539
97.6568  24.6108  99.6235  24.5257  3.4175
100.8080  24.4547  99.6235  24.5257  3.4351
99.7280  25.5410  100.8560  25.9242  3.4147
99.4801  25.0480  100.8560  25.9242  3.3180
100.1000  25.9100  100.8560  25.9242  3.4377
100.8160  25.0395  100.8560  25.9242  3.4748
97.7857  24.1826  100.8560  25.9242  3.3835
100.4900  25.3500  100.8560  25.9242  3.6462
99.9868  25.4893  100.8560  25.9242  3.5621
99.1663  24.7523  100.8560  25.9242  3.3558
100.2160  25.0148  100.8560  25.9242  3.2896
98.8783  23.5554  100.8560  25.9242  3.4344
97.9350  25.1078  100.8560  25.9242  3.3581
99.0325  24.5549  100.8560  25.9242  3.3457
99.2375  25.4847  100.8560  25.9242  3.3680
100.0910  24.8650  100.8560  25.9242  3.3423
98.8634  25.4505  100.8560  25.9242  3.3439
97.6622  23.9027  100.8560  25.9242  3.3948
98.8350  24.6942  100.8560  25.9242  3.3770
98.0252  24.4972  100.8560  25.9242  3.3512
99.4137  25.2954  100.8560  25.9242  3.3398
99.5529  24.2045  100.8560  25.9242  3.3797
98.4849  24.7484  100.8560  25.9242  3.3299
99.6235  24.5257  100.8560  25.9242  3.3520
100.1990  24.7084  100.8560  25.9242  3.3100
98.5651  24.1350  100.8560  25.9242  3.3932
98.8431  25.1964  100.8560  25.9242  3.3645
98.5433  25.5117  100.8560  25.9242  3.3747
100.4120  23.9586  100.8560  25.9242  3.3924
99.8799  24.7112  100.8560  25.9242  3.3236
99.0268  23.8963  100.8560  25.9242  3.4018
99.3404  24.5305  100.8560  25.9242  3.3464
99.9445  24.3191  100.8560  25.9242  3.3606
100.5230  25.0541  100.8560  25.9242  3.3637
100.3200  25.2400  100.8560  25.9242  3.3961
100.7200  24.6420  100.8560  25.9242  3.3549
100.2940  23.5890  100.8560  25.9242  3.4017
97.6568  24.6108  100.8560  25.9242  3.3865
98.6668  24.9037  100.8560  25.9242  3.3440
100.3690  24.1603  100.8560  25.9242  3.3796
98.3382  24.3368  100.8560  25.9242  3.3944
99.7771  25.3419  100.8560  25.9242  3.3863
98.2175  24.6619  100.8560  25.9242  3.3305
99.0384  24.3221  100.8560  25.9242  3.3667
99.8346  24.9958  100.8560  25.9242  3.3492
100.8080  24.4547  100.8560  25.9242  3.3950
99.8316  25.8146  100.8560  25.9242  3.4528
99.5713  23.7032  100.8560  25.9242  3.4062
100.7810  24.1990  100.8560  25.9242  3.4089
97.9699  24.7130  100.8560  25.9242  3.3553
99.6453  24.8769  100.8560  25.9242  3.3572
98.3349  25.2175  100.8560  25.9242  3.3710
99.7242  24.0204  100.8560  25.9242  3.3921
98.3382  24.3368  99.3404  24.5305  3.6685
98.0252  24.4972  99.3404  24.5305  3.5466
100.7810  24.1990  99.3404  24.5305  3.3831
100.1990  24.7084  99.3404  24.5305  3.6243
100.3690  24.1603  99.3404  24.5305  3.4661
97.7332  24.3999  99.3404  24.5305  3.4843
100.7200  24.6420  99.3404  24.5305  3.4239
97.9699  24.7130  99.3404  24.5305  3.4497
100.4690  24.5924  99.3404  24.5305  3.5563
100.4120  23.9586  99.3404  24.5305  3.4682
100.2940  23.5890  99.3404  24.5305  3.4929
98.8783  23.5554  99.3404  24.5305  3.5435
97.6622  23.9027  99.3404  24.5305  3.5206
97.7857  24.1826  99.3404  24.5305  3.5424
100.8080  24.4547  99.3404  24.5305  3.4307
97.6568  24.6108  99.3404  24.5305  3.4703
97.9350  25.1078  99.3404  24.5305  3.3433
100.8160  25.0395  99.3404  24.5305  3.4810
98.2175  24.6619  99.3404  24.5305  3.4598
98.8634  25.4505  98.4849  24.7484  3.5778
99.0325  24.5549  98.4849  24.7484  3.6658
100.8080  24.4547  98.4849  24.7484  3.4094
100.1990  24.7084  98.4849  24.7484  3.4261
98.8350  24.6942  98.4849  24.7484  3.5291
99.5529  24.2045  98.4849  24.7484  3.4850
99.9445  24.3191  98.4849  24.7484  3.3267
99.7242  24.0204  98.4849  24.7484  3.5175
100.7200  24.6420  98.4849  24.7484  3.4037
99.0268  23.8963  98.4849  24.7484  3.6631
99.8799  24.7112  98.4849  24.7484  3.4529
100.7810  24.1990  98.4849  24.7484  3.4000
99.6235  24.5257  98.4849  24.7484  3.3591
100.4120  23.9586  98.4849  24.7484  3.4003
99.5713  23.7032  98.4849  24.7484  3.4719
99.4801  25.0480  98.4849  24.7484  3.5768
99.3404  24.5305  98.4849  24.7484  3.5712
100.3690  24.1603  98.4849  24.7484  3.3923
100.4690  24.5924  98.4849  24.7484  3.3754
100.0910  24.8650  98.4849  24.7484  3.3746
99.8346  24.9958  98.4849  24.7484  3.4407
98.8783  23.5554  98.4849  24.7484  3.4961
97.6622  23.9027  98.4849  24.7484  3.4820
99.6453  24.8769  98.4849  24.7484  3.4822
100.8160  25.0395  98.4849  24.7484  3.4671
100.2940  23.5890  98.4849  24.7484  3.4554
99.2375  25.4847  98.4849  24.7484  3.4710
97.6622  23.9027  98.6668  24.9037  3.4768
100.1990  24.7084  98.6668  24.9037  3.3797
100.7810  24.1990  98.6668  24.9037  3.3535
99.7242  24.0204  98.6668  24.9037  3.4256
99.0268  23.8963  98.6668  24.9037  3.5705
100.4120  23.9586  98.6668  24.9037  3.3998
100.8160  25.0395  98.6668  24.9037  3.4453
99.9445  24.3191  98.6668  24.9037  3.3464
100.8080  24.4547  98.6668  24.9037  3.3813
99.5529  24.2045  98.6668  24.9037  3.5148
100.0910  24.8650  98.6668  24.9037  3.4684
97.9350  25.1078  98.6668  24.9037  3.5914
99.6235  24.5257  98.6668  24.9037  3.5215
97.7857  24.1826  98.6668  24.9037  3.4195
99.8346  24.9958  98.6668  24.9037  3.4867
99.4801  25.0480  98.6668  24.9037  3.6743
97.7332  24.3999  98.6668  24.9037  3.5154
100.7200  24.6420  98.6668  24.9037  3.3687
99.8799  24.7112  98.6668  24.9037  3.3757
100.3690  24.1603  98.6668  24.9037  3.3319
99.3404  24.5305  98.6668  24.9037  3.6037
100.2940  23.5890  98.6668  24.9037  3.4901
99.5713  23.7032  98.6668  24.9037  3.4540
100.4690  24.5924  98.6668  24.9037  3.3561
99.6453  24.8769  98.6668  24.9037  3.4162
99.7242  24.0204  100.0910  24.8650  3.5624
100.7810  24.1990  100.0910  24.8650  3.4532
100.2940  23.5890  100.0910  24.8650  3.5006
100.8080  24.4547  100.0910  24.8650  3.5621
100.8160  25.0395  100.0910  24.8650  3.6224
99.0268  23.8963  100.0910  24.8650  3.4680
99.5529  24.2045  100.0910  24.8650  3.6915
100.8160  25.0395  100.3690  24.1603  3.4862
99.0268  23.8963  100.3690  24.1603  3.6011
99.5529  24.2045  100.3690  24.1603  3.5297
98.8783  23.5554  100.3690  24.1603  3.5616
98.8783  23.5554  100.4690  24.5924  3.5982
100.2940  23.5890  100.4690  24.5924  3.6164
99.0268  23.8963  100.4690  24.5924  3.4727
99.5713  23.7032  100.4690  24.5924  3.4305
98.3349  25.2175  99.4024  25.6322  3.3936
99.5529  24.2045  99.4024  25.6322  3.3983
100.8960  25.5945  99.4024  25.6322  3.3549
99.7242  24.0204  99.4024  25.6322  3.4285
100.4900  25.3500  99.4024  25.6322  3.2834
97.9350  25.1078  99.4024  25.6322  3.3656
100.4120  23.9586  99.4024  25.6322  3.4326
99.6235  24.5257  99.4024  25.6322  3.4592
98.2175  24.6619  99.4024  25.6322  3.3800
98.5433  25.5117  99.4024  25.6322  3.4517
100.7200  24.6420  99.4024  25.6322  3.3879
100.5200  25.8500  99.4024  25.6322  3.4469
98.4849  24.7484  99.4024  25.6322  3.4094
100.7810  24.1990  99.4024  25.6322  3.4446
100.8160  25.0395  99.4024  25.6322  3.3096
100.2940  23.5890  99.4024  25.6322  3.4319
100.3200  25.2400  99.4024  25.6322  3.3767
100.1990  24.7084  99.4024  25.6322  3.4162
100.8560  25.9242  99.4024  25.6322  3.3783
100.8080  24.4547  99.4024  25.6322  3.4176
98.8783  23.5554  99.4024  25.6322  3.4382
100.8990  25.3230  99.4024  25.6322  3.2533
97.7332  24.3999  99.4024  25.6322  3.3840
100.5960  26.2944  99.4024  25.6322  3.3000
99.1663  24.7523  99.4024  25.6322  3.4929
99.0325  24.5549  99.4024  25.6322  3.3887
99.9445  24.3191  99.4024  25.6322  3.4848
99.5713  23.7032  99.4024  25.6322  3.4420
97.7857  24.1826  99.4024  25.6322  3.3874
100.3690  24.1603  99.4024  25.6322  3.4171
99.8346  24.9958  99.4024  25.6322  3.7033
97.6568  24.6108  99.4024  25.6322  3.4207
97.6622  23.9027  99.4024  25.6322  3.4070
99.9868  25.4893  99.4024  25.6322  3.4760
99.7280  25.5410  99.4024  25.6322  3.6546
97.9699  24.7130  99.4024  25.6322  3.3194
99.0268  23.8963  99.4024  25.6322  3.4468
100.4990  25.5666  99.4024  25.6322  3.3300
100.4690  24.5924  99.4024  25.6322  3.3848
98.8350  24.6942  99.4024  25.6322  3.4009
99.0384  24.3221  99.4024  25.6322  3.4321
100.5230  25.0541  99.4024  25.6322  3.3137
100.1000  25.9100  99.4024  25.6322  3.6104
100.0910  24.8650  99.4024  25.6322  3.3794
98.0252  24.4972  99.4024  25.6322  3.3763
98.5651  24.1350  99.4024  25.6322  3.4146
99.6453  24.8769  99.4024  25.6322  3.6772
99.8799  24.7112  99.4024  25.6322  3.5829
99.3404  24.5305  99.4024  25.6322  3.4225
98.3382  24.3368  99.4024  25.6322  3.4252
100.2160  25.0148  99.4024  25.6322  3.3279
98.6668  24.9037  99.4024  25.6322  3.4701
100.4120  23.9586  98.8783  23.5554  3.6294
100.8080  24.4547  98.8783  23.5554  3.4882
100.7200  24.6420  98.8783  23.5554  3.4760
100.7810  24.1990  98.8783  23.5554  3.5009
100.8160  25.0395  98.8783  23.5554  3.4330
100.2940  23.5890  98.8783  23.5554  3.4820
98.5651  24.1350  99.2375  25.4847  3.4120
97.6622  23.9027  99.2375  25.4847  3.4158
100.7200  24.6420  99.2375  25.4847  3.3284
98.0252  24.4972  99.2375  25.4847  3.4231
97.7857  24.1826  99.2375  25.4847  3.3682
99.5713  23.7032  99.2375  25.4847  3.4299
99.5529  24.2045  99.2375  25.4847  3.4363
99.0384  24.3221  99.2375  25.4847  3.4272
100.3690  24.1603  99.2375  25.4847  3.4474
99.9445  24.3191  99.2375  25.4847  3.5422
98.3382  24.3368  99.2375  25.4847  3.4272
100.4120  23.9586  99.2375  25.4847  3.4426
99.8799  24.7112  99.2375  25.4847  3.5262
100.0910  24.8650  99.2375  25.4847  3.3957
100.1990  24.7084  99.2375  25.4847  3.4017
100.4690  24.5924  99.2375  25.4847  3.4365
99.7242  24.0204  99.2375  25.4847  3.4567
97.9699  24.7130  99.2375  25.4847  3.3483
100.7810  24.1990  99.2375  25.4847  3.4375
99.0268  23.8963  99.2375  25.4847  3.4272
98.8350  24.6942  99.2375  25.4847  3.5089
97.7332  24.3999  99.2375  25.4847  3.3946
98.2175  24.6619  99.2375  25.4847  3.4024
98.8783  23.5554  99.2375  25.4847  3.4588
99.8346  24.9958  99.2375  25.4847  3.5236
99.0325  24.5549  99.2375  25.4847  3.4588
100.2940  23.5890  99.2375  25.4847  3.4242
99.6235  24.5257  99.2375  25.4847  3.5910
97.6568  24.6108  99.2375  25.4847  3.3918
99.3404  24.5305  99.2375  25.4847  3.5252
97.9350  25.1078  99.2375  25.4847  3.4222
100.8160  25.0395  99.2375  25.4847  3.2943
100.4690  24.5924  98.8431  25.1964  3.3781
98.0252  24.4972  98.8431  25.1964  3.4826
100.7810  24.1990  98.8431  25.1964  3.3960
99.5713  23.7032  98.8431  25.1964  3.4969
97.9350  25.1078  98.8431  25.1964  3.4662
99.5529  24.2045  98.8431  25.1964  3.5709
99.8799  24.7112  98.8431  25.1964  3.5068
100.7200  24.6420  98.8431  25.1964  3.3649
100.1990  24.7084  98.8431  25.1964  3.3101
100.2940  23.5890  98.8431  25.1964  3.4955
100.8160  25.0395  98.8431  25.1964  3.3409
99.9445  24.3191  98.8431  25.1964  3.4266
98.8783  23.5554  98.8431  25.1964  3.4546
100.3690  24.1603  98.8431  25.1964  3.4135
99.7242  24.0204  98.8431  25.1964  3.4577
98.3382  24.3368  98.8431  25.1964  3.6141
97.6568  24.6108  98.8431  25.1964  3.4713
99.8346  24.9958  98.8431  25.1964  3.3947
99.0384  24.3221  98.8431  25.1964  3.6801
98.5651  24.1350  98.8431  25.1964  3.4781
99.6453  24.8769  98.8431  25.1964  3.5609
97.7332  24.3999  98.8431  25.1964  3.3650
99.6235  24.5257  98.8431  25.1964  3.4735
100.4120  23.9586  98.8431  25.1964  3.4534
100.8080  24.4547  98.8431  25.1964  3.3559
100.0910  24.8650  98.8431  25.1964  3.3004
97.6622  23.9027  98.8431  25.1964  3.4597
97.9699  24.7130  98.8431  25.1964  3.4990
99.0268  23.8963  98.8431  25.1964  3.4647
97.7857  24.1826  98.8431  25.1964  3.4651
99.8799  24.7112  97.7857  24.1826  3.5162
99.7242  24.0204  97.7857  24.1826  3.4847
100.3690  24.1603  97.7857  24.1826  3.5243
100.1990  24.7084  97.7857  24.1826  3.5226
100.7200  24.6420  97.7857  24.1826  3.5400
100.2940  23.5890  97.7857  24.1826  3.4437
99.5529  24.2045  97.7857  24.1826  3.5381
98.8783  23.5554  97.7857  24.1826  3.4682
99.0268  23.8963  97.7857  24.1826  3.4041
100.4120  23.9586  97.7857  24.1826  3.4842
100.7810  24.1990  97.7857  24.1826  3.5036
100.8160  25.0395  97.7857  24.1826  3.4523
100.8080  24.4547  97.7857  24.1826  3.5445
99.9445  24.3191  97.7857  24.1826  3.5359
100.0910  24.8650  97.7857  24.1826  3.4659
99.5713  23.7032  97.7857  24.1826  3.4158
97.9699  24.7130  99.7280  25.5410  3.3608
97.7332  24.3999  99.7280  25.5410  3.4054
100.7810  24.1990  99.7280  25.5410  3.4075
100.8990  25.3230  99.7280  25.5410  3.2950
98.5433  25.5117  99.7280  25.5410  3.3999
99.5713  23.7032  99.7280  25.5410  3.4646
100.3690  24.1603  99.7280  25.5410  3.4524
98.8634  25.4505  99.7280  25.5410  3.4282
98.4849  24.7484  99.7280  25.5410  3.3618
100.8960  25.5945  99.7280  25.5410  3.4370
99.0384  24.3221  99.7280  25.5410  3.3697
98.2175  24.6619  99.7280  25.5410  3.3829
100.7200  24.6420  99.7280  25.5410  3.3642
97.7857  24.1826  99.7280  25.5410  3.4330
100.8160  25.0395  99.7280  25.5410  3.3376
99.6235  24.5257  99.7280  25.5410  3.4339
100.4990  25.5666  99.7280  25.5410  3.4340
97.9350  25.1078  99.7280  25.5410  3.3433
98.0252  24.4972  99.7280  25.5410  3.4280
100.4900  25.3500  99.7280  25.5410  3.4800
100.5960  26.2944  99.7280  25.5410  3.3371
99.1663  24.7523  99.7280  25.5410  3.4418
99.9445  24.3191  99.7280  25.5410  3.4396
97.6622  23.9027  99.7280  25.5410  3.4408
99.3404  24.5305  99.7280  25.5410  3.3976
100.5230  25.0541  99.7280  25.5410  3.3386
98.8350  24.6942  99.7280  25.5410  3.3971
100.4690  24.5924  99.7280  25.5410  3.4563
98.8431  25.1964  99.7280  25.5410  3.5651
100.1990  24.7084  99.7280  25.5410  3.5857
98.8783  23.5554  99.7280  25.5410  3.4228
99.8799  24.7112  99.7280  25.5410  3.6599
97.6568  24.6108  99.7280  25.5410  3.3621
100.2160  25.0148  99.7280  25.5410  3.4714
98.3349  25.2175  99.7280  25.5410  3.3849
98.6668  24.9037  99.7280  25.5410  3.3570
100.8080  24.4547  99.7280  25.5410  3.4149
99.0268  23.8963  99.7280  25.5410  3.4228
99.0325  24.5549  99.7280  25.5410  3.3561
100.2940  23.5890  99.7280  25.5410  3.4323
99.7242  24.0204  99.7280  25.5410  3.4301
100.4120  23.9586  99.7280  25.5410  3.4676
100.3200  25.2400  99.7280  25.5410  3.4583
98.5651  24.1350  99.7280  25.5410  3.4194
99.5529  24.2045  99.7280  25.5410  3.4296
98.3382  24.3368  99.7280  25.5410  3.4191
97.9699  24.7130  99.8346  24.9958  3.4827
99.0268  23.8963  99.8346  24.9958  3.4325
100.3690  24.1603  99.8346  24.9958  3.5737
99.5713  23.7032  99.8346  24.9958  3.4987
97.9350  25.1078  99.8346  24.9958  3.3487
98.0252  24.4972  99.8346  24.9958  3.4215
100.2940  23.5890  99.8346  24.9958  3.4510
100.8160  25.0395  99.8346  24.9958  3.4608
99.5529  24.2045  99.8346  24.9958  3.5801
97.7857  24.1826  99.8346  24.9958  3.4018
98.8783  23.5554  99.8346  24.9958  3.4581
98.2175  24.6619  99.8346  24.9958  3.4398
100.4690  24.5924  99.8346  24.9958  3.6369
99.7242  24.0204  99.8346  24.9958  3.5408
100.7200  24.6420  99.8346  24.9958  3.4776
97.7332  24.3999  99.8346  24.9958  3.4651
98.3382  24.3368  99.8346  24.9958  3.4555
97.6622  23.9027  99.8346  24.9958  3.4552
97.6568  24.6108  99.8346  24.9958  3.4971
100.4120  23.9586  99.8346  24.9958  3.5503
98.5651  24.1350  99.8346  24.9958  3.3943
100.8080  24.4547  99.8346  24.9958  3.5186
100.7810  24.1990  99.8346  24.9958  3.4801
99.7242  24.0204  97.9699  24.7130  3.3995
100.1990  24.7084  97.9699  24.7130  3.4070
100.3690  24.1603  97.9699  24.7130  3.4230
100.7200  24.6420  97.9699  24.7130  3.4348
100.4120  23.9586  97.9699  24.7130  3.3975
99.5713  23.7032  97.9699  24.7130  3.4373
100.7810  24.1990  97.9699  24.7130  3.4265
99.5529  24.2045  97.9699  24.7130  3.3725
100.4690  24.5924  97.9699  24.7130  3.4640
99.8799  24.7112  97.9699  24.7130  3.4009
100.8160  25.0395  97.9699  24.7130  3.4256
100.2940  23.5890  97.9699  24.7130  3.4337
99.0268  23.8963  97.9699  24.7130  3.4520
99.9445  24.3191  97.9699  24.7130  3.3973
97.6622  23.9027  97.9699  24.7130  3.6366
100.0910  24.8650  97.9699  24.7130  3.3058
100.8080  24.4547  97.9699  24.7130  3.4481
100.7200  24.6420  99.7242  24.0204  3.5843
100.8080  24.4547  99.7242  24.0204  3.5908
100.7810  24.1990  99.7242  24.0204  3.5753
100.8160  25.0395  99.7242  24.0204  3.4413
100.8160  25.0395  100.4120  23.9586  3.4037
99.0268  23.8963  97.7332  24.3999  3.4626
100.4120  23.9586  97.7332  24.3999  3.4661
100.8160  25.0395  97.7332  24.3999  3.4372
99.5529  24.2045  97.7332  24.3999  3.3900
100.7810  24.1990  97.7332  24.3999  3.4798
100.3690  24.1603  97.7332  24.3999  3.4555
100.7200  24.6420  97.7332  24.3999  3.5152
99.5713  23.7032  97.7332  24.3999  3.3918
98.8783  23.5554  97.7332  24.3999  3.4756
100.8080  24.4547  97.7332  24.3999  3.5057
99.8799  24.7112  97.7332  24.3999  3.5620
99.9445  24.3191  97.7332  24.3999  3.4522
100.2940  23.5890  97.7332  24.3999  3.4321
100.4690  24.5924  97.7332  24.3999  3.5041
99.7242  24.0204  97.7332  24.3999  3.4437
100.1990  24.7084  97.7332  24.3999  3.5333
98.5651  24.1350  97.7332  24.3999  3.6035
