1664  3.4804  0.0924  026
98.5925  24.4245  100.0690  23.8785  3.4522
100.2540  25.6093  100.0690  23.8785  3.5021
98.8518  25.8317  100.0690  23.8785  3.4958
98.0709  24.0851  100.0690  23.8785  3.5055
99.2454  24.0357  100.0690  23.8785  3.5777
99.3717  25.8854  100.0690  23.8785  3.4790
98.5197  25.0289  100.0690  23.8785  3.4925
100.1470  24.4348  99.9475  26.1088  3.4280
98.5197  25.0289  99.9475  26.1088  3.3876
98.5925  24.4245  99.9475  26.1088  3.4323
99.2454  24.0357  99.9475  26.1088  3.4394
98.0709  24.0851  99.9475  26.1088  3.4232
98.8518  25.8317  99.9475  26.1088  3.4179
100.0690  23.8785  99.9475  26.1088  3.4792
100.1470  24.4348  99.3717  25.8854  3.5055
99.2454  24.0357  98.5197  25.0289  3.6062
98.0709  24.0851  98.5197  25.0289  3.5935
100.2540  25.6093  98.5197  25.0289  3.3964
100.1470  24.4348  98.5197  25.0289  3.4135
99.3717  25.8854  98.5197  25.0289  3.4703
100.1470  24.4348  98.0709  24.0851  3.5701
99.2454  24.0357  98.0709  24.0851  3.5825
99.3717  25.8854  98.0709  24.0851  3.4642
100.2540  25.6093  98.8518  25.8317  3.3665
98.5197  25.0289  98.8518  25.8317  3.6280
100.1470  24.4348  98.8518  25.8317  3.4460
98.0709  24.0851  98.8518  25.8317  3.4793
98.5925  24.4245  98.8518  25.8317  3.4737
99.2454  24.0357  98.8518  25.8317  3.5140
99.3717  25.8854  99.2454  24.0357  3.4726
98.0709  24.0851  100.2540  25.6093  3.4587
99.2454  24.0357  100.2540  25.6093  3.4015
100.1470  24.4348  100.2540  25.6093  3.4730
99.3717  25.8854  100.2540  25.6093  3.4585
100.1470  24.4348  98.5925  24.4245  3.4494
99.3717  25.8854  98.5925  24.4245  3.4311
100.2540  25.6093  98.5925  24.4245  3.4228
100.8080  24.4547  99.5713  23.7032  3.5024
100.7200  24.6420  99.5713  23.7032  3.4695
100.7810  24.1990  99.5713  23.7032  3.6402
100.8160  25.0395  99.5713  23.7032  3.4394
97.7857  24.1826  99.4801  25.0480  3.4614
97.9350  25.1078  99.4801  25.0480  3.4477
98.0252  24.4972  99.4801  25.0480  3.5658
100.2940  23.5890  99.4801  25.0480  3.5362
100.4690  24.5924  99.4801  25.0480  3.6932
97.9699  24.7130  99.4801  25.0480  3.5095
99.0268  23.8963  99.4801  25.0480  3.4866
99.7242  24.0204  99.4801  25.0480  3.5636
98.5651  24.1350  99.4801  25.0480  3.4827
97.6622  23.9027  99.4801  25.0480  3.4842
100.8160  25.0395  99.4801  25.0480  3.4370
100.1990  24.7084  99.4801  25.0480  3.7314
100.3690  24.1603  99.4801  25.0480  3.5623
98.2175  24.6619  99.4801  25.0480  3.6019
98.3382  24.3368  99.4801  25.0480  3.3631
100.7810  24.1990  99.4801  25.0480  3.5224
100.7200  24.6420  99.4801  25.0480  3.4102
97.7332  24.3999  99.4801  25.0480  3.4058
100.4120  23.9586  99.4801  25.0480  3.5016
99.5713  23.7032  99.4801  25.0480  3.4428
97.6568  24.6108  99.4801  25.0480  3.5021
98.8783  23.5554  99.4801  25.0480  3.5025
100.8080  24.4547  99.4801  25.0480  3.3949
99.8799  24.7112  97.6568  24.6108  3.5431
99.7242  24.0204  97.6568  24.6108  3.4869
98.5651  24.1350  97.6568  24.6108  3.5581
100.8080  24.4547  97.6568  24.6108  3.5617
99.0268  23.8963  97.6568  24.6108  3.5791
99.9445  24.3191  97.6568  24.6108  3.4522
100.4120  23.9586  97.6568  24.6108  3.4783
100.7810  24.1990  97.6568  24.6108  3.4927
98.3382  24.3368  97.6568  24.6108  3.7269
100.0910  24.8650  97.6568  24.6108  3.5427
100.8160  25.0395  97.6568  24.6108  3.4772
99.5529  24.2045  97.6568  24.6108  3.4765
100.3690  24.1603  97.6568  24.6108  3.5135
99.5713  23.7032  97.6568  24.6108  3.4889
100.7200  24.6420  97.6568  24.6108  3.5453
100.1990  24.7084  97.6568  24.6108  3.5323
100.2940  23.5890  97.6568  24.6108  3.4723
100.4690  24.5924  97.6568  24.6108  3.3940
100.7810  24.1990  99.5529  24.2045  3.4777
100.7200  24.6420  99.5529  24.2045  3.6155
100.8160  25.0395  99.5529  24.2045  3.4814
100.8080  24.4547  99.5529  24.2045  3.6427
100.2940  23.5890  99.5529  24.2045  3.6485
100.4120  23.9586  99.5529  24.2045  3.6585
99.1663  24.7523  99.8316  25.8146  3.3680
98.8350  24.6942  99.8316  25.8146  3.3861
100.5960  26.2944  99.8316  25.8146  3.6151
99.0384  24.3221  99.8316  25.8146  3.4443
100.7200  24.6420  99.8316  25.8146  3.4512
98.0252  24.4972  99.8316  25.8146  3.3902
100.3690  24.1603  99.8316  25.8146  3.4800
98.4849  24.7484  99.8316  25.8146  3.4054
97.7857  24.1826  99.8316  25.8146  3.4412
99.9445  24.3191  99.8316  25.8146  3.4326
98.3382  24.3368  99.8316  25.8146  3.4398
99.6235  24.5257  99.8316  25.8146  3.4589
97.6622  23.9027  99.8316  25.8146  3.4462
98.6668  24.9037  99.8316  25.8146  3.3946
99.4801  25.0480  99.8316  25.8146  3.5513
99.8346  24.9958  99.8316  25.8146  3.6956
100.1990  24.7084  99.8316  25.8146  3.5673
100.0910  24.8650  99.8316  25.8146  3.6932
100.8990  25.3230  99.8316  25.8146  3.3445
98.8431  25.1964  99.8316  25.8146  3.4241
99.5713  23.7032  99.8316  25.8146  3.5353
97.9699  24.7130  99.8316  25.8146  3.4221
99.8799  24.7112  99.8316  25.8146  3.4796
100.8960  25.5945  99.8316  25.8146  3.3680
99.3404  24.5305  99.8316  25.8146  3.4525
98.3349  25.2175  99.8316  25.8146  3.4202
100.8160  25.0395  99.8316  25.8146  3.4036
100.2160  25.0148  99.8316  25.8146  3.7423
97.6568  24.6108  99.8316  25.8146  3.4369
98.8634  25.4505  99.8316  25.8146  3.5128
99.7242  24.0204  99.8316  25.8146  3.4746
98.2175  24.6619  99.8316  25.8146  3.4022
100.3200  25.2400  99.8316  25.8146  3.6084
99.6453  24.8769  99.8316  25.8146  3.4871
98.5651  24.1350  99.8316  25.8146  3.4625
98.5433  25.5117  99.8316  25.8146  3.4514
100.4900  25.3500  99.8316  25.8146  3.4787
99.0268  23.8963  99.8316  25.8146  3.4575
99.5529  24.2045  99.8316  25.8146  3.4862
98.8783  23.5554  99.8316  25.8146  3.4925
100.2940  23.5890  99.8316  25.8146  3.4822
100.5230  25.0541  99.8316  25.8146  3.4548
100.7810  24.1990  99.8316  25.8146  3.4826
100.4120  23.9586  99.8316  25.8146  3.4583
100.4990  25.5666  99.8316  25.8146  3.6840
97.7332  24.3999  99.8316  25.8146  3.4231
100.4690  24.5924  99.8316  25.8146  3.5495
97.9350  25.1078  99.8316  25.8146  3.3370
100.8080  24.4547  99.8316  25.8146  3.4415
99.0325  24.5549  99.8316  25.8146  3.3683
98.0252  24.4972  100.5230  25.0541  3.5231
99.0268  23.8963  100.5230  25.0541  3.4968
99.0325  24.5549  100.5230  25.0541  3.5256
98.8634  25.4505  100.5230  25.0541  3.3150
99.0384  24.3221  100.5230  25.0541  3.3987
97.6622  23.9027  100.5230  25.0541  3.5027
99.9445  24.3191  100.5230  25.0541  3.5586
98.3382  24.3368  100.5230  25.0541  3.4285
99.5529  24.2045  100.5230  25.0541  3.4450
97.9699  24.7130  100.5230  25.0541  3.4877
97.9350  25.1078  100.5230  25.0541  3.4302
97.7332  24.3999  100.5230  25.0541  3.4648
98.6668  24.9037  100.5230  25.0541  3.5033
99.6235  24.5257  100.5230  25.0541  3.6020
98.8350  24.6942  100.5230  25.0541  3.4679
98.4849  24.7484  100.5230  25.0541  3.5090
99.6453  24.8769  100.5230  25.0541  3.6860
99.2375  25.4847  100.5230  25.0541  3.2900
99.4801  25.0480  100.5230  25.0541  3.5396
99.5713  23.7032  100.5230  25.0541  3.4513
99.1663  24.7523  100.5230  25.0541  3.5730
98.5651  24.1350  100.5230  25.0541  3.4756
97.7857  24.1826  100.5230  25.0541  3.4607
100.4120  23.9586  100.5230  25.0541  3.5284
98.8431  25.1964  100.5230  25.0541  3.3778
99.8346  24.9958  100.5230  25.0541  3.6115
100.2940  23.5890  100.5230  25.0541  3.5243
100.5960  26.2944  100.5230  25.0541  3.4048
100.3690  24.1603  100.5230  25.0541  3.7491
98.3349  25.2175  100.5230  25.0541  3.3994
99.7242  24.0204  100.5230  25.0541  3.4067
98.8783  23.5554  100.5230  25.0541  3.4979
99.3404  24.5305  100.5230  25.0541  3.5108
98.5433  25.5117  100.5230  25.0541  3.3543
97.6568  24.6108  100.5230  25.0541  3.4918
98.2175  24.6619  100.5230  25.0541  3.5185
100.1000  25.9100  100.5230  25.0541  3.6221
99.6453  24.8769  100.4990  25.5666  3.4895
99.8799  24.7112  100.4990  25.5666  3.4100
97.9699  24.7130  100.4990  25.5666  3.4272
98.3349  25.2175  100.4990  25.5666  3.4555
99.7242  24.0204  100.4990  25.5666  3.4305
100.7200  24.6420  100.4990  25.5666  3.7117
98.0252  24.4972  100.4990  25.5666  3.4197
97.6622  23.9027  100.4990  25.5666  3.4840
99.5529  24.2045  100.4990  25.5666  3.3960
98.6668  24.9037  100.4990  25.5666  3.3678
99.8346  24.9958  100.4990  25.5666  3.5936
97.7332  24.3999  100.4990  25.5666  3.4436
97.7857  24.1826  100.4990  25.5666  3.4320
100.7810  24.1990  100.4990  25.5666  3.4617
100.3690  24.1603  100.4990  25.5666  3.4826
98.5433  25.5117  100.4990  25.5666  3.4336
98.8431  25.1964  100.4990  25.5666  3.4371
100.0910  24.8650  100.4990  25.5666  3.5881
99.5713  23.7032  100.4990  25.5666  3.4491
99.9445  24.3191  100.4990  25.5666  3.4303
99.4801  25.0480  100.4990  25.5666  3.4710
99.0268  23.8963  100.4990  25.5666  3.4561
100.2940  23.5890  100.4990  25.5666  3.5192
99.0325  24.5549  100.4990  25.5666  3.4256
98.8634  25.4505  100.4990  25.5666  3.4276
98.4849  24.7484  100.4990  25.5666  3.4042
98.8783  23.5554  100.4990  25.5666  3.4811
99.1663  24.7523  100.4990  25.5666  3.4027
100.5960  26.2944  100.4990  25.5666  3.6931
100.1990  24.7084  100.4990  25.5666  3.4893
99.2375  25.4847  100.4990  25.5666  3.4695
98.3382  24.3368  100.4990  25.5666  3.4889
100.4120  23.9586  100.4990  25.5666  3.4931
99.6235  24.5257  100.4990  25.5666  3.3993
97.9350  25.1078  100.4990  25.5666  3.4278
98.2175  24.6619  100.4990  25.5666  3.4216
99.0384  24.3221  100.4990  25.5666  3.4116
97.6568  24.6108  100.4990  25.5666  3.4666
99.3404  24.5305  100.4990  25.5666  3.4418
98.8350  24.6942  100.4990  25.5666  3.4160
98.5651  24.1350  100.4990  25.5666  3.4338
100.8080  24.4547  100.4990  25.5666  3.6185
100.2940  23.5890  100.8990  25.3230  3.4496
99.8346  24.9958  100.8990  25.3230  3.5451
100.4120  23.9586  100.8990  25.3230  3.4629
99.0384  24.3221  100.8990  25.3230  3.4876
98.8431  25.1964  100.8990  25.3230  3.4454
100.5960  26.2944  100.8990  25.3230  3.6132
99.6235  24.5257  100.8990  25.3230  3.4482
97.6568  24.6108  100.8990  25.3230  3.4513
99.0325  24.5549  100.8990  25.3230  3.4370
100.1990  24.7084  100.8990  25.3230  3.5665
98.2175  24.6619  100.8990  25.3230  3.4446
98.5433  25.5117  100.8990  25.3230  3.3993
98.3349  25.2175  100.8990  25.3230  3.4273
97.9350  25.1078  100.8990  25.3230  3.4313
98.8634  25.4505  100.8990  25.3230  3.3758
98.5651  24.1350  100.8990  25.3230  3.4711
99.4801  25.0480  100.8990  25.3230  3.5405
98.8783  23.5554  100.8990  25.3230  3.4770
99.5529  24.2045  100.8990  25.3230  3.4517
100.1000  25.9100  100.8990  25.3230  3.3980
99.1663  24.7523  100.8990  25.3230  3.4467
98.4849  24.7484  100.8990  25.3230  3.4358
98.0252  24.4972  100.8990  25.3230  3.4492
98.8350  24.6942  100.8990  25.3230  3.4037
100.7810  24.1990  100.8990  25.3230  3.4884
98.3382  24.3368  100.8990  25.3230  3.4443
99.2375  25.4847  100.8990  25.3230  3.3731
99.7242  24.0204  100.8990  25.3230  3.4392
97.6622  23.9027  100.8990  25.3230  3.5022
97.7332  24.3999  100.8990  25.3230  3.4702
97.9699  24.7130  100.8990  25.3230  3.4685
99.0268  23.8963  100.8990  25.3230  3.4620
100.0910  24.8650  100.8990  25.3230  3.6999
100.3690  24.1603  100.8990  25.3230  3.4181
99.8799  24.7112  100.8990  25.3230  3.5279
97.7857  24.1826  100.8990  25.3230  3.5045
100.8080  24.4547  100.8990  25.3230  3.6375
99.9445  24.3191  100.8990  25.3230  3.3677
99.5713  23.7032  100.8990  25.3230  3.4482
100.4690  24.5924  100.8990  25.3230  3.5682
99.6453  24.8769  100.8990  25.3230  3.4858
98.6668  24.9037  100.8990  25.3230  3.4895
99.3404  24.5305  100.8990  25.3230  3.4221
100.7200  24.6420  98.5651  24.1350  3.5499
100.0910  24.8650  98.5651  24.1350  3.4876
99.5713  23.7032  98.5651  24.1350  3.5545
100.8160  25.0395  98.5651  24.1350  3.4677
99.9445  24.3191  98.5651  24.1350  3.5391
100.4690  24.5924  98.5651  24.1350  3.5812
99.5529  24.2045  98.5651  24.1350  3.6538
100.2940  23.5890  98.5651  24.1350  3.4331
100.4120  23.9586  98.5651  24.1350  3.4810
99.7242  24.0204  98.5651  24.1350  3.4769
100.7810  24.1990  98.5651  24.1350  3.5248
100.8080  24.4547  98.5651  24.1350  3.5692
100.3690  24.1603  98.5651  24.1350  3.5580
100.1990  24.7084  98.5651  24.1350  3.5819
99.8799  24.7112  98.5651  24.1350  3.5532
97.9699  24.7130  98.8634  25.4505  3.4436
100.8080  24.4547  98.8634  25.4505  3.3985
100.2940  23.5890  98.8634  25.4505  3.5238
100.4120  23.9586  98.8634  25.4505  3.5107
100.8160  25.0395  98.8634  25.4505  3.3774
100.1990  24.7084  98.8634  25.4505  3.4501
98.5651  24.1350  98.8634  25.4505  3.4870
98.3382  24.3368  98.8634  25.4505  3.4513
97.6622  23.9027  98.8634  25.4505  3.4709
100.0910  24.8650  98.8634  25.4505  3.3937
99.0384  24.3221  98.8634  25.4505  3.4673
100.4690  24.5924  98.8634  25.4505  3.3834
99.3404  24.5305  98.8634  25.4505  3.6781
99.8799  24.7112  98.8634  25.4505  3.4625
99.7242  24.0204  98.8634  25.4505  3.5235
100.3690  24.1603  98.8634  25.4505  3.5247
99.6453  24.8769  98.8634  25.4505  3.4634
97.9350  25.1078  98.8634  25.4505  3.6151
99.5529  24.2045  98.8634  25.4505  3.5290
100.7810  24.1990  98.8634  25.4505  3.4430
97.7332  24.3999  98.8634  25.4505  3.4366
98.2175  24.6619  98.8634  25.4505  3.5013
99.9445  24.3191  98.8634  25.4505  3.4590
97.7857  24.1826  98.8634  25.4505  3.4917
98.0252  24.4972  98.8634  25.4505  3.4585
99.6235  24.5257  98.8634  25.4505  3.5307
97.6568  24.6108  98.8634  25.4505  3.3788
99.8346  24.9958  98.8634  25.4505  3.4785
99.0268  23.8963  98.8634  25.4505  3.4730
98.8783  23.5554  98.8634  25.4505  3.5137
99.0325  24.5549  98.8634  25.4505  3.7422
99.5713  23.7032  98.8634  25.4505  3.4924
100.7200  24.6420  98.8634  25.4505  3.3754
100.8160  25.0395  100.2940  23.5890  3.4867
100.8160  25.0395  100.7810  24.1990  3.7606
98.3349  25.2175  99.4137  25.2954  3.4877
97.6622  23.9027  99.4137  25.2954  3.4904
99.5529  24.2045  99.4137  25.2954  3.4782
97.7332  24.3999  99.4137  25.2954  3.4172
100.4990  25.5666  99.4137  25.2954  3.5518
100.1990  24.7084  99.4137  25.2954  3.6126
100.4900  25.3500  99.4137  25.2954  3.5775
100.8960  25.5945  99.4137  25.2954  3.5170
99.0268  23.8963  99.4137  25.2954  3.5334
100.4120  23.9586  99.4137  25.2954  3.5010
97.6568  24.6108  99.4137  25.2954  3.3967
97.9350  25.1078  99.4137  25.2954  3.4192
100.4690  24.5924  99.4137  25.2954  3.5793
100.8080  24.4547  99.4137  25.2954  3.4076
100.5230  25.0541  99.4137  25.2954  3.3842
99.0384  24.3221  99.4137  25.2954  3.5253
99.0325  24.5549  99.4137  25.2954  3.6040
100.2160  25.0148  99.4137  25.2954  3.6221
100.0910  24.8650  99.4137  25.2954  3.5852
98.8783  23.5554  99.4137  25.2954  3.5224
99.9445  24.3191  99.4137  25.2954  3.6205
99.7242  24.0204  99.4137  25.2954  3.3605
100.7200  24.6420  99.4137  25.2954  3.4090
97.9699  24.7130  99.4137  25.2954  3.4870
98.3382  24.3368  99.4137  25.2954  3.4284
98.5433  25.5117  99.4137  25.2954  3.6952
98.2175  24.6619  99.4137  25.2954  3.4352
100.2940  23.5890  99.4137  25.2954  3.4849
100.3200  25.2400  99.4137  25.2954  3.5937
100.8990  25.3230  99.4137  25.2954  3.3978
99.5713  23.7032  99.4137  25.2954  3.4488
100.5960  26.2944  99.4137  25.2954  3.3430
97.7857  24.1826  99.4137  25.2954  3.4058
100.8160  25.0395  99.4137  25.2954  3.4280
100.7810  24.1990  99.4137  25.2954  3.4651
98.5651  24.1350  99.4137  25.2954  3.4480
98.4849  24.7484  99.4137  25.2954  3.5046
98.0252  24.4972  99.4137  25.2954  3.3985
98.8350  24.6942  99.4137  25.2954  3.7679
100.1000  25.9100  99.4137  25.2954  3.5474
100.3690  24.1603  99.4137  25.2954  3.4181
100.0910  24.8650  97.6622  23.9027  3.3436
99.8799  24.7112  97.6622  23.9027  3.4950
100.8080  24.4547  97.6622  23.9027  3.5926
100.7810  24.1990  97.6622  23.9027  3.5623
100.4120  23.9586  97.6622  23.9027  3.5849
100.7200  24.6420  97.6622  23.9027  3.5360
99.0268  23.8963  97.6622  23.9027  3.5966
98.8783  23.5554  97.6622  23.9027  3.3997
100.2940  23.5890  97.6622  23.9027  3.5506
99.9445  24.3191  97.6622  23.9027  3.5897
100.3690  24.1603  97.6622  23.9027  3.6225
100.8160  25.0395  97.6622  23.9027  3.5140
100.1990  24.7084  97.6622  23.9027  3.5254
99.7242  24.0204  97.6622  23.9027  3.5759
99.5529  24.2045  97.6622  23.9027  3.5877
97.9350  25.1078  99.9868  25.4893  3.4378
98.6668  24.9037  99.9868  25.4893  3.3933
98.0252  24.4972  99.9868  25.4893  3.4281
97.6568  24.6108  99.9868  25.4893  3.4152
97.7857  24.1826  99.9868  25.4893  3.4812
98.8431  25.1964  99.9868  25.4893  3.5279
100.8160  25.0395  99.9868  25.4893  3.4703
99.0384  24.3221  99.9868  25.4893  3.4092
100.7200  24.6420  99.9868  25.4893  3.4427
98.3382  24.3368  99.9868  25.4893  3.4294
99.6453  24.8769  99.9868  25.4893  3.7677
98.4849  24.7484  99.9868  25.4893  3.4070
98.5433  25.5117  99.9868  25.4893  3.4377
99.1663  24.7523  99.9868  25.4893  3.4640
99.2375  25.4847  99.9868  25.4893  3.7069
98.2175  24.6619  99.9868  25.4893  3.4335
99.8799  24.7112  99.9868  25.4893  3.7109
100.7810  24.1990  99.9868  25.4893  3.5076
99.9445  24.3191  99.9868  25.4893  3.4675
99.7242  24.0204  99.9868  25.4893  3.5110
100.8990  25.3230  99.9868  25.4893  3.4158
99.6235  24.5257  99.9868  25.4893  3.4588
100.8960  25.5945  99.9868  25.4893  3.5820
99.5713  23.7032  99.9868  25.4893  3.5170
98.8634  25.4505  99.9868  25.4893  3.4318
99.0325  24.5549  99.9868  25.4893  3.4278
100.2940  23.5890  99.9868  25.4893  3.4769
99.5529  24.2045  99.9868  25.4893  3.4735
98.5651  24.1350  99.9868  25.4893  3.4505
100.3690  24.1603  99.9868  25.4893  3.4689
97.6622  23.9027  99.9868  25.4893  3.4789
98.8350  24.6942  99.9868  25.4893  3.4231
100.8080  24.4547  99.9868  25.4893  3.4583
100.5960  26.2944  99.9868  25.4893  3.3756
100.4120  23.9586  99.9868  25.4893  3.5003
98.8783  23.5554  99.9868  25.4893  3.4964
98.3349  25.2175  99.9868  25.4893  3.4538
97.7332  24.3999  99.9868  25.4893  3.4185
97.9699  24.7130  99.9868  25.4893  3.3793
100.5230  25.0541  99.9868  25.4893  3.4950
100.4690  24.5924  99.9868  25.4893  3.6677
99.3404  24.5305  99.9868  25.4893  3.4177
99.0268  23.8963  99.9868  25.4893  3.4489
99.5529  24.2045  99.4300  26.2040  3.4734
98.4849  24.7484  99.4300  26.2040  3.4036
99.6453  24.8769  99.4300  26.2040  3.4196
100.1990  24.7084  99.4300  26.2040  3.4421
100.8160  25.0395  99.4300  26.2040  3.4122
99.9868  25.4893  99.4300  26.2040  3.5628
99.4137  25.2954  99.4300  26.2040  3.5606
100.3200  25.2400  99.4300  26.2040  3.3620
100.1000  25.9100  99.4300  26.2040  3.6010
99.9445  24.3191  99.4300  26.2040  3.4129
100.4900  25.3500  99.4300  26.2040  3.3815
98.2175  24.6619  99.4300  26.2040  3.4309
99.4801  25.0480  99.4300  26.2040  3.4014
98.6668  24.9037  99.4300  26.2040  3.4229
100.8960  25.5945  99.4300  26.2040  3.2871
99.2375  25.4847  99.4300  26.2040  3.6792
98.8431  25.1964  99.4300  26.2040  3.3863
100.7810  24.1990  99.4300  26.2040  3.4678
98.5651  24.1350  99.4300  26.2040  3.4581
97.6568  24.6108  99.4300  26.2040  3.3876
98.3382  24.3368  99.4300  26.2040  3.4529
99.0325  24.5549  99.4300  26.2040  3.4604
97.6622  23.9027  99.4300  26.2040  3.4842
99.7771  25.3419  99.4300  26.2040  3.6932
100.4990  25.5666  99.4300  26.2040  3.3984
100.5960  26.2944  99.4300  26.2040  3.3808
98.8350  24.6942  99.4300  26.2040  3.4307
100.2940  23.5890  99.4300  26.2040  3.4597
99.1663  24.7523  99.4300  26.2040  3.4472
97.9350  25.1078  99.4300  26.2040  3.3594
97.9699  24.7130  99.4300  26.2040  3.3847
100.5200  25.8500  99.4300  26.2040  3.3784
100.8560  25.9242  99.4300  26.2040  3.3523
98.3349  25.2175  99.4300  26.2040  3.3879
99.0384  24.3221  99.4300  26.2040  3.4570
100.2160  25.0148  99.4300  26.2040  3.4574
98.8634  25.4505  99.4300  26.2040  3.4780
98.5433  25.5117  99.4300  26.2040  3.4433
97.7332  24.3999  99.4300  26.2040  3.4102
99.8799  24.7112  99.4300  26.2040  3.4789
99.3404  24.5305  99.4300  26.2040  3.4287
99.8346  24.9958  99.4300  26.2040  3.4928
99.6235  24.5257  99.4300  26.2040  3.4113
99.0268  23.8963  99.4300  26.2040  3.4523
97.7857  24.1826  99.4300  26.2040  3.4315
100.4120  23.9586  99.4300  26.2040  3.4198
98.8783  23.5554  99.4300  26.2040  3.4714
100.4690  24.5924  99.4300  26.2040  3.4692
99.7242  24.0204  99.4300  26.2040  3.4696
98.0252  24.4972  99.4300  26.2040  3.4143
100.8080  24.4547  99.4300  26.2040  3.4646
100.8990  25.3230  99.4300  26.2040  3.3192
100.7200  24.6420  99.4300  26.2040  3.4441
100.3690  24.1603  99.4300  26.2040  3.4279
100.5230  25.0541  99.4300  26.2040  3.3893
99.5713  23.7032  99.4300  26.2040  3.5036
97.6622  23.9027  99.1663  24.7523  3.5208
99.9445  24.3191  99.1663  24.7523  3.6671
98.2175  24.6619  99.1663  24.7523  3.7308
100.8080  24.4547  99.1663  24.7523  3.4408
98.0252  24.4972  99.1663  24.7523  3.7197
97.7332  24.3999  99.1663  24.7523  3.6181
98.8783  23.5554  99.1663  24.7523  3.4683
100.4120  23.9586  99.1663  24.7523  3.5726
97.6568  24.6108  99.1663  24.7523  3.5173
97.9350  25.1078  99.1663  24.7523  3.3510
100.4690  24.5924  99.1663  24.7523  3.4953
100.7200  24.6420  99.1663  24.7523  3.4135
99.5713  23.7032  99.1663  24.7523  3.6658
100.2940  23.5890  99.1663  24.7523  3.5129
100.7810  24.1990  99.1663  24.7523  3.3792
97.9699  24.7130  99.1663  24.7523  3.6787
100.8160  25.0395  99.1663  24.7523  3.5000
98.5651  24.1350  99.1663  24.7523  3.7553
100.1990  24.7084  99.1663  24.7523  3.5848
100.3690  24.1603  99.1663  24.7523  3.4612
97.7857  24.1826  99.1663  24.7523  3.6356
97.7857  24.1826  99.6453  24.8769  3.4856
100.7810  24.1990  99.6453  24.8769  3.5375
100.4120  23.9586  99.6453  24.8769  3.5540
97.9699  24.7130  99.6453  24.8769  3.4918
99.0268  23.8963  99.6453  24.8769  3.5095
100.7200  24.6420  99.6453  24.8769  3.4421
98.3382  24.3368  99.6453  24.8769  3.5938
100.3690  24.1603  99.6453  24.8769  3.6014
100.8160  25.0395  99.6453  24.8769  3.5784
100.2940  23.5890  99.6453  24.8769  3.5383
98.8783  23.5554  99.6453  24.8769  3.4173
97.9350  25.1078  99.6453  24.8769  3.3753
100.8080  24.4547  99.6453  24.8769  3.4781
98.2175  24.6619  99.6453  24.8769  3.4981
99.5713  23.7032  99.6453  24.8769  3.5112
98.0252  24.4972  99.6453  24.8769  3.5061
97.6568  24.6108  99.6453  24.8769  3.5797
97.7332  24.3999  99.6453  24.8769  3.4864
97.6622  23.9027  99.6453  24.8769  3.4992
98.5651  24.1350  99.6453  24.8769  3.4938
99.5529  24.2045  97.9350  25.1078  3.3666
98.8783  23.5554  97.9350  25.1078  3.5145
100.2940  23.5890  97.9350  25.1078  3.4903
100.4690  24.5924  97.9350  25.1078  3.4722
98.5651  24.1350  97.9350  25.1078  3.7078
100.7810  24.1990  97.9350  25.1078  3.4328
97.7857  24.1826  97.9350  25.1078  3.6031
99.8799  24.7112  97.9350  25.1078  3.3952
99.0268  23.8963  97.9350  25.1078  3.4761
100.7200  24.6420  97.9350  25.1078  3.4388
100.8160  25.0395  97.9350  25.1078  3.4590
97.6622  23.9027  97.9350  25.1078  3.4204
99.7242  24.0204  97.9350  25.1078  3.4227
100.0910  24.8650  97.9350  25.1078  3.2956
99.9445  24.3191  97.9350  25.1078  3.3891
100.8080  24.4547  97.9350  25.1078  3.4241
100.3690  24.1603  97.9350  25.1078  3.4457
100.4120  23.9586  97.9350  25.1078  3.4483
100.1990  24.7084  97.9350  25.1078  3.4005
100.8160  25.0395  99.0268  23.8963  3.4976
100.7810  24.1990  99.0268  23.8963  3.5129
100.7200  24.6420  99.0268  23.8963  3.5237
100.4120  23.9586  99.0268  23.8963  3.4919
100.8080  24.4547  99.0268  23.8963  3.6069
100.2940  23.5890  99.0268  23.8963  3.4892
99.5529  24.2045  98.8350  24.6942  3.4915
97.7332  24.3999  98.8350  24.6942  3.7656
97.9350  25.1078  98.8350  24.6942  3.5106
97.7857  24.1826  98.8350  24.6942  3.6355
99.6453  24.8769  98.8350  24.6942  3.6854
98.8783  23.5554  98.8350  24.6942  3.5676
100.4120  23.9586  98.8350  24.6942  3.3781
97.6568  24.6108  98.8350  24.6942  3.5969
100.3690  24.1603  98.8350  24.6942  3.4658
99.9445  24.3191  98.8350  24.6942  3.4805
100.7810  24.1990  98.8350  24.6942  3.4133
100.1990  24.7084  98.8350  24.6942  3.4737
99.8799  24.7112  98.8350  24.6942  3.5282
97.6622  23.9027  98.8350  24.6942  3.4616
100.7200  24.6420  98.8350  24.6942  3.4652
99.7242  24.0204  98.8350  24.6942  3.5110
100.8080  24.4547  98.8350  24.6942  3.4574
100.8160  25.0395  98.8350  24.6942  3.4585
100.2940  23.5890  98.8350  24.6942  3.5157
99.6235  24.5257  98.8350  24.6942  3.6068
100.0910  24.8650  98.8350  24.6942  3.6130
99.8346  24.9958  98.8350  24.6942  3.5966
99.5713  23.7032  98.8350  24.6942  3.6189
100.4690  24.5924  98.8350  24.6942  3.5966
99.0268  23.8963  100.1000  25.9100  3.4570
99.0325  24.5549  100.1000  25.9100  3.3716
98.8350  24.6942  100.1000  25.9100  3.4141
100.3690  24.1603  100.1000  25.9100  3.4397
98.8431  25.1964  100.1000  25.9100  3.3713
100.8080  24.4547  100.1000  25.9100  3.4913
97.6568  24.6108  100.1000  25.9100  3.3817
100.1990  24.7084  100.1000  25.9100  3.4596
99.5529  24.2045  100.1000  25.9100  3.4543
100.4690  24.5924  100.1000  25.9100  3.4684
99.7242  24.0204  100.1000  25.9100  3.4847
97.7332  24.3999  100.1000  25.9100  3.4092
100.7810  24.1990  100.1000  25.9100  3.4632
98.8783  23.5554  100.1000  25.9100  3.4676
100.7200  24.6420  100.1000  25.9100  3.5172
98.3349  25.2175  100.1000  25.9100  3.3613
98.2175  24.6619  100.1000  25.9100  3.3840
98.4849  24.7484  100.1000  25.9100  3.3832
98.8634  25.4505  100.1000  25.9100  3.4646
98.6668  24.9037  100.1000  25.9100  3.3655
97.9350  25.1078  100.1000  25.9100  3.3582
99.5713  23.7032  100.1000  25.9100  3.4560
97.6622  23.9027  100.1000  25.9100  3.4568
97.7857  24.1826  100.1000  25.9100  3.4364
99.6453  24.8769  100.1000  25.9100  3.3752
100.4120  23.9586  100.1000  25.9100  3.4662
99.8799  24.7112  100.1000  25.9100  3.4179
99.8346  24.9958  100.1000  25.9100  3.4298
97.9699  24.7130  100.1000  25.9100  3.4106
99.4801  25.0480  100.1000  25.9100  3.3885
100.8160  25.0395  100.1000  25.9100  3.4136
99.1663  24.7523  100.1000  25.9100  3.3510
98.0252  24.4972  100.1000  25.9100  3.4084
98.5651  24.1350  100.1000  25.9100  3.4214
98.3382  24.3368  100.1000  25.9100  3.4304
99.3404  24.5305  100.1000  25.9100  3.3824
100.2940  23.5890  100.1000  25.9100  3.5077
99.2375  25.4847  100.1000  25.9100  3.5991
99.0384  24.3221  100.1000  25.9100  3.4227
98.5433  25.5117  100.1000  25.9100  3.4189
99.9445  24.3191  100.1000  25.9100  3.4503
100.0910  24.8650  100.1000  25.9100  3.5560
99.6235  24.5257  100.1000  25.9100  3.4257
100.3690  24.1603  98.0252  24.4972  3.5076
99.5529  24.2045  98.0252  24.4972  3.4701
100.1990  24.7084  98.0252  24.4972  3.5878
100.0910  24.8650  98.0252  24.4972  3.4013
100.7810  24.1990  98.0252  24.4972  3.5018
100.8080  24.4547  98.0252  24.4972  3.5347
99.8799  24.7112  98.0252  24.4972  3.5597
100.8160  25.0395  98.0252  24.4972  3.4807
99.0268  23.8963  98.0252  24.4972  3.5829
100.2940  23.5890  98.0252  24.4972  3.4764
100.4120  23.9586  98.0252  24.4972  3.4880
99.5713  23.7032  98.0252  24.4972  3.4354
99.7242  24.0204  98.0252  24.4972  3.3816
99.9445  24.3191  98.0252  24.4972  3.4160
100.7200  24.6420  98.0252  24.4972  3.5287
99.6235  24.5257  100.8960  25.5945  3.4431
99.9445  24.3191  100.8960  25.5945  3.4087
100.2940  23.5890  100.8960  25.5945  3.4844
99.3404  24.5305  100.8960  25.5945  3.3950
99.0384  24.3221  100.8960  25.5945  3.4248
98.8634  25.4505  100.8960  25.5945  3.4236
98.2175  24.6619  100.8960  25.5945  3.4453
100.8080  24.4547  100.8960  25.5945  3.4598
99.6453  24.8769  100.8960  25.5945  3.4367
100.7200  24.6420  100.8960  25.5945  3.4709
99.2375  25.4847  100.8960  25.5945  3.4283
98.8350  24.6942  100.8960  25.5945  3.4378
98.3382  24.3368  100.8960  25.5945  3.4491
98.6668  24.9037  100.8960  25.5945  3.4096
100.7810  24.1990  100.8960  25.5945  3.4418
97.9350  25.1078  100.8960  25.5945  3.4086
100.1000  25.9100  100.8960  25.5945  3.4855
98.5651  24.1350  100.8960  25.5945  3.4481
97.6568  24.6108  100.8960  25.5945  3.4289
97.6622  23.9027  100.8960  25.5945  3.4797
98.0252  24.4972  100.8960  25.5945  3.4239
99.0268  23.8963  100.8960  25.5945  3.4431
97.7332  24.3999  100.8960  25.5945  3.4604
99.8346  24.9958  100.8960  25.5945  3.4508
99.5713  23.7032  100.8960  25.5945  3.4661
99.0325  24.5549  100.8960  25.5945  3.4322
99.4801  25.0480  100.8960  25.5945  3.4129
98.8783  23.5554  100.8960  25.5945  3.4587
99.7242  24.0204  100.8960  25.5945  3.4363
99.8799  24.7112  100.8960  25.5945  3.4209
98.4849  24.7484  100.8960  25.5945  3.4291
99.5529  24.2045  100.8960  25.5945  3.4161
98.3349  25.2175  100.8960  25.5945  3.4221
100.4690  24.5924  100.8960  25.5945  3.3801
100.1990  24.7084  100.8960  25.5945  3.3674
100.3690  24.1603  100.8960  25.5945  3.4622
100.4120  23.9586  100.8960  25.5945  3.4602
98.5433  25.5117  100.8960  25.5945  3.4376
100.0910  24.8650  100.8960  25.5945  3.4697
97.9699  24.7130  100.8960  25.5945  3.4555
98.8431  25.1964  100.8960  25.5945  3.4365
97.7857  24.1826  100.8960  25.5945  3.4669
98.8783  23.5554  99.9445  24.3191  3.6385
100.7810  24.1990  99.9445  24.3191  3.5945
100.8160  25.0395  99.9445  24.3191  3.5009
100.7200  24.6420  99.7771  25.3419  3.4726
97.9699  24.7130  99.7771  25.3419  3.3764
97.6622  23.9027  99.7771  25.3419  3.5093
98.4849  24.7484  99.7771  25.3419  3.4383
98.8634  25.4505  99.7771  25.3419  3.4787
98.8350  24.6942  99.7771  25.3419  3.4808
98.0252  24.4972  99.7771  25.3419  3.4170
98.5433  25.5117  99.7771  25.3419  3.3880
99.1663  24.7523  99.7771  25.3419  3.6547
99.0384  24.3221  99.7771  25.3419  3.4033
100.3690  24.1603  99.7771  25.3419  3.6631
100.5960  26.2944  99.7771  25.3419  3.3344
100.8990  25.3230  99.7771  25.3419  3.4466
97.7332  24.3999  99.7771  25.3419  3.4161
99.0325  24.5549  99.7771  25.3419  3.4277
100.7810  24.1990  99.7771  25.3419  3.4855
99.3404  24.5305  99.7771  25.3419  3.5389
100.4900  25.3500  99.7771  25.3419  3.6940
98.5651  24.1350  99.7771  25.3419  3.4849
98.3349  25.2175  99.7771  25.3419  3.4324
100.2940  23.5890  99.7771  25.3419  3.4435
98.3382  24.3368  99.7771  25.3419  3.4868
99.6235  24.5257  99.7771  25.3419  3.6599
100.4690  24.5924  99.7771  25.3419  3.5349
99.5529  24.2045  99.7771  25.3419  3.4558
98.8431  25.1964  99.7771  25.3419  3.5985
99.7242  24.0204  99.7771  25.3419  3.5278
97.9350  25.1078  99.7771  25.3419  3.4372
99.0268  23.8963  99.7771  25.3419  3.4526
98.8783  23.5554  99.7771  25.3419  3.4687
100.4120  23.9586  99.7771  25.3419  3.5447
98.6668  24.9037  99.7771  25.3419  3.5126
99.9445  24.3191  99.7771  25.3419  3.6068
97.7857  24.1826  99.7771  25.3419  3.4654
99.5713  23.7032  99.7771  25.3419  3.5193
98.2175  24.6619  99.7771  25.3419  3.4631
100.8080  24.4547  99.7771  25.3419  3.4442
100.5230  25.0541  99.7771  25.3419  3.5710
100.8960  25.5945  99.7771  25.3419  3.5698
100.8160  25.0395  99.7771  25.3419  3.4367
99.5529  24.2045  100.5960  26.2944  3.4240
97.7857  24.1826  100.5960  26.2944  3.4202
100.0910  24.8650  100.5960  26.2944  3.2754
98.3349  25.2175  100.5960  26.2944  3.3326
99.4801  25.0480  100.5960  26.2944  3.3704
99.5713  23.7032  100.5960  26.2944  3.4411
100.8080  24.4547  100.5960  26.2944  3.4450
98.8431  25.1964  100.5960  26.2944  3.3583
99.2375  25.4847  100.5960  26.2944  3.3294
99.6235  24.5257  100.5960  26.2944  3.4060
100.8160  25.0395  100.5960  26.2944  3.4256
99.8799  24.7112  100.5960  26.2944  3.4020
100.3690  24.1603  100.5960  26.2944  3.4798
99.6453  24.8769  100.5960  26.2944  3.3840
98.5651  24.1350  100.5960  26.2944  3.4305
99.7242  24.0204  100.5960  26.2944  3.4471
97.9699  24.7130  100.5960  26.2944  3.3631
99.8346  24.9958  100.5960  26.2944  3.3578
98.6668  24.9037  100.5960  26.2944  3.3406
100.7810  24.1990  100.5960  26.2944  3.4593
98.3382  24.3368  100.5960  26.2944  3.4021
100.2940  23.5890  100.5960  26.2944  3.4844
100.1990  24.7084  100.5960  26.2944  3.4339
97.7332  24.3999  100.5960  26.2944  3.3939
99.1663  24.7523  100.5960  26.2944  3.3892
99.0384  24.3221  100.5960  26.2944  3.4184
98.8350  24.6942  100.5960  26.2944  3.3865
97.6568  24.6108  100.5960  26.2944  3.3720
100.7200  24.6420  100.5960  26.2944  3.4090
99.9445  24.3191  100.5960  26.2944  3.4259
97.6622  23.9027  100.5960  26.2944  3.4417
99.3404  24.5305  100.5960  26.2944  3.3929
100.4120  23.9586  100.5960  26.2944  3.4766
98.8783  23.5554  100.5960  26.2944  3.4795
98.8634  25.4505  100.5960  26.2944  3.3448
98.4849  24.7484  100.5960  26.2944  3.3707
100.4690  24.5924  100.5960  26.2944  3.4142
97.9350  25.1078  100.5960  26.2944  3.3328
98.5433  25.5117  100.5960  26.2944  3.3096
98.0252  24.4972  100.5960  26.2944  3.4272
99.0325  24.5549  100.5960  26.2944  3.4067
99.0268  23.8963  100.5960  26.2944  3.4509
98.2175  24.6619  100.5960  26.2944  3.3870
99.3404  24.5305  100.2160  25.0148  3.6321
98.6668  24.9037  100.2160  25.0148  3.4683
99.1663  24.7523  100.2160  25.0148  3.6371
97.9350  25.1078  100.2160  25.0148  3.4191
100.7200  24.6420  100.2160  25.0148  3.6565
99.0325  24.5549  100.2160  25.0148  3.5110
98.8350  24.6942  100.2160  25.0148  3.5444
97.9699  24.7130  100.2160  25.0148  3.5335
98.8431  25.1964  100.2160  25.0148  3.4466
99.0268  23.8963  100.2160  25.0148  3.5021
98.8634  25.4505  100.2160  25.0148  3.3090
98.4849  24.7484  100.2160  25.0148  3.5092
98.5651  24.1350  100.2160  25.0148  3.4644
97.6622  23.9027  100.2160  25.0148  3.4993
99.5713  23.7032  100.2160  25.0148  3.4927
99.2375  25.4847  100.2160  25.0148  3.5125
100.4120  23.9586  100.2160  25.0148  3.6939
97.7332  24.3999  100.2160  25.0148  3.5084
98.2175  24.6619  100.2160  25.0148  3.5076
99.5529  24.2045  100.2160  25.0148  3.4880
98.0252  24.4972  100.2160  25.0148  3.5380
100.8960  25.5945  100.2160  25.0148  3.5846
100.7810  24.1990  100.2160  25.0148  3.5578
97.7857  24.1826  100.2160  25.0148  3.5036
98.8783  23.5554  100.2160  25.0148  3.5041
99.0384  24.3221  100.2160  25.0148  3.4717
98.3382  24.3368  100.2160  25.0148  3.4563
97.6568  24.6108  100.2160  25.0148  3.5395
100.1000  25.9100  100.2160  25.0148  3.6275
98.5433  25.5117  100.2160  25.0148  3.3307
99.7242  24.0204  100.2160  25.0148  3.4684
100.2940  23.5890  100.2160  25.0148  3.4856
100.5960  26.2944  100.2160  25.0148  3.4028
100.8080  24.4547  100.2160  25.0148  3.5274
98.3349  25.2175  100.2160  25.0148  3.3778
100.2940  23.5890  100.8080  24.4547  3.4660
99.5713  23.7032  100.1990  24.7084  3.5390
100.7810  24.1990  100.1990  24.7084  3.6729
99.7242  24.0204  100.1990  24.7084  3.6733
100.2940  23.5890  100.1990  24.7084  3.5946
99.0268  23.8963  100.1990  24.7084  3.4874
98.8783  23.5554  100.1990  24.7084  3.5576
100.8080  24.4547  98.3382  24.3368  3.5549
99.7242  24.0204  98.3382  24.3368  3.4352
99.5713  23.7032  98.3382  24.3368  3.5512
99.5529  24.2045  98.3382  24.3368  3.5770
100.2940  23.5890  98.3382  24.3368  3.4790
100.1990  24.7084  98.3382  24.3368  3.5342
99.8799  24.7112  98.3382  24.3368  3.6465
99.9445  24.3191  98.3382  24.3368  3.4715
100.7200  24.6420  98.3382  24.3368  3.5282
100.4120  23.9586  98.3382  24.3368  3.4793
100.0910  24.8650  98.3382  24.3368  3.7529
100.8160  25.0395  98.3382  24.3368  3.4632
100.7810  24.1990  98.3382  24.3368  3.5282
100.3690  24.1603  100.1700  26.3600  3.5115
99.4137  25.2954  100.1700  26.3600  3.3501
99.0325  24.5549  100.1700  26.3600  3.3927
100.8560  25.9242  100.1700  26.3600  3.4430
97.9699  24.7130  100.1700  26.3600  3.3589
98.8431  25.1964  100.1700  26.3600  3.3476
99.9868  25.4893  100.1700  26.3600  3.5175
100.4120  23.9586  100.1700  26.3600  3.4806
97.7332  24.3999  100.1700  26.3600  3.4111
99.9445  24.3191  100.1700  26.3600  3.4705
100.2160  25.0148  100.1700  26.3600  3.3639
100.8990  25.3230  100.1700  26.3600  3.3950
99.6235  24.5257  100.1700  26.3600  3.4222
100.8960  25.5945  100.1700  26.3600  3.4204
100.4690  24.5924  100.1700  26.3600  3.4395
99.8346  24.9958  100.1700  26.3600  3.4071
98.0252  24.4972  100.1700  26.3600  3.3976
98.5433  25.5117  100.1700  26.3600  3.3349
99.4801  25.0480  100.1700  26.3600  3.3929
98.8350  24.6942  100.1700  26.3600  3.3901
98.5651  24.1350  100.1700  26.3600  3.4646
99.7242  24.0204  100.1700  26.3600  3.4421
100.2940  23.5890  100.1700  26.3600  3.4926
100.7200  24.6420  100.1700  26.3600  3.3968
100.4990  25.5666  100.1700  26.3600  3.7311
99.2375  25.4847  100.1700  26.3600  3.3879
99.6453  24.8769  100.1700  26.3600  3.4437
100.0910  24.8650  100.1700  26.3600  3.2914
98.4849  24.7484  100.1700  26.3600  3.3869
98.6668  24.9037  100.1700  26.3600  3.4021
99.8799  24.7112  100.1700  26.3600  3.4640
99.5529  24.2045  100.1700  26.3600  3.4099
97.6568  24.6108  100.1700  26.3600  3.3689
100.8080  24.4547  100.1700  26.3600  3.3879
99.7280  25.5410  100.1700  26.3600  3.4731
99.4300  26.2040  100.1700  26.3600  3.5160
97.6622  23.9027  100.1700  26.3600  3.4828
97.9350  25.1078  100.1700  26.3600  3.3271
97.7857  24.1826  100.1700  26.3600  3.4100
100.4900  25.3500  100.1700  26.3600  3.5213
100.1990  24.7084  100.1700  26.3600  3.4197
100.5230  25.0541  100.1700  26.3600  3.4245
99.0268  23.8963  100.1700  26.3600  3.4375
99.5713  23.7032  100.1700  26.3600  3.5119
99.3404  24.5305  100.1700  26.3600  3.4602
100.7810  24.1990  100.1700  26.3600  3.3929
98.3349  25.2175  100.1700  26.3600  3.3159
98.8783  23.5554  100.1700  26.3600  3.4638
99.7771  25.3419  100.1700  26.3600  3.3839
100.3200  25.2400  100.1700  26.3600  3.4539
98.8634  25.4505  100.1700  26.3600  3.3421
98.2175  24.6619  100.1700  26.3600  3.3770
99.0384  24.3221  100.1700  26.3600  3.4581
99.4024  25.6322  100.1700  26.3600  3.4089
97.6568  24.6108  98.3349  25.2175  3.7547
100.8160  25.0395  98.3349  25.2175  3.4188
100.4690  24.5924  98.3349  25.2175  3.3598
99.8346  24.9958  98.3349  25.2175  3.3846
100.7200  24.6420  98.3349  25.2175  3.3984
99.9445  24.3191  98.3349  25.2175  3.3876
99.8799  24.7112  98.3349  25.2175  3.3337
100.7810  24.1990  98.3349  25.2175  3.4124
99.5713  23.7032  98.3349  25.2175  3.5019
98.5651  24.1350  98.3349  25.2175  3.5310
99.1663  24.7523  98.3349  25.2175  3.4023
99.4801  25.0480  98.3349  25.2175  3.4140
100.3690  24.1603  98.3349  25.2175  3.4300
99.6235  24.5257  98.3349  25.2175  3.4504
100.1990  24.7084  98.3349  25.2175  3.3758
97.7857  24.1826  98.3349  25.2175  3.5023
100.8080  24.4547  98.3349  25.2175  3.3941
97.6622  23.9027  98.3349  25.2175  3.4808
98.0252  24.4972  98.3349  25.2175  3.7403
99.0384  24.3221  98.3349  25.2175  3.7087
98.3382  24.3368  98.3349  25.2175  3.6239
99.0325  24.5549  98.3349  25.2175  3.6795
99.5529  24.2045  98.3349  25.2175  3.4512
99.6453  24.8769  98.3349  25.2175  3.3205
97.7332  24.3999  98.3349  25.2175  3.5581
99.2375  25.4847  98.3349  25.2175  3.6093
98.8783  23.5554  98.3349  25.2175  3.4445
99.3404  24.5305  98.3349  25.2175  3.4426
100.4120  23.9586  98.3349  25.2175  3.4485
99.7242  24.0204  98.3349  25.2175  3.5257
99.0268  23.8963  98.3349  25.2175  3.5217
100.7200  24.6420  98.2175  24.6619  3.4938
100.8160  25.0395  98.2175  24.6619  3.4812
99.9445  24.3191  98.2175  24.6619  3.3929
100.4690  24.5924  98.2175  24.6619  3.4905
99.5713  23.7032  98.2175  24.6619  3.5244
100.0910  24.8650  98.2175  24.6619  3.4808
99.7242  24.0204  98.2175  24.6619  3.4063
99.8799  24.7112  98.2175  24.6619  3.4995
100.8080  24.4547  98.2175  24.6619  3.4951
99.5529  24.2045  98.2175  24.6619  3.3725
98.8783  23.5554  98.2175  24.6619  3.6184
97.6622  23.9027  98.2175  24.6619  3.6219
100.2940  23.5890  98.2175  24.6619  3.4759
100.3690  24.1603  98.2175  24.6619  3.4420
100.4120  23.9586  98.2175  24.6619  3.4525
100.1990  24.7084  98.2175  24.6619  3.5085
99.0268  23.8963  98.2175  24.6619  3.6724
100.7810  24.1990  98.2175  24.6619  3.4574
98.8350  24.6942  100.4900  25.3500  3.4437
98.4849  24.7484  100.4900  25.3500  3.4232
98.3349  25.2175  100.4900  25.3500  3.4359
98.8431  25.1964  100.4900  25.3500  3.4521
98.3382  24.3368  100.4900  25.3500  3.4751
100.4690  24.5924  100.4900  25.3500  3.7668
99.5713  23.7032  100.4900  25.3500  3.4509
99.6453  24.8769  100.4900  25.3500  3.6272
97.9699  24.7130  100.4900  25.3500  3.4720
99.2375  25.4847  100.4900  25.3500  3.4287
100.3690  24.1603  100.4900  25.3500  3.5335
99.6235  24.5257  100.4900  25.3500  3.4327
97.9350  25.1078  100.4900  25.3500  3.3956
98.5651  24.1350  100.4900  25.3500  3.4562
97.6622  23.9027  100.4900  25.3500  3.4859
99.4801  25.0480  100.4900  25.3500  3.5526
97.6568  24.6108  100.4900  25.3500  3.4390
99.9445  24.3191  100.4900  25.3500  3.3657
99.8799  24.7112  100.4900  25.3500  3.5486
97.7332  24.3999  100.4900  25.3500  3.4491
99.0268  23.8963  100.4900  25.3500  3.4547
98.2175  24.6619  100.4900  25.3500  3.4264
98.5433  25.5117  100.4900  25.3500  3.3820
100.2940  23.5890  100.4900  25.3500  3.5200
98.8783  23.5554  100.4900  25.3500  3.4990
98.6668  24.9037  100.4900  25.3500  3.4028
99.5529  24.2045  100.4900  25.3500  3.4071
99.0384  24.3221  100.4900  25.3500  3.4460
100.7810  24.1990  100.4900  25.3500  3.6375
98.0252  24.4972  100.4900  25.3500  3.4592
99.1663  24.7523  100.4900  25.3500  3.4436
100.4120  23.9586  100.4900  25.3500  3.4784
99.0325  24.5549  100.4900  25.3500  3.4041
98.8634  25.4505  100.4900  25.3500  3.3908
99.3404  24.5305  100.4900  25.3500  3.4709
97.7857  24.1826  100.4900  25.3500  3.4935
100.5960  26.2944  100.4900  25.3500  3.4704
99.7242  24.0204  100.4900  25.3500  3.4091
100.2940  23.5890  100.7200  24.6420  3.4883
100.7200  24.6420  99.0384  24.3221  3.5486
100.1990  24.7084  99.0384  24.3221  3.6323
100.8160  25.0395  99.0384  24.3221  3.5097
98.0252  24.4972  99.0384  24.3221  3.7267
100.3690  24.1603  99.0384  24.3221  3.5201
100.4120  23.9586  99.0384  24.3221  3.4606
97.7332  24.3999  99.0384  24.3221  3.6631
99.8346  24.9958  99.0384  24.3221  3.5437
97.7857  24.1826  99.0384  24.3221  3.6723
99.4801  25.0480  99.0384  24.3221  3.7031
98.2175  24.6619  99.0384  24.3221  3.7169
97.9350  25.1078  99.0384  24.3221  3.4452
100.8080  24.4547  99.0384  24.3221  3.5103
97.6568  24.6108  99.0384  24.3221  3.2591
97.6622  23.9027  99.0384  24.3221  3.6916
100.2940  23.5890  99.0384  24.3221  3.4876
97.9699  24.7130  99.0384  24.3221  3.5135
100.7810  24.1990  99.0384  24.3221  3.4439
99.9445  24.3191  99.0384  24.3221  3.6895
100.0910  24.8650  99.0384  24.3221  3.5311
98.8783  23.5554  99.0384  24.3221  3.7523
99.3404  24.5305  98.8863  26.3578  3.3484
99.4801  25.0480  98.8863  26.3578  3.4388
99.4300  26.2040  98.8863  26.3578  3.7696
98.2175  24.6619  98.8863  26.3578  3.4272
97.7857  24.1826  98.8863  26.3578  3.4598
98.8431  25.1964  98.8863  26.3578  3.3217
99.4024  25.6322  98.8863  26.3578  3.6573
99.6453  24.8769  98.8863  26.3578  3.4315
100.5960  26.2944  98.8863  26.3578  3.3209
99.2375  25.4847  98.8863  26.3578  3.7628
100.5200  25.8500  98.8863  26.3578  3.3356
100.4990  25.5666  98.8863  26.3578  3.2622
100.8560  25.9242  98.8863  26.3578  3.2955
99.1663  24.7523  98.8863  26.3578  3.4097
99.7242  24.0204  98.8863  26.3578  3.4228
99.5713  23.7032  98.8863  26.3578  3.4968
100.3690  24.1603  98.8863  26.3578  3.5310
99.0384  24.3221  98.8863  26.3578  3.5248
98.3382  24.3368  98.8863  26.3578  3.4377
99.9868  25.4893  98.8863  26.3578  3.3611
98.6668  24.9037  98.8863  26.3578  3.3857
98.8783  23.5554  98.8863  26.3578  3.5165
100.8990  25.3230  98.8863  26.3578  3.3070
100.7200  24.6420  98.8863  26.3578  3.4148
99.5529  24.2045  98.8863  26.3578  3.3953
99.9445  24.3191  98.8863  26.3578  3.4264
98.8634  25.4505  98.8863  26.3578  3.5659
98.0252  24.4972  98.8863  26.3578  3.4309
100.2520  26.1294  98.8863  26.3578  3.3496
100.4900  25.3500  98.8863  26.3578  3.3023
98.8350  24.6942  98.8863  26.3578  3.4548
100.1000  25.9100  98.8863  26.3578  3.3218
98.5433  25.5117  98.8863  26.3578  3.6007
99.0268  23.8963  98.8863  26.3578  3.5074
100.2940  23.5890  98.8863  26.3578  3.4663
100.8160  25.0395  98.8863  26.3578  3.3721
100.8960  25.5945  98.8863  26.3578  3.2488
98.3349  25.2175  98.8863  26.3578  3.4310
99.4137  25.2954  98.8863  26.3578  3.5717
99.7771  25.3419  98.8863  26.3578  3.3719
99.8316  25.8146  98.8863  26.3578  3.3864
98.5651  24.1350  98.8863  26.3578  3.4669
100.4120  23.9586  98.8863  26.3578  3.4793
99.7280  25.5410  98.8863  26.3578  3.3700
100.1990  24.7084  98.8863  26.3578  3.4523
100.2160  25.0148  98.8863  26.3578  3.4104
100.7810  24.1990  98.8863  26.3578  3.4801
97.7332  24.3999  98.8863  26.3578  3.4818
97.9699  24.7130  98.8863  26.3578  3.4009
100.8080  24.4547  98.8863  26.3578  3.4402
100.5230  25.0541  98.8863  26.3578  3.3734
100.1700  26.3600  98.8863  26.3578  3.4211
99.8799  24.7112  98.8863  26.3578  3.4723
97.9350  25.1078  98.8863  26.3578  3.3984
99.0325  24.5549  98.8863  26.3578  3.4227
99.6235  24.5257  98.8863  26.3578  3.3818
99.8346  24.9958  98.8863  26.3578  3.4490
100.3200  25.2400  98.8863  26.3578  3.3645
97.6568  24.6108  98.8863  26.3578  3.4872
98.6668  24.9037  100.3200  25.2400  3.5300
99.6235  24.5257  100.3200  25.2400  3.5070
100.8080  24.4547  100.3200  25.2400  3.5978
98.5651  24.1350  100.3200  25.2400  3.4589
98.3382  24.3368  100.3200  25.2400  3.4613
98.5433  25.5117  100.3200  25.2400  3.3156
100.8160  25.0395  100.3200  25.2400  3.7182
99.0268  23.8963  100.3200  25.2400  3.4769
97.7857  24.1826  100.3200  25.2400  3.4644
99.1663  24.7523  100.3200  25.2400  3.4792
98.8783  23.5554  100.3200  25.2400  3.4872
99.9445  24.3191  100.3200  25.2400  3.4733
100.4120  23.9586  100.3200  25.2400  3.4933
100.5960  26.2944  100.3200  25.2400  3.4021
98.3349  25.2175  100.3200  25.2400  3.4224
99.0384  24.3221  100.3200  25.2400  3.4327
97.6622  23.9027  100.3200  25.2400  3.4911
97.9350  25.1078  100.3200  25.2400  3.4491
100.8990  25.3230  100.3200  25.2400  3.7587
97.6568  24.6108  100.3200  25.2400  3.4675
99.5529  24.2045  100.3200  25.2400  3.4162
98.8634  25.4505  100.3200  25.2400  3.3674
99.7242  24.0204  100.3200  25.2400  3.4558
98.2175  24.6619  100.3200  25.2400  3.4533
99.0325  24.5549  100.3200  25.2400  3.4104
99.5713  23.7032  100.3200  25.2400  3.4798
98.4849  24.7484  100.3200  25.2400  3.4227
98.8431  25.1964  100.3200  25.2400  3.4318
99.3404  24.5305  100.3200  25.2400  3.4469
98.0252  24.4972  100.3200  25.2400  3.4473
100.2940  23.5890  100.3200  25.2400  3.5289
97.9699  24.7130  100.3200  25.2400  3.4791
99.2375  25.4847  100.3200  25.2400  3.4020
97.7332  24.3999  100.3200  25.2400  3.4484
98.8350  24.6942  100.3200  25.2400  3.4666
100.7810  24.1990  100.3200  25.2400  3.6169
99.4801  25.0480  100.3200  25.2400  3.7010
100.3690  24.1603  100.3200  25.2400  3.5924
100.7810  24.1990  100.5200  25.8500  3.4409
100.3690  24.1603  100.5200  25.8500  3.5003
98.5651  24.1350  100.5200  25.8500  3.4261
99.3404  24.5305  100.5200  25.8500  3.4120
99.7242  24.0204  100.5200  25.8500  3.4542
98.8783  23.5554  100.5200  25.8500  3.5316
99.7280  25.5410  100.5200  25.8500  3.7145
99.0325  24.5549  100.5200  25.8500  3.3942
98.0252  24.4972  100.5200  25.8500  3.3864
99.4801  25.0480  100.5200  25.8500  3.4498
99.1663  24.7523  100.5200  25.8500  3.3918
100.8080  24.4547  100.5200  25.8500  3.4375
99.0384  24.3221  100.5200  25.8500  3.4389
97.6622  23.9027  100.5200  25.8500  3.4341
99.5713  23.7032  100.5200  25.8500  3.4805
99.7771  25.3419  100.5200  25.8500  3.7237
99.9445  24.3191  100.5200  25.8500  3.4395
98.8431  25.1964  100.5200  25.8500  3.3956
99.8799  24.7112  100.5200  25.8500  3.3683
100.5230  25.0541  100.5200  25.8500  3.7483
97.7332  24.3999  100.5200  25.8500  3.4015
100.4120  23.9586  100.5200  25.8500  3.5064
100.1990  24.7084  100.5200  25.8500  3.4179
100.0910  24.8650  100.5200  25.8500  3.4543
100.2940  23.5890  100.5200  25.8500  3.4932
98.8350  24.6942  100.5200  25.8500  3.3851
100.2160  25.0148  100.5200  25.8500  3.4738
97.9350  25.1078  100.5200  25.8500  3.3921
99.2375  25.4847  100.5200  25.8500  3.4769
98.3382  24.3368  100.5200  25.8500  3.4385
100.7200  24.6420  100.5200  25.8500  3.4896
100.4690  24.5924  100.5200  25.8500  3.4512
98.3349  25.2175  100.5200  25.8500  3.3756
99.6453  24.8769  100.5200  25.8500  3.3726
99.4137  25.2954  100.5200  25.8500  3.4048
97.9699  24.7130  100.5200  25.8500  3.3723
98.5433  25.5117  100.5200  25.8500  3.4155
98.8634  25.4505  100.5200  25.8500  3.4380
99.6235  24.5257  100.5200  25.8500  3.3787
98.2175  24.6619  100.5200  25.8500  3.3752
99.0268  23.8963  100.5200  25.8500  3.4686
99.8316  25.8146  100.5200  25.8500  3.6707
97.7857  24.1826  100.5200  25.8500  3.4554
97.6568  24.6108  100.5200  25.8500  3.4071
99.5529  24.2045  100.5200  25.8500  3.4178
100.8160  25.0395  100.5200  25.8500  3.7744
99.8346  24.9958  100.5200  25.8500  3.3756
98.4849  24.7484  100.5200  25.8500  3.4295
100.8990  25.3230  100.5200  25.8500  3.7026
99.5713  23.7032  99.8799  24.7112  3.5725
100.2940  23.5890  99.8799  24.7112  3.6067
99.0268  23.8963  99.8799  24.7112  3.4932
100.7200  24.6420  99.8799  24.7112  3.6689
100.8080  24.4547  99.8799  24.7112  3.5601
100.8160  25.0395  99.8799  24.7112  3.6488
98.8783  23.5554  99.8799  24.7112  3.4962
100.7810  24.1990  99.8799  24.7112  3.6265
100.4120  23.9586  99.8799  24.7112  3.7039
97.7857  24.1826  100.2520  26.1294  3.4354
99.0384  24.3221  100.2520  26.1294  3.4272
100.8960  25.5945  100.2520  26.1294  3.4101
97.7332  24.3999  100.2520  26.1294  3.4009
99.1663  24.7523  100.2520  26.1294  3.3608
99.0268  23.8963  100.2520  26.1294  3.4515
100.8160  25.0395  100.2520  26.1294  3.4888
99.7242  24.0204  100.2520  26.1294  3.4358
98.2175  24.6619  100.2520  26.1294  3.3828
100.7810  24.1990  100.2520  26.1294  3.4307
98.4849  24.7484  100.2520  26.1294  3.3759
100.5230  25.0541  100.2520  26.1294  3.5241
100.8080  24.4547  100.2520  26.1294  3.4113
97.6622  23.9027  100.2520  26.1294  3.4655
99.7280  25.5410  100.2520  26.1294  3.5766
99.6453  24.8769  100.2520  26.1294  3.3905
99.4137  25.2954  100.2520  26.1294  3.3663
99.3404  24.5305  100.2520  26.1294  3.4027
100.2940  23.5890  100.2520  26.1294  3.5129
100.2160  25.0148  100.2520  26.1294  3.4452
99.9868  25.4893  100.2520  26.1294  3.6711
98.8783  23.5554  100.2520  26.1294  3.4905
98.6668  24.9037  100.2520  26.1294  3.3315
100.4900  25.3500  100.2520  26.1294  3.7658
100.3200  25.2400  100.2520  26.1294  3.5976
98.8350  24.6942  100.2520  26.1294  3.3990
99.5529  24.2045  100.2520  26.1294  3.4353
100.3690  24.1603  100.2520  26.1294  3.5099
97.9699  24.7130  100.2520  26.1294  3.3547
99.4300  26.2040  100.2520  26.1294  3.4480
100.0910  24.8650  100.2520  26.1294  3.3651
99.8799  24.7112  100.2520  26.1294  3.4299
100.1990  24.7084  100.2520  26.1294  3.4398
98.5651  24.1350  100.2520  26.1294  3.4375
100.4120  23.9586  100.2520  26.1294  3.5010
99.9445  24.3191  100.2520  26.1294  3.4560
99.4024  25.6322  100.2520  26.1294  3.4720
98.0252  24.4972  100.2520  26.1294  3.4049
99.2375  25.4847  100.2520  26.1294  3.4055
100.7200  24.6420  100.2520  26.1294  3.4697
99.8346  24.9958  100.2520  26.1294  3.3836
99.0325  24.5549  100.2520  26.1294  3.4013
98.8634  25.4505  100.2520  26.1294  3.3746
99.6235  24.5257  100.2520  26.1294  3.4312
100.4690  24.5924  100.2520  26.1294  3.3792
97.9350  25.1078  100.2520  26.1294  3.3535
99.5713  23.7032  100.2520  26.1294  3.4476
99.7771  25.3419  100.2520  26.1294  3.4363
99.4801  25.0480  100.2520  26.1294  3.3492
98.5433  25.5117  100.2520  26.1294  3.3456
98.3382  24.3368  100.2520  26.1294  3.4351
97.6568  24.6108  100.2520  26.1294  3.3648
100.8990  25.3230  100.2520  26.1294  3.4085
98.8431  25.1964  100.2520  26.1294  3.3659
98.3349  25.2175  100.2520  26.1294  3.3580
99.4801  25.0480  98.5433  25.5117  3.4925
100.8080  24.4547  98.5433  25.5117  3.3890
99.7242  24.0204  98.5433  25.5117  3.4766
99.0268  23.8963  98.5433  25.5117  3.4290
99.8346  24.9958  98.5433  25.5117  3.3264
99.5713  23.7032  98.5433  25.5117  3.4594
99.8799  24.7112  98.5433  25.5117  3.4216
99.0384  24.3221  98.5433  25.5117  3.5373
99.6453  24.8769  98.5433  25.5117  3.4966
97.9699  24.7130  98.5433  25.5117  3.6214
100.7810  24.1990  98.5433  25.5117  3.4016
99.3404  24.5305  98.5433  25.5117  3.5999
100.4690  24.5924  98.5433  25.5117  3.4059
98.4849  24.7484  98.5433  25.5117  3.7738
97.7332  24.3999  98.5433  25.5117  3.5055
98.3382  24.3368  98.5433  25.5117  3.3681
100.8160  25.0395  98.5433  25.5117  3.3578
99.5529  24.2045  98.5433  25.5117  3.4606
99.0325  24.5549  98.5433  25.5117  3.5836
97.6622  23.9027  98.5433  25.5117  3.4696
98.0252  24.4972  98.5433  25.5117  3.4586
99.9445  24.3191  98.5433  25.5117  3.4712
100.1990  24.7084  98.5433  25.5117  3.3638
100.7200  24.6420  98.5433  25.5117  3.3718
100.0910  24.8650  98.5433  25.5117  3.3589
99.6235  24.5257  98.5433  25.5117  3.4352
100.2940  23.5890  98.5433  25.5117  3.5046
100.3690  24.1603  98.5433  25.5117  3.4564
99.1663  24.7523  98.5433  25.5117  3.7457
98.8783  23.5554  98.5433  25.5117  3.4855
98.5651  24.1350  98.5433  25.5117  3.4013
98.2175  24.6619  98.5433  25.5117  3.5210
99.7242  24.0204  99.0325  24.5549  3.7230
100.8160  25.0395  99.0325  24.5549  3.4597
100.0910  24.8650  99.0325  24.5549  3.6545
98.0252  24.4972  99.0325  24.5549  3.6865
100.3690  24.1603  99.0325  24.5549  3.4433
99.8799  24.7112  99.0325  24.5549  3.7113
100.1990  24.7084  99.0325  24.5549  3.6026
100.2940  23.5890  99.0325  24.5549  3.5636
97.7332  24.3999  99.0325  24.5549  3.6185
97.6622  23.9027  99.0325  24.5549  3.5436
98.8783  23.5554  99.0325  24.5549  3.5989
97.9350  25.1078  99.0325  24.5549  3.4455
97.6568  24.6108  99.0325  24.5549  3.5626
99.9445  24.3191  99.0325  24.5549  3.6104
97.9699  24.7130  99.0325  24.5549  3.6427
100.4120  23.9586  99.0325  24.5549  3.3834
100.8080  24.4547  99.0325  24.5549  3.4740
100.7200  24.6420  99.0325  24.5549  3.4596
100.7810  24.1990  99.0325  24.5549  3.4033
100.4690  24.5924  99.0325  24.5549  3.5150
97.7857  24.1826  99.0325  24.5549  3.6430
99.9445  24.3191  99.1301  26.2006  3.4457
99.8316  25.8146  99.1301  26.2006  3.5804
100.4900  25.3500  99.1301  26.2006  3.3383
100.8560  25.9242  99.1301  26.2006  3.2461
100.7200  24.6420  99.1301  26.2006  3.4070
97.6568  24.6108  99.1301  26.2006  3.4801
100.4990  25.5666  99.1301  26.2006  3.3046
99.6235  24.5257  99.1301  26.2006  3.2782
99.4801  25.0480  99.1301  26.2006  3.4456
97.6622  23.9027  99.1301  26.2006  3.4834
100.7810  24.1990  99.1301  26.2006  3.4737
100.5960  26.2944  99.1301  26.2006  3.3483
99.7280  25.5410  99.1301  26.2006  3.5366
98.4849  24.7484  99.1301  26.2006  3.3837
99.1663  24.7523  99.1301  26.2006  3.4277
97.9699  24.7130  99.1301  26.2006  3.3645
100.3200  25.2400  99.1301  26.2006  3.4001
100.1990  24.7084  99.1301  26.2006  3.4513
98.8634  25.4505  99.1301  26.2006  3.7242
98.6668  24.9037  99.1301  26.2006  3.4810
99.8346  24.9958  99.1301  26.2006  3.4656
98.3349  25.2175  99.1301  26.2006  3.3568
100.5200  25.8500  99.1301  26.2006  3.2710
100.2160  25.0148  99.1301  26.2006  3.3965
99.6453  24.8769  99.1301  26.2006  3.4932
100.8960  25.5945  99.1301  26.2006  3.2952
98.2175  24.6619  99.1301  26.2006  3.4181
98.0252  24.4972  99.1301  26.2006  3.4178
99.0325  24.5549  99.1301  26.2006  3.3864
97.7332  24.3999  99.1301  26.2006  3.4625
99.5529  24.2045  99.1301  26.2006  3.4493
100.8160  25.0395  99.1301  26.2006  3.3602
99.7242  24.0204  99.1301  26.2006  3.4901
98.5651  24.1350  99.1301  26.2006  3.3866
99.7771  25.3419  99.1301  26.2006  3.5082
98.8431  25.1964  99.1301  26.2006  3.4269
98.8350  24.6942  99.1301  26.2006  3.5490
99.5713  23.7032  99.1301  26.2006  3.5460
100.8080  24.4547  99.1301  26.2006  3.4200
97.9350  25.1078  99.1301  26.2006  3.4135
100.1000  25.9100  99.1301  26.2006  3.5042
98.5433  25.5117  99.1301  26.2006  3.6302
100.4120  23.9586  99.1301  26.2006  3.4526
100.3690  24.1603  99.1301  26.2006  3.4657
100.5230  25.0541  99.1301  26.2006  3.3798
100.8990  25.3230  99.1301  26.2006  3.3401
99.8799  24.7112  99.1301  26.2006  3.4195
98.3382  24.3368  99.1301  26.2006  3.4060
100.4690  24.5924  99.1301  26.2006  3.4627
99.4137  25.2954  99.1301  26.2006  3.6061
100.2520  26.1294  99.1301  26.2006  3.3656
99.9868  25.4893  99.1301  26.2006  3.3721
99.0384  24.3221  99.1301  26.2006  3.4098
99.0268  23.8963  99.1301  26.2006  3.5173
97.7857  24.1826  99.1301  26.2006  3.4425
97.9699  24.7130  99.6235  24.5257  3.3741
97.7332  24.3999  99.6235  24.5257  3.5751
100.7810  24.1990  99.6235  24.5257  3.4668
100.2940  23.5890  99.6235  24.5257  3.6260
98.8783  23.5554  99.6235  24.5257  3.5184
98.2175  24.6619  99.6235  24.5257  3.5124
98.3382  24.3368  99.6235  24.5257  3.6068
100.3690  24.1603  99.6235  24.5257  3.7650
98.5651  24.1350  99.6235  24.5257  3.6265
98.0252  24.4972  99.6235  24.5257  3.4994
100.8160  25.0395  99.6235  24.5257  3.5199
97.7857  24.1826  99.6235  24.5257  3.5384
97.9350  25.1078  99.6235  24.5257  3.3565
97.6622  23.9027  99.6235  24.5257  3.5563
100.4120  23.9586  99.6235  24.5257  3.5930
100.7200  24.6420  99.6235  24.5257  3.6248
97.6568  24.6108  99.6235  24.5257  3.4694
100.8080  24.4547  99.6235  24.5257  3.4987
99.7280  25.5410  100.8560  25.9242  3.4810
99.4801  25.0480  100.8560  25.9242  3.3592
100.1000  25.9100  100.8560  25.9242  3.5709
100.8160  25.0395  100.8560  25.9242  3.5622
97.7857  24.1826  100.8560  25.9242  3.4369
99.9868  25.4893  100.8560  25.9242  3.6441
99.1663  24.7523  100.8560  25.9242  3.4245
100.2160  25.0148  100.8560  25.9242  3.3197
98.8783  23.5554  100.8560  25.9242  3.4853
97.9350  25.1078  100.8560  25.9242  3.4053
99.0325  24.5549  100.8560  25.9242  3.3917
99.2375  25.4847  100.8560  25.9242  3.4408
100.0910  24.8650  100.8560  25.9242  3.4460
98.8634  25.4505  100.8560  25.9242  3.4043
97.6622  23.9027  100.8560  25.9242  3.4418
98.8350  24.6942  100.8560  25.9242  3.4024
98.0252  24.4972  100.8560  25.9242  3.4045
99.4137  25.2954  100.8560  25.9242  3.3729
99.5529  24.2045  100.8560  25.9242  3.4165
98.4849  24.7484  100.8560  25.9242  3.3880
99.6235  24.5257  100.8560  25.9242  3.3763
100.1990  24.7084  100.8560  25.9242  3.3535
98.5651  24.1350  100.8560  25.9242  3.4260
98.5433  25.5117  100.8560  25.9242  3.4286
100.4120  23.9586  100.8560  25.9242  3.4483
99.8799  24.7112  100.8560  25.9242  3.3715
99.0268  23.8963  100.8560  25.9242  3.4508
99.3404  24.5305  100.8560  25.9242  3.3860
99.9445  24.3191  100.8560  25.9242  3.4077
100.5230  25.0541  100.8560  25.9242  3.4293
100.3200  25.2400  100.8560  25.9242  3.4630
100.7200  24.6420  100.8560  25.9242  3.3940
100.2940  23.5890  100.8560  25.9242  3.4458
97.6568  24.6108  100.8560  25.9242  3.4375
98.6668  24.9037  100.8560  25.9242  3.4042
100.3690  24.1603  100.8560  25.9242  3.4120
98.3382  24.3368  100.8560  25.9242  3.4210
99.7771  25.3419  100.8560  25.9242  3.4451
98.2175  24.6619  100.8560  25.9242  3.3900
99.0384  24.3221  100.8560  25.9242  3.4195
99.8346  24.9958  100.8560  25.9242  3.3664
100.8080  24.4547  100.8560  25.9242  3.4353
99.8316  25.8146  100.8560  25.9242  3.5495
99.5713  23.7032  100.8560  25.9242  3.4526
100.7810  24.1990  100.8560  25.9242  3.4470
97.9699  24.7130  100.8560  25.9242  3.3906
99.6453  24.8769  100.8560  25.9242  3.3878
98.3349  25.2175  100.8560  25.9242  3.4083
99.7242  24.0204  100.8560  25.9242  3.4375
98.3382  24.3368  99.3404  24.5305  3.7415
98.0252  24.4972  99.3404  24.5305  3.6427
100.7810  24.1990  99.3404  24.5305  3.4390
100.1990  24.7084  99.3404  24.5305  3.7475
100.3690  24.1603  99.3404  24.5305  3.5405
100.7200  24.6420  99.3404  24.5305  3.4823
97.9699  24.7130  99.3404  24.5305  3.5210
100.4690  24.5924  99.3404  24.5305  3.6254
100.4120  23.9586  99.3404  24.5305  3.5179
100.2940  23.5890  99.3404  24.5305  3.5476
98.8783  23.5554  99.3404  24.5305  3.5953
97.6622  23.9027  99.3404  24.5305  3.5960
97.7857  24.1826  99.3404  24.5305  3.6053
100.8080  24.4547  99.3404  24.5305  3.4777
97.9350  25.1078  99.3404  24.5305  3.4009
100.8160  25.0395  99.3404  24.5305  3.5200
98.2175  24.6619  99.3404  24.5305  3.5371
98.8634  25.4505  98.4849  24.7484  3.6816
100.8080  24.4547  98.4849  24.7484  3.4567
100.1990  24.7084  98.4849  24.7484  3.4809
98.8350  24.6942  98.4849  24.7484  3.6162
99.5529  24.2045  98.4849  24.7484  3.5183
99.9445  24.3191  98.4849  24.7484  3.3612
99.7242  24.0204  98.4849  24.7484  3.5482
100.7200  24.6420  98.4849  24.7484  3.4556
99.0268  23.8963  98.4849  24.7484  3.7210
99.8799  24.7112  98.4849  24.7484  3.5083
100.7810  24.1990  98.4849  24.7484  3.4407
99.6235  24.5257  98.4849  24.7484  3.4312
100.4120  23.9586  98.4849  24.7484  3.4297
99.5713  23.7032  98.4849  24.7484  3.5069
99.4801  25.0480  98.4849  24.7484  3.6493
99.3404  24.5305  98.4849  24.7484  3.6702
100.3690  24.1603  98.4849  24.7484  3.4256
100.4690  24.5924  98.4849  24.7484  3.4272
100.0910  24.8650  98.4849  24.7484  3.3916
99.8346  24.9958  98.4849  24.7484  3.5061
98.8783  23.5554  98.4849  24.7484  3.5543
97.6622  23.9027  98.4849  24.7484  3.5162
99.6453  24.8769  98.4849  24.7484  3.5685
100.8160  25.0395  98.4849  24.7484  3.5103
100.2940  23.5890  98.4849  24.7484  3.4955
99.2375  25.4847  98.4849  24.7484  3.5078
97.6622  23.9027  98.6668  24.9037  3.5032
100.1990  24.7084  98.6668  24.9037  3.4531
100.7810  24.1990  98.6668  24.9037  3.3952
99.7242  24.0204  98.6668  24.9037  3.4320
99.0268  23.8963  98.6668  24.9037  3.6468
100.4120  23.9586  98.6668  24.9037  3.4383
100.8160  25.0395  98.6668  24.9037  3.5129
99.9445  24.3191  98.6668  24.9037  3.3649
100.8080  24.4547  98.6668  24.9037  3.4209
99.5529  24.2045  98.6668  24.9037  3.5963
100.0910  24.8650  98.6668  24.9037  3.5819
97.9350  25.1078  98.6668  24.9037  3.7743
99.6235  24.5257  98.6668  24.9037  3.6051
97.7857  24.1826  98.6668  24.9037  3.4627
99.8346  24.9958  98.6668  24.9037  3.5888
97.7332  24.3999  98.6668  24.9037  3.5503
100.7200  24.6420  98.6668  24.9037  3.4095
99.8799  24.7112  98.6668  24.9037  3.4161
100.3690  24.1603  98.6668  24.9037  3.3517
99.3404  24.5305  98.6668  24.9037  3.7322
100.2940  23.5890  98.6668  24.9037  3.5171
99.5713  23.7032  98.6668  24.9037  3.5532
100.4690  24.5924  98.6668  24.9037  3.4495
99.6453  24.8769  98.6668  24.9037  3.5248
99.7242  24.0204  100.0910  24.8650  3.6341
100.7810  24.1990  100.0910  24.8650  3.5163
100.2940  23.5890  100.0910  24.8650  3.5762
100.8080  24.4547  100.0910  24.8650  3.6326
100.8160  25.0395  100.0910  24.8650  3.7673
99.0268  23.8963  100.0910  24.8650  3.4946
100.8160  25.0395  100.3690  24.1603  3.5300
99.0268  23.8963  100.3690  24.1603  3.6592
99.5529  24.2045  100.3690  24.1603  3.7103
98.8783  23.5554  100.3690  24.1603  3.6475
98.8783  23.5554  100.4690  24.5924  3.7255
100.2940  23.5890  100.4690  24.5924  3.7168
99.0268  23.8963  100.4690  24.5924  3.5171
99.5713  23.7032  100.4690  24.5924  3.4363
98.3349  25.2175  99.4024  25.6322  3.4455
99.5529  24.2045  99.4024  25.6322  3.4362
100.8960  25.5945  99.4024  25.6322  3.4015
99.7242  24.0204  99.4024  25.6322  3.4769
100.4900  25.3500  99.4024  25.6322  3.3487
97.9350  25.1078  99.4024  25.6322  3.4275
100.4120  23.9586  99.4024  25.6322  3.4982
99.6235  24.5257  99.4024  25.6322  3.5272
98.2175  24.6619  99.4024  25.6322  3.4318
98.5433  25.5117  99.4024  25.6322  3.5441
100.7200  24.6420  99.4024  25.6322  3.4251
100.5200  25.8500  99.4024  25.6322  3.5155
98.4849  24.7484  99.4024  25.6322  3.4367
100.7810  24.1990  99.4024  25.6322  3.4791
100.8160  25.0395  99.4024  25.6322  3.3367
100.2940  23.5890  99.4024  25.6322  3.4815
100.3200  25.2400  99.4024  25.6322  3.4240
100.1990  24.7084  99.4024  25.6322  3.4865
100.8560  25.9242  99.4024  25.6322  3.4597
100.8080  24.4547  99.4024  25.6322  3.4530
98.8783  23.5554  99.4024  25.6322  3.4794
100.8990  25.3230  99.4024  25.6322  3.3090
97.7332  24.3999  99.4024  25.6322  3.4025
100.5960  26.2944  99.4024  25.6322  3.3604
99.1663  24.7523  99.4024  25.6322  3.5699
99.0325  24.5549  99.4024  25.6322  3.4356
99.9445  24.3191  99.4024  25.6322  3.5399
99.5713  23.7032  99.4024  25.6322  3.4973
97.7857  24.1826  99.4024  25.6322  3.4218
100.3690  24.1603  99.4024  25.6322  3.4883
97.6568  24.6108  99.4024  25.6322  3.4436
97.6622  23.9027  99.4024  25.6322  3.4408
99.9868  25.4893  99.4024  25.6322  3.6170
97.9699  24.7130  99.4024  25.6322  3.3274
99.0268  23.8963  99.4024  25.6322  3.5141
100.4990  25.5666  99.4024  25.6322  3.4013
100.4690  24.5924  99.4024  25.6322  3.4105
98.8350  24.6942  99.4024  25.6322  3.4440
99.0384  24.3221  99.4024  25.6322  3.4886
100.5230  25.0541  99.4024  25.6322  3.3596
100.1000  25.9100  99.4024  25.6322  3.7532
100.0910  24.8650  99.4024  25.6322  3.4631
98.0252  24.4972  99.4024  25.6322  3.4236
98.5651  24.1350  99.4024  25.6322  3.4499
99.8799  24.7112  99.4024  25.6322  3.6439
99.3404  24.5305  99.4024  25.6322  3.4853
98.3382  24.3368  99.4024  25.6322  3.4481
100.2160  25.0148  99.4024  25.6322  3.3849
98.6668  24.9037  99.4024  25.6322  3.5073
100.4120  23.9586  98.8783  23.5554  3.6564
100.8080  24.4547  98.8783  23.5554  3.5307
100.7200  24.6420  98.8783  23.5554  3.5092
100.7810  24.1990  98.8783  23.5554  3.5310
100.8160  25.0395  98.8783  23.5554  3.4750
100.2940  23.5890  98.8783  23.5554  3.5956
98.5651  24.1350  99.2375  25.4847  3.4443
97.6622  23.9027  99.2375  25.4847  3.4563
100.7200  24.6420  99.2375  25.4847  3.3707
98.0252  24.4972  99.2375  25.4847  3.4755
97.7857  24.1826  99.2375  25.4847  3.4020
99.5713  23.7032  99.2375  25.4847  3.4852
99.5529  24.2045  99.2375  25.4847  3.4808
99.0384  24.3221  99.2375  25.4847  3.4666
100.3690  24.1603  99.2375  25.4847  3.4917
99.9445  24.3191  99.2375  25.4847  3.5830
98.3382  24.3368  99.2375  25.4847  3.4411
100.4120  23.9586  99.2375  25.4847  3.5006
99.8799  24.7112  99.2375  25.4847  3.6010
100.0910  24.8650  99.2375  25.4847  3.4536
100.1990  24.7084  99.2375  25.4847  3.4456
100.4690  24.5924  99.2375  25.4847  3.4563
99.7242  24.0204  99.2375  25.4847  3.5392
97.9699  24.7130  99.2375  25.4847  3.3635
100.7810  24.1990  99.2375  25.4847  3.4628
99.0268  23.8963  99.2375  25.4847  3.4801
98.8350  24.6942  99.2375  25.4847  3.5875
97.7332  24.3999  99.2375  25.4847  3.4147
98.2175  24.6619  99.2375  25.4847  3.4504
98.8783  23.5554  99.2375  25.4847  3.5240
99.8346  24.9958  99.2375  25.4847  3.6520
99.0325  24.5549  99.2375  25.4847  3.5229
100.2940  23.5890  99.2375  25.4847  3.4945
99.6235  24.5257  99.2375  25.4847  3.6551
97.6568  24.6108  99.2375  25.4847  3.3917
99.3404  24.5305  99.2375  25.4847  3.6061
97.9350  25.1078  99.2375  25.4847  3.5002
100.8160  25.0395  99.2375  25.4847  3.3231
100.4690  24.5924  98.8431  25.1964  3.3907
98.0252  24.4972  98.8431  25.1964  3.5341
100.7810  24.1990  98.8431  25.1964  3.4319
99.5713  23.7032  98.8431  25.1964  3.5351
97.9350  25.1078  98.8431  25.1964  3.5966
99.5529  24.2045  98.8431  25.1964  3.6266
99.8799  24.7112  98.8431  25.1964  3.5557
100.7200  24.6420  98.8431  25.1964  3.4005
100.1990  24.7084  98.8431  25.1964  3.3450
100.2940  23.5890  98.8431  25.1964  3.5409
100.8160  25.0395  98.8431  25.1964  3.3934
99.9445  24.3191  98.8431  25.1964  3.4489
98.8783  23.5554  98.8431  25.1964  3.4863
100.3690  24.1603  98.8431  25.1964  3.4571
99.7242  24.0204  98.8431  25.1964  3.5612
98.3382  24.3368  98.8431  25.1964  3.6680
97.6568  24.6108  98.8431  25.1964  3.4903
99.8346  24.9958  98.8431  25.1964  3.4832
98.5651  24.1350  98.8431  25.1964  3.5166
99.6453  24.8769  98.8431  25.1964  3.6525
97.7332  24.3999  98.8431  25.1964  3.4053
99.6235  24.5257  98.8431  25.1964  3.5562
100.4120  23.9586  98.8431  25.1964  3.4927
100.8080  24.4547  98.8431  25.1964  3.3850
100.0910  24.8650  98.8431  25.1964  3.3471
97.6622  23.9027  98.8431  25.1964  3.5051
97.9699  24.7130  98.8431  25.1964  3.5697
99.0268  23.8963  98.8431  25.1964  3.5135
97.7857  24.1826  98.8431  25.1964  3.5102
99.8799  24.7112  97.7857  24.1826  3.5575
99.7242  24.0204  97.7857  24.1826  3.5660
100.3690  24.1603  97.7857  24.1826  3.5955
100.1990  24.7084  97.7857  24.1826  3.5552
100.7200  24.6420  97.7857  24.1826  3.5775
100.2940  23.5890  97.7857  24.1826  3.4900
99.5529  24.2045  97.7857  24.1826  3.5735
98.8783  23.5554  97.7857  24.1826  3.4886
99.0268  23.8963  97.7857  24.1826  3.4911
100.4120  23.9586  97.7857  24.1826  3.5446
100.7810  24.1990  97.7857  24.1826  3.5613
100.8160  25.0395  97.7857  24.1826  3.4913
100.8080  24.4547  97.7857  24.1826  3.6161
99.9445  24.3191  97.7857  24.1826  3.5836
100.0910  24.8650  97.7857  24.1826  3.5186
99.5713  23.7032  97.7857  24.1826  3.4264
97.9699  24.7130  99.7280  25.5410  3.4030
97.7332  24.3999  99.7280  25.5410  3.4552
100.7810  24.1990  99.7280  25.5410  3.4584
100.8990  25.3230  99.7280  25.5410  3.3500
98.5433  25.5117  99.7280  25.5410  3.4649
99.5713  23.7032  99.7280  25.5410  3.5167
100.3690  24.1603  99.7280  25.5410  3.5047
98.8634  25.4505  99.7280  25.5410  3.5126
98.4849  24.7484  99.7280  25.5410  3.3991
100.8960  25.5945  99.7280  25.5410  3.5158
99.0384  24.3221  99.7280  25.5410  3.4047
98.2175  24.6619  99.7280  25.5410  3.3990
100.7200  24.6420  99.7280  25.5410  3.3998
97.7857  24.1826  99.7280  25.5410  3.4586
100.8160  25.0395  99.7280  25.5410  3.3873
99.6235  24.5257  99.7280  25.5410  3.4978
100.4990  25.5666  99.7280  25.5410  3.5440
97.9350  25.1078  99.7280  25.5410  3.3988
98.0252  24.4972  99.7280  25.5410  3.4484
100.4900  25.3500  99.7280  25.5410  3.6016
100.5960  26.2944  99.7280  25.5410  3.3628
99.1663  24.7523  99.7280  25.5410  3.5025
99.9445  24.3191  99.7280  25.5410  3.4804
97.6622  23.9027  99.7280  25.5410  3.4649
99.3404  24.5305  99.7280  25.5410  3.4462
100.5230  25.0541  99.7280  25.5410  3.3910
98.8350  24.6942  99.7280  25.5410  3.4267
100.4690  24.5924  99.7280  25.5410  3.5484
98.8431  25.1964  99.7280  25.5410  3.6662
100.1990  24.7084  99.7280  25.5410  3.6603
98.8783  23.5554  99.7280  25.5410  3.4675
97.6568  24.6108  99.7280  25.5410  3.4053
100.2160  25.0148  99.7280  25.5410  3.6059
98.3349  25.2175  99.7280  25.5410  3.4565
98.6668  24.9037  99.7280  25.5410  3.4029
100.8080  24.4547  99.7280  25.5410  3.4574
99.0268  23.8963  99.7280  25.5410  3.4734
99.0325  24.5549  99.7280  25.5410  3.3893
100.2940  23.5890  99.7280  25.5410  3.4574
99.7242  24.0204  99.7280  25.5410  3.4622
100.4120  23.9586  99.7280  25.5410  3.5089
100.3200  25.2400  99.7280  25.5410  3.5649
98.5651  24.1350  99.7280  25.5410  3.4470
99.5529  24.2045  99.7280  25.5410  3.4863
98.3382  24.3368  99.7280  25.5410  3.4768
97.9699  24.7130  99.8346  24.9958  3.5310
99.0268  23.8963  99.8346  24.9958  3.4611
100.3690  24.1603  99.8346  24.9958  3.6711
99.5713  23.7032  99.8346  24.9958  3.5522
97.9350  25.1078  99.8346  24.9958  3.4040
98.0252  24.4972  99.8346  24.9958  3.4770
100.2940  23.5890  99.8346  24.9958  3.4816
100.8160  25.0395  99.8346  24.9958  3.5483
99.5529  24.2045  99.8346  24.9958  3.6825
97.7857  24.1826  99.8346  24.9958  3.4569
98.8783  23.5554  99.8346  24.9958  3.5114
98.2175  24.6619  99.8346  24.9958  3.5048
100.4690  24.5924  99.8346  24.9958  3.7583
99.7242  24.0204  99.8346  24.9958  3.6042
100.7200  24.6420  99.8346  24.9958  3.5406
97.7332  24.3999  99.8346  24.9958  3.5133
98.3382  24.3368  99.8346  24.9958  3.4568
97.6622  23.9027  99.8346  24.9958  3.5132
97.6568  24.6108  99.8346  24.9958  3.5409
100.4120  23.9586  99.8346  24.9958  3.6140
98.5651  24.1350  99.8346  24.9958  3.4428
100.8080  24.4547  99.8346  24.9958  3.5610
100.7810  24.1990  99.8346  24.9958  3.5049
99.7242  24.0204  97.9699  24.7130  3.4190
100.1990  24.7084  97.9699  24.7130  3.4547
100.3690  24.1603  97.9699  24.7130  3.4628
100.7200  24.6420  97.9699  24.7130  3.4855
100.4120  23.9586  97.9699  24.7130  3.4409
99.5713  23.7032  97.9699  24.7130  3.4691
100.7810  24.1990  97.9699  24.7130  3.4760
99.5529  24.2045  97.9699  24.7130  3.3841
100.4690  24.5924  97.9699  24.7130  3.5467
99.8799  24.7112  97.9699  24.7130  3.4699
100.8160  25.0395  97.9699  24.7130  3.4882
100.2940  23.5890  97.9699  24.7130  3.4689
99.0268  23.8963  97.9699  24.7130  3.4984
99.9445  24.3191  97.9699  24.7130  3.4263
97.6622  23.9027  97.9699  24.7130  3.7002
100.0910  24.8650  97.9699  24.7130  3.3352
100.8080  24.4547  97.9699  24.7130  3.5002
100.7200  24.6420  99.7242  24.0204  3.6404
100.8080  24.4547  99.7242  24.0204  3.6688
100.7810  24.1990  99.7242  24.0204  3.6435
100.8160  25.0395  99.7242  24.0204  3.4627
100.8160  25.0395  100.4120  23.9586  3.4537
99.0268  23.8963  97.7332  24.3999  3.5167
100.4120  23.9586  97.7332  24.3999  3.5203
100.8160  25.0395  97.7332  24.3999  3.4891
99.5529  24.2045  97.7332  24.3999  3.4548
100.7810  24.1990  97.7332  24.3999  3.5451
100.3690  24.1603  97.7332  24.3999  3.5061
100.7200  24.6420  97.7332  24.3999  3.5776
99.5713  23.7032  97.7332  24.3999  3.3974
98.8783  23.5554  97.7332  24.3999  3.5378
100.8080  24.4547  97.7332  24.3999  3.5638
99.8799  24.7112  97.7332  24.3999  3.6122
99.9445  24.3191  97.7332  24.3999  3.5107
100.2940  23.5890  97.7332  24.3999  3.4751
100.4690  24.5924  97.7332  24.3999  3.5786
99.7242  24.0204  97.7332  24.3999  3.5048
100.1990  24.7084  97.7332  24.3999  3.5923
98.5651  24.1350  97.7332  24.3999  3.7208
