1789  3.3845  0.0848  022
98.5925  24.4245  100.0690  23.8785  3.3821
100.2540  25.6093  100.0690  23.8785  3.3919
98.8518  25.8317  100.0690  23.8785  3.4028
98.0709  24.0851  100.0690  23.8785  3.4046
99.2454  24.0357  100.0690  23.8785  3.3946
99.3717  25.8854  100.0690  23.8785  3.4172
98.5197  25.0289  100.0690  23.8785  3.4101
100.1470  24.4348  99.9475  26.1088  3.3462
98.5197  25.0289  99.9475  26.1088  3.2897
98.5925  24.4245  99.9475  26.1088  3.3534
99.2454  24.0357  99.9475  26.1088  3.3372
98.0709  24.0851  99.9475  26.1088  3.3326
98.8518  25.8317  99.9475  26.1088  3.2843
100.0690  23.8785  99.9475  26.1088  3.3804
100.1470  24.4348  99.3717  25.8854  3.4153
99.2454  24.0357  98.5197  25.0289  3.5871
98.0709  24.0851  98.5197  25.0289  3.4924
100.2540  25.6093  98.5197  25.0289  3.2776
100.1470  24.4348  98.5197  25.0289  3.3454
99.3717  25.8854  98.5197  25.0289  3.3897
100.1470  24.4348  98.0709  24.0851  3.4844
99.2454  24.0357  98.0709  24.0851  3.4755
99.3717  25.8854  98.0709  24.0851  3.3937
100.2540  25.6093  98.8518  25.8317  3.2821
98.5197  25.0289  98.8518  25.8317  3.4578
100.1470  24.4348  98.8518  25.8317  3.3877
98.0709  24.0851  98.8518  25.8317  3.3976
98.5925  24.4245  98.8518  25.8317  3.3644
99.3717  25.8854  98.8518  25.8317  3.6397
99.2454  24.0357  98.8518  25.8317  3.3907
99.3717  25.8854  99.2454  24.0357  3.3760
100.1470  24.4348  99.2454  24.0357  3.6077
98.0709  24.0851  100.2540  25.6093  3.4064
99.2454  24.0357  100.2540  25.6093  3.3348
100.1470  24.4348  100.2540  25.6093  3.3669
99.3717  25.8854  100.2540  25.6093  3.3333
100.1470  24.4348  98.5925  24.4245  3.3710
99.3717  25.8854  98.5925  24.4245  3.3437
100.2540  25.6093  98.5925  24.4245  3.3246
99.2454  24.0357  98.5925  24.4245  3.5918
100.8080  24.4547  99.5713  23.7032  3.4004
100.7200  24.6420  99.5713  23.7032  3.4167
100.7810  24.1990  99.5713  23.7032  3.4894
100.4120  23.9586  99.5713  23.7032  3.5815
100.8160  25.0395  99.5713  23.7032  3.3885
100.2940  23.5890  99.5713  23.7032  3.5456
97.7857  24.1826  99.4801  25.0480  3.3818
97.9350  25.1078  99.4801  25.0480  3.2995
98.0252  24.4972  99.4801  25.0480  3.4539
100.2940  23.5890  99.4801  25.0480  3.3935
100.4690  24.5924  99.4801  25.0480  3.5336
97.9699  24.7130  99.4801  25.0480  3.3644
99.0268  23.8963  99.4801  25.0480  3.3851
99.7242  24.0204  99.4801  25.0480  3.4674
98.5651  24.1350  99.4801  25.0480  3.4252
97.6622  23.9027  99.4801  25.0480  3.4708
99.5529  24.2045  99.4801  25.0480  3.5391
100.8160  25.0395  99.4801  25.0480  3.3122
100.1990  24.7084  99.4801  25.0480  3.5290
100.3690  24.1603  99.4801  25.0480  3.4048
98.2175  24.6619  99.4801  25.0480  3.5078
98.3382  24.3368  99.4801  25.0480  3.3028
100.7810  24.1990  99.4801  25.0480  3.4708
100.7200  24.6420  99.4801  25.0480  3.2879
97.7332  24.3999  99.4801  25.0480  3.3071
100.4120  23.9586  99.4801  25.0480  3.3536
99.5713  23.7032  99.4801  25.0480  3.3764
100.0910  24.8650  99.4801  25.0480  3.6310
97.6568  24.6108  99.4801  25.0480  3.4021
98.8783  23.5554  99.4801  25.0480  3.4091
100.8080  24.4547  99.4801  25.0480  3.3091
99.8799  24.7112  97.6568  24.6108  3.3786
99.7242  24.0204  97.6568  24.6108  3.3970
98.5651  24.1350  97.6568  24.6108  3.3745
100.8080  24.4547  97.6568  24.6108  3.4314
99.0268  23.8963  97.6568  24.6108  3.4839
99.9445  24.3191  97.6568  24.6108  3.3847
100.4120  23.9586  97.6568  24.6108  3.3794
100.7810  24.1990  97.6568  24.6108  3.3789
98.3382  24.3368  97.6568  24.6108  3.3811
100.0910  24.8650  97.6568  24.6108  3.4034
100.8160  25.0395  97.6568  24.6108  3.3570
99.5529  24.2045  97.6568  24.6108  3.3844
100.3690  24.1603  97.6568  24.6108  3.4130
99.5713  23.7032  97.6568  24.6108  3.4001
100.7200  24.6420  97.6568  24.6108  3.4289
100.1990  24.7084  97.6568  24.6108  3.4201
100.2940  23.5890  97.6568  24.6108  3.3963
100.4690  24.5924  97.6568  24.6108  3.3454
100.7810  24.1990  99.5529  24.2045  3.3424
98.8783  23.5554  99.5529  24.2045  3.6357
100.7200  24.6420  99.5529  24.2045  3.4883
100.8160  25.0395  99.5529  24.2045  3.3694
100.8080  24.4547  99.5529  24.2045  3.5075
100.2940  23.5890  99.5529  24.2045  3.4851
100.4120  23.9586  99.5529  24.2045  3.4617
99.1663  24.7523  99.8316  25.8146  3.3032
98.8350  24.6942  99.8316  25.8146  3.3276
100.5960  26.2944  99.8316  25.8146  3.4659
99.0384  24.3221  99.8316  25.8146  3.3481
100.7200  24.6420  99.8316  25.8146  3.3053
98.0252  24.4972  99.8316  25.8146  3.3346
100.3690  24.1603  99.8316  25.8146  3.3973
98.4849  24.7484  99.8316  25.8146  3.3124
97.7857  24.1826  99.8316  25.8146  3.3856
99.9445  24.3191  99.8316  25.8146  3.3706
98.3382  24.3368  99.8316  25.8146  3.3473
99.6235  24.5257  99.8316  25.8146  3.3420
97.6622  23.9027  99.8316  25.8146  3.3896
98.6668  24.9037  99.8316  25.8146  3.3030
99.4801  25.0480  99.8316  25.8146  3.3862
99.8346  24.9958  99.8316  25.8146  3.4631
100.1990  24.7084  99.8316  25.8146  3.4427
99.4137  25.2954  99.8316  25.8146  3.5650
100.0910  24.8650  99.8316  25.8146  3.5406
100.8990  25.3230  99.8316  25.8146  3.2397
98.8431  25.1964  99.8316  25.8146  3.3302
99.5713  23.7032  99.8316  25.8146  3.4125
97.9699  24.7130  99.8316  25.8146  3.3310
99.8799  24.7112  99.8316  25.8146  3.3641
100.8960  25.5945  99.8316  25.8146  3.2453
99.3404  24.5305  99.8316  25.8146  3.3340
98.3349  25.2175  99.8316  25.8146  3.3275
100.8160  25.0395  99.8316  25.8146  3.3378
100.2160  25.0148  99.8316  25.8146  3.5842
97.6568  24.6108  99.8316  25.8146  3.3028
98.8634  25.4505  99.8316  25.8146  3.3765
99.7242  24.0204  99.8316  25.8146  3.3853
98.2175  24.6619  99.8316  25.8146  3.3155
100.3200  25.2400  99.8316  25.8146  3.3659
99.6453  24.8769  99.8316  25.8146  3.3522
98.5651  24.1350  99.8316  25.8146  3.3889
98.5433  25.5117  99.8316  25.8146  3.3039
100.4900  25.3500  99.8316  25.8146  3.2871
99.0268  23.8963  99.8316  25.8146  3.3621
99.5529  24.2045  99.8316  25.8146  3.3616
98.8783  23.5554  99.8316  25.8146  3.3813
100.2940  23.5890  99.8316  25.8146  3.4125
100.5230  25.0541  99.8316  25.8146  3.2808
100.7810  24.1990  99.8316  25.8146  3.3326
100.4120  23.9586  99.8316  25.8146  3.4150
100.4990  25.5666  99.8316  25.8146  3.4945
97.7332  24.3999  99.8316  25.8146  3.3495
100.4690  24.5924  99.8316  25.8146  3.4756
97.9350  25.1078  99.8316  25.8146  3.2288
100.8080  24.4547  99.8316  25.8146  3.3198
99.0325  24.5549  99.8316  25.8146  3.3070
98.0252  24.4972  100.5230  25.0541  3.4521
99.0268  23.8963  100.5230  25.0541  3.3944
99.0325  24.5549  100.5230  25.0541  3.4424
98.8634  25.4505  100.5230  25.0541  3.2639
99.0384  24.3221  100.5230  25.0541  3.3407
97.6622  23.9027  100.5230  25.0541  3.4071
99.9445  24.3191  100.5230  25.0541  3.4327
98.3382  24.3368  100.5230  25.0541  3.3225
99.5529  24.2045  100.5230  25.0541  3.4061
97.9699  24.7130  100.5230  25.0541  3.3501
97.9350  25.1078  100.5230  25.0541  3.3299
97.7332  24.3999  100.5230  25.0541  3.3566
98.6668  24.9037  100.5230  25.0541  3.4164
99.6235  24.5257  100.5230  25.0541  3.4621
98.8350  24.6942  100.5230  25.0541  3.3290
98.4849  24.7484  100.5230  25.0541  3.4309
99.6453  24.8769  100.5230  25.0541  3.5023
99.2375  25.4847  100.5230  25.0541  3.1960
99.4801  25.0480  100.5230  25.0541  3.3664
99.5713  23.7032  100.5230  25.0541  3.3700
99.1663  24.7523  100.5230  25.0541  3.4418
98.5651  24.1350  100.5230  25.0541  3.3989
97.7857  24.1826  100.5230  25.0541  3.3940
100.4120  23.9586  100.5230  25.0541  3.4312
98.8431  25.1964  100.5230  25.0541  3.2575
99.8346  24.9958  100.5230  25.0541  3.4072
100.2940  23.5890  100.5230  25.0541  3.4115
100.5960  26.2944  100.5230  25.0541  3.2999
100.3690  24.1603  100.5230  25.0541  3.5767
98.3349  25.2175  100.5230  25.0541  3.3163
99.7242  24.0204  100.5230  25.0541  3.3644
98.8783  23.5554  100.5230  25.0541  3.4109
99.3404  24.5305  100.5230  25.0541  3.3880
100.7810  24.1990  100.5230  25.0541  3.6242
98.5433  25.5117  100.5230  25.0541  3.2616
100.8960  25.5945  100.5230  25.0541  3.4799
97.6568  24.6108  100.5230  25.0541  3.3663
98.2175  24.6619  100.5230  25.0541  3.4342
100.1000  25.9100  100.5230  25.0541  3.4771
99.6453  24.8769  100.4990  25.5666  3.3991
99.8799  24.7112  100.4990  25.5666  3.3169
97.9699  24.7130  100.4990  25.5666  3.3491
98.3349  25.2175  100.4990  25.5666  3.3301
99.7242  24.0204  100.4990  25.5666  3.3344
100.7200  24.6420  100.4990  25.5666  3.5455
98.0252  24.4972  100.4990  25.5666  3.3251
97.6622  23.9027  100.4990  25.5666  3.3706
99.5529  24.2045  100.4990  25.5666  3.3283
98.6668  24.9037  100.4990  25.5666  3.2505
99.8346  24.9958  100.4990  25.5666  3.4359
97.7332  24.3999  100.4990  25.5666  3.3431
97.7857  24.1826  100.4990  25.5666  3.3392
100.7810  24.1990  100.4990  25.5666  3.3895
100.3690  24.1603  100.4990  25.5666  3.3965
98.5433  25.5117  100.4990  25.5666  3.2894
98.8431  25.1964  100.4990  25.5666  3.2706
100.4690  24.5924  100.4990  25.5666  3.5244
100.0910  24.8650  100.4990  25.5666  3.3928
99.5713  23.7032  100.4990  25.5666  3.3601
99.9445  24.3191  100.4990  25.5666  3.3119
99.4801  25.0480  100.4990  25.5666  3.3344
99.0268  23.8963  100.4990  25.5666  3.3780
100.2940  23.5890  100.4990  25.5666  3.4000
99.0325  24.5549  100.4990  25.5666  3.3038
98.8634  25.4505  100.4990  25.5666  3.3192
98.4849  24.7484  100.4990  25.5666  3.3017
98.8783  23.5554  100.4990  25.5666  3.3947
99.1663  24.7523  100.4990  25.5666  3.2969
100.5960  26.2944  100.4990  25.5666  3.4312
100.1990  24.7084  100.4990  25.5666  3.3475
99.2375  25.4847  100.4990  25.5666  3.2738
98.3382  24.3368  100.4990  25.5666  3.3742
100.4120  23.9586  100.4990  25.5666  3.3969
99.6235  24.5257  100.4990  25.5666  3.3292
97.9350  25.1078  100.4990  25.5666  3.2943
98.2175  24.6619  100.4990  25.5666  3.3320
99.0384  24.3221  100.4990  25.5666  3.3094
97.6568  24.6108  100.4990  25.5666  3.3802
99.3404  24.5305  100.4990  25.5666  3.3479
98.8350  24.6942  100.4990  25.5666  3.3559
98.5651  24.1350  100.4990  25.5666  3.3495
100.8080  24.4547  100.4990  25.5666  3.4882
100.2940  23.5890  100.8990  25.3230  3.3391
99.8346  24.9958  100.8990  25.3230  3.3855
100.4120  23.9586  100.8990  25.3230  3.3384
99.0384  24.3221  100.8990  25.3230  3.4069
98.8431  25.1964  100.8990  25.3230  3.3086
100.5960  26.2944  100.8990  25.3230  3.4727
99.6235  24.5257  100.8990  25.3230  3.3301
97.6568  24.6108  100.8990  25.3230  3.3412
99.0325  24.5549  100.8990  25.3230  3.3569
100.1990  24.7084  100.8990  25.3230  3.4381
98.2175  24.6619  100.8990  25.3230  3.3669
98.5433  25.5117  100.8990  25.3230  3.2950
98.3349  25.2175  100.8990  25.3230  3.3069
97.9350  25.1078  100.8990  25.3230  3.3044
98.8634  25.4505  100.8990  25.3230  3.2800
98.5651  24.1350  100.8990  25.3230  3.3609
99.4801  25.0480  100.8990  25.3230  3.3538
98.8783  23.5554  100.8990  25.3230  3.3829
99.5529  24.2045  100.8990  25.3230  3.3568
100.1000  25.9100  100.8990  25.3230  3.2901
99.1663  24.7523  100.8990  25.3230  3.3391
98.4849  24.7484  100.8990  25.3230  3.3593
98.0252  24.4972  100.8990  25.3230  3.3845
98.8350  24.6942  100.8990  25.3230  3.2900
100.7810  24.1990  100.8990  25.3230  3.3859
98.3382  24.3368  100.8990  25.3230  3.3546
99.2375  25.4847  100.8990  25.3230  3.2462
99.7242  24.0204  100.8990  25.3230  3.3601
97.6622  23.9027  100.8990  25.3230  3.3923
97.7332  24.3999  100.8990  25.3230  3.4011
97.9699  24.7130  100.8990  25.3230  3.3359
99.0268  23.8963  100.8990  25.3230  3.3687
100.0910  24.8650  100.8990  25.3230  3.5384
100.3690  24.1603  100.8990  25.3230  3.3348
99.8799  24.7112  100.8990  25.3230  3.3924
100.7200  24.6420  100.8990  25.3230  3.5119
97.7857  24.1826  100.8990  25.3230  3.4002
100.8080  24.4547  100.8990  25.3230  3.4520
99.9445  24.3191  100.8990  25.3230  3.3435
99.5713  23.7032  100.8990  25.3230  3.3807
100.4690  24.5924  100.8990  25.3230  3.4084
99.6453  24.8769  100.8990  25.3230  3.3664
98.6668  24.9037  100.8990  25.3230  3.3797
99.3404  24.5305  100.8990  25.3230  3.3486
100.7200  24.6420  98.5651  24.1350  3.4295
100.0910  24.8650  98.5651  24.1350  3.4157
99.5713  23.7032  98.5651  24.1350  3.4274
100.8160  25.0395  98.5651  24.1350  3.3391
99.9445  24.3191  98.5651  24.1350  3.3652
100.4690  24.5924  98.5651  24.1350  3.4269
99.5529  24.2045  98.5651  24.1350  3.4646
100.2940  23.5890  98.5651  24.1350  3.3687
100.4120  23.9586  98.5651  24.1350  3.3636
99.7242  24.0204  98.5651  24.1350  3.3885
100.7810  24.1990  98.5651  24.1350  3.4161
100.8080  24.4547  98.5651  24.1350  3.4711
100.3690  24.1603  98.5651  24.1350  3.4549
100.1990  24.7084  98.5651  24.1350  3.5217
99.8799  24.7112  98.5651  24.1350  3.4712
97.9699  24.7130  98.8634  25.4505  3.3617
100.8080  24.4547  98.8634  25.4505  3.3313
100.2940  23.5890  98.8634  25.4505  3.4114
100.4120  23.9586  98.8634  25.4505  3.4055
100.8160  25.0395  98.8634  25.4505  3.2847
100.1990  24.7084  98.8634  25.4505  3.3460
98.5651  24.1350  98.8634  25.4505  3.3986
98.3382  24.3368  98.8634  25.4505  3.3811
97.6622  23.9027  98.8634  25.4505  3.3896
100.0910  24.8650  98.8634  25.4505  3.3317
99.0384  24.3221  98.8634  25.4505  3.3784
100.4690  24.5924  98.8634  25.4505  3.3269
99.3404  24.5305  98.8634  25.4505  3.5194
99.8799  24.7112  98.8634  25.4505  3.3952
99.7242  24.0204  98.8634  25.4505  3.3719
100.3690  24.1603  98.8634  25.4505  3.4439
99.6453  24.8769  98.8634  25.4505  3.3362
97.9350  25.1078  98.8634  25.4505  3.4705
99.5529  24.2045  98.8634  25.4505  3.4527
98.8350  24.6942  98.8634  25.4505  3.5384
100.7810  24.1990  98.8634  25.4505  3.3601
97.7332  24.3999  98.8634  25.4505  3.3571
98.2175  24.6619  98.8634  25.4505  3.4198
99.9445  24.3191  98.8634  25.4505  3.3765
97.7857  24.1826  98.8634  25.4505  3.3932
98.0252  24.4972  98.8634  25.4505  3.4092
99.6235  24.5257  98.8634  25.4505  3.3900
97.6568  24.6108  98.8634  25.4505  3.3258
99.8346  24.9958  98.8634  25.4505  3.4030
99.0268  23.8963  98.8634  25.4505  3.3937
98.8783  23.5554  98.8634  25.4505  3.4095
99.0325  24.5549  98.8634  25.4505  3.5242
99.4801  25.0480  98.8634  25.4505  3.5704
99.5713  23.7032  98.8634  25.4505  3.4346
100.7200  24.6420  98.8634  25.4505  3.2977
100.8160  25.0395  100.2940  23.5890  3.3543
100.8160  25.0395  100.7810  24.1990  3.5249
100.2940  23.5890  100.7810  24.1990  3.5499
98.3349  25.2175  99.4137  25.2954  3.3177
97.6622  23.9027  99.4137  25.2954  3.4381
99.5529  24.2045  99.4137  25.2954  3.3858
97.7332  24.3999  99.4137  25.2954  3.3237
98.8634  25.4505  99.4137  25.2954  3.5684
100.4990  25.5666  99.4137  25.2954  3.3954
100.1990  24.7084  99.4137  25.2954  3.4295
100.4900  25.3500  99.4137  25.2954  3.3916
100.8960  25.5945  99.4137  25.2954  3.3403
99.0268  23.8963  99.4137  25.2954  3.4041
100.4120  23.9586  99.4137  25.2954  3.3561
97.6568  24.6108  99.4137  25.2954  3.2936
97.9350  25.1078  99.4137  25.2954  3.3282
100.4690  24.5924  99.4137  25.2954  3.4938
100.8080  24.4547  99.4137  25.2954  3.3325
100.5230  25.0541  99.4137  25.2954  3.2486
99.0384  24.3221  99.4137  25.2954  3.4159
99.0325  24.5549  99.4137  25.2954  3.4426
100.2160  25.0148  99.4137  25.2954  3.4308
100.0910  24.8650  99.4137  25.2954  3.3654
99.6235  24.5257  99.4137  25.2954  3.6033
98.8783  23.5554  99.4137  25.2954  3.4048
99.9445  24.3191  99.4137  25.2954  3.5204
99.7242  24.0204  99.4137  25.2954  3.3713
100.7200  24.6420  99.4137  25.2954  3.3068
97.9699  24.7130  99.4137  25.2954  3.3754
98.3382  24.3368  99.4137  25.2954  3.3976
98.5433  25.5117  99.4137  25.2954  3.4896
98.2175  24.6619  99.4137  25.2954  3.3516
100.2940  23.5890  99.4137  25.2954  3.3578
100.3200  25.2400  99.4137  25.2954  3.3700
100.8990  25.3230  99.4137  25.2954  3.3040
99.5713  23.7032  99.4137  25.2954  3.3754
100.5960  26.2944  99.4137  25.2954  3.2687
97.7857  24.1826  99.4137  25.2954  3.4003
100.8160  25.0395  99.4137  25.2954  3.3253
100.7810  24.1990  99.4137  25.2954  3.4512
99.3404  24.5305  99.4137  25.2954  3.5517
98.5651  24.1350  99.4137  25.2954  3.4004
98.4849  24.7484  99.4137  25.2954  3.3812
98.0252  24.4972  99.4137  25.2954  3.3817
98.8350  24.6942  99.4137  25.2954  3.5385
100.1000  25.9100  99.4137  25.2954  3.4103
100.3690  24.1603  99.4137  25.2954  3.3193
100.0910  24.8650  97.6622  23.9027  3.3152
99.8799  24.7112  97.6622  23.9027  3.3939
100.8080  24.4547  97.6622  23.9027  3.4901
100.7810  24.1990  97.6622  23.9027  3.4452
100.4690  24.5924  97.6622  23.9027  3.4163
100.4120  23.9586  97.6622  23.9027  3.4494
100.7200  24.6420  97.6622  23.9027  3.4651
99.5713  23.7032  97.6622  23.9027  3.4163
99.0268  23.8963  97.6622  23.9027  3.5169
98.8783  23.5554  97.6622  23.9027  3.2916
100.2940  23.5890  97.6622  23.9027  3.4181
99.9445  24.3191  97.6622  23.9027  3.5246
100.3690  24.1603  97.6622  23.9027  3.5064
100.8160  25.0395  97.6622  23.9027  3.4167
100.1990  24.7084  97.6622  23.9027  3.4444
99.7242  24.0204  97.6622  23.9027  3.4697
99.5529  24.2045  97.6622  23.9027  3.4995
97.9350  25.1078  99.9868  25.4893  3.3292
100.1000  25.9100  99.9868  25.4893  3.6142
98.6668  24.9037  99.9868  25.4893  3.3361
98.0252  24.4972  99.9868  25.4893  3.3102
97.6568  24.6108  99.9868  25.4893  3.3466
97.7857  24.1826  99.9868  25.4893  3.3701
98.8431  25.1964  99.9868  25.4893  3.4064
100.8160  25.0395  99.9868  25.4893  3.3620
99.0384  24.3221  99.9868  25.4893  3.3616
100.7200  24.6420  99.9868  25.4893  3.2978
98.3382  24.3368  99.9868  25.4893  3.3601
99.6453  24.8769  99.9868  25.4893  3.4941
98.4849  24.7484  99.9868  25.4893  3.3658
98.5433  25.5117  99.9868  25.4893  3.3306
99.1663  24.7523  99.9868  25.4893  3.3794
99.2375  25.4847  99.9868  25.4893  3.3949
98.2175  24.6619  99.9868  25.4893  3.3437
99.8799  24.7112  99.9868  25.4893  3.4705
100.7810  24.1990  99.9868  25.4893  3.3468
99.9445  24.3191  99.9868  25.4893  3.3879
99.7242  24.0204  99.9868  25.4893  3.3909
100.8990  25.3230  99.9868  25.4893  3.2556
99.6235  24.5257  99.9868  25.4893  3.3487
100.8960  25.5945  99.9868  25.4893  3.4099
99.5713  23.7032  99.9868  25.4893  3.3943
98.8634  25.4505  99.9868  25.4893  3.2901
99.0325  24.5549  99.9868  25.4893  3.3642
100.2940  23.5890  99.9868  25.4893  3.4063
99.5529  24.2045  99.9868  25.4893  3.3532
98.5651  24.1350  99.9868  25.4893  3.3428
100.3690  24.1603  99.9868  25.4893  3.4028
97.6622  23.9027  99.9868  25.4893  3.4094
98.8350  24.6942  99.9868  25.4893  3.3088
100.8080  24.4547  99.9868  25.4893  3.3225
100.5960  26.2944  99.9868  25.4893  3.2971
100.4120  23.9586  99.9868  25.4893  3.4074
98.8783  23.5554  99.9868  25.4893  3.4031
98.3349  25.2175  99.9868  25.4893  3.3160
97.7332  24.3999  99.9868  25.4893  3.3311
97.9699  24.7130  99.9868  25.4893  3.3035
100.5230  25.0541  99.9868  25.4893  3.2234
100.4690  24.5924  99.9868  25.4893  3.5703
100.1990  24.7084  99.9868  25.4893  3.6149
99.3404  24.5305  99.9868  25.4893  3.3400
99.8346  24.9958  99.9868  25.4893  3.5640
99.0268  23.8963  99.9868  25.4893  3.3737
99.5529  24.2045  99.4300  26.2040  3.3668
98.4849  24.7484  99.4300  26.2040  3.3413
99.6453  24.8769  99.4300  26.2040  3.3208
100.1990  24.7084  99.4300  26.2040  3.4275
100.8160  25.0395  99.4300  26.2040  3.3207
99.9868  25.4893  99.4300  26.2040  3.4830
99.4137  25.2954  99.4300  26.2040  3.3857
100.3200  25.2400  99.4300  26.2040  3.2361
100.1000  25.9100  99.4300  26.2040  3.4073
99.9445  24.3191  99.4300  26.2040  3.3616
100.4900  25.3500  99.4300  26.2040  3.3181
98.2175  24.6619  99.4300  26.2040  3.3634
99.4801  25.0480  99.4300  26.2040  3.3106
98.6668  24.9037  99.4300  26.2040  3.3312
100.8960  25.5945  99.4300  26.2040  3.2212
99.2375  25.4847  99.4300  26.2040  3.4353
98.8431  25.1964  99.4300  26.2040  3.3052
100.7810  24.1990  99.4300  26.2040  3.3602
98.5651  24.1350  99.4300  26.2040  3.3614
97.6568  24.6108  99.4300  26.2040  3.3209
98.3382  24.3368  99.4300  26.2040  3.3675
99.0325  24.5549  99.4300  26.2040  3.3327
97.6622  23.9027  99.4300  26.2040  3.3572
99.7771  25.3419  99.4300  26.2040  3.5061
100.4990  25.5666  99.4300  26.2040  3.3328
100.5960  26.2944  99.4300  26.2040  3.2318
99.4024  25.6322  99.4300  26.2040  3.5517
98.8350  24.6942  99.4300  26.2040  3.3173
100.2940  23.5890  99.4300  26.2040  3.3698
99.1663  24.7523  99.4300  26.2040  3.3167
97.9350  25.1078  99.4300  26.2040  3.2687
97.9699  24.7130  99.4300  26.2040  3.2850
100.5200  25.8500  99.4300  26.2040  3.2508
100.8560  25.9242  99.4300  26.2040  3.2367
98.3349  25.2175  99.4300  26.2040  3.2937
99.0384  24.3221  99.4300  26.2040  3.3385
100.2160  25.0148  99.4300  26.2040  3.3102
98.8634  25.4505  99.4300  26.2040  3.3588
98.5433  25.5117  99.4300  26.2040  3.3452
97.7332  24.3999  99.4300  26.2040  3.3135
99.8799  24.7112  99.4300  26.2040  3.3754
99.3404  24.5305  99.4300  26.2040  3.3200
99.8346  24.9958  99.4300  26.2040  3.3928
99.6235  24.5257  99.4300  26.2040  3.3439
99.0268  23.8963  99.4300  26.2040  3.3592
97.7857  24.1826  99.4300  26.2040  3.3173
100.4120  23.9586  99.4300  26.2040  3.3056
98.8783  23.5554  99.4300  26.2040  3.3712
99.7280  25.5410  99.4300  26.2040  3.5929
100.4690  24.5924  99.4300  26.2040  3.3005
99.7242  24.0204  99.4300  26.2040  3.3709
98.0252  24.4972  99.4300  26.2040  3.3199
100.8080  24.4547  99.4300  26.2040  3.3693
100.8990  25.3230  99.4300  26.2040  3.2468
100.7200  24.6420  99.4300  26.2040  3.3560
100.3690  24.1603  99.4300  26.2040  3.3135
100.5230  25.0541  99.4300  26.2040  3.2932
99.5713  23.7032  99.4300  26.2040  3.3794
97.6622  23.9027  99.1663  24.7523  3.4735
98.3382  24.3368  99.1663  24.7523  3.6390
100.0910  24.8650  99.1663  24.7523  3.5452
99.9445  24.3191  99.1663  24.7523  3.4983
98.2175  24.6619  99.1663  24.7523  3.4724
100.8080  24.4547  99.1663  24.7523  3.3237
98.0252  24.4972  99.1663  24.7523  3.5354
99.8799  24.7112  99.1663  24.7523  3.6087
97.7332  24.3999  99.1663  24.7523  3.4605
98.8783  23.5554  99.1663  24.7523  3.4203
100.4120  23.9586  99.1663  24.7523  3.4638
97.6568  24.6108  99.1663  24.7523  3.4339
97.9350  25.1078  99.1663  24.7523  3.2489
100.4690  24.5924  99.1663  24.7523  3.3996
100.7200  24.6420  99.1663  24.7523  3.3778
99.5713  23.7032  99.1663  24.7523  3.4697
100.2940  23.5890  99.1663  24.7523  3.4331
100.7810  24.1990  99.1663  24.7523  3.3209
97.9699  24.7130  99.1663  24.7523  3.4640
99.0268  23.8963  99.1663  24.7523  3.5861
100.8160  25.0395  99.1663  24.7523  3.3423
98.5651  24.1350  99.1663  24.7523  3.6182
100.1990  24.7084  99.1663  24.7523  3.4072
100.3690  24.1603  99.1663  24.7523  3.3723
97.7857  24.1826  99.1663  24.7523  3.5045
97.7857  24.1826  99.6453  24.8769  3.3594
100.7810  24.1990  99.6453  24.8769  3.4668
100.4120  23.9586  99.6453  24.8769  3.3676
97.9699  24.7130  99.6453  24.8769  3.4056
99.0268  23.8963  99.6453  24.8769  3.4212
100.7200  24.6420  99.6453  24.8769  3.3242
99.7242  24.0204  99.6453  24.8769  3.5909
98.3382  24.3368  99.6453  24.8769  3.5213
100.3690  24.1603  99.6453  24.8769  3.4297
100.8160  25.0395  99.6453  24.8769  3.4068
100.2940  23.5890  99.6453  24.8769  3.4343
99.5529  24.2045  99.6453  24.8769  3.6221
98.8783  23.5554  99.6453  24.8769  3.3822
97.9350  25.1078  99.6453  24.8769  3.2651
100.8080  24.4547  99.6453  24.8769  3.3383
98.2175  24.6619  99.6453  24.8769  3.3792
99.5713  23.7032  99.6453  24.8769  3.4162
100.1990  24.7084  99.6453  24.8769  3.6174
98.0252  24.4972  99.6453  24.8769  3.4028
97.6568  24.6108  99.6453  24.8769  3.4646
97.7332  24.3999  99.6453  24.8769  3.4296
97.6622  23.9027  99.6453  24.8769  3.3902
98.5651  24.1350  99.6453  24.8769  3.3666
99.5529  24.2045  97.9350  25.1078  3.2901
98.8783  23.5554  97.9350  25.1078  3.4936
100.2940  23.5890  97.9350  25.1078  3.3918
100.4690  24.5924  97.9350  25.1078  3.3369
98.5651  24.1350  97.9350  25.1078  3.6131
100.7810  24.1990  97.9350  25.1078  3.3476
97.7857  24.1826  97.9350  25.1078  3.4600
99.8799  24.7112  97.9350  25.1078  3.3219
98.3382  24.3368  97.9350  25.1078  3.6397
99.0268  23.8963  97.9350  25.1078  3.3192
100.7200  24.6420  97.9350  25.1078  3.3346
100.8160  25.0395  97.9350  25.1078  3.3430
97.6622  23.9027  97.9350  25.1078  3.3967
99.7242  24.0204  97.9350  25.1078  3.3580
100.0910  24.8650  97.9350  25.1078  3.2350
99.9445  24.3191  97.9350  25.1078  3.3054
100.8080  24.4547  97.9350  25.1078  3.3360
100.3690  24.1603  97.9350  25.1078  3.3723
100.4120  23.9586  97.9350  25.1078  3.3718
100.1990  24.7084  97.9350  25.1078  3.3091
100.8160  25.0395  99.0268  23.8963  3.4065
100.7810  24.1990  99.0268  23.8963  3.3903
100.7200  24.6420  99.0268  23.8963  3.4625
100.4120  23.9586  99.0268  23.8963  3.3446
99.5713  23.7032  99.0268  23.8963  3.6178
100.8080  24.4547  99.0268  23.8963  3.4931
100.2940  23.5890  99.0268  23.8963  3.3763
99.5529  24.2045  98.8350  24.6942  3.3164
97.7332  24.3999  98.8350  24.6942  3.6229
97.9699  24.7130  98.8350  24.6942  3.5306
97.9350  25.1078  98.8350  24.6942  3.3554
97.7857  24.1826  98.8350  24.6942  3.5449
99.6453  24.8769  98.8350  24.6942  3.4926
98.8783  23.5554  98.8350  24.6942  3.4573
98.0252  24.4972  98.8350  24.6942  3.5859
100.4120  23.9586  98.8350  24.6942  3.3135
97.6568  24.6108  98.8350  24.6942  3.4671
100.3690  24.1603  98.8350  24.6942  3.3933
99.9445  24.3191  98.8350  24.6942  3.3016
100.7810  24.1990  98.8350  24.6942  3.3122
100.1990  24.7084  98.8350  24.6942  3.3350
99.8799  24.7112  98.8350  24.6942  3.3634
97.6622  23.9027  98.8350  24.6942  3.4192
100.7200  24.6420  98.8350  24.6942  3.3743
99.7242  24.0204  98.8350  24.6942  3.4211
100.8080  24.4547  98.8350  24.6942  3.3475
100.8160  25.0395  98.8350  24.6942  3.3584
100.2940  23.5890  98.8350  24.6942  3.4287
99.0268  23.8963  98.8350  24.6942  3.5973
99.6235  24.5257  98.8350  24.6942  3.4091
100.0910  24.8650  98.8350  24.6942  3.4477
99.8346  24.9958  98.8350  24.6942  3.4603
99.5713  23.7032  98.8350  24.6942  3.6139
100.4690  24.5924  98.8350  24.6942  3.3952
99.3404  24.5305  98.8350  24.6942  3.5022
99.0268  23.8963  100.1000  25.9100  3.3635
99.0325  24.5549  100.1000  25.9100  3.3228
98.8350  24.6942  100.1000  25.9100  3.3153
100.3690  24.1603  100.1000  25.9100  3.3730
98.8431  25.1964  100.1000  25.9100  3.2792
100.8080  24.4547  100.1000  25.9100  3.3544
97.6568  24.6108  100.1000  25.9100  3.2816
100.1990  24.7084  100.1000  25.9100  3.3462
99.5529  24.2045  100.1000  25.9100  3.3237
100.4690  24.5924  100.1000  25.9100  3.3620
99.7242  24.0204  100.1000  25.9100  3.3478
97.7332  24.3999  100.1000  25.9100  3.3325
100.7810  24.1990  100.1000  25.9100  3.3783
98.8783  23.5554  100.1000  25.9100  3.3729
100.7200  24.6420  100.1000  25.9100  3.3857
98.3349  25.2175  100.1000  25.9100  3.2526
98.2175  24.6619  100.1000  25.9100  3.3390
98.4849  24.7484  100.1000  25.9100  3.2965
98.8634  25.4505  100.1000  25.9100  3.3830
98.6668  24.9037  100.1000  25.9100  3.2819
97.9350  25.1078  100.1000  25.9100  3.2660
99.5713  23.7032  100.1000  25.9100  3.3570
97.6622  23.9027  100.1000  25.9100  3.3936
97.7857  24.1826  100.1000  25.9100  3.3795
99.6453  24.8769  100.1000  25.9100  3.2678
100.4120  23.9586  100.1000  25.9100  3.3748
99.8799  24.7112  100.1000  25.9100  3.2973
99.8346  24.9958  100.1000  25.9100  3.2894
97.9699  24.7130  100.1000  25.9100  3.2954
99.4801  25.0480  100.1000  25.9100  3.3044
100.8160  25.0395  100.1000  25.9100  3.2606
99.1663  24.7523  100.1000  25.9100  3.2934
98.0252  24.4972  100.1000  25.9100  3.3518
98.5651  24.1350  100.1000  25.9100  3.3356
98.3382  24.3368  100.1000  25.9100  3.3432
99.3404  24.5305  100.1000  25.9100  3.2909
100.2940  23.5890  100.1000  25.9100  3.3934
99.2375  25.4847  100.1000  25.9100  3.4165
99.0384  24.3221  100.1000  25.9100  3.3421
98.5433  25.5117  100.1000  25.9100  3.2547
99.9445  24.3191  100.1000  25.9100  3.3328
100.0910  24.8650  100.1000  25.9100  3.3670
99.6235  24.5257  100.1000  25.9100  3.2927
100.3690  24.1603  98.0252  24.4972  3.3798
99.5529  24.2045  98.0252  24.4972  3.3577
100.1990  24.7084  98.0252  24.4972  3.4448
100.0910  24.8650  98.0252  24.4972  3.4638
100.7810  24.1990  98.0252  24.4972  3.3923
100.8080  24.4547  98.0252  24.4972  3.4005
99.8799  24.7112  98.0252  24.4972  3.4749
100.8160  25.0395  98.0252  24.4972  3.3898
99.0268  23.8963  98.0252  24.4972  3.4804
100.2940  23.5890  98.0252  24.4972  3.3973
100.4690  24.5924  98.0252  24.4972  3.4458
100.4120  23.9586  98.0252  24.4972  3.3932
99.5713  23.7032  98.0252  24.4972  3.3645
99.7242  24.0204  98.0252  24.4972  3.3676
99.9445  24.3191  98.0252  24.4972  3.3400
100.7200  24.6420  98.0252  24.4972  3.4148
99.6235  24.5257  100.8960  25.5945  3.3504
99.1663  24.7523  100.8960  25.5945  3.3528
99.9445  24.3191  100.8960  25.5945  3.3186
100.2940  23.5890  100.8960  25.5945  3.3573
99.3404  24.5305  100.8960  25.5945  3.2975
99.0384  24.3221  100.8960  25.5945  3.3273
98.8634  25.4505  100.8960  25.5945  3.2979
98.2175  24.6619  100.8960  25.5945  3.3659
100.8080  24.4547  100.8960  25.5945  3.3722
99.6453  24.8769  100.8960  25.5945  3.3186
100.7200  24.6420  100.8960  25.5945  3.3392
99.2375  25.4847  100.8960  25.5945  3.3133
98.8350  24.6942  100.8960  25.5945  3.3396
98.3382  24.3368  100.8960  25.5945  3.3109
98.6668  24.9037  100.8960  25.5945  3.3100
100.7810  24.1990  100.8960  25.5945  3.3598
97.9350  25.1078  100.8960  25.5945  3.2810
100.1000  25.9100  100.8960  25.5945  3.3434
98.5651  24.1350  100.8960  25.5945  3.3797
97.6568  24.6108  100.8960  25.5945  3.3542
97.6622  23.9027  100.8960  25.5945  3.3764
98.0252  24.4972  100.8960  25.5945  3.3552
99.0268  23.8963  100.8960  25.5945  3.3549
97.7332  24.3999  100.8960  25.5945  3.3667
99.8346  24.9958  100.8960  25.5945  3.3329
99.5713  23.7032  100.8960  25.5945  3.3752
99.0325  24.5549  100.8960  25.5945  3.3629
99.4801  25.0480  100.8960  25.5945  3.3375
100.8160  25.0395  100.8960  25.5945  3.6297
98.8783  23.5554  100.8960  25.5945  3.3720
99.7242  24.0204  100.8960  25.5945  3.3474
99.8799  24.7112  100.8960  25.5945  3.3813
98.4849  24.7484  100.8960  25.5945  3.3266
99.5529  24.2045  100.8960  25.5945  3.3619
98.3349  25.2175  100.8960  25.5945  3.2899
100.4690  24.5924  100.8960  25.5945  3.2906
100.1990  24.7084  100.8960  25.5945  3.2998
100.3690  24.1603  100.8960  25.5945  3.3512
100.4120  23.9586  100.8960  25.5945  3.3410
98.5433  25.5117  100.8960  25.5945  3.3164
100.0910  24.8650  100.8960  25.5945  3.3910
97.9699  24.7130  100.8960  25.5945  3.3559
98.8431  25.1964  100.8960  25.5945  3.3352
97.7857  24.1826  100.8960  25.5945  3.3714
99.0268  23.8963  99.9445  24.3191  3.5955
100.4120  23.9586  99.9445  24.3191  3.5776
100.8080  24.4547  99.9445  24.3191  3.6072
98.8783  23.5554  99.9445  24.3191  3.4727
100.7810  24.1990  99.9445  24.3191  3.3116
100.8160  25.0395  99.9445  24.3191  3.4441
100.3690  24.1603  99.9445  24.3191  3.5934
100.7200  24.6420  99.7771  25.3419  3.3922
97.9699  24.7130  99.7771  25.3419  3.2867
97.6622  23.9027  99.7771  25.3419  3.4414
98.4849  24.7484  99.7771  25.3419  3.3679
100.4990  25.5666  99.7771  25.3419  3.4918
98.8634  25.4505  99.7771  25.3419  3.2868
98.8350  24.6942  99.7771  25.3419  3.3632
98.0252  24.4972  99.7771  25.3419  3.3321
98.5433  25.5117  99.7771  25.3419  3.3004
99.1663  24.7523  99.7771  25.3419  3.5074
99.0384  24.3221  99.7771  25.3419  3.3604
100.3690  24.1603  99.7771  25.3419  3.5150
100.5960  26.2944  99.7771  25.3419  3.2832
100.8990  25.3230  99.7771  25.3419  3.2779
97.7332  24.3999  99.7771  25.3419  3.3204
97.6568  24.6108  99.7771  25.3419  3.3362
99.0325  24.5549  99.7771  25.3419  3.3763
100.7810  24.1990  99.7771  25.3419  3.3756
99.3404  24.5305  99.7771  25.3419  3.4064
100.4900  25.3500  99.7771  25.3419  3.3971
98.5651  24.1350  99.7771  25.3419  3.3980
98.3349  25.2175  99.7771  25.3419  3.3163
100.2940  23.5890  99.7771  25.3419  3.4148
98.3382  24.3368  99.7771  25.3419  3.3584
99.6235  24.5257  99.7771  25.3419  3.4543
100.4690  24.5924  99.7771  25.3419  3.3721
99.5529  24.2045  99.7771  25.3419  3.3609
98.8431  25.1964  99.7771  25.3419  3.4267
100.3200  25.2400  99.7771  25.3419  3.5786
99.7242  24.0204  99.7771  25.3419  3.4046
97.9350  25.1078  99.7771  25.3419  3.3385
99.0268  23.8963  99.7771  25.3419  3.3661
98.8783  23.5554  99.7771  25.3419  3.3874
100.4120  23.9586  99.7771  25.3419  3.4749
98.6668  24.9037  99.7771  25.3419  3.4212
99.9445  24.3191  99.7771  25.3419  3.4847
97.7857  24.1826  99.7771  25.3419  3.3850
99.5713  23.7032  99.7771  25.3419  3.4108
98.2175  24.6619  99.7771  25.3419  3.3758
100.8080  24.4547  99.7771  25.3419  3.3889
100.5230  25.0541  99.7771  25.3419  3.3975
100.8960  25.5945  99.7771  25.3419  3.4109
100.8160  25.0395  99.7771  25.3419  3.3070
99.2375  25.4847  99.7771  25.3419  3.4838
100.1000  25.9100  99.7771  25.3419  3.4411
99.5529  24.2045  100.5960  26.2944  3.3294
97.7857  24.1826  100.5960  26.2944  3.3421
100.0910  24.8650  100.5960  26.2944  3.2128
98.3349  25.2175  100.5960  26.2944  3.2255
99.4801  25.0480  100.5960  26.2944  3.3154
99.5713  23.7032  100.5960  26.2944  3.3458
100.8080  24.4547  100.5960  26.2944  3.3498
98.8431  25.1964  100.5960  26.2944  3.2759
99.2375  25.4847  100.5960  26.2944  3.2401
99.6235  24.5257  100.5960  26.2944  3.3085
100.8160  25.0395  100.5960  26.2944  3.3444
99.8799  24.7112  100.5960  26.2944  3.2875
100.3690  24.1603  100.5960  26.2944  3.3859
99.6453  24.8769  100.5960  26.2944  3.3001
98.5651  24.1350  100.5960  26.2944  3.3263
99.7242  24.0204  100.5960  26.2944  3.3300
97.9699  24.7130  100.5960  26.2944  3.2662
99.8346  24.9958  100.5960  26.2944  3.2657
98.6668  24.9037  100.5960  26.2944  3.2860
100.7810  24.1990  100.5960  26.2944  3.3613
98.3382  24.3368  100.5960  26.2944  3.3320
100.2940  23.5890  100.5960  26.2944  3.3685
100.1990  24.7084  100.5960  26.2944  3.3105
97.7332  24.3999  100.5960  26.2944  3.3114
99.1663  24.7523  100.5960  26.2944  3.3050
99.0384  24.3221  100.5960  26.2944  3.3314
98.8350  24.6942  100.5960  26.2944  3.2828
97.6568  24.6108  100.5960  26.2944  3.2864
100.7200  24.6420  100.5960  26.2944  3.3263
99.9445  24.3191  100.5960  26.2944  3.3155
97.6622  23.9027  100.5960  26.2944  3.3564
99.3404  24.5305  100.5960  26.2944  3.3203
100.4120  23.9586  100.5960  26.2944  3.3588
98.8783  23.5554  100.5960  26.2944  3.3826
98.8634  25.4505  100.5960  26.2944  3.3055
98.4849  24.7484  100.5960  26.2944  3.3160
100.4690  24.5924  100.5960  26.2944  3.3220
97.9350  25.1078  100.5960  26.2944  3.2491
98.5433  25.5117  100.5960  26.2944  3.2184
98.0252  24.4972  100.5960  26.2944  3.3472
99.0325  24.5549  100.5960  26.2944  3.3163
99.0268  23.8963  100.5960  26.2944  3.3660
98.2175  24.6619  100.5960  26.2944  3.3245
99.3404  24.5305  100.2160  25.0148  3.4677
98.6668  24.9037  100.2160  25.0148  3.3728
99.1663  24.7523  100.2160  25.0148  3.4896
97.9350  25.1078  100.2160  25.0148  3.3292
100.7200  24.6420  100.2160  25.0148  3.3293
99.0325  24.5549  100.2160  25.0148  3.4067
99.6235  24.5257  100.2160  25.0148  3.6172
98.8350  24.6942  100.2160  25.0148  3.4097
97.9699  24.7130  100.2160  25.0148  3.3912
98.8431  25.1964  100.2160  25.0148  3.3250
99.0268  23.8963  100.2160  25.0148  3.4312
98.8634  25.4505  100.2160  25.0148  3.2370
99.9445  24.3191  100.2160  25.0148  3.5198
98.4849  24.7484  100.2160  25.0148  3.3919
98.5651  24.1350  100.2160  25.0148  3.4073
97.6622  23.9027  100.2160  25.0148  3.4044
99.5713  23.7032  100.2160  25.0148  3.3691
99.2375  25.4847  100.2160  25.0148  3.4139
100.4120  23.9586  100.2160  25.0148  3.5477
97.7332  24.3999  100.2160  25.0148  3.4356
98.2175  24.6619  100.2160  25.0148  3.4441
99.5529  24.2045  100.2160  25.0148  3.4039
99.4801  25.0480  100.2160  25.0148  3.4527
98.0252  24.4972  100.2160  25.0148  3.4518
100.8960  25.5945  100.2160  25.0148  3.4414
100.7810  24.1990  100.2160  25.0148  3.4093
100.4990  25.5666  100.2160  25.0148  3.4803
97.7857  24.1826  100.2160  25.0148  3.4139
98.8783  23.5554  100.2160  25.0148  3.4287
99.0384  24.3221  100.2160  25.0148  3.3363
100.8160  25.0395  100.2160  25.0148  3.5835
98.3382  24.3368  100.2160  25.0148  3.3185
97.6568  24.6108  100.2160  25.0148  3.3967
100.1000  25.9100  100.2160  25.0148  3.4195
98.5433  25.5117  100.2160  25.0148  3.2633
99.7242  24.0204  100.2160  25.0148  3.3730
100.2940  23.5890  100.2160  25.0148  3.4138
100.5960  26.2944  100.2160  25.0148  3.2791
100.8080  24.4547  100.2160  25.0148  3.3311
98.3349  25.2175  100.2160  25.0148  3.3006
100.2940  23.5890  100.8080  24.4547  3.3640
99.5713  23.7032  100.1990  24.7084  3.4152
100.7810  24.1990  100.1990  24.7084  3.4276
99.7242  24.0204  100.1990  24.7084  3.5095
100.2940  23.5890  100.1990  24.7084  3.4838
99.0268  23.8963  100.1990  24.7084  3.3908
100.8080  24.4547  100.1990  24.7084  3.6412
98.8783  23.5554  100.1990  24.7084  3.4366
100.8080  24.4547  98.3382  24.3368  3.4521
99.7242  24.0204  98.3382  24.3368  3.3460
99.0268  23.8963  98.3382  24.3368  3.5934
99.5713  23.7032  98.3382  24.3368  3.4629
99.5529  24.2045  98.3382  24.3368  3.4826
100.2940  23.5890  98.3382  24.3368  3.4089
100.1990  24.7084  98.3382  24.3368  3.4243
99.8799  24.7112  98.3382  24.3368  3.4660
99.9445  24.3191  98.3382  24.3368  3.4363
100.7200  24.6420  98.3382  24.3368  3.4621
100.4120  23.9586  98.3382  24.3368  3.3720
100.0910  24.8650  98.3382  24.3368  3.5083
100.8160  25.0395  98.3382  24.3368  3.3790
100.7810  24.1990  98.3382  24.3368  3.3965
100.3690  24.1603  100.1700  26.3600  3.3944
99.4137  25.2954  100.1700  26.3600  3.2761
99.0325  24.5549  100.1700  26.3600  3.3053
100.8560  25.9242  100.1700  26.3600  3.3081
97.9699  24.7130  100.1700  26.3600  3.3142
98.8431  25.1964  100.1700  26.3600  3.2759
99.9868  25.4893  100.1700  26.3600  3.3372
100.4120  23.9586  100.1700  26.3600  3.3765
97.7332  24.3999  100.1700  26.3600  3.3402
99.9445  24.3191  100.1700  26.3600  3.3423
100.2160  25.0148  100.1700  26.3600  3.2826
100.8990  25.3230  100.1700  26.3600  3.2094
99.6235  24.5257  100.1700  26.3600  3.3043
100.8960  25.5945  100.1700  26.3600  3.2335
100.4690  24.5924  100.1700  26.3600  3.3337
99.8346  24.9958  100.1700  26.3600  3.2821
98.0252  24.4972  100.1700  26.3600  3.3288
98.5433  25.5117  100.1700  26.3600  3.2885
99.4801  25.0480  100.1700  26.3600  3.2722
98.8350  24.6942  100.1700  26.3600  3.3204
98.5651  24.1350  100.1700  26.3600  3.3672
99.7242  24.0204  100.1700  26.3600  3.3454
100.2940  23.5890  100.1700  26.3600  3.3715
100.7200  24.6420  100.1700  26.3600  3.3313
100.4990  25.5666  100.1700  26.3600  3.5496
99.2375  25.4847  100.1700  26.3600  3.3228
99.6453  24.8769  100.1700  26.3600  3.2912
100.0910  24.8650  100.1700  26.3600  3.2441
98.4849  24.7484  100.1700  26.3600  3.2912
98.6668  24.9037  100.1700  26.3600  3.3028
99.8799  24.7112  100.1700  26.3600  3.3132
99.5529  24.2045  100.1700  26.3600  3.3085
99.1663  24.7523  100.1700  26.3600  3.2952
97.6568  24.6108  100.1700  26.3600  3.2868
100.8080  24.4547  100.1700  26.3600  3.3251
99.7280  25.5410  100.1700  26.3600  3.3250
99.4300  26.2040  100.1700  26.3600  3.3079
97.6622  23.9027  100.1700  26.3600  3.3804
97.9350  25.1078  100.1700  26.3600  3.2266
97.7857  24.1826  100.1700  26.3600  3.3422
100.5960  26.2944  100.1700  26.3600  3.4710
100.4900  25.3500  100.1700  26.3600  3.4087
98.3382  24.3368  100.1700  26.3600  3.3198
100.1990  24.7084  100.1700  26.3600  3.3119
100.5230  25.0541  100.1700  26.3600  3.3245
99.0268  23.8963  100.1700  26.3600  3.3392
99.5713  23.7032  100.1700  26.3600  3.3649
99.3404  24.5305  100.1700  26.3600  3.3300
100.7810  24.1990  100.1700  26.3600  3.3323
98.3349  25.2175  100.1700  26.3600  3.2893
99.8316  25.8146  100.1700  26.3600  3.4964
98.8783  23.5554  100.1700  26.3600  3.3649
99.7771  25.3419  100.1700  26.3600  3.2750
100.3200  25.2400  100.1700  26.3600  3.3371
98.8634  25.4505  100.1700  26.3600  3.2520
98.2175  24.6619  100.1700  26.3600  3.3058
99.0384  24.3221  100.1700  26.3600  3.3444
99.4024  25.6322  100.1700  26.3600  3.3306
97.6568  24.6108  98.3349  25.2175  3.5308
100.8160  25.0395  98.3349  25.2175  3.3118
100.4690  24.5924  98.3349  25.2175  3.3083
99.8346  24.9958  98.3349  25.2175  3.2956
100.7200  24.6420  98.3349  25.2175  3.3182
99.9445  24.3191  98.3349  25.2175  3.3148
99.8799  24.7112  98.3349  25.2175  3.3000
100.7810  24.1990  98.3349  25.2175  3.3489
99.5713  23.7032  98.3349  25.2175  3.3846
98.5651  24.1350  98.3349  25.2175  3.3951
99.1663  24.7523  98.3349  25.2175  3.2893
99.4801  25.0480  98.3349  25.2175  3.2998
100.3690  24.1603  98.3349  25.2175  3.3581
99.6235  24.5257  98.3349  25.2175  3.3549
100.1990  24.7084  98.3349  25.2175  3.2720
97.7857  24.1826  98.3349  25.2175  3.4174
100.8080  24.4547  98.3349  25.2175  3.3246
97.6622  23.9027  98.3349  25.2175  3.4029
98.0252  24.4972  98.3349  25.2175  3.5206
99.0384  24.3221  98.3349  25.2175  3.5943
98.3382  24.3368  98.3349  25.2175  3.4272
99.0325  24.5549  98.3349  25.2175  3.5916
99.5529  24.2045  98.3349  25.2175  3.3920
98.2175  24.6619  98.3349  25.2175  3.6007
99.6453  24.8769  98.3349  25.2175  3.2323
97.7332  24.3999  98.3349  25.2175  3.4760
99.2375  25.4847  98.3349  25.2175  3.4380
98.8783  23.5554  98.3349  25.2175  3.3856
98.8431  25.1964  98.3349  25.2175  3.4880
99.3404  24.5305  98.3349  25.2175  3.3610
100.4120  23.9586  98.3349  25.2175  3.3523
99.7242  24.0204  98.3349  25.2175  3.4720
99.0268  23.8963  98.3349  25.2175  3.4259
100.7200  24.6420  98.2175  24.6619  3.3820
100.8160  25.0395  98.2175  24.6619  3.3560
99.9445  24.3191  98.2175  24.6619  3.3152
100.4690  24.5924  98.2175  24.6619  3.3746
99.5713  23.7032  98.2175  24.6619  3.4876
100.0910  24.8650  98.2175  24.6619  3.4653
99.7242  24.0204  98.2175  24.6619  3.3404
99.8799  24.7112  98.2175  24.6619  3.4213
100.8080  24.4547  98.2175  24.6619  3.3839
99.5529  24.2045  98.2175  24.6619  3.3048
98.8783  23.5554  98.2175  24.6619  3.5479
97.6622  23.9027  98.2175  24.6619  3.5402
100.2940  23.5890  98.2175  24.6619  3.3978
100.3690  24.1603  98.2175  24.6619  3.3472
100.4120  23.9586  98.2175  24.6619  3.3815
100.1990  24.7084  98.2175  24.6619  3.3579
99.0268  23.8963  98.2175  24.6619  3.4947
100.7810  24.1990  98.2175  24.6619  3.3569
98.8350  24.6942  100.4900  25.3500  3.3887
98.4849  24.7484  100.4900  25.3500  3.3025
98.3349  25.2175  100.4900  25.3500  3.2879
98.8431  25.1964  100.4900  25.3500  3.3373
98.3382  24.3368  100.4900  25.3500  3.3542
99.9868  25.4893  100.4900  25.3500  3.4905
100.4690  24.5924  100.4900  25.3500  3.5292
99.5713  23.7032  100.4900  25.3500  3.3643
99.6453  24.8769  100.4900  25.3500  3.4413
97.9699  24.7130  100.4900  25.3500  3.3650
99.2375  25.4847  100.4900  25.3500  3.3243
100.3690  24.1603  100.4900  25.3500  3.4531
99.6235  24.5257  100.4900  25.3500  3.3701
97.9350  25.1078  100.4900  25.3500  3.2869
98.5651  24.1350  100.4900  25.3500  3.3950
99.8346  24.9958  100.4900  25.3500  3.6115
97.6622  23.9027  100.4900  25.3500  3.3709
99.4801  25.0480  100.4900  25.3500  3.3861
97.6568  24.6108  100.4900  25.3500  3.3569
99.9445  24.3191  100.4900  25.3500  3.2902
100.1990  24.7084  100.4900  25.3500  3.4888
99.8799  24.7112  100.4900  25.3500  3.4036
97.7332  24.3999  100.4900  25.3500  3.3895
99.0268  23.8963  100.4900  25.3500  3.3695
98.2175  24.6619  100.4900  25.3500  3.3384
98.5433  25.5117  100.4900  25.3500  3.2854
100.2940  23.5890  100.4900  25.3500  3.4061
98.8783  23.5554  100.4900  25.3500  3.4056
100.8080  24.4547  100.4900  25.3500  3.6457
98.6668  24.9037  100.4900  25.3500  3.2868
99.5529  24.2045  100.4900  25.3500  3.3456
99.0384  24.3221  100.4900  25.3500  3.3290
100.7810  24.1990  100.4900  25.3500  3.5005
98.0252  24.4972  100.4900  25.3500  3.3662
99.1663  24.7523  100.4900  25.3500  3.3223
100.4120  23.9586  100.4900  25.3500  3.3971
99.0325  24.5549  100.4900  25.3500  3.3129
98.8634  25.4505  100.4900  25.3500  3.2677
100.0910  24.8650  100.4900  25.3500  3.6232
99.3404  24.5305  100.4900  25.3500  3.3553
97.7857  24.1826  100.4900  25.3500  3.3823
100.5960  26.2944  100.4900  25.3500  3.3270
100.1000  25.9100  100.4900  25.3500  3.6272
99.7242  24.0204  100.4900  25.3500  3.3270
100.4120  23.9586  100.7200  24.6420  3.5216
100.2940  23.5890  100.7200  24.6420  3.3756
100.7200  24.6420  99.0384  24.3221  3.4070
100.1990  24.7084  99.0384  24.3221  3.5026
99.8799  24.7112  99.0384  24.3221  3.5705
100.8160  25.0395  99.0384  24.3221  3.4253
98.0252  24.4972  99.0384  24.3221  3.5146
100.3690  24.1603  99.0384  24.3221  3.4008
100.4120  23.9586  99.0384  24.3221  3.3447
97.7332  24.3999  99.0384  24.3221  3.5286
99.8346  24.9958  99.0384  24.3221  3.4364
97.7857  24.1826  99.0384  24.3221  3.5174
99.7242  24.0204  99.0384  24.3221  3.5747
99.4801  25.0480  99.0384  24.3221  3.5219
98.2175  24.6619  99.0384  24.3221  3.5038
97.9350  25.1078  99.0384  24.3221  3.3765
100.8080  24.4547  99.0384  24.3221  3.4057
97.6568  24.6108  99.0384  24.3221  3.3042
97.6622  23.9027  99.0384  24.3221  3.5786
100.2940  23.5890  99.0384  24.3221  3.4209
97.9699  24.7130  99.0384  24.3221  3.4266
100.7810  24.1990  99.0384  24.3221  3.3536
100.4690  24.5924  99.0384  24.3221  3.5343
99.9445  24.3191  99.0384  24.3221  3.4586
100.0910  24.8650  99.0384  24.3221  3.3692
98.8783  23.5554  99.0384  24.3221  3.5812
99.3404  24.5305  98.8863  26.3578  3.3327
99.4801  25.0480  98.8863  26.3578  3.3829
99.4300  26.2040  98.8863  26.3578  3.4328
98.2175  24.6619  98.8863  26.3578  3.3316
97.7857  24.1826  98.8863  26.3578  3.3754
98.8431  25.1964  98.8863  26.3578  3.2950
99.4024  25.6322  98.8863  26.3578  3.5189
99.6453  24.8769  98.8863  26.3578  3.3863
100.5960  26.2944  98.8863  26.3578  3.2088
99.2375  25.4847  98.8863  26.3578  3.5918
100.5200  25.8500  98.8863  26.3578  3.2332
100.4990  25.5666  98.8863  26.3578  3.2106
100.8560  25.9242  98.8863  26.3578  3.2000
99.1663  24.7523  98.8863  26.3578  3.3383
99.7242  24.0204  98.8863  26.3578  3.3790
99.5713  23.7032  98.8863  26.3578  3.3933
100.3690  24.1603  98.8863  26.3578  3.4017
99.0384  24.3221  98.8863  26.3578  3.4031
98.3382  24.3368  98.8863  26.3578  3.3354
99.9868  25.4893  98.8863  26.3578  3.3017
98.6668  24.9037  98.8863  26.3578  3.3221
98.8783  23.5554  98.8863  26.3578  3.4051
100.8990  25.3230  98.8863  26.3578  3.2506
100.7200  24.6420  98.8863  26.3578  3.3282
99.5529  24.2045  98.8863  26.3578  3.3632
99.9445  24.3191  98.8863  26.3578  3.3150
100.4690  24.5924  98.8863  26.3578  3.3709
98.8634  25.4505  98.8863  26.3578  3.4206
98.0252  24.4972  98.8863  26.3578  3.3459
100.2520  26.1294  98.8863  26.3578  3.2338
100.4900  25.3500  98.8863  26.3578  3.2300
98.8350  24.6942  98.8863  26.3578  3.3454
100.1000  25.9100  98.8863  26.3578  3.2005
98.5433  25.5117  98.8863  26.3578  3.4778
99.0268  23.8963  98.8863  26.3578  3.3952
100.2940  23.5890  98.8863  26.3578  3.3644
100.8160  25.0395  98.8863  26.3578  3.2757
100.8960  25.5945  98.8863  26.3578  3.1791
98.3349  25.2175  98.8863  26.3578  3.3420
99.4137  25.2954  98.8863  26.3578  3.4719
99.7771  25.3419  98.8863  26.3578  3.2603
99.8316  25.8146  98.8863  26.3578  3.2935
98.5651  24.1350  98.8863  26.3578  3.3590
100.4120  23.9586  98.8863  26.3578  3.3864
99.7280  25.5410  98.8863  26.3578  3.2449
100.1990  24.7084  98.8863  26.3578  3.3661
100.2160  25.0148  98.8863  26.3578  3.3407
100.7810  24.1990  98.8863  26.3578  3.3926
97.7332  24.3999  98.8863  26.3578  3.3699
97.9699  24.7130  98.8863  26.3578  3.3314
100.8080  24.4547  98.8863  26.3578  3.3675
100.5230  25.0541  98.8863  26.3578  3.2743
100.1700  26.3600  98.8863  26.3578  3.2326
99.8799  24.7112  98.8863  26.3578  3.3354
97.9350  25.1078  98.8863  26.3578  3.3443
99.0325  24.5549  98.8863  26.3578  3.3654
98.4849  24.7484  98.8863  26.3578  3.3224
99.6235  24.5257  98.8863  26.3578  3.3555
99.8346  24.9958  98.8863  26.3578  3.3382
100.3200  25.2400  98.8863  26.3578  3.2673
97.6568  24.6108  98.8863  26.3578  3.3754
98.6668  24.9037  100.3200  25.2400  3.3561
99.6235  24.5257  100.3200  25.2400  3.4030
100.8080  24.4547  100.3200  25.2400  3.4278
98.5651  24.1350  100.3200  25.2400  3.3841
100.1000  25.9100  100.3200  25.2400  3.5944
98.3382  24.3368  100.3200  25.2400  3.3336
98.5433  25.5117  100.3200  25.2400  3.2569
100.8160  25.0395  100.3200  25.2400  3.3389
99.0268  23.8963  100.3200  25.2400  3.3977
97.7857  24.1826  100.3200  25.2400  3.3808
99.1663  24.7523  100.3200  25.2400  3.3540
98.8783  23.5554  100.3200  25.2400  3.4143
99.9445  24.3191  100.3200  25.2400  3.3622
100.4120  23.9586  100.3200  25.2400  3.4143
100.5960  26.2944  100.3200  25.2400  3.2877
98.3349  25.2175  100.3200  25.2400  3.2881
99.0384  24.3221  100.3200  25.2400  3.3397
97.6622  23.9027  100.3200  25.2400  3.3820
100.7200  24.6420  100.3200  25.2400  3.6294
99.6453  24.8769  100.3200  25.2400  3.6152
97.9350  25.1078  100.3200  25.2400  3.3304
100.8990  25.3230  100.3200  25.2400  3.4634
97.6568  24.6108  100.3200  25.2400  3.3657
99.5529  24.2045  100.3200  25.2400  3.3501
98.8634  25.4505  100.3200  25.2400  3.2748
99.7242  24.0204  100.3200  25.2400  3.3371
98.2175  24.6619  100.3200  25.2400  3.3572
99.0325  24.5549  100.3200  25.2400  3.3009
99.5713  23.7032  100.3200  25.2400  3.3610
98.4849  24.7484  100.3200  25.2400  3.3032
98.8431  25.1964  100.3200  25.2400  3.3221
99.3404  24.5305  100.3200  25.2400  3.3573
98.0252  24.4972  100.3200  25.2400  3.3531
100.2940  23.5890  100.3200  25.2400  3.4252
97.9699  24.7130  100.3200  25.2400  3.3818
99.2375  25.4847  100.3200  25.2400  3.2633
97.7332  24.3999  100.3200  25.2400  3.3758
98.8350  24.6942  100.3200  25.2400  3.4020
100.7810  24.1990  100.3200  25.2400  3.5348
99.4801  25.0480  100.3200  25.2400  3.4741
99.8799  24.7112  100.3200  25.2400  3.5701
100.3690  24.1603  100.3200  25.2400  3.4937
100.7810  24.1990  100.5200  25.8500  3.3739
100.3690  24.1603  100.5200  25.8500  3.4026
98.5651  24.1350  100.5200  25.8500  3.3387
100.1000  25.9100  100.5200  25.8500  3.3794
99.3404  24.5305  100.5200  25.8500  3.3504
99.7242  24.0204  100.5200  25.8500  3.3484
98.8783  23.5554  100.5200  25.8500  3.4156
99.7280  25.5410  100.5200  25.8500  3.4720
99.0325  24.5549  100.5200  25.8500  3.2904
98.0252  24.4972  100.5200  25.8500  3.2672
99.4801  25.0480  100.5200  25.8500  3.3508
100.3200  25.2400  100.5200  25.8500  3.5015
99.1663  24.7523  100.5200  25.8500  3.3004
100.8080  24.4547  100.5200  25.8500  3.3709
99.0384  24.3221  100.5200  25.8500  3.3576
97.6622  23.9027  100.5200  25.8500  3.3508
99.5713  23.7032  100.5200  25.8500  3.3651
99.7771  25.3419  100.5200  25.8500  3.5369
99.9445  24.3191  100.5200  25.8500  3.3167
98.8431  25.1964  100.5200  25.8500  3.3606
99.8799  24.7112  100.5200  25.8500  3.2829
100.5230  25.0541  100.5200  25.8500  3.4925
97.7332  24.3999  100.5200  25.8500  3.3119
100.4120  23.9586  100.5200  25.8500  3.4045
100.1990  24.7084  100.5200  25.8500  3.3130
100.0910  24.8650  100.5200  25.8500  3.3288
100.2940  23.5890  100.5200  25.8500  3.3922
98.8350  24.6942  100.5200  25.8500  3.2946
100.2160  25.0148  100.5200  25.8500  3.3273
97.9350  25.1078  100.5200  25.8500  3.3000
99.2375  25.4847  100.5200  25.8500  3.3901
98.3382  24.3368  100.5200  25.8500  3.3853
100.7200  24.6420  100.5200  25.8500  3.4051
100.4690  24.5924  100.5200  25.8500  3.3594
98.3349  25.2175  100.5200  25.8500  3.2970
99.6453  24.8769  100.5200  25.8500  3.3284
99.4137  25.2954  100.5200  25.8500  3.2920
97.9699  24.7130  100.5200  25.8500  3.3009
98.5433  25.5117  100.5200  25.8500  3.3293
98.8634  25.4505  100.5200  25.8500  3.2551
99.6235  24.5257  100.5200  25.8500  3.3124
98.2175  24.6619  100.5200  25.8500  3.2532
99.0268  23.8963  100.5200  25.8500  3.3868
99.8316  25.8146  100.5200  25.8500  3.3584
97.7857  24.1826  100.5200  25.8500  3.3357
97.6568  24.6108  100.5200  25.8500  3.3185
99.5529  24.2045  100.5200  25.8500  3.3301
100.8160  25.0395  100.5200  25.8500  3.6040
99.8346  24.9958  100.5200  25.8500  3.3050
98.4849  24.7484  100.5200  25.8500  3.3883
100.8990  25.3230  100.5200  25.8500  3.6048
99.5713  23.7032  99.8799  24.7112  3.4279
100.2940  23.5890  99.8799  24.7112  3.4991
99.0268  23.8963  99.8799  24.7112  3.4366
100.7200  24.6420  99.8799  24.7112  3.4240
100.8080  24.4547  99.8799  24.7112  3.3767
100.8160  25.0395  99.8799  24.7112  3.4640
98.8783  23.5554  99.8799  24.7112  3.4525
100.7810  24.1990  99.8799  24.7112  3.5584
100.4120  23.9586  99.8799  24.7112  3.5365
100.3690  24.1603  99.8799  24.7112  3.4194
97.7857  24.1826  100.2520  26.1294  3.3762
99.0384  24.3221  100.2520  26.1294  3.3368
100.8960  25.5945  100.2520  26.1294  3.2426
97.7332  24.3999  100.2520  26.1294  3.3247
99.1663  24.7523  100.2520  26.1294  3.3049
99.0268  23.8963  100.2520  26.1294  3.3630
100.8160  25.0395  100.2520  26.1294  3.4089
99.7242  24.0204  100.2520  26.1294  3.3287
98.2175  24.6619  100.2520  26.1294  3.3312
100.7810  24.1990  100.2520  26.1294  3.3681
98.4849  24.7484  100.2520  26.1294  3.2937
100.5230  25.0541  100.2520  26.1294  3.3950
100.8080  24.4547  100.2520  26.1294  3.3462
97.6622  23.9027  100.2520  26.1294  3.3933
99.7280  25.5410  100.2520  26.1294  3.3916
99.6453  24.8769  100.2520  26.1294  3.2777
99.4137  25.2954  100.2520  26.1294  3.3167
99.3404  24.5305  100.2520  26.1294  3.3101
100.2940  23.5890  100.2520  26.1294  3.3905
100.2160  25.0148  100.2520  26.1294  3.3165
99.9868  25.4893  100.2520  26.1294  3.3892
98.8783  23.5554  100.2520  26.1294  3.3797
98.6668  24.9037  100.2520  26.1294  3.2603
100.4900  25.3500  100.2520  26.1294  3.5346
100.3200  25.2400  100.2520  26.1294  3.4040
98.8350  24.6942  100.2520  26.1294  3.3040
99.5529  24.2045  100.2520  26.1294  3.3255
100.3690  24.1603  100.2520  26.1294  3.4043
97.9699  24.7130  100.2520  26.1294  3.2738
99.4300  26.2040  100.2520  26.1294  3.2497
100.0910  24.8650  100.2520  26.1294  3.2861
99.8799  24.7112  100.2520  26.1294  3.2980
100.1990  24.7084  100.2520  26.1294  3.3290
98.5651  24.1350  100.2520  26.1294  3.3389
100.4120  23.9586  100.2520  26.1294  3.3865
99.9445  24.3191  100.2520  26.1294  3.3301
99.4024  25.6322  100.2520  26.1294  3.3441
98.0252  24.4972  100.2520  26.1294  3.3524
99.2375  25.4847  100.2520  26.1294  3.2862
100.7200  24.6420  100.2520  26.1294  3.3680
99.8346  24.9958  100.2520  26.1294  3.2717
99.0325  24.5549  100.2520  26.1294  3.3283
98.8634  25.4505  100.2520  26.1294  3.2835
99.6235  24.5257  100.2520  26.1294  3.3066
100.4690  24.5924  100.2520  26.1294  3.3232
97.9350  25.1078  100.2520  26.1294  3.2504
99.5713  23.7032  100.2520  26.1294  3.3516
99.7771  25.3419  100.2520  26.1294  3.3107
99.4801  25.0480  100.2520  26.1294  3.2835
98.5433  25.5117  100.2520  26.1294  3.2262
98.3382  24.3368  100.2520  26.1294  3.3358
97.6568  24.6108  100.2520  26.1294  3.2708
100.8560  25.9242  100.2520  26.1294  3.6079
100.8990  25.3230  100.2520  26.1294  3.2252
98.8431  25.1964  100.2520  26.1294  3.2639
98.3349  25.2175  100.2520  26.1294  3.2473
99.4801  25.0480  98.5433  25.5117  3.3761
100.8080  24.4547  98.5433  25.5117  3.3076
99.7242  24.0204  98.5433  25.5117  3.3632
97.7857  24.1826  98.5433  25.5117  3.3691
99.0268  23.8963  98.5433  25.5117  3.3660
99.8346  24.9958  98.5433  25.5117  3.2288
98.8350  24.6942  98.5433  25.5117  3.5586
99.5713  23.7032  98.5433  25.5117  3.3529
99.8799  24.7112  98.5433  25.5117  3.3675
99.0384  24.3221  98.5433  25.5117  3.4297
99.6453  24.8769  98.5433  25.5117  3.4278
97.9699  24.7130  98.5433  25.5117  3.4786
100.7810  24.1990  98.5433  25.5117  3.3359
99.3404  24.5305  98.5433  25.5117  3.4358
100.4690  24.5924  98.5433  25.5117  3.3370
98.4849  24.7484  98.5433  25.5117  3.4940
97.7332  24.3999  98.5433  25.5117  3.3953
98.3382  24.3368  98.5433  25.5117  3.3376
100.8160  25.0395  98.5433  25.5117  3.2662
99.5529  24.2045  98.5433  25.5117  3.3091
99.0325  24.5549  98.5433  25.5117  3.4944
97.6622  23.9027  98.5433  25.5117  3.4095
98.0252  24.4972  98.5433  25.5117  3.3756
99.9445  24.3191  98.5433  25.5117  3.4258
100.1990  24.7084  98.5433  25.5117  3.3102
100.7200  24.6420  98.5433  25.5117  3.2939
100.0910  24.8650  98.5433  25.5117  3.2607
99.6235  24.5257  98.5433  25.5117  3.3447
100.2940  23.5890  98.5433  25.5117  3.4000
100.3690  24.1603  98.5433  25.5117  3.3928
99.1663  24.7523  98.5433  25.5117  3.6453
98.8783  23.5554  98.5433  25.5117  3.3690
98.5651  24.1350  98.5433  25.5117  3.3254
98.2175  24.6619  98.5433  25.5117  3.3912
99.2375  25.4847  98.5433  25.5117  3.5436
99.7242  24.0204  99.0325  24.5549  3.4868
100.8160  25.0395  99.0325  24.5549  3.3174
100.0910  24.8650  99.0325  24.5549  3.4798
98.0252  24.4972  99.0325  24.5549  3.4613
100.3690  24.1603  99.0325  24.5549  3.3110
99.8799  24.7112  99.0325  24.5549  3.4983
100.1990  24.7084  99.0325  24.5549  3.4469
99.5713  23.7032  99.0325  24.5549  3.6408
100.2940  23.5890  99.0325  24.5549  3.4856
97.7332  24.3999  99.0325  24.5549  3.4458
97.6622  23.9027  99.0325  24.5549  3.5385
98.8783  23.5554  99.0325  24.5549  3.4570
97.9350  25.1078  99.0325  24.5549  3.4066
97.6568  24.6108  99.0325  24.5549  3.4810
99.5529  24.2045  99.0325  24.5549  3.6401
99.9445  24.3191  99.0325  24.5549  3.3968
97.9699  24.7130  99.0325  24.5549  3.4494
98.2175  24.6619  99.0325  24.5549  3.5502
100.4120  23.9586  99.0325  24.5549  3.3191
100.8080  24.4547  99.0325  24.5549  3.3928
100.7200  24.6420  99.0325  24.5549  3.3698
100.7810  24.1990  99.0325  24.5549  3.2974
100.4690  24.5924  99.0325  24.5549  3.3632
97.7857  24.1826  99.0325  24.5549  3.5566
99.8346  24.9958  99.0325  24.5549  3.5639
99.9445  24.3191  99.1301  26.2006  3.3629
99.8316  25.8146  99.1301  26.2006  3.3873
100.4900  25.3500  99.1301  26.2006  3.2458
100.8560  25.9242  99.1301  26.2006  3.1902
100.7200  24.6420  99.1301  26.2006  3.3352
97.6568  24.6108  99.1301  26.2006  3.3330
100.4990  25.5666  99.1301  26.2006  3.2096
99.6235  24.5257  99.1301  26.2006  3.2848
98.8783  23.5554  99.1301  26.2006  3.4341
99.4801  25.0480  99.1301  26.2006  3.3685
97.6622  23.9027  99.1301  26.2006  3.3611
100.7810  24.1990  99.1301  26.2006  3.3704
100.5960  26.2944  99.1301  26.2006  3.2322
99.7280  25.5410  99.1301  26.2006  3.3862
98.4849  24.7484  99.1301  26.2006  3.3191
99.1663  24.7523  99.1301  26.2006  3.3456
97.9699  24.7130  99.1301  26.2006  3.3299
100.3200  25.2400  99.1301  26.2006  3.3279
100.1990  24.7084  99.1301  26.2006  3.3386
98.8634  25.4505  99.1301  26.2006  3.4975
98.6668  24.9037  99.1301  26.2006  3.3603
99.8346  24.9958  99.1301  26.2006  3.3764
98.3349  25.2175  99.1301  26.2006  3.3272
100.5200  25.8500  99.1301  26.2006  3.2016
100.2160  25.0148  99.1301  26.2006  3.2931
99.2375  25.4847  99.1301  26.2006  3.5897
99.6453  24.8769  99.1301  26.2006  3.3687
100.8960  25.5945  99.1301  26.2006  3.1883
98.2175  24.6619  99.1301  26.2006  3.3468
98.0252  24.4972  99.1301  26.2006  3.3472
99.0325  24.5549  99.1301  26.2006  3.3240
97.7332  24.3999  99.1301  26.2006  3.3348
99.5529  24.2045  99.1301  26.2006  3.3464
100.8160  25.0395  99.1301  26.2006  3.2673
99.7242  24.0204  99.1301  26.2006  3.3892
98.5651  24.1350  99.1301  26.2006  3.3467
99.7771  25.3419  99.1301  26.2006  3.3705
98.8431  25.1964  99.1301  26.2006  3.3561
98.8350  24.6942  99.1301  26.2006  3.3899
99.5713  23.7032  99.1301  26.2006  3.4072
100.8080  24.4547  99.1301  26.2006  3.3600
97.9350  25.1078  99.1301  26.2006  3.2881
100.1000  25.9100  99.1301  26.2006  3.3496
98.5433  25.5117  99.1301  26.2006  3.4525
100.4120  23.9586  99.1301  26.2006  3.3516
100.3690  24.1603  99.1301  26.2006  3.3419
100.5230  25.0541  99.1301  26.2006  3.3071
100.8990  25.3230  99.1301  26.2006  3.2540
99.8799  24.7112  99.1301  26.2006  3.3685
98.3382  24.3368  99.1301  26.2006  3.3500
100.4690  24.5924  99.1301  26.2006  3.3975
99.4137  25.2954  99.1301  26.2006  3.4611
100.2520  26.1294  99.1301  26.2006  3.2393
99.9868  25.4893  99.1301  26.2006  3.2835
99.0384  24.3221  99.1301  26.2006  3.3568
99.0268  23.8963  99.1301  26.2006  3.3990
97.7857  24.1826  99.1301  26.2006  3.3547
97.9699  24.7130  99.6235  24.5257  3.2890
97.7332  24.3999  99.6235  24.5257  3.4506
100.7810  24.1990  99.6235  24.5257  3.3334
100.2940  23.5890  99.6235  24.5257  3.4070
98.8783  23.5554  99.6235  24.5257  3.4566
98.2175  24.6619  99.6235  24.5257  3.3561
98.3382  24.3368  99.6235  24.5257  3.4130
100.3690  24.1603  99.6235  24.5257  3.5476
98.5651  24.1350  99.6235  24.5257  3.5075
98.0252  24.4972  99.6235  24.5257  3.4274
100.8160  25.0395  99.6235  24.5257  3.3870
97.7857  24.1826  99.6235  24.5257  3.4814
99.5713  23.7032  99.6235  24.5257  3.5516
99.0268  23.8963  99.6235  24.5257  3.6187
97.9350  25.1078  99.6235  24.5257  3.3274
97.6622  23.9027  99.6235  24.5257  3.4572
100.4690  24.5924  99.6235  24.5257  3.5580
100.4120  23.9586  99.6235  24.5257  3.4491
100.7200  24.6420  99.6235  24.5257  3.4841
97.6568  24.6108  99.6235  24.5257  3.3609
100.8080  24.4547  99.6235  24.5257  3.3749
99.7280  25.5410  100.8560  25.9242  3.3543
99.4801  25.0480  100.8560  25.9242  3.2745
100.1000  25.9100  100.8560  25.9242  3.3287
100.8160  25.0395  100.8560  25.9242  3.3907
97.7857  24.1826  100.8560  25.9242  3.3309
100.4900  25.3500  100.8560  25.9242  3.4835
99.9868  25.4893  100.8560  25.9242  3.4735
99.1663  24.7523  100.8560  25.9242  3.2943
100.2160  25.0148  100.8560  25.9242  3.2554
98.8783  23.5554  100.8560  25.9242  3.3802
97.9350  25.1078  100.8560  25.9242  3.3030
99.0325  24.5549  100.8560  25.9242  3.2988
99.2375  25.4847  100.8560  25.9242  3.2945
100.0910  24.8650  100.8560  25.9242  3.2766
98.8634  25.4505  100.8560  25.9242  3.2873
97.6622  23.9027  100.8560  25.9242  3.3428
98.8350  24.6942  100.8560  25.9242  3.3454
98.0252  24.4972  100.8560  25.9242  3.2949
99.4137  25.2954  100.8560  25.9242  3.3059
99.5529  24.2045  100.8560  25.9242  3.3399
98.4849  24.7484  100.8560  25.9242  3.2685
99.6235  24.5257  100.8560  25.9242  3.3248
100.1990  24.7084  100.8560  25.9242  3.2645
98.5651  24.1350  100.8560  25.9242  3.3559
98.8431  25.1964  100.8560  25.9242  3.2887
98.5433  25.5117  100.8560  25.9242  3.3152
100.4120  23.9586  100.8560  25.9242  3.3384
99.8799  24.7112  100.8560  25.9242  3.2895
99.0268  23.8963  100.8560  25.9242  3.3496
99.3404  24.5305  100.8560  25.9242  3.3011
99.9445  24.3191  100.8560  25.9242  3.3106
100.5230  25.0541  100.8560  25.9242  3.2938
100.3200  25.2400  100.8560  25.9242  3.3273
100.7200  24.6420  100.8560  25.9242  3.3094
100.2940  23.5890  100.8560  25.9242  3.3500
97.6568  24.6108  100.8560  25.9242  3.3348
98.6668  24.9037  100.8560  25.9242  3.2828
100.3690  24.1603  100.8560  25.9242  3.3439
98.3382  24.3368  100.8560  25.9242  3.3641
99.7771  25.3419  100.8560  25.9242  3.3228
98.2175  24.6619  100.8560  25.9242  3.2738
99.0384  24.3221  100.8560  25.9242  3.3120
99.8346  24.9958  100.8560  25.9242  3.3288
100.8080  24.4547  100.8560  25.9242  3.3499
99.8316  25.8146  100.8560  25.9242  3.3625
99.5713  23.7032  100.8560  25.9242  3.3584
100.7810  24.1990  100.8560  25.9242  3.3621
97.9699  24.7130  100.8560  25.9242  3.3144
99.6453  24.8769  100.8560  25.9242  3.3135
98.3349  25.2175  100.8560  25.9242  3.3326
99.7242  24.0204  100.8560  25.9242  3.3417
98.3382  24.3368  99.3404  24.5305  3.5914
98.0252  24.4972  99.3404  24.5305  3.4631
100.7810  24.1990  99.3404  24.5305  3.3253
100.1990  24.7084  99.3404  24.5305  3.5135
100.3690  24.1603  99.3404  24.5305  3.3877
99.5713  23.7032  99.3404  24.5305  3.5847
97.7332  24.3999  99.3404  24.5305  3.4636
100.7200  24.6420  99.3404  24.5305  3.3653
97.9699  24.7130  99.3404  24.5305  3.3792
100.4690  24.5924  99.3404  24.5305  3.4779
100.4120  23.9586  99.3404  24.5305  3.4135
100.2940  23.5890  99.3404  24.5305  3.4337
98.8783  23.5554  99.3404  24.5305  3.4856
99.0268  23.8963  99.3404  24.5305  3.6299
97.6622  23.9027  99.3404  24.5305  3.4423
97.7857  24.1826  99.3404  24.5305  3.4795
100.8080  24.4547  99.3404  24.5305  3.3825
97.6568  24.6108  99.3404  24.5305  3.4026
97.9350  25.1078  99.3404  24.5305  3.2891
100.8160  25.0395  99.3404  24.5305  3.4382
98.2175  24.6619  99.3404  24.5305  3.3853
97.9699  24.7130  98.4849  24.7484  3.5792
98.8634  25.4505  98.4849  24.7484  3.4772
99.0325  24.5549  98.4849  24.7484  3.4853
100.8080  24.4547  98.4849  24.7484  3.3581
100.1990  24.7084  98.4849  24.7484  3.3604
98.8350  24.6942  98.4849  24.7484  3.4672
99.5529  24.2045  98.4849  24.7484  3.4503
99.9445  24.3191  98.4849  24.7484  3.2948
99.7242  24.0204  98.4849  24.7484  3.4628
100.7200  24.6420  98.4849  24.7484  3.3510
99.0268  23.8963  98.4849  24.7484  3.6047
99.8799  24.7112  98.4849  24.7484  3.3874
100.7810  24.1990  98.4849  24.7484  3.3505
99.6235  24.5257  98.4849  24.7484  3.2927
100.4120  23.9586  98.4849  24.7484  3.3711
99.5713  23.7032  98.4849  24.7484  3.4315
99.4801  25.0480  98.4849  24.7484  3.5072
99.3404  24.5305  98.4849  24.7484  3.4775
100.3690  24.1603  98.4849  24.7484  3.3518
100.4690  24.5924  98.4849  24.7484  3.3237
100.0910  24.8650  98.4849  24.7484  3.3537
99.8346  24.9958  98.4849  24.7484  3.3748
98.8783  23.5554  98.4849  24.7484  3.4349
97.6622  23.9027  98.4849  24.7484  3.4396
99.6453  24.8769  98.4849  24.7484  3.3899
100.8160  25.0395  98.4849  24.7484  3.4102
97.6568  24.6108  98.4849  24.7484  3.6377
97.7857  24.1826  98.4849  24.7484  3.6279
100.2940  23.5890  98.4849  24.7484  3.4001
99.2375  25.4847  98.4849  24.7484  3.4279
97.6622  23.9027  98.6668  24.9037  3.4314
100.1990  24.7084  98.6668  24.9037  3.2994
100.7810  24.1990  98.6668  24.9037  3.3080
99.7242  24.0204  98.6668  24.9037  3.4124
99.0268  23.8963  98.6668  24.9037  3.4963
100.4120  23.9586  98.6668  24.9037  3.3557
100.8160  25.0395  98.6668  24.9037  3.3642
99.9445  24.3191  98.6668  24.9037  3.3146
100.8080  24.4547  98.6668  24.9037  3.3408
97.6568  24.6108  98.6668  24.9037  3.6332
99.5529  24.2045  98.6668  24.9037  3.4307
100.0910  24.8650  98.6668  24.9037  3.3797
98.5651  24.1350  98.6668  24.9037  3.6331
97.9350  25.1078  98.6668  24.9037  3.4359
99.6235  24.5257  98.6668  24.9037  3.4443
97.7857  24.1826  98.6668  24.9037  3.3725
99.8346  24.9958  98.6668  24.9037  3.3880
99.4801  25.0480  98.6668  24.9037  3.5603
99.2375  25.4847  98.6668  24.9037  3.6188
97.7332  24.3999  98.6668  24.9037  3.4667
100.7200  24.6420  98.6668  24.9037  3.3272
97.9699  24.7130  98.6668  24.9037  3.6330
99.8799  24.7112  98.6668  24.9037  3.3314
100.3690  24.1603  98.6668  24.9037  3.3084
99.3404  24.5305  98.6668  24.9037  3.4931
100.2940  23.5890  98.6668  24.9037  3.4564
99.5713  23.7032  98.6668  24.9037  3.3536
100.4690  24.5924  98.6668  24.9037  3.2988
99.6453  24.8769  98.6668  24.9037  3.3184
99.7242  24.0204  100.0910  24.8650  3.4824
100.7810  24.1990  100.0910  24.8650  3.3864
100.2940  23.5890  100.0910  24.8650  3.4488
100.8080  24.4547  100.0910  24.8650  3.4999
100.8160  25.0395  100.0910  24.8650  3.4903
99.0268  23.8963  100.0910  24.8650  3.4283
100.7200  24.6420  100.0910  24.8650  3.6135
99.5529  24.2045  100.0910  24.8650  3.5713
100.8160  25.0395  100.3690  24.1603  3.4295
99.0268  23.8963  100.3690  24.1603  3.5250
99.5529  24.2045  100.3690  24.1603  3.3756
98.8783  23.5554  100.3690  24.1603  3.4852
98.8783  23.5554  100.4690  24.5924  3.4887
100.2940  23.5890  100.4690  24.5924  3.5141
99.0268  23.8963  100.4690  24.5924  3.4241
99.5713  23.7032  100.4690  24.5924  3.4134
99.5529  24.2045  100.4690  24.5924  3.6410
98.3349  25.2175  99.4024  25.6322  3.3458
99.5529  24.2045  99.4024  25.6322  3.3531
100.8960  25.5945  99.4024  25.6322  3.3058
99.7242  24.0204  99.4024  25.6322  3.3780
100.4900  25.3500  99.4024  25.6322  3.2235
97.9350  25.1078  99.4024  25.6322  3.2982
100.4120  23.9586  99.4024  25.6322  3.3642
99.6235  24.5257  99.4024  25.6322  3.3948
98.2175  24.6619  99.4024  25.6322  3.3202
98.5433  25.5117  99.4024  25.6322  3.3713
100.7200  24.6420  99.4024  25.6322  3.3427
100.5200  25.8500  99.4024  25.6322  3.3782
98.4849  24.7484  99.4024  25.6322  3.3737
100.7810  24.1990  99.4024  25.6322  3.4102
100.8160  25.0395  99.4024  25.6322  3.2837
100.2940  23.5890  99.4024  25.6322  3.3743
100.3200  25.2400  99.4024  25.6322  3.3320
100.1990  24.7084  99.4024  25.6322  3.3391
100.8560  25.9242  99.4024  25.6322  3.2982
100.8080  24.4547  99.4024  25.6322  3.3768
98.8783  23.5554  99.4024  25.6322  3.3877
100.8990  25.3230  99.4024  25.6322  3.1995
97.7332  24.3999  99.4024  25.6322  3.3627
100.5960  26.2944  99.4024  25.6322  3.2453
99.1663  24.7523  99.4024  25.6322  3.4101
99.0325  24.5549  99.4024  25.6322  3.3372
99.9445  24.3191  99.4024  25.6322  3.4361
99.5713  23.7032  99.4024  25.6322  3.3830
97.7857  24.1826  99.4024  25.6322  3.3537
100.3690  24.1603  99.4024  25.6322  3.3473
99.8346  24.9958  99.4024  25.6322  3.6166
97.6568  24.6108  99.4024  25.6322  3.3826
97.6622  23.9027  99.4024  25.6322  3.3723
99.9868  25.4893  99.4024  25.6322  3.3640
99.7280  25.5410  99.4024  25.6322  3.5134
97.9699  24.7130  99.4024  25.6322  3.3154
99.0268  23.8963  99.4024  25.6322  3.3803
100.4990  25.5666  99.4024  25.6322  3.2657
100.4690  24.5924  99.4024  25.6322  3.3567
98.8350  24.6942  99.4024  25.6322  3.3531
99.0384  24.3221  99.4024  25.6322  3.3704
100.5230  25.0541  99.4024  25.6322  3.2594
100.1000  25.9100  99.4024  25.6322  3.4781
100.0910  24.8650  99.4024  25.6322  3.3062
98.0252  24.4972  99.4024  25.6322  3.3245
98.5651  24.1350  99.4024  25.6322  3.3784
99.6453  24.8769  99.4024  25.6322  3.5584
99.8799  24.7112  99.4024  25.6322  3.5222
99.3404  24.5305  99.4024  25.6322  3.3578
98.3382  24.3368  99.4024  25.6322  3.4022
100.2160  25.0148  99.4024  25.6322  3.2738
98.6668  24.9037  99.4024  25.6322  3.4284
100.4120  23.9586  98.8783  23.5554  3.5765
100.8080  24.4547  98.8783  23.5554  3.4414
100.7200  24.6420  98.8783  23.5554  3.4365
100.7810  24.1990  98.8783  23.5554  3.4489
100.8160  25.0395  98.8783  23.5554  3.3876
100.2940  23.5890  98.8783  23.5554  3.3829
98.5651  24.1350  99.2375  25.4847  3.3754
97.6622  23.9027  99.2375  25.4847  3.3732
100.7200  24.6420  99.2375  25.4847  3.2884
98.0252  24.4972  99.2375  25.4847  3.3600
97.7857  24.1826  99.2375  25.4847  3.3328
99.5713  23.7032  99.2375  25.4847  3.3794
99.5529  24.2045  99.2375  25.4847  3.3874
99.0384  24.3221  99.2375  25.4847  3.3752
100.3690  24.1603  99.2375  25.4847  3.4033
99.9445  24.3191  99.2375  25.4847  3.4932
98.3382  24.3368  99.2375  25.4847  3.4077
100.4120  23.9586  99.2375  25.4847  3.3893
99.8799  24.7112  99.2375  25.4847  3.4488
100.0910  24.8650  99.2375  25.4847  3.3401
100.1990  24.7084  99.2375  25.4847  3.3556
100.4690  24.5924  99.2375  25.4847  3.4077
99.7242  24.0204  99.2375  25.4847  3.3929
97.9699  24.7130  99.2375  25.4847  3.3337
100.7810  24.1990  99.2375  25.4847  3.4120
99.0268  23.8963  99.2375  25.4847  3.3723
98.8350  24.6942  99.2375  25.4847  3.4261
97.7332  24.3999  99.2375  25.4847  3.3716
98.2175  24.6619  99.2375  25.4847  3.3432
99.1663  24.7523  99.2375  25.4847  3.5878
98.8783  23.5554  99.2375  25.4847  3.3985
99.8346  24.9958  99.2375  25.4847  3.3965
99.0325  24.5549  99.2375  25.4847  3.3864
100.2940  23.5890  99.2375  25.4847  3.3555
99.6235  24.5257  99.2375  25.4847  3.5266
97.6568  24.6108  99.2375  25.4847  3.3718
99.3404  24.5305  99.2375  25.4847  3.4425
97.9350  25.1078  99.2375  25.4847  3.3412
100.8160  25.0395  99.2375  25.4847  3.2696
99.4801  25.0480  98.8431  25.1964  3.6141
100.4690  24.5924  98.8431  25.1964  3.3461
98.0252  24.4972  98.8431  25.1964  3.4257
100.7810  24.1990  98.8431  25.1964  3.3597
99.5713  23.7032  98.8431  25.1964  3.4621
97.9350  25.1078  98.8431  25.1964  3.3460
99.5529  24.2045  98.8431  25.1964  3.5081
99.8799  24.7112  98.8431  25.1964  3.4588
100.7200  24.6420  98.8431  25.1964  3.3230
100.1990  24.7084  98.8431  25.1964  3.2817
100.2940  23.5890  98.8431  25.1964  3.4372
100.8160  25.0395  98.8431  25.1964  3.2880
99.9445  24.3191  98.8431  25.1964  3.4068
98.8783  23.5554  98.8431  25.1964  3.4111
100.3690  24.1603  98.8431  25.1964  3.3785
99.7242  24.0204  98.8431  25.1964  3.3554
98.3382  24.3368  98.8431  25.1964  3.5432
97.6568  24.6108  98.8431  25.1964  3.4470
99.8346  24.9958  98.8431  25.1964  3.3161
99.0384  24.3221  98.8431  25.1964  3.5717
98.5651  24.1350  98.8431  25.1964  3.4305
99.6453  24.8769  98.8431  25.1964  3.4776
97.7332  24.3999  98.8431  25.1964  3.3276
99.6235  24.5257  98.8431  25.1964  3.3886
100.4120  23.9586  98.8431  25.1964  3.4100
100.8080  24.4547  98.8431  25.1964  3.3196
100.0910  24.8650  98.8431  25.1964  3.2545
97.6622  23.9027  98.8431  25.1964  3.4052
97.9699  24.7130  98.8431  25.1964  3.4266
99.0268  23.8963  98.8431  25.1964  3.4125
97.7857  24.1826  98.8431  25.1964  3.4056
99.8799  24.7112  97.7857  24.1826  3.4758
99.7242  24.0204  97.7857  24.1826  3.4088
100.3690  24.1603  97.7857  24.1826  3.4496
100.1990  24.7084  97.7857  24.1826  3.4863
100.7200  24.6420  97.7857  24.1826  3.4922
100.2940  23.5890  97.7857  24.1826  3.3916
99.5529  24.2045  97.7857  24.1826  3.4894
100.4690  24.5924  97.7857  24.1826  3.4847
98.8783  23.5554  97.7857  24.1826  3.4400
99.0268  23.8963  97.7857  24.1826  3.3197
100.4120  23.9586  97.7857  24.1826  3.4188
100.7810  24.1990  97.7857  24.1826  3.4478
100.8160  25.0395  97.7857  24.1826  3.4132
100.8080  24.4547  97.7857  24.1826  3.4680
99.9445  24.3191  97.7857  24.1826  3.4685
100.0910  24.8650  97.7857  24.1826  3.4167
99.5713  23.7032  97.7857  24.1826  3.3832
97.9699  24.7130  99.7280  25.5410  3.3118
97.7332  24.3999  99.7280  25.5410  3.3506
100.7810  24.1990  99.7280  25.5410  3.3617
100.8990  25.3230  99.7280  25.5410  3.2405
98.5433  25.5117  99.7280  25.5410  3.3353
99.5713  23.7032  99.7280  25.5410  3.4082
100.3690  24.1603  99.7280  25.5410  3.3999
98.8634  25.4505  99.7280  25.5410  3.3532
98.4849  24.7484  99.7280  25.5410  3.3236
100.8960  25.5945  99.7280  25.5410  3.3611
99.0384  24.3221  99.7280  25.5410  3.3322
98.2175  24.6619  99.7280  25.5410  3.3649
100.7200  24.6420  99.7280  25.5410  3.3289
97.7857  24.1826  99.7280  25.5410  3.4028
100.8160  25.0395  99.7280  25.5410  3.2895
99.6235  24.5257  99.7280  25.5410  3.3688
100.4990  25.5666  99.7280  25.5410  3.3408
97.9350  25.1078  99.7280  25.5410  3.2937
98.0252  24.4972  99.7280  25.5410  3.4013
100.4900  25.3500  99.7280  25.5410  3.3666
100.5960  26.2944  99.7280  25.5410  3.3094
99.1663  24.7523  99.7280  25.5410  3.3794
99.9445  24.3191  99.7280  25.5410  3.3973
97.6622  23.9027  99.7280  25.5410  3.4131
99.3404  24.5305  99.7280  25.5410  3.3435
100.5230  25.0541  99.7280  25.5410  3.2956
98.8350  24.6942  99.7280  25.5410  3.3573
100.4690  24.5924  99.7280  25.5410  3.3658
98.8431  25.1964  99.7280  25.5410  3.4678
100.1990  24.7084  99.7280  25.5410  3.5309
98.8783  23.5554  99.7280  25.5410  3.3729
99.8799  24.7112  99.7280  25.5410  3.5415
97.6568  24.6108  99.7280  25.5410  3.3200
100.2160  25.0148  99.7280  25.5410  3.3419
98.3349  25.2175  99.7280  25.5410  3.3133
98.6668  24.9037  99.7280  25.5410  3.3091
100.8080  24.4547  99.7280  25.5410  3.3740
99.0268  23.8963  99.7280  25.5410  3.3711
99.0325  24.5549  99.7280  25.5410  3.3192
100.2940  23.5890  99.7280  25.5410  3.4090
99.6453  24.8769  99.7280  25.5410  3.5569
99.7242  24.0204  99.7280  25.5410  3.3912
100.4120  23.9586  99.7280  25.5410  3.4403
100.3200  25.2400  99.7280  25.5410  3.3620
98.5651  24.1350  99.7280  25.5410  3.3837
99.5529  24.2045  99.7280  25.5410  3.3693
98.3382  24.3368  99.7280  25.5410  3.3577
97.9699  24.7130  99.8346  24.9958  3.4253
99.0268  23.8963  99.8346  24.9958  3.3993
100.3690  24.1603  99.8346  24.9958  3.4833
99.5713  23.7032  99.8346  24.9958  3.4362
97.9350  25.1078  99.8346  24.9958  3.2931
98.0252  24.4972  99.8346  24.9958  3.3705
100.2940  23.5890  99.8346  24.9958  3.4287
100.8160  25.0395  99.8346  24.9958  3.3770
99.5529  24.2045  99.8346  24.9958  3.4771
97.7857  24.1826  99.8346  24.9958  3.3510
98.8783  23.5554  99.8346  24.9958  3.4097
98.2175  24.6619  99.8346  24.9958  3.3781
100.4690  24.5924  99.8346  24.9958  3.5256
99.7242  24.0204  99.8346  24.9958  3.4695
100.7200  24.6420  99.8346  24.9958  3.4198
97.7332  24.3999  99.8346  24.9958  3.4158
98.3382  24.3368  99.8346  24.9958  3.4445
97.6622  23.9027  99.8346  24.9958  3.3955
97.6568  24.6108  99.8346  24.9958  3.4465
100.4120  23.9586  99.8346  24.9958  3.4960
98.5651  24.1350  99.8346  24.9958  3.3416
100.8080  24.4547  99.8346  24.9958  3.4792
100.7810  24.1990  99.8346  24.9958  3.4606
99.7242  24.0204  97.9699  24.7130  3.3761
100.1990  24.7084  97.9699  24.7130  3.3559
100.3690  24.1603  97.9699  24.7130  3.3762
100.7200  24.6420  97.9699  24.7130  3.3815
100.4120  23.9586  97.9699  24.7130  3.3469
99.5713  23.7032  97.9699  24.7130  3.3908
100.7810  24.1990  97.9699  24.7130  3.3751
99.5529  24.2045  97.9699  24.7130  3.3523
100.4690  24.5924  97.9699  24.7130  3.3888
99.8799  24.7112  97.9699  24.7130  3.3296
100.8160  25.0395  97.9699  24.7130  3.3600
100.2940  23.5890  97.9699  24.7130  3.3936
99.0268  23.8963  97.9699  24.7130  3.4034
99.9445  24.3191  97.9699  24.7130  3.3603
97.6622  23.9027  97.9699  24.7130  3.5583
100.0910  24.8650  97.9699  24.7130  3.2749
100.8080  24.4547  97.9699  24.7130  3.3916
100.7200  24.6420  99.7242  24.0204  3.5177
100.2940  23.5890  99.7242  24.0204  3.5811
100.8080  24.4547  99.7242  24.0204  3.5104
100.7810  24.1990  99.7242  24.0204  3.5116
100.8160  25.0395  99.7242  24.0204  3.4138
100.4120  23.9586  99.7242  24.0204  3.6290
100.8160  25.0395  100.4120  23.9586  3.3494
99.0268  23.8963  97.7332  24.3999  3.4038
100.4120  23.9586  97.7332  24.3999  3.4046
100.8160  25.0395  97.7332  24.3999  3.3836
99.5529  24.2045  97.7332  24.3999  3.3345
100.7810  24.1990  97.7332  24.3999  3.4134
100.3690  24.1603  97.7332  24.3999  3.4011
100.7200  24.6420  97.7332  24.3999  3.4473
99.5713  23.7032  97.7332  24.3999  3.3776
98.8783  23.5554  97.7332  24.3999  3.4169
100.8080  24.4547  97.7332  24.3999  3.4424
99.8799  24.7112  97.7332  24.3999  3.5027
99.9445  24.3191  97.7332  24.3999  3.3948
100.2940  23.5890  97.7332  24.3999  3.3842
100.4690  24.5924  97.7332  24.3999  3.4325
99.7242  24.0204  97.7332  24.3999  3.3902
100.1990  24.7084  97.7332  24.3999  3.4587
98.5651  24.1350  97.7332  24.3999  3.4934
