1554  3.5642  0.1087  030
98.5925  24.4245  100.0690  23.8785  3.5116
100.2540  25.6093  100.0690  23.8785  3.5949
98.8518  25.8317  100.0690  23.8785  3.5783
98.0709  24.0851  100.0690  23.8785  3.5837
99.2454  24.0357  100.0690  23.8785  3.7954
99.3717  25.8854  100.0690  23.8785  3.5299
98.5197  25.0289  100.0690  23.8785  3.5609
100.1470  24.4348  99.9475  26.1088  3.4908
98.5197  25.0289  99.9475  26.1088  3.4811
98.5925  24.4245  99.9475  26.1088  3.4891
99.2454  24.0357  99.9475  26.1088  3.5101
98.0709  24.0851  99.9475  26.1088  3.4952
98.8518  25.8317  99.9475  26.1088  3.5678
100.0690  23.8785  99.9475  26.1088  3.5642
100.1470  24.4348  99.3717  25.8854  3.5689
99.2454  24.0357  98.5197  25.0289  3.6667
98.0709  24.0851  98.5197  25.0289  3.6565
100.2540  25.6093  98.5197  25.0289  3.5179
100.1470  24.4348  98.5197  25.0289  3.4569
99.3717  25.8854  98.5197  25.0289  3.5393
100.1470  24.4348  98.0709  24.0851  3.6449
99.2454  24.0357  98.0709  24.0851  3.6926
99.3717  25.8854  98.0709  24.0851  3.5133
100.2540  25.6093  98.8518  25.8317  3.4541
98.5197  25.0289  98.8518  25.8317  3.7808
100.1470  24.4348  98.8518  25.8317  3.5177
98.0709  24.0851  98.8518  25.8317  3.5612
98.5925  24.4245  98.8518  25.8317  3.5848
99.2454  24.0357  98.8518  25.8317  3.6713
99.3717  25.8854  99.2454  24.0357  3.5524
98.0709  24.0851  100.2540  25.6093  3.5116
99.2454  24.0357  100.2540  25.6093  3.4472
100.1470  24.4348  100.2540  25.6093  3.5551
99.3717  25.8854  100.2540  25.6093  3.5947
100.1470  24.4348  98.5925  24.4245  3.5335
99.3717  25.8854  98.5925  24.4245  3.5261
100.2540  25.6093  98.5925  24.4245  3.5052
100.8080  24.4547  99.5713  23.7032  3.5862
100.7200  24.6420  99.5713  23.7032  3.4806
100.7810  24.1990  99.5713  23.7032  3.7709
100.8160  25.0395  99.5713  23.7032  3.4910
97.7857  24.1826  99.4801  25.0480  3.5086
97.9350  25.1078  99.4801  25.0480  3.5854
98.0252  24.4972  99.4801  25.0480  3.6455
100.2940  23.5890  99.4801  25.0480  3.6695
100.4690  24.5924  99.4801  25.0480  3.8274
99.0268  23.8963  99.4801  25.0480  3.5584
99.7242  24.0204  99.4801  25.0480  3.6142
98.5651  24.1350  99.4801  25.0480  3.4934
97.6622  23.9027  99.4801  25.0480  3.4999
100.8160  25.0395  99.4801  25.0480  3.5679
100.3690  24.1603  99.4801  25.0480  3.7144
98.2175  24.6619  99.4801  25.0480  3.6753
98.3382  24.3368  99.4801  25.0480  3.4113
100.7810  24.1990  99.4801  25.0480  3.5419
100.7200  24.6420  99.4801  25.0480  3.5233
97.7332  24.3999  99.4801  25.0480  3.4917
100.4120  23.9586  99.4801  25.0480  3.6251
99.5713  23.7032  99.4801  25.0480  3.4618
97.6568  24.6108  99.4801  25.0480  3.6538
98.8783  23.5554  99.4801  25.0480  3.5458
99.8799  24.7112  97.6568  24.6108  3.7090
99.7242  24.0204  97.6568  24.6108  3.5572
98.5651  24.1350  97.6568  24.6108  3.6811
100.8080  24.4547  97.6568  24.6108  3.6794
99.0268  23.8963  97.6568  24.6108  3.5958
99.9445  24.3191  97.6568  24.6108  3.4898
100.4120  23.9586  97.6568  24.6108  3.5514
100.7810  24.1990  97.6568  24.6108  3.5787
100.0910  24.8650  97.6568  24.6108  3.6791
100.8160  25.0395  97.6568  24.6108  3.6004
99.5529  24.2045  97.6568  24.6108  3.5329
100.3690  24.1603  97.6568  24.6108  3.5741
99.5713  23.7032  97.6568  24.6108  3.5759
100.7200  24.6420  97.6568  24.6108  3.6385
100.1990  24.7084  97.6568  24.6108  3.6295
100.2940  23.5890  97.6568  24.6108  3.5079
100.4690  24.5924  97.6568  24.6108  3.4356
100.7810  24.1990  99.5529  24.2045  3.6274
100.7200  24.6420  99.5529  24.2045  3.7444
100.8160  25.0395  99.5529  24.2045  3.5512
100.8080  24.4547  99.5529  24.2045  3.7607
100.2940  23.5890  99.5529  24.2045  3.8023
100.4120  23.9586  99.5529  24.2045  3.8688
99.1663  24.7523  99.8316  25.8146  3.4003
98.8350  24.6942  99.8316  25.8146  3.4312
100.5960  26.2944  99.8316  25.8146  3.7665
99.0384  24.3221  99.8316  25.8146  3.5340
100.7200  24.6420  99.8316  25.8146  3.5738
98.0252  24.4972  99.8316  25.8146  3.4413
100.3690  24.1603  99.8316  25.8146  3.6430
98.4849  24.7484  99.8316  25.8146  3.4697
97.7857  24.1826  99.8316  25.8146  3.4801
99.9445  24.3191  99.8316  25.8146  3.4785
98.3382  24.3368  99.8316  25.8146  3.5113
99.6235  24.5257  99.8316  25.8146  3.5484
97.6622  23.9027  99.8316  25.8146  3.4809
98.6668  24.9037  99.8316  25.8146  3.4282
99.4801  25.0480  99.8316  25.8146  3.7143
100.1990  24.7084  99.8316  25.8146  3.7142
100.0910  24.8650  99.8316  25.8146  3.8567
100.8990  25.3230  99.8316  25.8146  3.4559
98.8431  25.1964  99.8316  25.8146  3.4935
99.5713  23.7032  99.8316  25.8146  3.6539
97.9699  24.7130  99.8316  25.8146  3.4890
99.8799  24.7112  99.8316  25.8146  3.5957
100.8960  25.5945  99.8316  25.8146  3.5188
99.3404  24.5305  99.8316  25.8146  3.5580
98.3349  25.2175  99.8316  25.8146  3.5033
100.8160  25.0395  99.8316  25.8146  3.4791
97.6568  24.6108  99.8316  25.8146  3.5437
98.8634  25.4505  99.8316  25.8146  3.6764
99.7242  24.0204  99.8316  25.8146  3.5673
98.2175  24.6619  99.8316  25.8146  3.4849
100.3200  25.2400  99.8316  25.8146  3.8876
99.6453  24.8769  99.8316  25.8146  3.6198
98.5651  24.1350  99.8316  25.8146  3.5024
98.5433  25.5117  99.8316  25.8146  3.5836
100.4900  25.3500  99.8316  25.8146  3.7172
99.0268  23.8963  99.8316  25.8146  3.5285
99.5529  24.2045  99.8316  25.8146  3.6022
98.8783  23.5554  99.8316  25.8146  3.5763
100.2940  23.5890  99.8316  25.8146  3.5498
100.5230  25.0541  99.8316  25.8146  3.6252
100.7810  24.1990  99.8316  25.8146  3.6051
100.4120  23.9586  99.8316  25.8146  3.5360
97.7332  24.3999  99.8316  25.8146  3.4706
100.4690  24.5924  99.8316  25.8146  3.6927
97.9350  25.1078  99.8316  25.8146  3.4653
100.8080  24.4547  99.8316  25.8146  3.5699
99.0325  24.5549  99.8316  25.8146  3.4211
98.0252  24.4972  100.5230  25.0541  3.5798
99.0268  23.8963  100.5230  25.0541  3.5620
99.0325  24.5549  100.5230  25.0541  3.5902
98.8634  25.4505  100.5230  25.0541  3.3841
99.0384  24.3221  100.5230  25.0541  3.4699
97.6622  23.9027  100.5230  25.0541  3.5750
99.9445  24.3191  100.5230  25.0541  3.6782
98.3382  24.3368  100.5230  25.0541  3.5458
99.5529  24.2045  100.5230  25.0541  3.4682
97.9699  24.7130  100.5230  25.0541  3.6036
97.9350  25.1078  100.5230  25.0541  3.5179
97.7332  24.3999  100.5230  25.0541  3.5549
98.6668  24.9037  100.5230  25.0541  3.5786
99.6235  24.5257  100.5230  25.0541  3.7202
98.8350  24.6942  100.5230  25.0541  3.6010
98.4849  24.7484  100.5230  25.0541  3.5747
99.2375  25.4847  100.5230  25.0541  3.4044
99.4801  25.0480  100.5230  25.0541  3.7361
99.5713  23.7032  100.5230  25.0541  3.5475
99.1663  24.7523  100.5230  25.0541  3.6549
98.5651  24.1350  100.5230  25.0541  3.5365
97.7857  24.1826  100.5230  25.0541  3.5124
100.4120  23.9586  100.5230  25.0541  3.6001
98.8431  25.1964  100.5230  25.0541  3.4834
100.2940  23.5890  100.5230  25.0541  3.6204
100.5960  26.2944  100.5230  25.0541  3.5072
100.3690  24.1603  100.5230  25.0541  3.8813
98.3349  25.2175  100.5230  25.0541  3.4799
99.7242  24.0204  100.5230  25.0541  3.4427
98.8783  23.5554  100.5230  25.0541  3.5496
99.3404  24.5305  100.5230  25.0541  3.6379
98.5433  25.5117  100.5230  25.0541  3.4270
97.6568  24.6108  100.5230  25.0541  3.6043
98.2175  24.6619  100.5230  25.0541  3.5896
100.1000  25.9100  100.5230  25.0541  3.8169
99.6453  24.8769  100.4990  25.5666  3.5595
99.8799  24.7112  100.4990  25.5666  3.4876
97.9699  24.7130  100.4990  25.5666  3.4988
98.3349  25.2175  100.4990  25.5666  3.5496
99.7242  24.0204  100.4990  25.5666  3.5209
98.0252  24.4972  100.4990  25.5666  3.5056
97.6622  23.9027  100.4990  25.5666  3.5721
99.5529  24.2045  100.4990  25.5666  3.4706
98.6668  24.9037  100.4990  25.5666  3.4716
99.8346  24.9958  100.4990  25.5666  3.7783
97.7332  24.3999  100.4990  25.5666  3.5346
97.7857  24.1826  100.4990  25.5666  3.5071
100.7810  24.1990  100.4990  25.5666  3.5440
100.3690  24.1603  100.4990  25.5666  3.5774
98.5433  25.5117  100.4990  25.5666  3.5550
98.8431  25.1964  100.4990  25.5666  3.6055
100.0910  24.8650  100.4990  25.5666  3.7678
99.5713  23.7032  100.4990  25.5666  3.5197
99.9445  24.3191  100.4990  25.5666  3.5422
99.4801  25.0480  100.4990  25.5666  3.6037
99.0268  23.8963  100.4990  25.5666  3.5049
100.2940  23.5890  100.4990  25.5666  3.6234
99.0325  24.5549  100.4990  25.5666  3.5078
98.8634  25.4505  100.4990  25.5666  3.5280
98.4849  24.7484  100.4990  25.5666  3.4953
98.8783  23.5554  100.4990  25.5666  3.5433
99.1663  24.7523  100.4990  25.5666  3.4842
100.1990  24.7084  100.4990  25.5666  3.6151
99.2375  25.4847  100.4990  25.5666  3.6402
98.3382  24.3368  100.4990  25.5666  3.5659
100.4120  23.9586  100.4990  25.5666  3.5654
99.6235  24.5257  100.4990  25.5666  3.4565
97.9350  25.1078  100.4990  25.5666  3.5404
98.2175  24.6619  100.4990  25.5666  3.5000
99.0384  24.3221  100.4990  25.5666  3.4793
97.6568  24.6108  100.4990  25.5666  3.5419
99.3404  24.5305  100.4990  25.5666  3.4973
98.8350  24.6942  100.4990  25.5666  3.4619
98.5651  24.1350  100.4990  25.5666  3.5081
100.8080  24.4547  100.4990  25.5666  3.7720
100.2940  23.5890  100.8990  25.3230  3.5556
99.8346  24.9958  100.8990  25.3230  3.7330
100.4120  23.9586  100.8990  25.3230  3.5798
99.0384  24.3221  100.8990  25.3230  3.5538
98.8431  25.1964  100.8990  25.3230  3.5425
100.5960  26.2944  100.8990  25.3230  3.8082
99.6235  24.5257  100.8990  25.3230  3.5219
97.6568  24.6108  100.8990  25.3230  3.5493
99.0325  24.5549  100.8990  25.3230  3.4957
100.1990  24.7084  100.8990  25.3230  3.6898
98.2175  24.6619  100.8990  25.3230  3.5344
98.5433  25.5117  100.8990  25.3230  3.4847
98.3349  25.2175  100.8990  25.3230  3.5323
97.9350  25.1078  100.8990  25.3230  3.5589
98.8634  25.4505  100.8990  25.3230  3.4643
98.5651  24.1350  100.8990  25.3230  3.5426
99.4801  25.0480  100.8990  25.3230  3.6859
98.8783  23.5554  100.8990  25.3230  3.5281
99.5529  24.2045  100.8990  25.3230  3.5123
100.1000  25.9100  100.8990  25.3230  3.5309
99.1663  24.7523  100.8990  25.3230  3.5669
98.4849  24.7484  100.8990  25.3230  3.5165
98.0252  24.4972  100.8990  25.3230  3.5171
98.8350  24.6942  100.8990  25.3230  3.5223
100.7810  24.1990  100.8990  25.3230  3.5641
98.3382  24.3368  100.8990  25.3230  3.5022
99.2375  25.4847  100.8990  25.3230  3.4690
99.7242  24.0204  100.8990  25.3230  3.5482
97.6622  23.9027  100.8990  25.3230  3.5994
97.7332  24.3999  100.8990  25.3230  3.5360
97.9699  24.7130  100.8990  25.3230  3.5902
99.0268  23.8963  100.8990  25.3230  3.5412
100.0910  24.8650  100.8990  25.3230  3.8420
100.3690  24.1603  100.8990  25.3230  3.4877
99.8799  24.7112  100.8990  25.3230  3.6249
97.7857  24.1826  100.8990  25.3230  3.5848
100.8080  24.4547  100.8990  25.3230  3.8470
99.9445  24.3191  100.8990  25.3230  3.3906
99.5713  23.7032  100.8990  25.3230  3.5075
100.4690  24.5924  100.8990  25.3230  3.6692
99.6453  24.8769  100.8990  25.3230  3.6131
98.6668  24.9037  100.8990  25.3230  3.5829
99.3404  24.5305  100.8990  25.3230  3.4925
100.7200  24.6420  98.5651  24.1350  3.6620
100.0910  24.8650  98.5651  24.1350  3.5599
99.5713  23.7032  98.5651  24.1350  3.6330
100.8160  25.0395  98.5651  24.1350  3.5579
99.9445  24.3191  98.5651  24.1350  3.7509
100.4690  24.5924  98.5651  24.1350  3.7892
99.5529  24.2045  98.5651  24.1350  3.8707
100.2940  23.5890  98.5651  24.1350  3.4797
100.4120  23.9586  98.5651  24.1350  3.5719
99.7242  24.0204  98.5651  24.1350  3.5498
100.7810  24.1990  98.5651  24.1350  3.6081
100.8080  24.4547  98.5651  24.1350  3.6487
100.3690  24.1603  98.5651  24.1350  3.6774
100.1990  24.7084  98.5651  24.1350  3.6023
99.8799  24.7112  98.5651  24.1350  3.6160
97.9699  24.7130  98.8634  25.4505  3.4968
100.8080  24.4547  98.8634  25.4505  3.4584
100.2940  23.5890  98.8634  25.4505  3.6136
100.4120  23.9586  98.8634  25.4505  3.5827
100.8160  25.0395  98.8634  25.4505  3.4566
100.1990  24.7084  98.8634  25.4505  3.5074
98.5651  24.1350  98.8634  25.4505  3.5514
98.3382  24.3368  98.8634  25.4505  3.4968
97.6622  23.9027  98.8634  25.4505  3.5111
100.0910  24.8650  98.8634  25.4505  3.4339
99.0384  24.3221  98.8634  25.4505  3.5445
100.4690  24.5924  98.8634  25.4505  3.4747
99.3404  24.5305  98.8634  25.4505  3.8426
99.8799  24.7112  98.8634  25.4505  3.5218
99.7242  24.0204  98.8634  25.4505  3.6298
100.3690  24.1603  98.8634  25.4505  3.5642
99.6453  24.8769  98.8634  25.4505  3.6002
97.9350  25.1078  98.8634  25.4505  3.7875
99.5529  24.2045  98.8634  25.4505  3.6219
100.7810  24.1990  98.8634  25.4505  3.5073
97.7332  24.3999  98.8634  25.4505  3.4673
98.2175  24.6619  98.8634  25.4505  3.5646
99.9445  24.3191  98.8634  25.4505  3.5318
97.7857  24.1826  98.8634  25.4505  3.5586
98.0252  24.4972  98.8634  25.4505  3.4812
99.6235  24.5257  98.8634  25.4505  3.6366
99.8346  24.9958  98.8634  25.4505  3.5698
99.0268  23.8963  98.8634  25.4505  3.5112
98.8783  23.5554  98.8634  25.4505  3.5845
99.5713  23.7032  98.8634  25.4505  3.5659
100.7200  24.6420  98.8634  25.4505  3.4434
100.8160  25.0395  100.2940  23.5890  3.6124
98.3349  25.2175  99.4137  25.2954  3.6717
97.6622  23.9027  99.4137  25.2954  3.5322
99.5529  24.2045  99.4137  25.2954  3.5135
97.7332  24.3999  99.4137  25.2954  3.5048
100.4990  25.5666  99.4137  25.2954  3.7174
100.1990  24.7084  99.4137  25.2954  3.8214
100.4900  25.3500  99.4137  25.2954  3.7734
100.8960  25.5945  99.4137  25.2954  3.6683
99.0268  23.8963  99.4137  25.2954  3.6312
100.4120  23.9586  99.4137  25.2954  3.6258
100.4690  24.5924  99.4137  25.2954  3.6682
100.8080  24.4547  99.4137  25.2954  3.4674
100.5230  25.0541  99.4137  25.2954  3.5382
99.0384  24.3221  99.4137  25.2954  3.6095
99.0325  24.5549  99.4137  25.2954  3.7467
100.2160  25.0148  99.4137  25.2954  3.8553
100.0910  24.8650  99.4137  25.2954  3.8097
98.8783  23.5554  99.4137  25.2954  3.6185
99.9445  24.3191  99.4137  25.2954  3.7151
100.7200  24.6420  99.4137  25.2954  3.4985
97.9699  24.7130  99.4137  25.2954  3.5707
98.3382  24.3368  99.4137  25.2954  3.3394
98.2175  24.6619  99.4137  25.2954  3.5346
100.2940  23.5890  99.4137  25.2954  3.6086
100.3200  25.2400  99.4137  25.2954  3.8574
100.8990  25.3230  99.4137  25.2954  3.5089
99.5713  23.7032  99.4137  25.2954  3.4779
100.5960  26.2944  99.4137  25.2954  3.3782
97.7857  24.1826  99.4137  25.2954  3.3912
100.8160  25.0395  99.4137  25.2954  3.4763
100.7810  24.1990  99.4137  25.2954  3.4754
98.5651  24.1350  99.4137  25.2954  3.4655
98.4849  24.7484  99.4137  25.2954  3.6088
98.0252  24.4972  99.4137  25.2954  3.3943
100.1000  25.9100  99.4137  25.2954  3.6720
100.3690  24.1603  99.4137  25.2954  3.5123
100.0910  24.8650  97.6622  23.9027  3.3620
99.8799  24.7112  97.6622  23.9027  3.5906
100.8080  24.4547  97.6622  23.9027  3.6736
100.7810  24.1990  97.6622  23.9027  3.6696
100.4120  23.9586  97.6622  23.9027  3.7058
100.7200  24.6420  97.6622  23.9027  3.6138
99.0268  23.8963  97.6622  23.9027  3.6450
98.8783  23.5554  97.6622  23.9027  3.4712
100.2940  23.5890  97.6622  23.9027  3.6768
99.9445  24.3191  97.6622  23.9027  3.6290
100.8160  25.0395  97.6622  23.9027  3.6050
100.1990  24.7084  97.6622  23.9027  3.6349
99.7242  24.0204  97.6622  23.9027  3.6617
99.5529  24.2045  97.6622  23.9027  3.7040
97.9350  25.1078  99.9868  25.4893  3.5149
98.6668  24.9037  99.9868  25.4893  3.4772
98.0252  24.4972  99.9868  25.4893  3.5255
97.6568  24.6108  99.9868  25.4893  3.4695
97.7857  24.1826  99.9868  25.4893  3.5614
98.8431  25.1964  99.9868  25.4893  3.6405
100.8160  25.0395  99.9868  25.4893  3.6063
99.0384  24.3221  99.9868  25.4893  3.4519
100.7200  24.6420  99.9868  25.4893  3.5736
98.3382  24.3368  99.9868  25.4893  3.4739
98.4849  24.7484  99.9868  25.4893  3.4463
98.5433  25.5117  99.9868  25.4893  3.5232
99.1663  24.7523  99.9868  25.4893  3.5397
98.2175  24.6619  99.9868  25.4893  3.4979
100.7810  24.1990  99.9868  25.4893  3.6253
99.9445  24.3191  99.9868  25.4893  3.5155
99.7242  24.0204  99.9868  25.4893  3.6159
100.8990  25.3230  99.9868  25.4893  3.6119
99.6235  24.5257  99.9868  25.4893  3.5524
100.8960  25.5945  99.9868  25.4893  3.7909
99.5713  23.7032  99.9868  25.4893  3.6486
98.8634  25.4505  99.9868  25.4893  3.5799
99.0325  24.5549  99.9868  25.4893  3.4649
100.2940  23.5890  99.9868  25.4893  3.5412
99.5529  24.2045  99.9868  25.4893  3.5643
98.5651  24.1350  99.9868  25.4893  3.5336
100.3690  24.1603  99.9868  25.4893  3.5772
97.6622  23.9027  99.9868  25.4893  3.5310
98.8350  24.6942  99.9868  25.4893  3.5007
100.8080  24.4547  99.9868  25.4893  3.5823
100.5960  26.2944  99.9868  25.4893  3.4557
100.4120  23.9586  99.9868  25.4893  3.6139
98.8783  23.5554  99.9868  25.4893  3.5787
98.3349  25.2175  99.9868  25.4893  3.5818
97.7332  24.3999  99.9868  25.4893  3.4958
97.9699  24.7130  99.9868  25.4893  3.4567
100.5230  25.0541  99.9868  25.4893  3.8001
100.4690  24.5924  99.9868  25.4893  3.8485
99.3404  24.5305  99.9868  25.4893  3.4822
99.0268  23.8963  99.9868  25.4893  3.5151
99.5529  24.2045  99.4300  26.2040  3.5390
98.4849  24.7484  99.4300  26.2040  3.4599
99.6453  24.8769  99.4300  26.2040  3.5132
100.1990  24.7084  99.4300  26.2040  3.5215
100.8160  25.0395  99.4300  26.2040  3.4781
99.9868  25.4893  99.4300  26.2040  3.6864
99.4137  25.2954  99.4300  26.2040  3.7582
100.3200  25.2400  99.4300  26.2040  3.4908
100.1000  25.9100  99.4300  26.2040  3.8331
99.9445  24.3191  99.4300  26.2040  3.4738
100.4900  25.3500  99.4300  26.2040  3.4538
98.2175  24.6619  99.4300  26.2040  3.4618
99.4801  25.0480  99.4300  26.2040  3.4856
98.6668  24.9037  99.4300  26.2040  3.5173
100.8960  25.5945  99.4300  26.2040  3.3548
98.8431  25.1964  99.4300  26.2040  3.4461
100.7810  24.1990  99.4300  26.2040  3.5737
98.5651  24.1350  99.4300  26.2040  3.5476
97.6568  24.6108  99.4300  26.2040  3.4544
98.3382  24.3368  99.4300  26.2040  3.5479
99.0325  24.5549  99.4300  26.2040  3.5987
97.6622  23.9027  99.4300  26.2040  3.5654
100.4990  25.5666  99.4300  26.2040  3.4654
100.5960  26.2944  99.4300  26.2040  3.5388
98.8350  24.6942  99.4300  26.2040  3.5430
100.2940  23.5890  99.4300  26.2040  3.5268
99.1663  24.7523  99.4300  26.2040  3.5991
97.9350  25.1078  99.4300  26.2040  3.4543
97.9699  24.7130  99.4300  26.2040  3.4586
100.5200  25.8500  99.4300  26.2040  3.5314
100.8560  25.9242  99.4300  26.2040  3.4514
98.3349  25.2175  99.4300  26.2040  3.4360
99.0384  24.3221  99.4300  26.2040  3.5693
100.2160  25.0148  99.4300  26.2040  3.5503
98.8634  25.4505  99.4300  26.2040  3.5970
98.5433  25.5117  99.4300  26.2040  3.5095
97.7332  24.3999  99.4300  26.2040  3.4993
99.8799  24.7112  99.4300  26.2040  3.5684
99.3404  24.5305  99.4300  26.2040  3.5268
99.8346  24.9958  99.4300  26.2040  3.5996
99.6235  24.5257  99.4300  26.2040  3.4543
99.0268  23.8963  99.4300  26.2040  3.5248
97.7857  24.1826  99.4300  26.2040  3.5241
100.4120  23.9586  99.4300  26.2040  3.5099
98.8783  23.5554  99.4300  26.2040  3.5685
100.4690  24.5924  99.4300  26.2040  3.5795
99.7242  24.0204  99.4300  26.2040  3.5430
98.0252  24.4972  99.4300  26.2040  3.4747
100.8080  24.4547  99.4300  26.2040  3.5536
100.8990  25.3230  99.4300  26.2040  3.3973
100.7200  24.6420  99.4300  26.2040  3.5319
100.3690  24.1603  99.4300  26.2040  3.5208
100.5230  25.0541  99.4300  26.2040  3.4871
99.5713  23.7032  99.4300  26.2040  3.6181
97.6622  23.9027  99.1663  24.7523  3.5469
99.9445  24.3191  99.1663  24.7523  3.8587
100.8080  24.4547  99.1663  24.7523  3.5569
97.7332  24.3999  99.1663  24.7523  3.8133
98.8783  23.5554  99.1663  24.7523  3.4430
100.4120  23.9586  99.1663  24.7523  3.6081
97.9350  25.1078  99.1663  24.7523  3.4247
100.4690  24.5924  99.1663  24.7523  3.5509
100.7200  24.6420  99.1663  24.7523  3.4123
100.2940  23.5890  99.1663  24.7523  3.5592
100.7810  24.1990  99.1663  24.7523  3.4125
100.8160  25.0395  99.1663  24.7523  3.6566
98.5651  24.1350  99.1663  24.7523  3.8662
100.1990  24.7084  99.1663  24.7523  3.7182
100.3690  24.1603  99.1663  24.7523  3.5547
97.7857  24.1826  99.1663  24.7523  3.7391
97.7857  24.1826  99.6453  24.8769  3.6187
100.7810  24.1990  99.6453  24.8769  3.5970
100.4120  23.9586  99.6453  24.8769  3.7052
97.9699  24.7130  99.6453  24.8769  3.5359
99.0268  23.8963  99.6453  24.8769  3.5754
100.7200  24.6420  99.6453  24.8769  3.5842
98.3382  24.3368  99.6453  24.8769  3.6444
100.3690  24.1603  99.6453  24.8769  3.7542
100.8160  25.0395  99.6453  24.8769  3.7510
100.2940  23.5890  99.6453  24.8769  3.6393
98.8783  23.5554  99.6453  24.8769  3.4265
97.9350  25.1078  99.6453  24.8769  3.4862
100.8080  24.4547  99.6453  24.8769  3.6041
98.2175  24.6619  99.6453  24.8769  3.6198
99.5713  23.7032  99.6453  24.8769  3.5578
98.0252  24.4972  99.6453  24.8769  3.5999
97.6568  24.6108  99.6453  24.8769  3.6343
97.7332  24.3999  99.6453  24.8769  3.5560
97.6622  23.9027  99.6453  24.8769  3.5622
98.5651  24.1350  99.6453  24.8769  3.5632
99.5529  24.2045  97.9350  25.1078  3.4224
98.8783  23.5554  97.9350  25.1078  3.5270
100.2940  23.5890  97.9350  25.1078  3.5583
100.4690  24.5924  97.9350  25.1078  3.6269
98.5651  24.1350  97.9350  25.1078  3.7680
100.7810  24.1990  97.9350  25.1078  3.5037
97.7857  24.1826  97.9350  25.1078  3.7125
99.8799  24.7112  97.9350  25.1078  3.4414
99.0268  23.8963  97.9350  25.1078  3.6134
100.7200  24.6420  97.9350  25.1078  3.5199
100.8160  25.0395  97.9350  25.1078  3.5547
97.6622  23.9027  97.9350  25.1078  3.4077
99.7242  24.0204  97.9350  25.1078  3.4524
100.0910  24.8650  97.9350  25.1078  3.3697
99.9445  24.3191  97.9350  25.1078  3.4661
100.8080  24.4547  97.9350  25.1078  3.4852
100.3690  24.1603  97.9350  25.1078  3.4977
100.4120  23.9586  97.9350  25.1078  3.5127
100.1990  24.7084  97.9350  25.1078  3.4317
100.8160  25.0395  99.0268  23.8963  3.5674
100.7810  24.1990  99.0268  23.8963  3.6254
100.7200  24.6420  99.0268  23.8963  3.5740
100.4120  23.9586  99.0268  23.8963  3.6542
100.8080  24.4547  99.0268  23.8963  3.6828
100.2940  23.5890  99.0268  23.8963  3.5888
99.5529  24.2045  98.8350  24.6942  3.7065
97.7332  24.3999  98.8350  24.6942  3.8783
97.9350  25.1078  98.8350  24.6942  3.6847
97.7857  24.1826  98.8350  24.6942  3.7405
98.8783  23.5554  98.8350  24.6942  3.6054
100.4120  23.9586  98.8350  24.6942  3.4302
97.6568  24.6108  98.8350  24.6942  3.7233
100.3690  24.1603  98.8350  24.6942  3.5416
99.9445  24.3191  98.8350  24.6942  3.6586
100.7810  24.1990  98.8350  24.6942  3.5051
100.1990  24.7084  98.8350  24.6942  3.6147
99.8799  24.7112  98.8350  24.6942  3.7116
97.6622  23.9027  98.8350  24.6942  3.4784
100.7200  24.6420  98.8350  24.6942  3.5099
99.7242  24.0204  98.8350  24.6942  3.5829
100.8080  24.4547  98.8350  24.6942  3.5584
100.8160  25.0395  98.8350  24.6942  3.5655
100.2940  23.5890  98.8350  24.6942  3.5232
99.6235  24.5257  98.8350  24.6942  3.8300
100.0910  24.8650  98.8350  24.6942  3.6974
99.8346  24.9958  98.8350  24.6942  3.7470
99.5713  23.7032  98.8350  24.6942  3.6172
99.0268  23.8963  100.1000  25.9100  3.5422
99.0325  24.5549  100.1000  25.9100  3.4049
98.8350  24.6942  100.1000  25.9100  3.4801
100.3690  24.1603  100.1000  25.9100  3.4992
98.8431  25.1964  100.1000  25.9100  3.4892
100.8080  24.4547  100.1000  25.9100  3.5984
97.6568  24.6108  100.1000  25.9100  3.4716
100.1990  24.7084  100.1000  25.9100  3.5610
99.5529  24.2045  100.1000  25.9100  3.5814
100.4690  24.5924  100.1000  25.9100  3.6109
99.7242  24.0204  100.1000  25.9100  3.6242
97.7332  24.3999  100.1000  25.9100  3.4709
100.7810  24.1990  100.1000  25.9100  3.5766
98.8783  23.5554  100.1000  25.9100  3.5403
100.7200  24.6420  100.1000  25.9100  3.6284
98.3349  25.2175  100.1000  25.9100  3.4654
98.2175  24.6619  100.1000  25.9100  3.4258
98.4849  24.7484  100.1000  25.9100  3.4685
98.8634  25.4505  100.1000  25.9100  3.5575
98.6668  24.9037  100.1000  25.9100  3.4316
97.9350  25.1078  100.1000  25.9100  3.4680
99.5713  23.7032  100.1000  25.9100  3.5288
97.6622  23.9027  100.1000  25.9100  3.5187
97.7857  24.1826  100.1000  25.9100  3.4555
99.6453  24.8769  100.1000  25.9100  3.4629
100.4120  23.9586  100.1000  25.9100  3.5608
99.8799  24.7112  100.1000  25.9100  3.5035
99.8346  24.9958  100.1000  25.9100  3.5653
97.9699  24.7130  100.1000  25.9100  3.5097
99.4801  25.0480  100.1000  25.9100  3.4473
100.8160  25.0395  100.1000  25.9100  3.5636
98.0252  24.4972  100.1000  25.9100  3.4706
98.5651  24.1350  100.1000  25.9100  3.4860
98.3382  24.3368  100.1000  25.9100  3.4799
99.3404  24.5305  100.1000  25.9100  3.4783
100.2940  23.5890  100.1000  25.9100  3.6106
99.2375  25.4847  100.1000  25.9100  3.7909
99.0384  24.3221  100.1000  25.9100  3.4819
98.5433  25.5117  100.1000  25.9100  3.6034
99.9445  24.3191  100.1000  25.9100  3.5477
100.0910  24.8650  100.1000  25.9100  3.6771
99.6235  24.5257  100.1000  25.9100  3.5482
100.3690  24.1603  98.0252  24.4972  3.6352
99.5529  24.2045  98.0252  24.4972  3.5830
100.1990  24.7084  98.0252  24.4972  3.6815
100.7810  24.1990  98.0252  24.4972  3.5817
100.8080  24.4547  98.0252  24.4972  3.6498
99.8799  24.7112  98.0252  24.4972  3.6217
100.8160  25.0395  98.0252  24.4972  3.5646
99.0268  23.8963  98.0252  24.4972  3.6905
100.2940  23.5890  98.0252  24.4972  3.5538
100.4120  23.9586  98.0252  24.4972  3.5486
99.5713  23.7032  98.0252  24.4972  3.4711
99.7242  24.0204  98.0252  24.4972  3.3426
100.7200  24.6420  98.0252  24.4972  3.6136
99.6235  24.5257  100.8960  25.5945  3.4945
99.9445  24.3191  100.8960  25.5945  3.5192
100.2940  23.5890  100.8960  25.5945  3.6038
99.0384  24.3221  100.8960  25.5945  3.5745
98.8634  25.4505  100.8960  25.5945  3.5203
98.2175  24.6619  100.8960  25.5945  3.5226
100.8080  24.4547  100.8960  25.5945  3.5092
99.6453  24.8769  100.8960  25.5945  3.5381
100.7200  24.6420  100.8960  25.5945  3.5926
99.2375  25.4847  100.8960  25.5945  3.5194
98.8350  24.6942  100.8960  25.5945  3.5179
98.3382  24.3368  100.8960  25.5945  3.5904
98.6668  24.9037  100.8960  25.5945  3.5204
100.7810  24.1990  100.8960  25.5945  3.4918
97.9350  25.1078  100.8960  25.5945  3.5403
100.1000  25.9100  100.8960  25.5945  3.6549
98.5651  24.1350  100.8960  25.5945  3.5089
97.6568  24.6108  100.8960  25.5945  3.4738
97.6622  23.9027  100.8960  25.5945  3.5625
98.0252  24.4972  100.8960  25.5945  3.4738
99.0268  23.8963  100.8960  25.5945  3.5061
97.7332  24.3999  100.8960  25.5945  3.5493
99.8346  24.9958  100.8960  25.5945  3.5368
99.5713  23.7032  100.8960  25.5945  3.5494
99.0325  24.5549  100.8960  25.5945  3.4845
99.4801  25.0480  100.8960  25.5945  3.5107
98.8783  23.5554  100.8960  25.5945  3.5163
99.7242  24.0204  100.8960  25.5945  3.5129
99.8799  24.7112  100.8960  25.5945  3.4247
98.4849  24.7484  100.8960  25.5945  3.5276
99.5529  24.2045  100.8960  25.5945  3.4604
98.3349  25.2175  100.8960  25.5945  3.5378
100.4690  24.5924  100.8960  25.5945  3.4684
100.1990  24.7084  100.8960  25.5945  3.4170
100.3690  24.1603  100.8960  25.5945  3.5773
100.4120  23.9586  100.8960  25.5945  3.5945
98.5433  25.5117  100.8960  25.5945  3.5516
100.0910  24.8650  100.8960  25.5945  3.5781
97.9699  24.7130  100.8960  25.5945  3.5478
98.8431  25.1964  100.8960  25.5945  3.5454
97.7857  24.1826  100.8960  25.5945  3.5470
98.8783  23.5554  99.9445  24.3191  3.7986
100.8160  25.0395  99.9445  24.3191  3.5530
100.7200  24.6420  99.7771  25.3419  3.5676
97.9699  24.7130  99.7771  25.3419  3.4660
97.6622  23.9027  99.7771  25.3419  3.5556
98.4849  24.7484  99.7771  25.3419  3.5255
98.8634  25.4505  99.7771  25.3419  3.7001
98.8350  24.6942  99.7771  25.3419  3.5654
98.0252  24.4972  99.7771  25.3419  3.4701
98.5433  25.5117  99.7771  25.3419  3.4691
99.1663  24.7523  99.7771  25.3419  3.7798
99.0384  24.3221  99.7771  25.3419  3.4304
100.3690  24.1603  99.7771  25.3419  3.7809
100.5960  26.2944  99.7771  25.3419  3.3796
100.8990  25.3230  99.7771  25.3419  3.6133
97.7332  24.3999  99.7771  25.3419  3.5045
100.7810  24.1990  99.7771  25.3419  3.6045
99.3404  24.5305  99.7771  25.3419  3.6515
98.5651  24.1350  99.7771  25.3419  3.5182
98.3349  25.2175  99.7771  25.3419  3.5512
100.2940  23.5890  99.7771  25.3419  3.4990
98.3382  24.3368  99.7771  25.3419  3.6602
99.6235  24.5257  99.7771  25.3419  3.8774
100.4690  24.5924  99.7771  25.3419  3.6608
99.5529  24.2045  99.7771  25.3419  3.5156
98.8431  25.1964  99.7771  25.3419  3.7977
97.9350  25.1078  99.7771  25.3419  3.5166
99.0268  23.8963  99.7771  25.3419  3.5551
98.8783  23.5554  99.7771  25.3419  3.5201
100.4120  23.9586  99.7771  25.3419  3.6653
98.6668  24.9037  99.7771  25.3419  3.6066
99.9445  24.3191  99.7771  25.3419  3.7449
97.7857  24.1826  99.7771  25.3419  3.5204
99.5713  23.7032  99.7771  25.3419  3.6144
98.2175  24.6619  99.7771  25.3419  3.5258
100.8080  24.4547  99.7771  25.3419  3.4980
100.5230  25.0541  99.7771  25.3419  3.7915
100.8960  25.5945  99.7771  25.3419  3.7231
100.8160  25.0395  99.7771  25.3419  3.5864
99.5529  24.2045  100.5960  26.2944  3.5106
97.7857  24.1826  100.5960  26.2944  3.4906
100.0910  24.8650  100.5960  26.2944  3.3719
98.3349  25.2175  100.5960  26.2944  3.4300
99.4801  25.0480  100.5960  26.2944  3.4014
99.5713  23.7032  100.5960  26.2944  3.5187
100.8080  24.4547  100.5960  26.2944  3.5281
98.8431  25.1964  100.5960  26.2944  3.4685
99.2375  25.4847  100.5960  26.2944  3.4218
99.6235  24.5257  100.5960  26.2944  3.4909
100.8160  25.0395  100.5960  26.2944  3.5224
99.8799  24.7112  100.5960  26.2944  3.5133
100.3690  24.1603  100.5960  26.2944  3.5596
99.6453  24.8769  100.5960  26.2944  3.4616
98.5651  24.1350  100.5960  26.2944  3.5105
99.7242  24.0204  100.5960  26.2944  3.5634
97.9699  24.7130  100.5960  26.2944  3.4560
99.8346  24.9958  100.5960  26.2944  3.4507
98.6668  24.9037  100.5960  26.2944  3.4275
100.7810  24.1990  100.5960  26.2944  3.5538
98.3382  24.3368  100.5960  26.2944  3.4523
100.2940  23.5890  100.5960  26.2944  3.5793
100.1990  24.7084  100.5960  26.2944  3.5488
97.7332  24.3999  100.5960  26.2944  3.4626
99.1663  24.7523  100.5960  26.2944  3.4529
99.0384  24.3221  100.5960  26.2944  3.4932
98.8350  24.6942  100.5960  26.2944  3.4708
97.6568  24.6108  100.5960  26.2944  3.4528
100.7200  24.6420  100.5960  26.2944  3.4913
99.9445  24.3191  100.5960  26.2944  3.5245
97.6622  23.9027  100.5960  26.2944  3.5238
99.3404  24.5305  100.5960  26.2944  3.4620
100.4120  23.9586  100.5960  26.2944  3.5816
98.8783  23.5554  100.5960  26.2944  3.5654
98.8634  25.4505  100.5960  26.2944  3.4016
98.4849  24.7484  100.5960  26.2944  3.4244
100.4690  24.5924  100.5960  26.2944  3.4856
97.9350  25.1078  100.5960  26.2944  3.4221
98.5433  25.5117  100.5960  26.2944  3.4104
98.0252  24.4972  100.5960  26.2944  3.4976
99.0325  24.5549  100.5960  26.2944  3.4788
99.0268  23.8963  100.5960  26.2944  3.5295
98.2175  24.6619  100.5960  26.2944  3.4476
99.3404  24.5305  100.2160  25.0148  3.7828
98.6668  24.9037  100.2160  25.0148  3.5828
99.1663  24.7523  100.2160  25.0148  3.7836
97.9350  25.1078  100.2160  25.0148  3.4996
99.0325  24.5549  100.2160  25.0148  3.6119
98.8350  24.6942  100.2160  25.0148  3.6660
97.9699  24.7130  100.2160  25.0148  3.6302
98.8431  25.1964  100.2160  25.0148  3.5256
99.0268  23.8963  100.2160  25.0148  3.5358
98.8634  25.4505  100.2160  25.0148  3.4012
98.4849  24.7484  100.2160  25.0148  3.6264
98.5651  24.1350  100.2160  25.0148  3.5124
97.6622  23.9027  100.2160  25.0148  3.5761
99.5713  23.7032  100.2160  25.0148  3.6607
99.2375  25.4847  100.2160  25.0148  3.6198
100.4120  23.9586  100.2160  25.0148  3.8399
97.7332  24.3999  100.2160  25.0148  3.5801
98.2175  24.6619  100.2160  25.0148  3.5734
99.5529  24.2045  100.2160  25.0148  3.5446
98.0252  24.4972  100.2160  25.0148  3.6066
100.8960  25.5945  100.2160  25.0148  3.7618
100.7810  24.1990  100.2160  25.0148  3.7213
97.7857  24.1826  100.2160  25.0148  3.5896
98.8783  23.5554  100.2160  25.0148  3.5640
99.0384  24.3221  100.2160  25.0148  3.6006
98.3382  24.3368  100.2160  25.0148  3.5357
97.6568  24.6108  100.2160  25.0148  3.6557
100.1000  25.9100  100.2160  25.0148  3.8653
98.5433  25.5117  100.2160  25.0148  3.3846
99.7242  24.0204  100.2160  25.0148  3.5446
100.2940  23.5890  100.2160  25.0148  3.5348
100.5960  26.2944  100.2160  25.0148  3.5176
100.8080  24.4547  100.2160  25.0148  3.7494
98.3349  25.2175  100.2160  25.0148  3.4635
100.2940  23.5890  100.8080  24.4547  3.5408
99.5713  23.7032  100.1990  24.7084  3.6545
99.7242  24.0204  100.1990  24.7084  3.8112
100.2940  23.5890  100.1990  24.7084  3.6847
99.0268  23.8963  100.1990  24.7084  3.5397
98.8783  23.5554  100.1990  24.7084  3.6530
100.8080  24.4547  98.3382  24.3368  3.6238
99.7242  24.0204  98.3382  24.3368  3.5066
99.5713  23.7032  98.3382  24.3368  3.5692
99.5529  24.2045  98.3382  24.3368  3.6619
100.2940  23.5890  98.3382  24.3368  3.5357
100.1990  24.7084  98.3382  24.3368  3.6637
99.8799  24.7112  98.3382  24.3368  3.8277
99.9445  24.3191  98.3382  24.3368  3.4585
100.7200  24.6420  98.3382  24.3368  3.5737
100.4120  23.9586  98.3382  24.3368  3.5845
100.8160  25.0395  98.3382  24.3368  3.5425
100.7810  24.1990  98.3382  24.3368  3.6384
100.3690  24.1603  100.1700  26.3600  3.6336
99.4137  25.2954  100.1700  26.3600  3.4331
99.0325  24.5549  100.1700  26.3600  3.4659
100.8560  25.9242  100.1700  26.3600  3.6149
97.9699  24.7130  100.1700  26.3600  3.4096
98.8431  25.1964  100.1700  26.3600  3.3839
99.9868  25.4893  100.1700  26.3600  3.7101
100.4120  23.9586  100.1700  26.3600  3.5623
97.7332  24.3999  100.1700  26.3600  3.4684
99.9445  24.3191  100.1700  26.3600  3.5884
100.2160  25.0148  100.1700  26.3600  3.4185
100.8990  25.3230  100.1700  26.3600  3.5833
99.6235  24.5257  100.1700  26.3600  3.5158
100.8960  25.5945  100.1700  26.3600  3.6541
100.4690  24.5924  100.1700  26.3600  3.5392
99.8346  24.9958  100.1700  26.3600  3.5222
98.0252  24.4972  100.1700  26.3600  3.4737
98.5433  25.5117  100.1700  26.3600  3.3941
99.4801  25.0480  100.1700  26.3600  3.5039
98.8350  24.6942  100.1700  26.3600  3.4407
98.5651  24.1350  100.1700  26.3600  3.5500
99.7242  24.0204  100.1700  26.3600  3.5229
100.2940  23.5890  100.1700  26.3600  3.6261
100.7200  24.6420  100.1700  26.3600  3.4931
99.2375  25.4847  100.1700  26.3600  3.4398
99.6453  24.8769  100.1700  26.3600  3.5948
100.0910  24.8650  100.1700  26.3600  3.3573
98.4849  24.7484  100.1700  26.3600  3.4555
98.6668  24.9037  100.1700  26.3600  3.4851
99.8799  24.7112  100.1700  26.3600  3.6244
99.5529  24.2045  100.1700  26.3600  3.5039
97.6568  24.6108  100.1700  26.3600  3.4249
100.8080  24.4547  100.1700  26.3600  3.4979
99.7280  25.5410  100.1700  26.3600  3.6329
99.4300  26.2040  100.1700  26.3600  3.8130
97.6622  23.9027  100.1700  26.3600  3.5660
97.9350  25.1078  100.1700  26.3600  3.4197
97.7857  24.1826  100.1700  26.3600  3.4959
100.4900  25.3500  100.1700  26.3600  3.6666
100.5230  25.0541  100.1700  26.3600  3.5662
99.0268  23.8963  100.1700  26.3600  3.5141
99.3404  24.5305  100.1700  26.3600  3.5701
98.3349  25.2175  100.1700  26.3600  3.3666
98.8783  23.5554  100.1700  26.3600  3.5161
99.7771  25.3419  100.1700  26.3600  3.4705
100.3200  25.2400  100.1700  26.3600  3.5809
98.8634  25.4505  100.1700  26.3600  3.4204
98.2175  24.6619  100.1700  26.3600  3.4223
99.0384  24.3221  100.1700  26.3600  3.5390
99.4024  25.6322  100.1700  26.3600  3.4752
100.8160  25.0395  98.3349  25.2175  3.5041
100.4690  24.5924  98.3349  25.2175  3.3824
99.8346  24.9958  98.3349  25.2175  3.4611
100.7200  24.6420  98.3349  25.2175  3.4487
99.9445  24.3191  98.3349  25.2175  3.4421
99.8799  24.7112  98.3349  25.2175  3.3626
100.7810  24.1990  98.3349  25.2175  3.4656
99.5713  23.7032  98.3349  25.2175  3.5802
98.5651  24.1350  98.3349  25.2175  3.6584
99.1663  24.7523  98.3349  25.2175  3.5146
99.4801  25.0480  98.3349  25.2175  3.5469
100.3690  24.1603  98.3349  25.2175  3.4829
99.6235  24.5257  98.3349  25.2175  3.5148
100.1990  24.7084  98.3349  25.2175  3.4498
97.7857  24.1826  98.3349  25.2175  3.5521
100.8080  24.4547  98.3349  25.2175  3.4440
97.6622  23.9027  98.3349  25.2175  3.5463
99.0384  24.3221  98.3349  25.2175  3.8150
98.3382  24.3368  98.3349  25.2175  3.8199
99.0325  24.5549  98.3349  25.2175  3.7786
99.5529  24.2045  98.3349  25.2175  3.5042
99.6453  24.8769  98.3349  25.2175  3.4281
97.7332  24.3999  98.3349  25.2175  3.6173
99.2375  25.4847  98.3349  25.2175  3.8021
98.8783  23.5554  98.3349  25.2175  3.4849
99.3404  24.5305  98.3349  25.2175  3.5356
100.4120  23.9586  98.3349  25.2175  3.5100
99.7242  24.0204  98.3349  25.2175  3.5373
99.0268  23.8963  98.3349  25.2175  3.6219
100.7200  24.6420  98.2175  24.6619  3.5870
100.8160  25.0395  98.2175  24.6619  3.5800
99.9445  24.3191  98.2175  24.6619  3.4598
100.4690  24.5924  98.2175  24.6619  3.5806
99.5713  23.7032  98.2175  24.6619  3.5334
100.0910  24.8650  98.2175  24.6619  3.4526
99.7242  24.0204  98.2175  24.6619  3.4499
99.8799  24.7112  98.2175  24.6619  3.5681
100.8080  24.4547  98.2175  24.6619  3.5861
99.5529  24.2045  98.2175  24.6619  3.4580
98.8783  23.5554  98.2175  24.6619  3.6702
97.6622  23.9027  98.2175  24.6619  3.6642
100.2940  23.5890  98.2175  24.6619  3.5312
100.3690  24.1603  98.2175  24.6619  3.5116
100.4120  23.9586  98.2175  24.6619  3.5009
100.1990  24.7084  98.2175  24.6619  3.6208
99.0268  23.8963  98.2175  24.6619  3.7805
100.7810  24.1990  98.2175  24.6619  3.5402
98.8350  24.6942  100.4900  25.3500  3.4848
98.4849  24.7484  100.4900  25.3500  3.5425
98.3349  25.2175  100.4900  25.3500  3.5493
98.8431  25.1964  100.4900  25.3500  3.5589
98.3382  24.3368  100.4900  25.3500  3.5223
99.5713  23.7032  100.4900  25.3500  3.5120
99.6453  24.8769  100.4900  25.3500  3.8083
97.9699  24.7130  100.4900  25.3500  3.5707
99.2375  25.4847  100.4900  25.3500  3.5397
100.3690  24.1603  100.4900  25.3500  3.5582
99.6235  24.5257  100.4900  25.3500  3.4705
97.9350  25.1078  100.4900  25.3500  3.5007
98.5651  24.1350  100.4900  25.3500  3.5050
97.6622  23.9027  100.4900  25.3500  3.5931
99.4801  25.0480  100.4900  25.3500  3.7440
97.6568  24.6108  100.4900  25.3500  3.4988
99.9445  24.3191  100.4900  25.3500  3.4252
99.8799  24.7112  100.4900  25.3500  3.6866
97.7332  24.3999  100.4900  25.3500  3.5071
99.0268  23.8963  100.4900  25.3500  3.5157
98.2175  24.6619  100.4900  25.3500  3.5337
98.5433  25.5117  100.4900  25.3500  3.4731
100.2940  23.5890  100.4900  25.3500  3.6145
98.8783  23.5554  100.4900  25.3500  3.5732
98.6668  24.9037  100.4900  25.3500  3.5354
99.5529  24.2045  100.4900  25.3500  3.4680
99.0384  24.3221  100.4900  25.3500  3.5238
100.7810  24.1990  100.4900  25.3500  3.7851
98.0252  24.4972  100.4900  25.3500  3.5641
99.1663  24.7523  100.4900  25.3500  3.6029
100.4120  23.9586  100.4900  25.3500  3.5378
99.0325  24.5549  100.4900  25.3500  3.4888
98.8634  25.4505  100.4900  25.3500  3.4836
99.3404  24.5305  100.4900  25.3500  3.5382
97.7857  24.1826  100.4900  25.3500  3.5676
100.5960  26.2944  100.4900  25.3500  3.6330
99.7242  24.0204  100.4900  25.3500  3.5004
100.2940  23.5890  100.7200  24.6420  3.5690
100.7200  24.6420  99.0384  24.3221  3.6798
100.1990  24.7084  99.0384  24.3221  3.7706
100.8160  25.0395  99.0384  24.3221  3.5643
100.3690  24.1603  99.0384  24.3221  3.6244
100.4120  23.9586  99.0384  24.3221  3.5612
97.7332  24.3999  99.0384  24.3221  3.7858
99.8346  24.9958  99.0384  24.3221  3.6484
97.7857  24.1826  99.0384  24.3221  3.7927
99.4801  25.0480  99.0384  24.3221  3.8618
97.9350  25.1078  99.0384  24.3221  3.5011
100.8080  24.4547  99.0384  24.3221  3.6193
100.2940  23.5890  99.0384  24.3221  3.5174
97.9699  24.7130  99.0384  24.3221  3.5836
100.7810  24.1990  99.0384  24.3221  3.5052
100.0910  24.8650  99.0384  24.3221  3.6715
99.3404  24.5305  98.8863  26.3578  3.3435
99.4801  25.0480  98.8863  26.3578  3.4984
98.2175  24.6619  98.8863  26.3578  3.5343
97.7857  24.1826  98.8863  26.3578  3.5275
98.8431  25.1964  98.8863  26.3578  3.3201
99.4024  25.6322  98.8863  26.3578  3.8174
99.6453  24.8769  98.8863  26.3578  3.5007
100.5960  26.2944  98.8863  26.3578  3.4272
100.5200  25.8500  98.8863  26.3578  3.4533
100.4990  25.5666  98.8863  26.3578  3.3052
100.8560  25.9242  98.8863  26.3578  3.4047
99.1663  24.7523  98.8863  26.3578  3.6433
99.7242  24.0204  98.8863  26.3578  3.4433
99.5713  23.7032  98.8863  26.3578  3.6446
100.3690  24.1603  98.8863  26.3578  3.6396
99.0384  24.3221  98.8863  26.3578  3.6205
98.3382  24.3368  98.8863  26.3578  3.5660
99.9868  25.4893  98.8863  26.3578  3.4125
98.6668  24.9037  98.8863  26.3578  3.4271
98.8783  23.5554  98.8863  26.3578  3.6248
100.8990  25.3230  98.8863  26.3578  3.3542
100.7200  24.6420  98.8863  26.3578  3.4822
99.5529  24.2045  98.8863  26.3578  3.4282
99.9445  24.3191  98.8863  26.3578  3.5058
98.8634  25.4505  98.8863  26.3578  3.6962
98.0252  24.4972  98.8863  26.3578  3.5198
100.2520  26.1294  98.8863  26.3578  3.4459
100.4900  25.3500  98.8863  26.3578  3.3525
98.8350  24.6942  98.8863  26.3578  3.5874
100.1000  25.9100  98.8863  26.3578  3.4784
98.5433  25.5117  98.8863  26.3578  3.6416
99.0268  23.8963  98.8863  26.3578  3.5926
100.2940  23.5890  98.8863  26.3578  3.6124
100.8160  25.0395  98.8863  26.3578  3.4576
100.8960  25.5945  98.8863  26.3578  3.3075
99.4137  25.2954  98.8863  26.3578  3.6469
99.7771  25.3419  98.8863  26.3578  3.4767
99.8316  25.8146  98.8863  26.3578  3.4889
98.5651  24.1350  98.8863  26.3578  3.6138
100.4120  23.9586  98.8863  26.3578  3.5447
99.7280  25.5410  98.8863  26.3578  3.4861
100.1990  24.7084  98.8863  26.3578  3.5459
100.2160  25.0148  98.8863  26.3578  3.4706
100.7810  24.1990  98.8863  26.3578  3.5679
97.7332  24.3999  98.8863  26.3578  3.5920
100.8080  24.4547  98.8863  26.3578  3.5198
100.5230  25.0541  98.8863  26.3578  3.4666
100.1700  26.3600  98.8863  26.3578  3.7466
99.8799  24.7112  98.8863  26.3578  3.5905
97.9350  25.1078  98.8863  26.3578  3.4085
99.0325  24.5549  98.8863  26.3578  3.4287
99.6235  24.5257  98.8863  26.3578  3.4308
99.8346  24.9958  98.8863  26.3578  3.5363
100.3200  25.2400  98.8863  26.3578  3.4426
97.6568  24.6108  98.8863  26.3578  3.5833
98.6668  24.9037  100.3200  25.2400  3.7036
99.6235  24.5257  100.3200  25.2400  3.6218
100.8080  24.4547  100.3200  25.2400  3.8163
98.5651  24.1350  100.3200  25.2400  3.5248
98.3382  24.3368  100.3200  25.2400  3.5173
98.5433  25.5117  100.3200  25.2400  3.3651
99.0268  23.8963  100.3200  25.2400  3.5355
97.7857  24.1826  100.3200  25.2400  3.5177
99.1663  24.7523  100.3200  25.2400  3.6045
98.8783  23.5554  100.3200  25.2400  3.5297
99.9445  24.3191  100.3200  25.2400  3.5631
100.4120  23.9586  100.3200  25.2400  3.5515
100.5960  26.2944  100.3200  25.2400  3.4996
98.3349  25.2175  100.3200  25.2400  3.5251
99.0384  24.3221  100.3200  25.2400  3.4679
97.6622  23.9027  100.3200  25.2400  3.5677
97.9350  25.1078  100.3200  25.2400  3.5402
97.6568  24.6108  100.3200  25.2400  3.5551
99.5529  24.2045  100.3200  25.2400  3.4697
98.8634  25.4505  100.3200  25.2400  3.4410
99.7242  24.0204  100.3200  25.2400  3.5718
98.2175  24.6619  100.3200  25.2400  3.5621
99.0325  24.5549  100.3200  25.2400  3.5313
99.5713  23.7032  100.3200  25.2400  3.6052
98.4849  24.7484  100.3200  25.2400  3.5482
98.8431  25.1964  100.3200  25.2400  3.5430
99.3404  24.5305  100.3200  25.2400  3.5037
98.0252  24.4972  100.3200  25.2400  3.5573
100.2940  23.5890  100.3200  25.2400  3.6014
97.9699  24.7130  100.3200  25.2400  3.5690
99.2375  25.4847  100.3200  25.2400  3.5678
97.7332  24.3999  100.3200  25.2400  3.5294
98.8350  24.6942  100.3200  25.2400  3.5442
100.7810  24.1990  100.3200  25.2400  3.7418
100.3690  24.1603  100.3200  25.2400  3.6847
100.7810  24.1990  100.5200  25.8500  3.5107
100.3690  24.1603  100.5200  25.8500  3.6187
98.5651  24.1350  100.5200  25.8500  3.4842
99.3404  24.5305  100.5200  25.8500  3.4606
99.7242  24.0204  100.5200  25.8500  3.5457
98.8783  23.5554  100.5200  25.8500  3.6401
99.0325  24.5549  100.5200  25.8500  3.4712
98.0252  24.4972  100.5200  25.8500  3.5170
99.4801  25.0480  100.5200  25.8500  3.4990
99.1663  24.7523  100.5200  25.8500  3.4400
100.8080  24.4547  100.5200  25.8500  3.5359
99.0384  24.3221  100.5200  25.8500  3.5134
97.6622  23.9027  100.5200  25.8500  3.4669
99.5713  23.7032  100.5200  25.8500  3.6000
99.9445  24.3191  100.5200  25.8500  3.5576
98.8431  25.1964  100.5200  25.8500  3.4059
99.8799  24.7112  100.5200  25.8500  3.4398
97.7332  24.3999  100.5200  25.8500  3.4843
100.4120  23.9586  100.5200  25.8500  3.5911
100.1990  24.7084  100.5200  25.8500  3.4967
100.0910  24.8650  100.5200  25.8500  3.5314
100.2940  23.5890  100.5200  25.8500  3.5724
98.8350  24.6942  100.5200  25.8500  3.4773
100.2160  25.0148  100.5200  25.8500  3.6181
97.9350  25.1078  100.5200  25.8500  3.4787
99.2375  25.4847  100.5200  25.8500  3.5684
98.3382  24.3368  100.5200  25.8500  3.4704
100.7200  24.6420  100.5200  25.8500  3.5850
100.4690  24.5924  100.5200  25.8500  3.5279
98.3349  25.2175  100.5200  25.8500  3.4717
99.6453  24.8769  100.5200  25.8500  3.4115
99.4137  25.2954  100.5200  25.8500  3.5127
97.9699  24.7130  100.5200  25.8500  3.4312
98.5433  25.5117  100.5200  25.8500  3.4821
98.8634  25.4505  100.5200  25.8500  3.6002
99.6235  24.5257  100.5200  25.8500  3.4475
98.2175  24.6619  100.5200  25.8500  3.4916
99.0268  23.8963  100.5200  25.8500  3.5379
97.7857  24.1826  100.5200  25.8500  3.5627
97.6568  24.6108  100.5200  25.8500  3.4952
99.5529  24.2045  100.5200  25.8500  3.4921
99.8346  24.9958  100.5200  25.8500  3.4409
98.4849  24.7484  100.5200  25.8500  3.4960
99.5713  23.7032  99.8799  24.7112  3.7106
100.2940  23.5890  99.8799  24.7112  3.7261
99.0268  23.8963  99.8799  24.7112  3.5080
100.8080  24.4547  99.8799  24.7112  3.7784
100.8160  25.0395  99.8799  24.7112  3.8715
98.8783  23.5554  99.8799  24.7112  3.5128
100.7810  24.1990  99.8799  24.7112  3.7392
97.7857  24.1826  100.2520  26.1294  3.4848
99.0384  24.3221  100.2520  26.1294  3.5295
100.8960  25.5945  100.2520  26.1294  3.6140
97.7332  24.3999  100.2520  26.1294  3.4684
99.1663  24.7523  100.2520  26.1294  3.4054
99.0268  23.8963  100.2520  26.1294  3.5287
100.8160  25.0395  100.2520  26.1294  3.6261
99.7242  24.0204  100.2520  26.1294  3.5281
98.2175  24.6619  100.2520  26.1294  3.4386
100.7810  24.1990  100.2520  26.1294  3.5382
98.4849  24.7484  100.2520  26.1294  3.4486
100.5230  25.0541  100.2520  26.1294  3.6789
100.8080  24.4547  100.2520  26.1294  3.5289
97.6622  23.9027  100.2520  26.1294  3.5196
99.7280  25.5410  100.2520  26.1294  3.8102
99.6453  24.8769  100.2520  26.1294  3.4957
99.4137  25.2954  100.2520  26.1294  3.3992
99.3404  24.5305  100.2520  26.1294  3.4915
100.2940  23.5890  100.2520  26.1294  3.6369
100.2160  25.0148  100.2520  26.1294  3.5700
98.8783  23.5554  100.2520  26.1294  3.5875
98.6668  24.9037  100.2520  26.1294  3.3856
100.3200  25.2400  100.2520  26.1294  3.8291
98.8350  24.6942  100.2520  26.1294  3.4564
99.5529  24.2045  100.2520  26.1294  3.5278
100.3690  24.1603  100.2520  26.1294  3.5777
97.9699  24.7130  100.2520  26.1294  3.4204
99.4300  26.2040  100.2520  26.1294  3.6833
100.0910  24.8650  100.2520  26.1294  3.3873
99.8799  24.7112  100.2520  26.1294  3.5585
100.1990  24.7084  100.2520  26.1294  3.5357
98.5651  24.1350  100.2520  26.1294  3.5103
100.4120  23.9586  100.2520  26.1294  3.5968
99.9445  24.3191  100.2520  26.1294  3.5779
99.4024  25.6322  100.2520  26.1294  3.6078
98.0252  24.4972  100.2520  26.1294  3.4552
99.2375  25.4847  100.2520  26.1294  3.5118
100.7200  24.6420  100.2520  26.1294  3.6103
99.8346  24.9958  100.2520  26.1294  3.4749
99.0325  24.5549  100.2520  26.1294  3.4653
98.8634  25.4505  100.2520  26.1294  3.5002
99.6235  24.5257  100.2520  26.1294  3.5475
100.4690  24.5924  100.2520  26.1294  3.4522
97.9350  25.1078  100.2520  26.1294  3.4421
99.5713  23.7032  100.2520  26.1294  3.5173
99.7771  25.3419  100.2520  26.1294  3.5516
99.4801  25.0480  100.2520  26.1294  3.4067
98.5433  25.5117  100.2520  26.1294  3.4581
98.3382  24.3368  100.2520  26.1294  3.5077
97.6568  24.6108  100.2520  26.1294  3.4612
100.8990  25.3230  100.2520  26.1294  3.6024
98.8431  25.1964  100.2520  26.1294  3.4538
98.3349  25.2175  100.2520  26.1294  3.4558
99.4801  25.0480  98.5433  25.5117  3.6321
100.8080  24.4547  98.5433  25.5117  3.4612
99.7242  24.0204  98.5433  25.5117  3.5814
99.0268  23.8963  98.5433  25.5117  3.4549
99.8346  24.9958  98.5433  25.5117  3.4236
99.5713  23.7032  98.5433  25.5117  3.5375
99.8799  24.7112  98.5433  25.5117  3.4807
99.0384  24.3221  98.5433  25.5117  3.6438
99.6453  24.8769  98.5433  25.5117  3.5733
97.9699  24.7130  98.5433  25.5117  3.7756
100.7810  24.1990  98.5433  25.5117  3.4622
99.3404  24.5305  98.5433  25.5117  3.7465
97.7332  24.3999  98.5433  25.5117  3.5948
98.3382  24.3368  98.5433  25.5117  3.3504
100.8160  25.0395  98.5433  25.5117  3.4410
99.5529  24.2045  98.5433  25.5117  3.5988
99.0325  24.5549  98.5433  25.5117  3.6545
97.6622  23.9027  98.5433  25.5117  3.4687
98.0252  24.4972  98.5433  25.5117  3.5283
99.9445  24.3191  98.5433  25.5117  3.4838
100.1990  24.7084  98.5433  25.5117  3.4125
100.7200  24.6420  98.5433  25.5117  3.4398
100.0910  24.8650  98.5433  25.5117  3.4269
99.6235  24.5257  98.5433  25.5117  3.5057
100.2940  23.5890  98.5433  25.5117  3.6101
100.3690  24.1603  98.5433  25.5117  3.4971
99.1663  24.7523  98.5433  25.5117  3.8542
98.8783  23.5554  98.5433  25.5117  3.6400
98.5651  24.1350  98.5433  25.5117  3.4710
98.2175  24.6619  98.5433  25.5117  3.6303
100.8160  25.0395  99.0325  24.5549  3.5891
100.0910  24.8650  99.0325  24.5549  3.8832
100.3690  24.1603  99.0325  24.5549  3.5664
100.1990  24.7084  99.0325  24.5549  3.7271
100.2940  23.5890  99.0325  24.5549  3.5878
97.7332  24.3999  99.0325  24.5549  3.8065
97.6622  23.9027  99.0325  24.5549  3.5327
98.8783  23.5554  99.0325  24.5549  3.7364
97.9350  25.1078  99.0325  24.5549  3.4537
97.6568  24.6108  99.0325  24.5549  3.5683
99.9445  24.3191  99.0325  24.5549  3.8516
97.9699  24.7130  99.0325  24.5549  3.8452
100.4120  23.9586  99.0325  24.5549  3.4481
100.8080  24.4547  99.0325  24.5549  3.5108
100.7200  24.6420  99.0325  24.5549  3.5483
100.7810  24.1990  99.0325  24.5549  3.5000
100.4690  24.5924  99.0325  24.5549  3.7029
97.7857  24.1826  99.0325  24.5549  3.6886
99.9445  24.3191  99.1301  26.2006  3.5482
99.8316  25.8146  99.1301  26.2006  3.8057
100.4900  25.3500  99.1301  26.2006  3.4098
100.8560  25.9242  99.1301  26.2006  3.2944
100.7200  24.6420  99.1301  26.2006  3.4501
97.6568  24.6108  99.1301  26.2006  3.6279
100.4990  25.5666  99.1301  26.2006  3.4101
99.4801  25.0480  99.1301  26.2006  3.4645
97.6622  23.9027  99.1301  26.2006  3.5917
100.7810  24.1990  99.1301  26.2006  3.5655
100.5960  26.2944  99.1301  26.2006  3.4577
99.7280  25.5410  99.1301  26.2006  3.6981
98.4849  24.7484  99.1301  26.2006  3.4423
99.1663  24.7523  99.1301  26.2006  3.4995
97.9699  24.7130  99.1301  26.2006  3.3291
100.1990  24.7084  99.1301  26.2006  3.5819
98.6668  24.9037  99.1301  26.2006  3.6073
99.8346  24.9958  99.1301  26.2006  3.5649
100.5200  25.8500  99.1301  26.2006  3.3299
100.2160  25.0148  99.1301  26.2006  3.5058
99.6453  24.8769  99.1301  26.2006  3.6429
100.8960  25.5945  99.1301  26.2006  3.4207
98.2175  24.6619  99.1301  26.2006  3.4845
99.0325  24.5549  99.1301  26.2006  3.4301
99.5529  24.2045  99.1301  26.2006  3.5541
100.8160  25.0395  99.1301  26.2006  3.4474
99.7242  24.0204  99.1301  26.2006  3.5987
98.5651  24.1350  99.1301  26.2006  3.4000
99.7771  25.3419  99.1301  26.2006  3.6547
98.8431  25.1964  99.1301  26.2006  3.4631
98.8350  24.6942  99.1301  26.2006  3.7845
99.5713  23.7032  99.1301  26.2006  3.7063
100.8080  24.4547  99.1301  26.2006  3.4616
97.9350  25.1078  99.1301  26.2006  3.5162
100.1000  25.9100  99.1301  26.2006  3.6545
98.5433  25.5117  99.1301  26.2006  3.8309
100.4120  23.9586  99.1301  26.2006  3.5489
100.3690  24.1603  99.1301  26.2006  3.5765
100.5230  25.0541  99.1301  26.2006  3.4329
100.8990  25.3230  99.1301  26.2006  3.4303
99.8799  24.7112  99.1301  26.2006  3.4229
98.3382  24.3368  99.1301  26.2006  3.4488
100.4690  24.5924  99.1301  26.2006  3.5003
99.4137  25.2954  99.1301  26.2006  3.7305
100.2520  26.1294  99.1301  26.2006  3.5050
99.9868  25.4893  99.1301  26.2006  3.4543
99.0384  24.3221  99.1301  26.2006  3.4573
99.0268  23.8963  99.1301  26.2006  3.6145
97.7857  24.1826  99.1301  26.2006  3.4814
97.9699  24.7130  99.6235  24.5257  3.4394
97.7332  24.3999  99.6235  24.5257  3.6324
100.7810  24.1990  99.6235  24.5257  3.5920
100.2940  23.5890  99.6235  24.5257  3.7947
98.8783  23.5554  99.6235  24.5257  3.5548
98.2175  24.6619  99.6235  24.5257  3.5901
98.3382  24.3368  99.6235  24.5257  3.7896
98.5651  24.1350  99.6235  24.5257  3.7447
100.8160  25.0395  99.6235  24.5257  3.6494
97.7857  24.1826  99.6235  24.5257  3.6186
97.9350  25.1078  99.6235  24.5257  3.3819
97.6622  23.9027  99.6235  24.5257  3.6552
100.4120  23.9586  99.6235  24.5257  3.7678
100.7200  24.6420  99.6235  24.5257  3.7721
97.6568  24.6108  99.6235  24.5257  3.5548
100.8080  24.4547  99.6235  24.5257  3.6326
99.7280  25.5410  100.8560  25.9242  3.6251
99.4801  25.0480  100.8560  25.9242  3.4324
100.8160  25.0395  100.8560  25.9242  3.7578
97.7857  24.1826  100.8560  25.9242  3.5468
99.9868  25.4893  100.8560  25.9242  3.8062
99.1663  24.7523  100.8560  25.9242  3.5858
100.2160  25.0148  100.8560  25.9242  3.3617
98.8783  23.5554  100.8560  25.9242  3.5816
97.9350  25.1078  100.8560  25.9242  3.4667
99.0325  24.5549  100.8560  25.9242  3.4848
99.2375  25.4847  100.8560  25.9242  3.5816
100.0910  24.8650  100.8560  25.9242  3.8163
98.8634  25.4505  100.8560  25.9242  3.5298
97.6622  23.9027  100.8560  25.9242  3.5144
98.8350  24.6942  100.8560  25.9242  3.4397
98.0252  24.4972  100.8560  25.9242  3.4899
99.4137  25.2954  100.8560  25.9242  3.4371
99.5529  24.2045  100.8560  25.9242  3.4754
98.4849  24.7484  100.8560  25.9242  3.4824
99.6235  24.5257  100.8560  25.9242  3.4227
100.1990  24.7084  100.8560  25.9242  3.4307
98.5651  24.1350  100.8560  25.9242  3.4752
98.5433  25.5117  100.8560  25.9242  3.5530
100.4120  23.9586  100.8560  25.9242  3.5622
99.8799  24.7112  100.8560  25.9242  3.5301
99.0268  23.8963  100.8560  25.9242  3.5385
99.9445  24.3191  100.8560  25.9242  3.4856
100.5230  25.0541  100.8560  25.9242  3.5487
100.3200  25.2400  100.8560  25.9242  3.5893
100.7200  24.6420  100.8560  25.9242  3.4553
100.2940  23.5890  100.8560  25.9242  3.5131
97.6568  24.6108  100.8560  25.9242  3.5411
98.6668  24.9037  100.8560  25.9242  3.5212
100.3690  24.1603  100.8560  25.9242  3.4709
98.3382  24.3368  100.8560  25.9242  3.4714
99.7771  25.3419  100.8560  25.9242  3.5457
98.2175  24.6619  100.8560  25.9242  3.5052
99.0384  24.3221  100.8560  25.9242  3.5172
99.8346  24.9958  100.8560  25.9242  3.3928
100.8080  24.4547  100.8560  25.9242  3.5017
99.8316  25.8146  100.8560  25.9242  3.7593
100.7810  24.1990  100.8560  25.9242  3.5018
97.9699  24.7130  100.8560  25.9242  3.4385
99.6453  24.8769  100.8560  25.9242  3.4188
98.3349  25.2175  100.8560  25.9242  3.4784
99.7242  24.0204  100.8560  25.9242  3.5072
98.3382  24.3368  99.3404  24.5305  3.8814
98.0252  24.4972  99.3404  24.5305  3.8868
100.7810  24.1990  99.3404  24.5305  3.5393
100.3690  24.1603  99.3404  24.5305  3.6674
100.7200  24.6420  99.3404  24.5305  3.5901
97.9699  24.7130  99.3404  24.5305  3.6574
100.4690  24.5924  99.3404  24.5305  3.7339
100.4120  23.9586  99.3404  24.5305  3.6067
100.2940  23.5890  99.3404  24.5305  3.6392
98.8783  23.5554  99.3404  24.5305  3.6902
97.6622  23.9027  99.3404  24.5305  3.7036
97.7857  24.1826  99.3404  24.5305  3.7248
100.8080  24.4547  99.3404  24.5305  3.5663
97.9350  25.1078  99.3404  24.5305  3.5175
100.8160  25.0395  99.3404  24.5305  3.5908
98.2175  24.6619  99.3404  24.5305  3.6969
100.8080  24.4547  98.4849  24.7484  3.5351
100.1990  24.7084  98.4849  24.7484  3.5575
99.5529  24.2045  98.4849  24.7484  3.5871
99.9445  24.3191  98.4849  24.7484  3.4354
99.7242  24.0204  98.4849  24.7484  3.5573
100.7200  24.6420  98.4849  24.7484  3.5488
99.0268  23.8963  98.4849  24.7484  3.8498
99.8799  24.7112  98.4849  24.7484  3.5993
100.7810  24.1990  98.4849  24.7484  3.5007
99.6235  24.5257  98.4849  24.7484  3.5843
100.4120  23.9586  98.4849  24.7484  3.4861
99.5713  23.7032  98.4849  24.7484  3.5659
99.4801  25.0480  98.4849  24.7484  3.8060
99.3404  24.5305  98.4849  24.7484  3.8859
100.3690  24.1603  98.4849  24.7484  3.4741
100.4690  24.5924  98.4849  24.7484  3.5338
100.0910  24.8650  98.4849  24.7484  3.4284
99.8346  24.9958  98.4849  24.7484  3.6272
98.8783  23.5554  98.4849  24.7484  3.6626
97.6622  23.9027  98.4849  24.7484  3.5665
99.6453  24.8769  98.4849  24.7484  3.7098
100.8160  25.0395  98.4849  24.7484  3.5745
100.2940  23.5890  98.4849  24.7484  3.5425
99.2375  25.4847  98.4849  24.7484  3.5703
97.6622  23.9027  98.6668  24.9037  3.4945
100.1990  24.7084  98.6668  24.9037  3.5584
100.7810  24.1990  98.6668  24.9037  3.4566
99.7242  24.0204  98.6668  24.9037  3.4286
99.0268  23.8963  98.6668  24.9037  3.8108
100.4120  23.9586  98.6668  24.9037  3.4958
100.8160  25.0395  98.6668  24.9037  3.6079
99.9445  24.3191  98.6668  24.9037  3.3550
100.8080  24.4547  98.6668  24.9037  3.4973
99.5529  24.2045  98.6668  24.9037  3.7457
99.6235  24.5257  98.6668  24.9037  3.7859
97.7857  24.1826  98.6668  24.9037  3.5399
99.8346  24.9958  98.6668  24.9037  3.7908
97.7332  24.3999  98.6668  24.9037  3.5702
100.7200  24.6420  98.6668  24.9037  3.4908
99.8799  24.7112  98.6668  24.9037  3.4882
100.3690  24.1603  98.6668  24.9037  3.3832
100.2940  23.5890  98.6668  24.9037  3.5531
99.5713  23.7032  98.6668  24.9037  3.7151
100.4690  24.5924  98.6668  24.9037  3.7346
99.6453  24.8769  98.6668  24.9037  3.7656
99.7242  24.0204  100.0910  24.8650  3.7614
100.2940  23.5890  100.0910  24.8650  3.8543
100.8080  24.4547  100.0910  24.8650  3.7937
99.0268  23.8963  100.0910  24.8650  3.5067
100.8160  25.0395  100.3690  24.1603  3.5925
99.0268  23.8963  100.3690  24.1603  3.7280
98.8783  23.5554  100.3690  24.1603  3.8569
99.0268  23.8963  100.4690  24.5924  3.5891
99.5713  23.7032  100.4690  24.5924  3.4341
99.7242  24.0204  100.4690  24.5924  3.8414
98.3349  25.2175  99.4024  25.6322  3.5640
99.5529  24.2045  99.4024  25.6322  3.4897
100.8960  25.5945  99.4024  25.6322  3.4920
99.7242  24.0204  99.4024  25.6322  3.5644
100.4900  25.3500  99.4024  25.6322  3.4857
97.9350  25.1078  99.4024  25.6322  3.5229
100.4120  23.9586  99.4024  25.6322  3.6047
99.6235  24.5257  99.4024  25.6322  3.6757
98.2175  24.6619  99.4024  25.6322  3.5007
98.5433  25.5117  99.4024  25.6322  3.7625
100.7200  24.6420  99.4024  25.6322  3.4851
100.5200  25.8500  99.4024  25.6322  3.6551
98.4849  24.7484  99.4024  25.6322  3.4779
100.7810  24.1990  99.4024  25.6322  3.5492
100.8160  25.0395  99.4024  25.6322  3.3979
100.2940  23.5890  99.4024  25.6322  3.5480
100.3200  25.2400  99.4024  25.6322  3.5324
100.1990  24.7084  99.4024  25.6322  3.5978
100.8560  25.9242  99.4024  25.6322  3.6142
100.8080  24.4547  99.4024  25.6322  3.5127
98.8783  23.5554  99.4024  25.6322  3.5336
100.8990  25.3230  99.4024  25.6322  3.4173
97.7332  24.3999  99.4024  25.6322  3.4401
100.5960  26.2944  99.4024  25.6322  3.4823
99.1663  24.7523  99.4024  25.6322  3.7119
99.0325  24.5549  99.4024  25.6322  3.5153
99.9445  24.3191  99.4024  25.6322  3.6630
99.5713  23.7032  99.4024  25.6322  3.5905
97.7857  24.1826  99.4024  25.6322  3.4850
100.3690  24.1603  99.4024  25.6322  3.6188
97.6568  24.6108  99.4024  25.6322  3.4604
97.6622  23.9027  99.4024  25.6322  3.5047
97.9699  24.7130  99.4024  25.6322  3.3636
99.0268  23.8963  99.4024  25.6322  3.6440
100.4990  25.5666  99.4024  25.6322  3.5582
100.4690  24.5924  99.4024  25.6322  3.4390
98.8350  24.6942  99.4024  25.6322  3.5195
99.0384  24.3221  99.4024  25.6322  3.5785
100.5230  25.0541  99.4024  25.6322  3.4355
100.0910  24.8650  99.4024  25.6322  3.6587
98.0252  24.4972  99.4024  25.6322  3.4897
98.5651  24.1350  99.4024  25.6322  3.5214
99.8799  24.7112  99.4024  25.6322  3.7728
99.3404  24.5305  99.4024  25.6322  3.6068
98.3382  24.3368  99.4024  25.6322  3.5107
100.2160  25.0148  99.4024  25.6322  3.5077
98.6668  24.9037  99.4024  25.6322  3.5760
100.8080  24.4547  98.8783  23.5554  3.6067
100.7200  24.6420  98.8783  23.5554  3.5452
100.7810  24.1990  98.8783  23.5554  3.5699
100.8160  25.0395  98.8783  23.5554  3.5507
98.5651  24.1350  99.2375  25.4847  3.4948
97.6622  23.9027  99.2375  25.4847  3.5248
100.7200  24.6420  99.2375  25.4847  3.4557
98.0252  24.4972  99.2375  25.4847  3.5356
97.7857  24.1826  99.2375  25.4847  3.4545
99.5713  23.7032  99.2375  25.4847  3.6471
99.0384  24.3221  99.2375  25.4847  3.5159
100.3690  24.1603  99.2375  25.4847  3.5782
99.9445  24.3191  99.2375  25.4847  3.6507
100.4120  23.9586  99.2375  25.4847  3.6193
99.8799  24.7112  99.2375  25.4847  3.7434
100.0910  24.8650  99.2375  25.4847  3.5872
100.1990  24.7084  99.2375  25.4847  3.5243
100.4690  24.5924  99.2375  25.4847  3.4788
97.9699  24.7130  99.2375  25.4847  3.3935
100.7810  24.1990  99.2375  25.4847  3.5126
99.0268  23.8963  99.2375  25.4847  3.5785
98.8350  24.6942  99.2375  25.4847  3.7331
97.7332  24.3999  99.2375  25.4847  3.4493
98.2175  24.6619  99.2375  25.4847  3.5139
98.8783  23.5554  99.2375  25.4847  3.6702
99.0325  24.5549  99.2375  25.4847  3.6276
100.2940  23.5890  99.2375  25.4847  3.6215
99.6235  24.5257  99.2375  25.4847  3.7853
97.6568  24.6108  99.2375  25.4847  3.3706
99.3404  24.5305  99.2375  25.4847  3.7704
97.9350  25.1078  99.2375  25.4847  3.6347
100.8160  25.0395  99.2375  25.4847  3.3887
100.4690  24.5924  98.8431  25.1964  3.3744
98.0252  24.4972  98.8431  25.1964  3.6255
100.7810  24.1990  98.8431  25.1964  3.4999
99.5713  23.7032  98.8431  25.1964  3.6326
97.9350  25.1078  98.8431  25.1964  3.8660
99.5529  24.2045  98.8431  25.1964  3.7286
99.8799  24.7112  98.8431  25.1964  3.6551
100.7200  24.6420  98.8431  25.1964  3.4661
100.1990  24.7084  98.8431  25.1964  3.4230
100.2940  23.5890  98.8431  25.1964  3.6312
100.8160  25.0395  98.8431  25.1964  3.4908
99.9445  24.3191  98.8431  25.1964  3.5039
98.8783  23.5554  98.8431  25.1964  3.5254
100.3690  24.1603  98.8431  25.1964  3.5577
99.7242  24.0204  98.8431  25.1964  3.7349
98.3382  24.3368  98.8431  25.1964  3.7416
97.6568  24.6108  98.8431  25.1964  3.5167
99.8346  24.9958  98.8431  25.1964  3.6836
98.5651  24.1350  98.8431  25.1964  3.5800
99.6453  24.8769  98.8431  25.1964  3.8593
97.7332  24.3999  98.8431  25.1964  3.4907
99.6235  24.5257  98.8431  25.1964  3.7136
100.4120  23.9586  98.8431  25.1964  3.5553
100.8080  24.4547  98.8431  25.1964  3.4249
100.0910  24.8650  98.8431  25.1964  3.4274
97.6622  23.9027  98.8431  25.1964  3.5706
97.9699  24.7130  98.8431  25.1964  3.7068
99.0268  23.8963  98.8431  25.1964  3.6120
97.7857  24.1826  98.8431  25.1964  3.5482
99.8799  24.7112  97.7857  24.1826  3.6472
99.7242  24.0204  97.7857  24.1826  3.7425
100.1990  24.7084  97.7857  24.1826  3.6162
100.7200  24.6420  97.7857  24.1826  3.6334
100.2940  23.5890  97.7857  24.1826  3.5496
99.5529  24.2045  97.7857  24.1826  3.6228
98.8783  23.5554  97.7857  24.1826  3.5154
99.0268  23.8963  97.7857  24.1826  3.6459
100.4120  23.9586  97.7857  24.1826  3.6422
100.7810  24.1990  97.7857  24.1826  3.6754
100.8160  25.0395  97.7857  24.1826  3.5696
100.8080  24.4547  97.7857  24.1826  3.7206
99.9445  24.3191  97.7857  24.1826  3.6327
100.0910  24.8650  97.7857  24.1826  3.6405
99.5713  23.7032  97.7857  24.1826  3.3764
97.9699  24.7130  99.7280  25.5410  3.4613
97.7332  24.3999  99.7280  25.5410  3.5320
100.7810  24.1990  99.7280  25.5410  3.5645
100.8990  25.3230  99.7280  25.5410  3.4677
98.5433  25.5117  99.7280  25.5410  3.5933
99.5713  23.7032  99.7280  25.5410  3.6097
100.3690  24.1603  99.7280  25.5410  3.6185
98.8634  25.4505  99.7280  25.5410  3.7071
98.4849  24.7484  99.7280  25.5410  3.4692
100.8960  25.5945  99.7280  25.5410  3.6740
99.0384  24.3221  99.7280  25.5410  3.4643
98.2175  24.6619  99.7280  25.5410  3.4307
100.7200  24.6420  99.7280  25.5410  3.4706
97.7857  24.1826  99.7280  25.5410  3.5041
100.8160  25.0395  99.7280  25.5410  3.4899
99.6235  24.5257  99.7280  25.5410  3.6273
100.4990  25.5666  99.7280  25.5410  3.8094
97.9350  25.1078  99.7280  25.5410  3.5246
98.0252  24.4972  99.7280  25.5410  3.4846
100.4900  25.3500  99.7280  25.5410  3.8600
100.5960  26.2944  99.7280  25.5410  3.4195
99.1663  24.7523  99.7280  25.5410  3.6124
99.9445  24.3191  99.7280  25.5410  3.5596
97.6622  23.9027  99.7280  25.5410  3.5164
99.3404  24.5305  99.7280  25.5410  3.5270
100.5230  25.0541  99.7280  25.5410  3.5210
98.8350  24.6942  99.7280  25.5410  3.4694
100.4690  24.5924  99.7280  25.5410  3.7452
98.8431  25.1964  99.7280  25.5410  3.8846
100.1990  24.7084  99.7280  25.5410  3.8577
98.8783  23.5554  99.7280  25.5410  3.5372
97.6568  24.6108  99.7280  25.5410  3.4879
100.2160  25.0148  99.7280  25.5410  3.8752
98.3349  25.2175  99.7280  25.5410  3.5875
98.6668  24.9037  99.7280  25.5410  3.4900
100.8080  24.4547  99.7280  25.5410  3.5392
99.0268  23.8963  99.7280  25.5410  3.5701
99.0325  24.5549  99.7280  25.5410  3.4427
100.2940  23.5890  99.7280  25.5410  3.5168
99.7242  24.0204  99.7280  25.5410  3.5120
100.4120  23.9586  99.7280  25.5410  3.6210
100.3200  25.2400  99.7280  25.5410  3.8113
98.5651  24.1350  99.7280  25.5410  3.4893
99.5529  24.2045  99.7280  25.5410  3.5823
98.3382  24.3368  99.7280  25.5410  3.5722
97.9699  24.7130  99.8346  24.9958  3.6041
99.0268  23.8963  99.8346  24.9958  3.5013
100.3690  24.1603  99.8346  24.9958  3.8830
99.5713  23.7032  99.8346  24.9958  3.6250
97.9350  25.1078  99.8346  24.9958  3.5051
98.0252  24.4972  99.8346  24.9958  3.5887
100.2940  23.5890  99.8346  24.9958  3.5624
100.8160  25.0395  99.8346  24.9958  3.7344
99.5529  24.2045  99.8346  24.9958  3.8855
97.7857  24.1826  99.8346  24.9958  3.5650
98.8783  23.5554  99.8346  24.9958  3.6268
98.2175  24.6619  99.8346  24.9958  3.6326
99.7242  24.0204  99.8346  24.9958  3.7248
100.7200  24.6420  99.8346  24.9958  3.6809
97.7332  24.3999  99.8346  24.9958  3.6046
98.3382  24.3368  99.8346  24.9958  3.4494
97.6622  23.9027  99.8346  24.9958  3.6007
97.6568  24.6108  99.8346  24.9958  3.6161
100.4120  23.9586  99.8346  24.9958  3.7539
98.5651  24.1350  99.8346  24.9958  3.5211
100.8080  24.4547  99.8346  24.9958  3.6537
100.7810  24.1990  99.8346  24.9958  3.5690
99.7242  24.0204  97.9699  24.7130  3.4526
100.1990  24.7084  97.9699  24.7130  3.5383
100.3690  24.1603  97.9699  24.7130  3.5216
100.7200  24.6420  97.9699  24.7130  3.5702
100.4120  23.9586  97.9699  24.7130  3.5036
99.5713  23.7032  97.9699  24.7130  3.4910
100.7810  24.1990  97.9699  24.7130  3.5695
99.5529  24.2045  97.9699  24.7130  3.3896
100.4690  24.5924  97.9699  24.7130  3.7271
99.8799  24.7112  97.9699  24.7130  3.5817
100.8160  25.0395  97.9699  24.7130  3.5957
100.2940  23.5890  97.9699  24.7130  3.5238
99.0268  23.8963  97.9699  24.7130  3.5686
99.9445  24.3191  97.9699  24.7130  3.4664
97.6622  23.9027  97.9699  24.7130  3.8068
100.0910  24.8650  97.9699  24.7130  3.3932
100.8080  24.4547  97.9699  24.7130  3.5903
100.7200  24.6420  99.7242  24.0204  3.7368
100.8080  24.4547  99.7242  24.0204  3.8138
100.7810  24.1990  99.7242  24.0204  3.7944
100.8160  25.0395  99.7242  24.0204  3.4921
100.8160  25.0395  100.4120  23.9586  3.5378
99.0268  23.8963  97.7332  24.3999  3.5915
100.4120  23.9586  97.7332  24.3999  3.5971
100.8160  25.0395  97.7332  24.3999  3.5895
99.5529  24.2045  97.7332  24.3999  3.5997
100.7810  24.1990  97.7332  24.3999  3.6657
100.3690  24.1603  97.7332  24.3999  3.5969
100.7200  24.6420  97.7332  24.3999  3.6773
99.5713  23.7032  97.7332  24.3999  3.3841
98.8783  23.5554  97.7332  24.3999  3.6741
100.8080  24.4547  97.7332  24.3999  3.6616
99.8799  24.7112  97.7332  24.3999  3.6943
99.9445  24.3191  97.7332  24.3999  3.6233
100.2940  23.5890  97.7332  24.3999  3.5458
100.4690  24.5924  97.7332  24.3999  3.7322
99.7242  24.0204  97.7332  24.3999  3.6418
100.1990  24.7084  97.7332  24.3999  3.6698
