1618  3.5253  0.1011  028
98.5925  24.4245  100.0690  23.8785  3.4827
100.2540  25.6093  100.0690  23.8785  3.5509
98.8518  25.8317  100.0690  23.8785  3.5389
98.0709  24.0851  100.0690  23.8785  3.5480
99.2454  24.0357  100.0690  23.8785  3.6832
99.3717  25.8854  100.0690  23.8785  3.5048
98.5197  25.0289  100.0690  23.8785  3.5289
100.1470  24.4348  99.9475  26.1088  3.4611
98.5197  25.0289  99.9475  26.1088  3.4361
98.5925  24.4245  99.9475  26.1088  3.4631
99.2454  24.0357  99.9475  26.1088  3.4792
98.0709  24.0851  99.9475  26.1088  3.4610
98.8518  25.8317  99.9475  26.1088  3.4914
100.0690  23.8785  99.9475  26.1088  3.5238
100.1470  24.4348  99.3717  25.8854  3.5400
99.2454  24.0357  98.5197  25.0289  3.6302
98.0709  24.0851  98.5197  25.0289  3.6283
100.2540  25.6093  98.5197  25.0289  3.4583
100.1470  24.4348  98.5197  25.0289  3.4377
99.3717  25.8854  98.5197  25.0289  3.5056
100.1470  24.4348  98.0709  24.0851  3.6082
99.2454  24.0357  98.0709  24.0851  3.6372
99.3717  25.8854  98.0709  24.0851  3.4895
100.2540  25.6093  98.8518  25.8317  3.4099
98.5197  25.0289  98.8518  25.8317  3.7051
100.1470  24.4348  98.8518  25.8317  3.4806
98.0709  24.0851  98.8518  25.8317  3.5205
98.5925  24.4245  98.8518  25.8317  3.5297
99.2454  24.0357  98.8518  25.8317  3.5873
99.3717  25.8854  99.2454  24.0357  3.5148
98.0709  24.0851  100.2540  25.6093  3.4850
99.2454  24.0357  100.2540  25.6093  3.4268
100.1470  24.4348  100.2540  25.6093  3.5159
99.3717  25.8854  100.2540  25.6093  3.5245
100.1470  24.4348  98.5925  24.4245  3.4908
99.3717  25.8854  98.5925  24.4245  3.4785
100.2540  25.6093  98.5925  24.4245  3.4666
100.8080  24.4547  99.5713  23.7032  3.5459
100.7200  24.6420  99.5713  23.7032  3.4796
100.7810  24.1990  99.5713  23.7032  3.7084
100.8160  25.0395  99.5713  23.7032  3.4647
97.7857  24.1826  99.4801  25.0480  3.4889
97.9350  25.1078  99.4801  25.0480  3.5192
98.0252  24.4972  99.4801  25.0480  3.6063
100.2940  23.5890  99.4801  25.0480  3.6050
100.4690  24.5924  99.4801  25.0480  3.7633
99.0268  23.8963  99.4801  25.0480  3.5263
99.7242  24.0204  99.4801  25.0480  3.5952
98.5651  24.1350  99.4801  25.0480  3.4933
97.6622  23.9027  99.4801  25.0480  3.4896
100.8160  25.0395  99.4801  25.0480  3.5019
100.3690  24.1603  99.4801  25.0480  3.6394
98.2175  24.6619  99.4801  25.0480  3.6399
98.3382  24.3368  99.4801  25.0480  3.3877
100.7810  24.1990  99.4801  25.0480  3.5354
100.7200  24.6420  99.4801  25.0480  3.4693
97.7332  24.3999  99.4801  25.0480  3.4531
100.4120  23.9586  99.4801  25.0480  3.5691
99.5713  23.7032  99.4801  25.0480  3.4579
97.6568  24.6108  99.4801  25.0480  3.5708
98.8783  23.5554  99.4801  25.0480  3.5298
100.8080  24.4547  99.4801  25.0480  3.4425
99.8799  24.7112  97.6568  24.6108  3.6262
99.7242  24.0204  97.6568  24.6108  3.5240
98.5651  24.1350  97.6568  24.6108  3.6281
100.8080  24.4547  97.6568  24.6108  3.6226
99.0268  23.8963  97.6568  24.6108  3.5949
99.9445  24.3191  97.6568  24.6108  3.4745
100.4120  23.9586  97.6568  24.6108  3.5171
100.7810  24.1990  97.6568  24.6108  3.5401
100.0910  24.8650  97.6568  24.6108  3.6103
100.8160  25.0395  97.6568  24.6108  3.5389
99.5529  24.2045  97.6568  24.6108  3.5086
100.3690  24.1603  97.6568  24.6108  3.5490
99.5713  23.7032  97.6568  24.6108  3.5322
100.7200  24.6420  97.6568  24.6108  3.5945
100.1990  24.7084  97.6568  24.6108  3.5822
100.2940  23.5890  97.6568  24.6108  3.4937
100.4690  24.5924  97.6568  24.6108  3.4151
100.7810  24.1990  99.5529  24.2045  3.5514
100.7200  24.6420  99.5529  24.2045  3.6797
100.8160  25.0395  99.5529  24.2045  3.5213
100.8080  24.4547  99.5529  24.2045  3.7032
100.2940  23.5890  99.5529  24.2045  3.7263
100.4120  23.9586  99.5529  24.2045  3.7616
99.1663  24.7523  99.8316  25.8146  3.3915
98.8350  24.6942  99.8316  25.8146  3.4099
100.5960  26.2944  99.8316  25.8146  3.6891
99.0384  24.3221  99.8316  25.8146  3.4906
100.7200  24.6420  99.8316  25.8146  3.5178
98.0252  24.4972  99.8316  25.8146  3.4168
100.3690  24.1603  99.8316  25.8146  3.5510
98.4849  24.7484  99.8316  25.8146  3.4419
97.7857  24.1826  99.8316  25.8146  3.4620
99.9445  24.3191  99.8316  25.8146  3.4571
98.3382  24.3368  99.8316  25.8146  3.4780
99.6235  24.5257  99.8316  25.8146  3.5080
97.6622  23.9027  99.8316  25.8146  3.4661
98.6668  24.9037  99.8316  25.8146  3.4193
99.4801  25.0480  99.8316  25.8146  3.6331
99.8346  24.9958  99.8316  25.8146  3.8224
100.1990  24.7084  99.8316  25.8146  3.6394
100.0910  24.8650  99.8316  25.8146  3.7715
100.8990  25.3230  99.8316  25.8146  3.4002
98.8431  25.1964  99.8316  25.8146  3.4619
99.5713  23.7032  99.8316  25.8146  3.5948
97.9699  24.7130  99.8316  25.8146  3.4577
99.8799  24.7112  99.8316  25.8146  3.5374
100.8960  25.5945  99.8316  25.8146  3.4402
99.3404  24.5305  99.8316  25.8146  3.5080
98.3349  25.2175  99.8316  25.8146  3.4621
100.8160  25.0395  99.8316  25.8146  3.4404
100.2160  25.0148  99.8316  25.8146  3.8441
97.6568  24.6108  99.8316  25.8146  3.4970
98.8634  25.4505  99.8316  25.8146  3.5916
99.7242  24.0204  99.8316  25.8146  3.5196
98.2175  24.6619  99.8316  25.8146  3.4457
100.3200  25.2400  99.8316  25.8146  3.7437
99.6453  24.8769  99.8316  25.8146  3.5528
98.5651  24.1350  99.8316  25.8146  3.4858
98.5433  25.5117  99.8316  25.8146  3.5201
100.4900  25.3500  99.8316  25.8146  3.5922
99.0268  23.8963  99.8316  25.8146  3.4965
99.5529  24.2045  99.8316  25.8146  3.5457
98.8783  23.5554  99.8316  25.8146  3.5390
100.2940  23.5890  99.8316  25.8146  3.5164
100.5230  25.0541  99.8316  25.8146  3.5410
100.7810  24.1990  99.8316  25.8146  3.5497
100.4120  23.9586  99.8316  25.8146  3.4943
100.4990  25.5666  99.8316  25.8146  3.7954
97.7332  24.3999  99.8316  25.8146  3.4499
100.4690  24.5924  99.8316  25.8146  3.6164
97.9350  25.1078  99.8316  25.8146  3.4007
100.8080  24.4547  99.8316  25.8146  3.5062
99.0325  24.5549  99.8316  25.8146  3.3956
98.0252  24.4972  100.5230  25.0541  3.5527
99.0268  23.8963  100.5230  25.0541  3.5341
99.0325  24.5549  100.5230  25.0541  3.5587
98.8634  25.4505  100.5230  25.0541  3.3474
99.0384  24.3221  100.5230  25.0541  3.4326
97.6622  23.9027  100.5230  25.0541  3.5424
99.9445  24.3191  100.5230  25.0541  3.6178
98.3382  24.3368  100.5230  25.0541  3.4867
99.5529  24.2045  100.5230  25.0541  3.4571
97.9699  24.7130  100.5230  25.0541  3.5491
97.9350  25.1078  100.5230  25.0541  3.4760
97.7332  24.3999  100.5230  25.0541  3.5115
98.6668  24.9037  100.5230  25.0541  3.5416
99.6235  24.5257  100.5230  25.0541  3.6620
98.8350  24.6942  100.5230  25.0541  3.5371
98.4849  24.7484  100.5230  25.0541  3.5422
99.6453  24.8769  100.5230  25.0541  3.7904
99.2375  25.4847  100.5230  25.0541  3.3456
99.4801  25.0480  100.5230  25.0541  3.6349
99.5713  23.7032  100.5230  25.0541  3.4975
99.1663  24.7523  100.5230  25.0541  3.6197
98.5651  24.1350  100.5230  25.0541  3.5044
97.7857  24.1826  100.5230  25.0541  3.4879
100.4120  23.9586  100.5230  25.0541  3.5665
98.8431  25.1964  100.5230  25.0541  3.4333
99.8346  24.9958  100.5230  25.0541  3.7447
100.2940  23.5890  100.5230  25.0541  3.5741
100.5960  26.2944  100.5230  25.0541  3.4560
100.3690  24.1603  100.5230  25.0541  3.8198
98.3349  25.2175  100.5230  25.0541  3.4403
99.7242  24.0204  100.5230  25.0541  3.4246
98.8783  23.5554  100.5230  25.0541  3.5277
99.3404  24.5305  100.5230  25.0541  3.5744
98.5433  25.5117  100.5230  25.0541  3.3934
97.6568  24.6108  100.5230  25.0541  3.5509
98.2175  24.6619  100.5230  25.0541  3.5542
100.1000  25.9100  100.5230  25.0541  3.7142
99.6453  24.8769  100.4990  25.5666  3.5249
99.8799  24.7112  100.4990  25.5666  3.4514
97.9699  24.7130  100.4990  25.5666  3.4635
98.3349  25.2175  100.4990  25.5666  3.5061
99.7242  24.0204  100.4990  25.5666  3.4766
100.7200  24.6420  100.4990  25.5666  3.8079
98.0252  24.4972  100.4990  25.5666  3.4638
97.6622  23.9027  100.4990  25.5666  3.5316
99.5529  24.2045  100.4990  25.5666  3.4317
98.6668  24.9037  100.4990  25.5666  3.4220
99.8346  24.9958  100.4990  25.5666  3.6820
97.7332  24.3999  100.4990  25.5666  3.4905
97.7857  24.1826  100.4990  25.5666  3.4721
100.7810  24.1990  100.4990  25.5666  3.5026
100.3690  24.1603  100.4990  25.5666  3.5287
98.5433  25.5117  100.4990  25.5666  3.4996
98.8431  25.1964  100.4990  25.5666  3.5238
100.0910  24.8650  100.4990  25.5666  3.6811
99.5713  23.7032  100.4990  25.5666  3.4874
99.9445  24.3191  100.4990  25.5666  3.4874
99.4801  25.0480  100.4990  25.5666  3.5384
99.0268  23.8963  100.4990  25.5666  3.4842
100.2940  23.5890  100.4990  25.5666  3.5739
99.0325  24.5549  100.4990  25.5666  3.4734
98.8634  25.4505  100.4990  25.5666  3.4785
98.4849  24.7484  100.4990  25.5666  3.4518
98.8783  23.5554  100.4990  25.5666  3.5156
99.1663  24.7523  100.4990  25.5666  3.4471
100.5960  26.2944  100.4990  25.5666  3.8368
100.1990  24.7084  100.4990  25.5666  3.5531
99.2375  25.4847  100.4990  25.5666  3.5605
98.3382  24.3368  100.4990  25.5666  3.5311
100.4120  23.9586  100.4990  25.5666  3.5322
99.6235  24.5257  100.4990  25.5666  3.4297
97.9350  25.1078  100.4990  25.5666  3.4871
98.2175  24.6619  100.4990  25.5666  3.4623
99.0384  24.3221  100.4990  25.5666  3.4495
97.6568  24.6108  100.4990  25.5666  3.5053
99.3404  24.5305  100.4990  25.5666  3.4738
98.8350  24.6942  100.4990  25.5666  3.4402
98.5651  24.1350  100.4990  25.5666  3.4730
100.8080  24.4547  100.4990  25.5666  3.6943
100.2940  23.5890  100.8990  25.3230  3.5029
99.8346  24.9958  100.8990  25.3230  3.6360
100.4120  23.9586  100.8990  25.3230  3.5236
99.0384  24.3221  100.8990  25.3230  3.5215
98.8431  25.1964  100.8990  25.3230  3.4987
100.5960  26.2944  100.8990  25.3230  3.7035
99.6235  24.5257  100.8990  25.3230  3.4909
97.6568  24.6108  100.8990  25.3230  3.5021
99.0325  24.5549  100.8990  25.3230  3.4668
100.1990  24.7084  100.8990  25.3230  3.6279
98.2175  24.6619  100.8990  25.3230  3.4886
98.5433  25.5117  100.8990  25.3230  3.4442
98.3349  25.2175  100.8990  25.3230  3.4829
97.9350  25.1078  100.8990  25.3230  3.4967
98.8634  25.4505  100.8990  25.3230  3.4213
98.5651  24.1350  100.8990  25.3230  3.5115
99.4801  25.0480  100.8990  25.3230  3.6200
98.8783  23.5554  100.8990  25.3230  3.5078
99.5529  24.2045  100.8990  25.3230  3.4862
100.1000  25.9100  100.8990  25.3230  3.4616
99.1663  24.7523  100.8990  25.3230  3.5046
98.4849  24.7484  100.8990  25.3230  3.4758
98.0252  24.4972  100.8990  25.3230  3.4822
98.8350  24.6942  100.8990  25.3230  3.4631
100.7810  24.1990  100.8990  25.3230  3.5291
98.3382  24.3368  100.8990  25.3230  3.4759
99.2375  25.4847  100.8990  25.3230  3.4266
99.7242  24.0204  100.8990  25.3230  3.4900
97.6622  23.9027  100.8990  25.3230  3.5537
97.7332  24.3999  100.8990  25.3230  3.5026
97.9699  24.7130  100.8990  25.3230  3.5314
99.0268  23.8963  100.8990  25.3230  3.5034
100.0910  24.8650  100.8990  25.3230  3.7723
100.3690  24.1603  100.8990  25.3230  3.4542
99.8799  24.7112  100.8990  25.3230  3.5799
97.7857  24.1826  100.8990  25.3230  3.5473
100.8080  24.4547  100.8990  25.3230  3.7382
99.9445  24.3191  100.8990  25.3230  3.3786
99.5713  23.7032  100.8990  25.3230  3.4791
100.4690  24.5924  100.8990  25.3230  3.6265
99.6453  24.8769  100.8990  25.3230  3.5495
98.6668  24.9037  100.8990  25.3230  3.5394
99.3404  24.5305  100.8990  25.3230  3.4573
100.7200  24.6420  98.5651  24.1350  3.6075
100.0910  24.8650  98.5651  24.1350  3.5242
99.5713  23.7032  98.5651  24.1350  3.5987
100.8160  25.0395  98.5651  24.1350  3.5173
99.9445  24.3191  98.5651  24.1350  3.6406
100.4690  24.5924  98.5651  24.1350  3.6782
99.5529  24.2045  98.5651  24.1350  3.7589
100.2940  23.5890  98.5651  24.1350  3.4586
100.4120  23.9586  98.5651  24.1350  3.5305
99.7242  24.0204  98.5651  24.1350  3.5174
100.7810  24.1990  98.5651  24.1350  3.5698
100.8080  24.4547  98.5651  24.1350  3.6111
100.3690  24.1603  98.5651  24.1350  3.6123
100.1990  24.7084  98.5651  24.1350  3.5921
99.8799  24.7112  98.5651  24.1350  3.5877
97.9699  24.7130  98.8634  25.4505  3.4729
100.8080  24.4547  98.8634  25.4505  3.4300
100.2940  23.5890  98.8634  25.4505  3.5714
100.4120  23.9586  98.8634  25.4505  3.5501
100.8160  25.0395  98.8634  25.4505  3.4181
100.1990  24.7084  98.8634  25.4505  3.4881
98.5651  24.1350  98.8634  25.4505  3.5221
98.3382  24.3368  98.8634  25.4505  3.4764
97.6622  23.9027  98.8634  25.4505  3.4956
100.0910  24.8650  98.8634  25.4505  3.4156
99.0384  24.3221  98.8634  25.4505  3.5062
100.4690  24.5924  98.8634  25.4505  3.4250
99.3404  24.5305  98.8634  25.4505  3.7597
99.8799  24.7112  98.8634  25.4505  3.4933
99.7242  24.0204  98.8634  25.4505  3.5835
100.3690  24.1603  98.8634  25.4505  3.5474
99.6453  24.8769  98.8634  25.4505  3.5305
97.9350  25.1078  98.8634  25.4505  3.6972
99.5529  24.2045  98.8634  25.4505  3.5734
100.7810  24.1990  98.8634  25.4505  3.4778
97.7332  24.3999  98.8634  25.4505  3.4585
98.2175  24.6619  98.8634  25.4505  3.5340
99.9445  24.3191  98.8634  25.4505  3.4967
97.7857  24.1826  98.8634  25.4505  3.5290
98.0252  24.4972  98.8634  25.4505  3.4725
99.6235  24.5257  98.8634  25.4505  3.5871
97.6568  24.6108  98.8634  25.4505  3.4015
99.8346  24.9958  98.8634  25.4505  3.5218
99.0268  23.8963  98.8634  25.4505  3.4977
98.8783  23.5554  98.8634  25.4505  3.5532
99.5713  23.7032  98.8634  25.4505  3.5275
100.7200  24.6420  98.8634  25.4505  3.4115
100.8160  25.0395  100.2940  23.5890  3.5511
98.3349  25.2175  99.4137  25.2954  3.5783
97.6622  23.9027  99.4137  25.2954  3.5128
99.5529  24.2045  99.4137  25.2954  3.5059
97.7332  24.3999  99.4137  25.2954  3.4607
100.4990  25.5666  99.4137  25.2954  3.6335
100.1990  24.7084  99.4137  25.2954  3.7141
100.4900  25.3500  99.4137  25.2954  3.6736
100.8960  25.5945  99.4137  25.2954  3.5972
99.0268  23.8963  99.4137  25.2954  3.5870
100.4120  23.9586  99.4137  25.2954  3.5678
97.6568  24.6108  99.4137  25.2954  3.4656
97.9350  25.1078  99.4137  25.2954  3.4718
100.4690  24.5924  99.4137  25.2954  3.6240
100.8080  24.4547  99.4137  25.2954  3.4409
100.5230  25.0541  99.4137  25.2954  3.4591
99.0384  24.3221  99.4137  25.2954  3.5696
99.0325  24.5549  99.4137  25.2954  3.6767
100.2160  25.0148  99.4137  25.2954  3.7340
100.0910  24.8650  99.4137  25.2954  3.6997
98.8783  23.5554  99.4137  25.2954  3.5737
99.9445  24.3191  99.4137  25.2954  3.6681
99.7242  24.0204  99.4137  25.2954  3.3109
100.7200  24.6420  99.4137  25.2954  3.4561
97.9699  24.7130  99.4137  25.2954  3.5318
98.3382  24.3368  99.4137  25.2954  3.3955
98.5433  25.5117  99.4137  25.2954  3.8107
98.2175  24.6619  99.4137  25.2954  3.4837
100.2940  23.5890  99.4137  25.2954  3.5472
100.3200  25.2400  99.4137  25.2954  3.7212
100.8990  25.3230  99.4137  25.2954  3.4517
99.5713  23.7032  99.4137  25.2954  3.4686
100.5960  26.2944  99.4137  25.2954  3.3645
97.7857  24.1826  99.4137  25.2954  3.4002
100.8160  25.0395  99.4137  25.2954  3.4587
100.7810  24.1990  99.4137  25.2954  3.4688
98.5651  24.1350  99.4137  25.2954  3.4614
98.4849  24.7484  99.4137  25.2954  3.5584
98.0252  24.4972  99.4137  25.2954  3.3992
100.1000  25.9100  99.4137  25.2954  3.6109
100.3690  24.1603  99.4137  25.2954  3.4667
100.0910  24.8650  97.6622  23.9027  3.3535
99.8799  24.7112  97.6622  23.9027  3.5445
100.8080  24.4547  97.6622  23.9027  3.6341
100.7810  24.1990  97.6622  23.9027  3.6172
100.4120  23.9586  97.6622  23.9027  3.6480
100.7200  24.6420  97.6622  23.9027  3.5739
99.0268  23.8963  97.6622  23.9027  3.6233
98.8783  23.5554  97.6622  23.9027  3.4418
100.2940  23.5890  97.6622  23.9027  3.6146
99.9445  24.3191  97.6622  23.9027  3.6109
100.3690  24.1603  97.6622  23.9027  3.6672
100.8160  25.0395  97.6622  23.9027  3.5595
100.1990  24.7084  97.6622  23.9027  3.5751
99.7242  24.0204  97.6622  23.9027  3.6214
99.5529  24.2045  97.6622  23.9027  3.6411
97.9350  25.1078  99.9868  25.4893  3.4799
98.6668  24.9037  99.9868  25.4893  3.4317
98.0252  24.4972  99.9868  25.4893  3.4797
97.6568  24.6108  99.9868  25.4893  3.4440
97.7857  24.1826  99.9868  25.4893  3.5263
98.8431  25.1964  99.9868  25.4893  3.5848
100.8160  25.0395  99.9868  25.4893  3.5346
99.0384  24.3221  99.9868  25.4893  3.4308
100.7200  24.6420  99.9868  25.4893  3.5108
98.3382  24.3368  99.9868  25.4893  3.4550
98.4849  24.7484  99.9868  25.4893  3.4260
98.5433  25.5117  99.9868  25.4893  3.4821
99.1663  24.7523  99.9868  25.4893  3.5015
98.2175  24.6619  99.9868  25.4893  3.4681
99.8799  24.7112  99.9868  25.4893  3.8371
100.7810  24.1990  99.9868  25.4893  3.5731
99.9445  24.3191  99.9868  25.4893  3.4944
99.7242  24.0204  99.9868  25.4893  3.5660
100.8990  25.3230  99.9868  25.4893  3.5101
99.6235  24.5257  99.9868  25.4893  3.5072
100.8960  25.5945  99.9868  25.4893  3.6820
99.5713  23.7032  99.9868  25.4893  3.5813
98.8634  25.4505  99.9868  25.4893  3.5054
99.0325  24.5549  99.9868  25.4893  3.4493
100.2940  23.5890  99.9868  25.4893  3.5100
99.5529  24.2045  99.9868  25.4893  3.5233
98.5651  24.1350  99.9868  25.4893  3.4956
100.3690  24.1603  99.9868  25.4893  3.5185
97.6622  23.9027  99.9868  25.4893  3.5064
98.8350  24.6942  99.9868  25.4893  3.4670
100.8080  24.4547  99.9868  25.4893  3.5232
100.5960  26.2944  99.9868  25.4893  3.4151
100.4120  23.9586  99.9868  25.4893  3.5560
98.8783  23.5554  99.9868  25.4893  3.5387
98.3349  25.2175  99.9868  25.4893  3.5203
97.7332  24.3999  99.9868  25.4893  3.4590
97.9699  24.7130  99.9868  25.4893  3.4183
100.5230  25.0541  99.9868  25.4893  3.6439
100.4690  24.5924  99.9868  25.4893  3.7490
99.3404  24.5305  99.9868  25.4893  3.4520
99.0268  23.8963  99.9868  25.4893  3.4831
99.5529  24.2045  99.4300  26.2040  3.5107
98.4849  24.7484  99.4300  26.2040  3.4324
99.6453  24.8769  99.4300  26.2040  3.4678
100.1990  24.7084  99.4300  26.2040  3.4779
100.8160  25.0395  99.4300  26.2040  3.4470
99.9868  25.4893  99.4300  26.2040  3.6184
99.4137  25.2954  99.4300  26.2040  3.6551
100.3200  25.2400  99.4300  26.2040  3.4277
100.1000  25.9100  99.4300  26.2040  3.7125
99.9445  24.3191  99.4300  26.2040  3.4421
100.4900  25.3500  99.4300  26.2040  3.4171
98.2175  24.6619  99.4300  26.2040  3.4489
99.4801  25.0480  99.4300  26.2040  3.4439
98.6668  24.9037  99.4300  26.2040  3.4706
100.8960  25.5945  99.4300  26.2040  3.3204
99.2375  25.4847  99.4300  26.2040  3.8066
98.8431  25.1964  99.4300  26.2040  3.4193
100.7810  24.1990  99.4300  26.2040  3.5218
98.5651  24.1350  99.4300  26.2040  3.5049
97.6568  24.6108  99.4300  26.2040  3.4214
98.3382  24.3368  99.4300  26.2040  3.4997
99.0325  24.5549  99.4300  26.2040  3.5289
97.6622  23.9027  99.4300  26.2040  3.5327
99.7771  25.3419  99.4300  26.2040  3.7938
100.4990  25.5666  99.4300  26.2040  3.4304
100.5960  26.2944  99.4300  26.2040  3.4600
98.8350  24.6942  99.4300  26.2040  3.4880
100.2940  23.5890  99.4300  26.2040  3.4958
99.1663  24.7523  99.4300  26.2040  3.5209
97.9350  25.1078  99.4300  26.2040  3.4083
97.9699  24.7130  99.4300  26.2040  3.4261
100.5200  25.8500  99.4300  26.2040  3.4525
100.8560  25.9242  99.4300  26.2040  3.4054
98.3349  25.2175  99.4300  26.2040  3.4169
99.0384  24.3221  99.4300  26.2040  3.5145
100.2160  25.0148  99.4300  26.2040  3.5080
98.8634  25.4505  99.4300  26.2040  3.5371
98.5433  25.5117  99.4300  26.2040  3.4785
97.7332  24.3999  99.4300  26.2040  3.4564
99.8799  24.7112  99.4300  26.2040  3.5269
99.3404  24.5305  99.4300  26.2040  3.4803
99.8346  24.9958  99.4300  26.2040  3.5452
99.6235  24.5257  99.4300  26.2040  3.4350
99.0268  23.8963  99.4300  26.2040  3.4913
97.7857  24.1826  99.4300  26.2040  3.4819
100.4120  23.9586  99.4300  26.2040  3.4694
98.8783  23.5554  99.4300  26.2040  3.5202
100.4690  24.5924  99.4300  26.2040  3.5351
99.7242  24.0204  99.4300  26.2040  3.5109
98.0252  24.4972  99.4300  26.2040  3.4484
100.8080  24.4547  99.4300  26.2040  3.5101
100.8990  25.3230  99.4300  26.2040  3.3584
100.7200  24.6420  99.4300  26.2040  3.4879
100.3690  24.1603  99.4300  26.2040  3.4785
100.5230  25.0541  99.4300  26.2040  3.4395
99.5713  23.7032  99.4300  26.2040  3.5627
97.6622  23.9027  99.1663  24.7523  3.5357
99.9445  24.3191  99.1663  24.7523  3.7604
100.8080  24.4547  99.1663  24.7523  3.4999
98.0252  24.4972  99.1663  24.7523  3.8135
97.7332  24.3999  99.1663  24.7523  3.7102
98.8783  23.5554  99.1663  24.7523  3.4624
100.4120  23.9586  99.1663  24.7523  3.5980
97.6568  24.6108  99.1663  24.7523  3.5729
97.9350  25.1078  99.1663  24.7523  3.3924
100.4690  24.5924  99.1663  24.7523  3.5279
100.7200  24.6420  99.1663  24.7523  3.4161
99.5713  23.7032  99.1663  24.7523  3.7941
100.2940  23.5890  99.1663  24.7523  3.5395
100.7810  24.1990  99.1663  24.7523  3.3991
97.9699  24.7130  99.1663  24.7523  3.8093
100.8160  25.0395  99.1663  24.7523  3.5806
98.5651  24.1350  99.1663  24.7523  3.8122
100.1990  24.7084  99.1663  24.7523  3.6571
100.3690  24.1603  99.1663  24.7523  3.5069
97.7857  24.1826  99.1663  24.7523  3.6910
97.7857  24.1826  99.6453  24.8769  3.5537
100.7810  24.1990  99.6453  24.8769  3.5678
100.4120  23.9586  99.6453  24.8769  3.6353
97.9699  24.7130  99.6453  24.8769  3.5173
99.0268  23.8963  99.6453  24.8769  3.5454
100.7200  24.6420  99.6453  24.8769  3.5108
98.3382  24.3368  99.6453  24.8769  3.6214
100.3690  24.1603  99.6453  24.8769  3.6797
100.8160  25.0395  99.6453  24.8769  3.6646
100.2940  23.5890  99.6453  24.8769  3.5896
98.8783  23.5554  99.6453  24.8769  3.4248
97.9350  25.1078  99.6453  24.8769  3.4311
100.8080  24.4547  99.6453  24.8769  3.5447
98.2175  24.6619  99.6453  24.8769  3.5600
99.5713  23.7032  99.6453  24.8769  3.5398
98.0252  24.4972  99.6453  24.8769  3.5551
97.6568  24.6108  99.6453  24.8769  3.6139
97.7332  24.3999  99.6453  24.8769  3.5189
97.6622  23.9027  99.6453  24.8769  3.5375
98.5651  24.1350  99.6453  24.8769  3.5363
99.5529  24.2045  97.9350  25.1078  3.3973
98.8783  23.5554  97.9350  25.1078  3.5200
100.2940  23.5890  97.9350  25.1078  3.5280
100.4690  24.5924  97.9350  25.1078  3.5484
98.5651  24.1350  97.9350  25.1078  3.7400
100.7810  24.1990  97.9350  25.1078  3.4697
97.7857  24.1826  97.9350  25.1078  3.6598
99.8799  24.7112  97.9350  25.1078  3.4208
99.0268  23.8963  97.9350  25.1078  3.5495
100.7200  24.6420  97.9350  25.1078  3.4831
100.8160  25.0395  97.9350  25.1078  3.5094
97.6622  23.9027  97.9350  25.1078  3.4164
99.7242  24.0204  97.9350  25.1078  3.4430
100.0910  24.8650  97.9350  25.1078  3.3299
99.9445  24.3191  97.9350  25.1078  3.4284
100.8080  24.4547  97.9350  25.1078  3.4586
100.3690  24.1603  97.9350  25.1078  3.4742
100.4120  23.9586  97.9350  25.1078  3.4820
100.1990  24.7084  97.9350  25.1078  3.4233
100.8160  25.0395  99.0268  23.8963  3.5349
100.7810  24.1990  99.0268  23.8963  3.5714
100.7200  24.6420  99.0268  23.8963  3.5495
100.4120  23.9586  99.0268  23.8963  3.5723
100.8080  24.4547  99.0268  23.8963  3.6485
100.2940  23.5890  99.0268  23.8963  3.5406
99.5529  24.2045  98.8350  24.6942  3.5949
97.7332  24.3999  98.8350  24.6942  3.8234
97.9350  25.1078  98.8350  24.6942  3.5956
97.7857  24.1826  98.8350  24.6942  3.6856
99.6453  24.8769  98.8350  24.6942  3.7979
98.8783  23.5554  98.8350  24.6942  3.5968
100.4120  23.9586  98.8350  24.6942  3.4057
97.6568  24.6108  98.8350  24.6942  3.6607
100.3690  24.1603  98.8350  24.6942  3.5039
99.9445  24.3191  98.8350  24.6942  3.5719
100.7810  24.1990  98.8350  24.6942  3.4609
100.1990  24.7084  98.8350  24.6942  3.5446
99.8799  24.7112  98.8350  24.6942  3.6179
97.6622  23.9027  98.8350  24.6942  3.4748
100.7200  24.6420  98.8350  24.6942  3.4916
99.7242  24.0204  98.8350  24.6942  3.5486
100.8080  24.4547  98.8350  24.6942  3.5095
100.8160  25.0395  98.8350  24.6942  3.5117
100.2940  23.5890  98.8350  24.6942  3.5221
99.6235  24.5257  98.8350  24.6942  3.7157
100.0910  24.8650  98.8350  24.6942  3.6658
99.8346  24.9958  98.8350  24.6942  3.6704
99.5713  23.7032  98.8350  24.6942  3.6156
100.4690  24.5924  98.8350  24.6942  3.7392
99.0268  23.8963  100.1000  25.9100  3.5009
99.0325  24.5549  100.1000  25.9100  3.3887
98.8350  24.6942  100.1000  25.9100  3.4507
100.3690  24.1603  100.1000  25.9100  3.4695
98.8431  25.1964  100.1000  25.9100  3.4270
100.8080  24.4547  100.1000  25.9100  3.5472
97.6568  24.6108  100.1000  25.9100  3.4302
100.1990  24.7084  100.1000  25.9100  3.5113
99.5529  24.2045  100.1000  25.9100  3.5183
100.4690  24.5924  100.1000  25.9100  3.5339
99.7242  24.0204  100.1000  25.9100  3.5541
97.7332  24.3999  100.1000  25.9100  3.4419
100.7810  24.1990  100.1000  25.9100  3.5160
98.8783  23.5554  100.1000  25.9100  3.5055
100.7200  24.6420  100.1000  25.9100  3.5743
98.3349  25.2175  100.1000  25.9100  3.4150
98.2175  24.6619  100.1000  25.9100  3.4055
98.4849  24.7484  100.1000  25.9100  3.4267
98.8634  25.4505  100.1000  25.9100  3.5093
98.6668  24.9037  100.1000  25.9100  3.4015
97.9350  25.1078  100.1000  25.9100  3.4124
99.5713  23.7032  100.1000  25.9100  3.4960
97.6622  23.9027  100.1000  25.9100  3.4878
97.7857  24.1826  100.1000  25.9100  3.4493
99.6453  24.8769  100.1000  25.9100  3.4222
100.4120  23.9586  100.1000  25.9100  3.5133
99.8799  24.7112  100.1000  25.9100  3.4658
99.8346  24.9958  100.1000  25.9100  3.4974
97.9699  24.7130  100.1000  25.9100  3.4630
99.4801  25.0480  100.1000  25.9100  3.4207
100.8160  25.0395  100.1000  25.9100  3.4899
99.1663  24.7523  100.1000  25.9100  3.3837
98.0252  24.4972  100.1000  25.9100  3.4393
98.5651  24.1350  100.1000  25.9100  3.4559
98.3382  24.3368  100.1000  25.9100  3.4598
99.3404  24.5305  100.1000  25.9100  3.4305
100.2940  23.5890  100.1000  25.9100  3.5620
99.2375  25.4847  100.1000  25.9100  3.6937
99.0384  24.3221  100.1000  25.9100  3.4553
98.5433  25.5117  100.1000  25.9100  3.5107
99.9445  24.3191  100.1000  25.9100  3.5025
100.0910  24.8650  100.1000  25.9100  3.6286
99.6235  24.5257  100.1000  25.9100  3.4895
100.3690  24.1603  98.0252  24.4972  3.5720
99.5529  24.2045  98.0252  24.4972  3.5264
100.1990  24.7084  98.0252  24.4972  3.6411
100.0910  24.8650  98.0252  24.4972  3.3461
100.7810  24.1990  98.0252  24.4972  3.5457
100.8080  24.4547  98.0252  24.4972  3.5958
99.8799  24.7112  98.0252  24.4972  3.5928
100.8160  25.0395  98.0252  24.4972  3.5231
99.0268  23.8963  98.0252  24.4972  3.6362
100.2940  23.5890  98.0252  24.4972  3.5153
100.4120  23.9586  98.0252  24.4972  3.5227
99.5713  23.7032  98.0252  24.4972  3.4579
99.7242  24.0204  98.0252  24.4972  3.3678
99.9445  24.3191  98.0252  24.4972  3.4475
100.7200  24.6420  98.0252  24.4972  3.5742
99.6235  24.5257  100.8960  25.5945  3.4731
99.9445  24.3191  100.8960  25.5945  3.4630
100.2940  23.5890  100.8960  25.5945  3.5450
99.3404  24.5305  100.8960  25.5945  3.4324
99.0384  24.3221  100.8960  25.5945  3.4850
98.8634  25.4505  100.8960  25.5945  3.4758
98.2175  24.6619  100.8960  25.5945  3.4842
100.8080  24.4547  100.8960  25.5945  3.4893
99.6453  24.8769  100.8960  25.5945  3.4909
100.7200  24.6420  100.8960  25.5945  3.5320
99.2375  25.4847  100.8960  25.5945  3.4764
98.8350  24.6942  100.8960  25.5945  3.4799
98.3382  24.3368  100.8960  25.5945  3.5198
98.6668  24.9037  100.8960  25.5945  3.4631
100.7810  24.1990  100.8960  25.5945  3.4701
97.9350  25.1078  100.8960  25.5945  3.4748
100.1000  25.9100  100.8960  25.5945  3.5662
98.5651  24.1350  100.8960  25.5945  3.4785
97.6568  24.6108  100.8960  25.5945  3.4540
97.6622  23.9027  100.8960  25.5945  3.5248
98.0252  24.4972  100.8960  25.5945  3.4511
99.0268  23.8963  100.8960  25.5945  3.4782
97.7332  24.3999  100.8960  25.5945  3.5050
99.8346  24.9958  100.8960  25.5945  3.4960
99.5713  23.7032  100.8960  25.5945  3.5092
99.0325  24.5549  100.8960  25.5945  3.4600
99.4801  25.0480  100.8960  25.5945  3.4583
98.8783  23.5554  100.8960  25.5945  3.4915
99.7242  24.0204  100.8960  25.5945  3.4769
99.8799  24.7112  100.8960  25.5945  3.4268
98.4849  24.7484  100.8960  25.5945  3.4794
99.5529  24.2045  100.8960  25.5945  3.4383
98.3349  25.2175  100.8960  25.5945  3.4832
100.4690  24.5924  100.8960  25.5945  3.4228
100.1990  24.7084  100.8960  25.5945  3.3935
100.3690  24.1603  100.8960  25.5945  3.5200
100.4120  23.9586  100.8960  25.5945  3.5257
98.5433  25.5117  100.8960  25.5945  3.4954
100.0910  24.8650  100.8960  25.5945  3.5155
97.9699  24.7130  100.8960  25.5945  3.5015
98.8431  25.1964  100.8960  25.5945  3.4894
97.7857  24.1826  100.8960  25.5945  3.5095
98.8783  23.5554  99.9445  24.3191  3.7192
100.7810  24.1990  99.9445  24.3191  3.7619
100.8160  25.0395  99.9445  24.3191  3.5263
100.7200  24.6420  99.7771  25.3419  3.5189
97.9699  24.7130  99.7771  25.3419  3.4227
97.6622  23.9027  99.7771  25.3419  3.5333
98.4849  24.7484  99.7771  25.3419  3.4800
98.8634  25.4505  99.7771  25.3419  3.5862
98.8350  24.6942  99.7771  25.3419  3.5263
98.0252  24.4972  99.7771  25.3419  3.4476
98.5433  25.5117  99.7771  25.3419  3.4294
99.1663  24.7523  99.7771  25.3419  3.7189
99.0384  24.3221  99.7771  25.3419  3.4174
100.3690  24.1603  99.7771  25.3419  3.7241
100.5960  26.2944  99.7771  25.3419  3.3581
100.8990  25.3230  99.7771  25.3419  3.5313
97.7332  24.3999  99.7771  25.3419  3.4620
99.0325  24.5549  99.7771  25.3419  3.4380
100.7810  24.1990  99.7771  25.3419  3.5470
99.3404  24.5305  99.7771  25.3419  3.5979
98.5651  24.1350  99.7771  25.3419  3.5066
98.3349  25.2175  99.7771  25.3419  3.4918
100.2940  23.5890  99.7771  25.3419  3.4675
98.3382  24.3368  99.7771  25.3419  3.5684
99.6235  24.5257  99.7771  25.3419  3.7662
100.4690  24.5924  99.7771  25.3419  3.6030
99.5529  24.2045  99.7771  25.3419  3.4895
98.8431  25.1964  99.7771  25.3419  3.6952
97.9350  25.1078  99.7771  25.3419  3.4791
99.0268  23.8963  99.7771  25.3419  3.5015
98.8783  23.5554  99.7771  25.3419  3.4983
100.4120  23.9586  99.7771  25.3419  3.6014
98.6668  24.9037  99.7771  25.3419  3.5592
99.9445  24.3191  99.7771  25.3419  3.6723
97.7857  24.1826  99.7771  25.3419  3.4953
99.5713  23.7032  99.7771  25.3419  3.5687
98.2175  24.6619  99.7771  25.3419  3.4955
100.8080  24.4547  99.7771  25.3419  3.4729
100.5230  25.0541  99.7771  25.3419  3.6756
100.8960  25.5945  99.7771  25.3419  3.6469
100.8160  25.0395  99.7771  25.3419  3.5093
99.5529  24.2045  100.5960  26.2944  3.4688
97.7857  24.1826  100.5960  26.2944  3.4556
100.0910  24.8650  100.5960  26.2944  3.3181
98.3349  25.2175  100.5960  26.2944  3.3833
99.4801  25.0480  100.5960  26.2944  3.3884
99.5713  23.7032  100.5960  26.2944  3.4825
100.8080  24.4547  100.5960  26.2944  3.4893
98.8431  25.1964  100.5960  26.2944  3.4103
99.2375  25.4847  100.5960  26.2944  3.3762
99.6235  24.5257  100.5960  26.2944  3.4510
100.8160  25.0395  100.5960  26.2944  3.4718
99.8799  24.7112  100.5960  26.2944  3.4592
100.3690  24.1603  100.5960  26.2944  3.5209
99.6453  24.8769  100.5960  26.2944  3.4241
98.5651  24.1350  100.5960  26.2944  3.4737
99.7242  24.0204  100.5960  26.2944  3.5058
97.9699  24.7130  100.5960  26.2944  3.4117
99.8346  24.9958  100.5960  26.2944  3.4052
98.6668  24.9037  100.5960  26.2944  3.3737
100.7810  24.1990  100.5960  26.2944  3.5080
98.3382  24.3368  100.5960  26.2944  3.4296
100.2940  23.5890  100.5960  26.2944  3.5350
100.1990  24.7084  100.5960  26.2944  3.4930
97.7332  24.3999  100.5960  26.2944  3.4307
99.1663  24.7523  100.5960  26.2944  3.4236
99.0384  24.3221  100.5960  26.2944  3.4577
98.8350  24.6942  100.5960  26.2944  3.4316
97.6568  24.6108  100.5960  26.2944  3.4133
100.7200  24.6420  100.5960  26.2944  3.4500
99.9445  24.3191  100.5960  26.2944  3.4769
97.6622  23.9027  100.5960  26.2944  3.4851
99.3404  24.5305  100.5960  26.2944  3.4281
100.4120  23.9586  100.5960  26.2944  3.5316
98.8783  23.5554  100.5960  26.2944  3.5232
98.8634  25.4505  100.5960  26.2944  3.3705
98.4849  24.7484  100.5960  26.2944  3.3976
100.4690  24.5924  100.5960  26.2944  3.4531
97.9350  25.1078  100.5960  26.2944  3.3769
98.5433  25.5117  100.5960  26.2944  3.3598
98.0252  24.4972  100.5960  26.2944  3.4648
99.0325  24.5549  100.5960  26.2944  3.4446
99.0268  23.8963  100.5960  26.2944  3.4910
98.2175  24.6619  100.5960  26.2944  3.4185
99.3404  24.5305  100.2160  25.0148  3.7079
98.6668  24.9037  100.2160  25.0148  3.5222
99.1663  24.7523  100.2160  25.0148  3.7104
97.9350  25.1078  100.2160  25.0148  3.4609
99.0325  24.5549  100.2160  25.0148  3.5621
98.8350  24.6942  100.2160  25.0148  3.6066
97.9699  24.7130  100.2160  25.0148  3.5879
98.8431  25.1964  100.2160  25.0148  3.4907
99.0268  23.8963  100.2160  25.0148  3.5222
98.8634  25.4505  100.2160  25.0148  3.3530
98.4849  24.7484  100.2160  25.0148  3.5695
98.5651  24.1350  100.2160  25.0148  3.4890
97.6622  23.9027  100.2160  25.0148  3.5400
99.5713  23.7032  100.2160  25.0148  3.5693
99.2375  25.4847  100.2160  25.0148  3.5646
100.4120  23.9586  100.2160  25.0148  3.7669
97.7332  24.3999  100.2160  25.0148  3.5445
98.2175  24.6619  100.2160  25.0148  3.5398
99.5529  24.2045  100.2160  25.0148  3.5188
98.0252  24.4972  100.2160  25.0148  3.5742
100.8960  25.5945  100.2160  25.0148  3.6684
100.7810  24.1990  100.2160  25.0148  3.6379
97.7857  24.1826  100.2160  25.0148  3.5469
98.8783  23.5554  100.2160  25.0148  3.5353
99.0384  24.3221  100.2160  25.0148  3.5382
98.3382  24.3368  100.2160  25.0148  3.5023
97.6568  24.6108  100.2160  25.0148  3.6013
100.1000  25.9100  100.2160  25.0148  3.7418
98.5433  25.5117  100.2160  25.0148  3.3591
99.7242  24.0204  100.2160  25.0148  3.5081
100.2940  23.5890  100.2160  25.0148  3.5125
100.5960  26.2944  100.2160  25.0148  3.4623
100.8080  24.4547  100.2160  25.0148  3.6334
98.3349  25.2175  100.2160  25.0148  3.4201
100.2940  23.5890  100.8080  24.4547  3.5059
99.5713  23.7032  100.1990  24.7084  3.5976
100.7810  24.1990  100.1990  24.7084  3.8005
99.7242  24.0204  100.1990  24.7084  3.7449
100.2940  23.5890  100.1990  24.7084  3.6412
99.0268  23.8963  100.1990  24.7084  3.5188
98.8783  23.5554  100.1990  24.7084  3.6082
100.8080  24.4547  98.3382  24.3368  3.5930
99.7242  24.0204  98.3382  24.3368  3.4732
99.5713  23.7032  98.3382  24.3368  3.5678
99.5529  24.2045  98.3382  24.3368  3.6215
100.2940  23.5890  98.3382  24.3368  3.5091
100.1990  24.7084  98.3382  24.3368  3.5966
99.8799  24.7112  98.3382  24.3368  3.7370
99.9445  24.3191  98.3382  24.3368  3.4701
100.7200  24.6420  98.3382  24.3368  3.5521
100.4120  23.9586  98.3382  24.3368  3.5326
100.8160  25.0395  98.3382  24.3368  3.5037
100.7810  24.1990  98.3382  24.3368  3.5867
100.3690  24.1603  100.1700  26.3600  3.5723
99.4137  25.2954  100.1700  26.3600  3.3898
99.0325  24.5549  100.1700  26.3600  3.4320
100.8560  25.9242  100.1700  26.3600  3.5232
97.9699  24.7130  100.1700  26.3600  3.3838
98.8431  25.1964  100.1700  26.3600  3.3700
99.9868  25.4893  100.1700  26.3600  3.6115
100.4120  23.9586  100.1700  26.3600  3.5256
97.7332  24.3999  100.1700  26.3600  3.4405
99.9445  24.3191  100.1700  26.3600  3.5319
100.2160  25.0148  100.1700  26.3600  3.3949
100.8990  25.3230  100.1700  26.3600  3.4914
99.6235  24.5257  100.1700  26.3600  3.4724
100.8960  25.5945  100.1700  26.3600  3.5325
100.4690  24.5924  100.1700  26.3600  3.4907
99.8346  24.9958  100.1700  26.3600  3.4667
98.0252  24.4972  100.1700  26.3600  3.4347
98.5433  25.5117  100.1700  26.3600  3.3620
99.4801  25.0480  100.1700  26.3600  3.4525
98.8350  24.6942  100.1700  26.3600  3.4179
98.5651  24.1350  100.1700  26.3600  3.5087
99.7242  24.0204  100.1700  26.3600  3.4817
100.2940  23.5890  100.1700  26.3600  3.5590
100.7200  24.6420  100.1700  26.3600  3.4446
100.4990  25.5666  100.1700  26.3600  3.8445
99.2375  25.4847  100.1700  26.3600  3.4147
99.6453  24.8769  100.1700  26.3600  3.5213
100.0910  24.8650  100.1700  26.3600  3.3205
98.4849  24.7484  100.1700  26.3600  3.4251
98.6668  24.9037  100.1700  26.3600  3.4444
99.8799  24.7112  100.1700  26.3600  3.5430
99.5529  24.2045  100.1700  26.3600  3.4572
97.6568  24.6108  100.1700  26.3600  3.4000
100.8080  24.4547  100.1700  26.3600  3.4375
99.7280  25.5410  100.1700  26.3600  3.5509
99.4300  26.2040  100.1700  26.3600  3.6553
97.6622  23.9027  100.1700  26.3600  3.5281
97.9350  25.1078  100.1700  26.3600  3.3754
97.7857  24.1826  100.1700  26.3600  3.4504
100.4900  25.3500  100.1700  26.3600  3.5894
100.1990  24.7084  100.1700  26.3600  3.4755
100.5230  25.0541  100.1700  26.3600  3.4904
99.0268  23.8963  100.1700  26.3600  3.4790
99.3404  24.5305  100.1700  26.3600  3.5192
98.3349  25.2175  100.1700  26.3600  3.3377
98.8783  23.5554  100.1700  26.3600  3.4972
99.7771  25.3419  100.1700  26.3600  3.4300
100.3200  25.2400  100.1700  26.3600  3.5151
98.8634  25.4505  100.1700  26.3600  3.3840
98.2175  24.6619  100.1700  26.3600  3.4030
99.0384  24.3221  100.1700  26.3600  3.5040
99.4024  25.6322  100.1700  26.3600  3.4432
100.8160  25.0395  98.3349  25.2175  3.4642
100.4690  24.5924  98.3349  25.2175  3.3737
99.8346  24.9958  98.3349  25.2175  3.4245
100.7200  24.6420  98.3349  25.2175  3.4273
99.9445  24.3191  98.3349  25.2175  3.4165
99.8799  24.7112  98.3349  25.2175  3.3471
100.7810  24.1990  98.3349  25.2175  3.4404
99.5713  23.7032  98.3349  25.2175  3.5471
98.5651  24.1350  98.3349  25.2175  3.5960
99.1663  24.7523  98.3349  25.2175  3.4592
99.4801  25.0480  98.3349  25.2175  3.4777
100.3690  24.1603  98.3349  25.2175  3.4595
99.6235  24.5257  98.3349  25.2175  3.4865
100.1990  24.7084  98.3349  25.2175  3.4167
97.7857  24.1826  98.3349  25.2175  3.5310
100.8080  24.4547  98.3349  25.2175  3.4215
97.6622  23.9027  98.3349  25.2175  3.5157
98.0252  24.4972  98.3349  25.2175  3.8411
99.0384  24.3221  98.3349  25.2175  3.7614
98.3382  24.3368  98.3349  25.2175  3.7218
99.0325  24.5549  98.3349  25.2175  3.7243
99.5529  24.2045  98.3349  25.2175  3.4777
99.6453  24.8769  98.3349  25.2175  3.3729
97.7332  24.3999  98.3349  25.2175  3.5890
99.2375  25.4847  98.3349  25.2175  3.7023
98.8783  23.5554  98.3349  25.2175  3.4660
99.3404  24.5305  98.3349  25.2175  3.4879
100.4120  23.9586  98.3349  25.2175  3.4849
99.7242  24.0204  98.3349  25.2175  3.5341
99.0268  23.8963  98.3349  25.2175  3.5731
100.7200  24.6420  98.2175  24.6619  3.5436
100.8160  25.0395  98.2175  24.6619  3.5349
99.9445  24.3191  98.2175  24.6619  3.4278
100.4690  24.5924  98.2175  24.6619  3.5401
99.5713  23.7032  98.2175  24.6619  3.5307
100.0910  24.8650  98.2175  24.6619  3.4699
99.7242  24.0204  98.2175  24.6619  3.4305
99.8799  24.7112  98.2175  24.6619  3.5332
100.8080  24.4547  98.2175  24.6619  3.5433
99.5529  24.2045  98.2175  24.6619  3.4124
98.8783  23.5554  98.2175  24.6619  3.6462
97.6622  23.9027  98.2175  24.6619  3.6455
100.2940  23.5890  98.2175  24.6619  3.5060
100.3690  24.1603  98.2175  24.6619  3.4800
100.4120  23.9586  98.2175  24.6619  3.4785
100.1990  24.7084  98.2175  24.6619  3.5713
99.0268  23.8963  98.2175  24.6619  3.7335
100.7810  24.1990  98.2175  24.6619  3.5012
98.8350  24.6942  100.4900  25.3500  3.4640
98.4849  24.7484  100.4900  25.3500  3.4851
98.3349  25.2175  100.4900  25.3500  3.4991
98.8431  25.1964  100.4900  25.3500  3.5069
98.3382  24.3368  100.4900  25.3500  3.5050
99.5713  23.7032  100.4900  25.3500  3.4853
99.6453  24.8769  100.4900  25.3500  3.7168
97.9699  24.7130  100.4900  25.3500  3.5223
99.2375  25.4847  100.4900  25.3500  3.4838
100.3690  24.1603  100.4900  25.3500  3.5511
99.6235  24.5257  100.4900  25.3500  3.4537
97.9350  25.1078  100.4900  25.3500  3.4493
98.5651  24.1350  100.4900  25.3500  3.4819
97.6622  23.9027  100.4900  25.3500  3.5406
99.4801  25.0480  100.4900  25.3500  3.6458
97.6568  24.6108  100.4900  25.3500  3.4708
99.9445  24.3191  100.4900  25.3500  3.3972
99.8799  24.7112  100.4900  25.3500  3.6197
97.7332  24.3999  100.4900  25.3500  3.4769
99.0268  23.8963  100.4900  25.3500  3.4876
98.2175  24.6619  100.4900  25.3500  3.4781
98.5433  25.5117  100.4900  25.3500  3.4287
100.2940  23.5890  100.4900  25.3500  3.5697
98.8783  23.5554  100.4900  25.3500  3.5388
98.6668  24.9037  100.4900  25.3500  3.4678
99.5529  24.2045  100.4900  25.3500  3.4374
99.0384  24.3221  100.4900  25.3500  3.4911
100.7810  24.1990  100.4900  25.3500  3.7111
98.0252  24.4972  100.4900  25.3500  3.5110
99.1663  24.7523  100.4900  25.3500  3.5188
100.4120  23.9586  100.4900  25.3500  3.5101
99.0325  24.5549  100.4900  25.3500  3.4478
98.8634  25.4505  100.4900  25.3500  3.4409
99.3404  24.5305  100.4900  25.3500  3.5091
97.7857  24.1826  100.4900  25.3500  3.5357
100.5960  26.2944  100.4900  25.3500  3.5480
99.7242  24.0204  100.4900  25.3500  3.4533
100.2940  23.5890  100.7200  24.6420  3.5326
100.7200  24.6420  99.0384  24.3221  3.6174
100.1990  24.7084  99.0384  24.3221  3.7007
100.8160  25.0395  99.0384  24.3221  3.5380
98.0252  24.4972  99.0384  24.3221  3.8488
100.3690  24.1603  99.0384  24.3221  3.5739
100.4120  23.9586  99.0384  24.3221  3.5129
97.7332  24.3999  99.0384  24.3221  3.7267
99.8346  24.9958  99.0384  24.3221  3.5954
97.7857  24.1826  99.0384  24.3221  3.7388
99.4801  25.0480  99.0384  24.3221  3.7851
98.2175  24.6619  99.0384  24.3221  3.8310
97.9350  25.1078  99.0384  24.3221  3.4759
100.8080  24.4547  99.0384  24.3221  3.5641
97.6622  23.9027  99.0384  24.3221  3.6886
100.2940  23.5890  99.0384  24.3221  3.5045
97.9699  24.7130  99.0384  24.3221  3.5505
100.7810  24.1990  99.0384  24.3221  3.4775
99.9445  24.3191  99.0384  24.3221  3.8173
100.0910  24.8650  99.0384  24.3221  3.6060
98.8783  23.5554  99.0384  24.3221  3.8031
99.3404  24.5305  98.8863  26.3578  3.3468
99.4801  25.0480  98.8863  26.3578  3.4682
98.2175  24.6619  98.8863  26.3578  3.4796
97.7857  24.1826  98.8863  26.3578  3.4955
98.8431  25.1964  98.8863  26.3578  3.3231
99.4024  25.6322  98.8863  26.3578  3.7340
99.6453  24.8769  98.8863  26.3578  3.4646
100.5960  26.2944  98.8863  26.3578  3.3758
100.5200  25.8500  98.8863  26.3578  3.3920
100.4990  25.5666  98.8863  26.3578  3.2846
100.8560  25.9242  98.8863  26.3578  3.3489
99.1663  24.7523  98.8863  26.3578  3.5067
99.7242  24.0204  98.8863  26.3578  3.4343
99.5713  23.7032  98.8863  26.3578  3.5644
100.3690  24.1603  98.8863  26.3578  3.5907
99.0384  24.3221  98.8863  26.3578  3.5775
98.3382  24.3368  98.8863  26.3578  3.4991
99.9868  25.4893  98.8863  26.3578  3.3875
98.6668  24.9037  98.8863  26.3578  3.4097
98.8783  23.5554  98.8863  26.3578  3.5680
100.8990  25.3230  98.8863  26.3578  3.3321
100.7200  24.6420  98.8863  26.3578  3.4525
99.5529  24.2045  98.8863  26.3578  3.4121
99.9445  24.3191  98.8863  26.3578  3.4719
98.8634  25.4505  98.8863  26.3578  3.6328
98.0252  24.4972  98.8863  26.3578  3.4739
100.2520  26.1294  98.8863  26.3578  3.4016
100.4900  25.3500  98.8863  26.3578  3.3303
98.8350  24.6942  98.8863  26.3578  3.5174
100.1000  25.9100  98.8863  26.3578  3.3967
98.5433  25.5117  98.8863  26.3578  3.6346
99.0268  23.8963  98.8863  26.3578  3.5529
100.2940  23.5890  98.8863  26.3578  3.5332
100.8160  25.0395  98.8863  26.3578  3.4163
100.8960  25.5945  98.8863  26.3578  3.2794
98.3349  25.2175  98.8863  26.3578  3.4655
99.4137  25.2954  98.8863  26.3578  3.6127
99.7771  25.3419  98.8863  26.3578  3.4255
99.8316  25.8146  98.8863  26.3578  3.4362
98.5651  24.1350  98.8863  26.3578  3.5343
100.4120  23.9586  98.8863  26.3578  3.5155
99.7280  25.5410  98.8863  26.3578  3.4298
100.1990  24.7084  98.8863  26.3578  3.4996
100.2160  25.0148  98.8863  26.3578  3.4403
100.7810  24.1990  98.8863  26.3578  3.5251
97.7332  24.3999  98.8863  26.3578  3.5360
97.9699  24.7130  98.8863  26.3578  3.4165
100.8080  24.4547  98.8863  26.3578  3.4805
100.5230  25.0541  98.8863  26.3578  3.4212
100.1700  26.3600  98.8863  26.3578  3.5608
99.8799  24.7112  98.8863  26.3578  3.5352
97.9350  25.1078  98.8863  26.3578  3.4102
99.0325  24.5549  98.8863  26.3578  3.4313
99.6235  24.5257  98.8863  26.3578  3.4040
99.8346  24.9958  98.8863  26.3578  3.4953
100.3200  25.2400  98.8863  26.3578  3.4066
97.6568  24.6108  98.8863  26.3578  3.5371
98.6668  24.9037  100.3200  25.2400  3.6193
99.6235  24.5257  100.3200  25.2400  3.5628
100.8080  24.4547  100.3200  25.2400  3.7017
98.5651  24.1350  100.3200  25.2400  3.4927
98.3382  24.3368  100.3200  25.2400  3.4960
98.5433  25.5117  100.3200  25.2400  3.3419
99.0268  23.8963  100.3200  25.2400  3.5079
97.7857  24.1826  100.3200  25.2400  3.4949
99.1663  24.7523  100.3200  25.2400  3.5424
98.8783  23.5554  100.3200  25.2400  3.5124
99.9445  24.3191  100.3200  25.2400  3.5201
100.4120  23.9586  100.3200  25.2400  3.5243
100.5960  26.2944  100.3200  25.2400  3.4525
98.3349  25.2175  100.3200  25.2400  3.4802
99.0384  24.3221  100.3200  25.2400  3.4569
97.6622  23.9027  100.3200  25.2400  3.5348
97.9350  25.1078  100.3200  25.2400  3.4997
97.6568  24.6108  100.3200  25.2400  3.5136
99.5529  24.2045  100.3200  25.2400  3.4444
98.8634  25.4505  100.3200  25.2400  3.4067
99.7242  24.0204  100.3200  25.2400  3.5147
98.2175  24.6619  100.3200  25.2400  3.5071
99.0325  24.5549  100.3200  25.2400  3.4702
99.5713  23.7032  100.3200  25.2400  3.5421
98.4849  24.7484  100.3200  25.2400  3.4865
98.8431  25.1964  100.3200  25.2400  3.4885
99.3404  24.5305  100.3200  25.2400  3.4779
98.0252  24.4972  100.3200  25.2400  3.5006
100.2940  23.5890  100.3200  25.2400  3.5689
97.9699  24.7130  100.3200  25.2400  3.5249
99.2375  25.4847  100.3200  25.2400  3.4822
97.7332  24.3999  100.3200  25.2400  3.4881
98.8350  24.6942  100.3200  25.2400  3.5041
100.7810  24.1990  100.3200  25.2400  3.6745
99.4801  25.0480  100.3200  25.2400  3.8284
100.3690  24.1603  100.3200  25.2400  3.6389
100.7810  24.1990  100.5200  25.8500  3.4762
100.3690  24.1603  100.5200  25.8500  3.5553
98.5651  24.1350  100.5200  25.8500  3.4589
99.3404  24.5305  100.5200  25.8500  3.4376
99.7242  24.0204  100.5200  25.8500  3.5020
98.8783  23.5554  100.5200  25.8500  3.5871
99.7280  25.5410  100.5200  25.8500  3.8447
99.0325  24.5549  100.5200  25.8500  3.4361
98.0252  24.4972  100.5200  25.8500  3.4510
99.4801  25.0480  100.5200  25.8500  3.4786
99.1663  24.7523  100.5200  25.8500  3.4207
100.8080  24.4547  100.5200  25.8500  3.4827
99.0384  24.3221  100.5200  25.8500  3.4750
97.6622  23.9027  100.5200  25.8500  3.4567
99.5713  23.7032  100.5200  25.8500  3.5396
99.7771  25.3419  100.5200  25.8500  3.8230
99.9445  24.3191  100.5200  25.8500  3.4999
98.8431  25.1964  100.5200  25.8500  3.4010
99.8799  24.7112  100.5200  25.8500  3.4060
97.7332  24.3999  100.5200  25.8500  3.4438
100.4120  23.9586  100.5200  25.8500  3.5505
100.1990  24.7084  100.5200  25.8500  3.4604
100.0910  24.8650  100.5200  25.8500  3.4993
100.2940  23.5890  100.5200  25.8500  3.5354
98.8350  24.6942  100.5200  25.8500  3.4320
100.2160  25.0148  100.5200  25.8500  3.5452
97.9350  25.1078  100.5200  25.8500  3.4364
99.2375  25.4847  100.5200  25.8500  3.5213
98.3382  24.3368  100.5200  25.8500  3.4575
100.7200  24.6420  100.5200  25.8500  3.5354
100.4690  24.5924  100.5200  25.8500  3.4906
98.3349  25.2175  100.5200  25.8500  3.4211
99.6453  24.8769  100.5200  25.8500  3.3925
99.4137  25.2954  100.5200  25.8500  3.4608
97.9699  24.7130  100.5200  25.8500  3.4031
98.5433  25.5117  100.5200  25.8500  3.4505
98.8634  25.4505  100.5200  25.8500  3.5260
99.6235  24.5257  100.5200  25.8500  3.4129
98.2175  24.6619  100.5200  25.8500  3.4360
99.0268  23.8963  100.5200  25.8500  3.5048
97.7857  24.1826  100.5200  25.8500  3.5116
97.6568  24.6108  100.5200  25.8500  3.4513
99.5529  24.2045  100.5200  25.8500  3.4572
99.8346  24.9958  100.5200  25.8500  3.4079
98.4849  24.7484  100.5200  25.8500  3.4620
99.5713  23.7032  99.8799  24.7112  3.6418
100.2940  23.5890  99.8799  24.7112  3.6665
99.0268  23.8963  99.8799  24.7112  3.5059
100.7200  24.6420  99.8799  24.7112  3.8194
100.8080  24.4547  99.8799  24.7112  3.6659
100.8160  25.0395  99.8799  24.7112  3.7551
98.8783  23.5554  99.8799  24.7112  3.5062
100.7810  24.1990  99.8799  24.7112  3.6779
100.4120  23.9586  99.8799  24.7112  3.7998
97.7857  24.1826  100.2520  26.1294  3.4611
99.0384  24.3221  100.2520  26.1294  3.4776
100.8960  25.5945  100.2520  26.1294  3.5079
97.7332  24.3999  100.2520  26.1294  3.4356
99.1663  24.7523  100.2520  26.1294  3.3845
99.0268  23.8963  100.2520  26.1294  3.4919
100.8160  25.0395  100.2520  26.1294  3.5553
99.7242  24.0204  100.2520  26.1294  3.4838
98.2175  24.6619  100.2520  26.1294  3.4103
100.7810  24.1990  100.2520  26.1294  3.4804
98.4849  24.7484  100.2520  26.1294  3.4143
100.5230  25.0541  100.2520  26.1294  3.5984
100.8080  24.4547  100.2520  26.1294  3.4653
97.6622  23.9027  100.2520  26.1294  3.4943
99.7280  25.5410  100.2520  26.1294  3.6871
99.6453  24.8769  100.2520  26.1294  3.4452
99.4137  25.2954  100.2520  26.1294  3.3847
99.3404  24.5305  100.2520  26.1294  3.4481
100.2940  23.5890  100.2520  26.1294  3.5757
100.2160  25.0148  100.2520  26.1294  3.5075
99.9868  25.4893  100.2520  26.1294  3.8314
98.8783  23.5554  100.2520  26.1294  3.5407
98.6668  24.9037  100.2520  26.1294  3.3610
100.3200  25.2400  100.2520  26.1294  3.7071
98.8350  24.6942  100.2520  26.1294  3.4317
99.5529  24.2045  100.2520  26.1294  3.4839
100.3690  24.1603  100.2520  26.1294  3.5498
97.9699  24.7130  100.2520  26.1294  3.3894
99.4300  26.2040  100.2520  26.1294  3.5619
100.0910  24.8650  100.2520  26.1294  3.3822
99.8799  24.7112  100.2520  26.1294  3.4953
100.1990  24.7084  100.2520  26.1294  3.4897
98.5651  24.1350  100.2520  26.1294  3.4767
100.4120  23.9586  100.2520  26.1294  3.5524
99.9445  24.3191  100.2520  26.1294  3.5186
99.4024  25.6322  100.2520  26.1294  3.5368
98.0252  24.4972  100.2520  26.1294  3.4299
99.2375  25.4847  100.2520  26.1294  3.4601
100.7200  24.6420  100.2520  26.1294  3.5368
99.8346  24.9958  100.2520  26.1294  3.4327
99.0325  24.5549  100.2520  26.1294  3.4344
98.8634  25.4505  100.2520  26.1294  3.4352
99.6235  24.5257  100.2520  26.1294  3.4911
100.4690  24.5924  100.2520  26.1294  3.4112
97.9350  25.1078  100.2520  26.1294  3.4025
99.5713  23.7032  100.2520  26.1294  3.4870
99.7771  25.3419  100.2520  26.1294  3.4950
99.4801  25.0480  100.2520  26.1294  3.3790
98.5433  25.5117  100.2520  26.1294  3.4023
98.3382  24.3368  100.2520  26.1294  3.4751
97.6568  24.6108  100.2520  26.1294  3.4140
100.8990  25.3230  100.2520  26.1294  3.5053
98.8431  25.1964  100.2520  26.1294  3.4138
98.3349  25.2175  100.2520  26.1294  3.4095
99.4801  25.0480  98.5433  25.5117  3.5594
100.8080  24.4547  98.5433  25.5117  3.4264
99.7242  24.0204  98.5433  25.5117  3.5305
99.0268  23.8963  98.5433  25.5117  3.4470
99.8346  24.9958  98.5433  25.5117  3.3766
99.5713  23.7032  98.5433  25.5117  3.5022
99.8799  24.7112  98.5433  25.5117  3.4499
99.0384  24.3221  98.5433  25.5117  3.5903
99.6453  24.8769  98.5433  25.5117  3.5329
97.9699  24.7130  98.5433  25.5117  3.6960
100.7810  24.1990  98.5433  25.5117  3.4327
99.3404  24.5305  98.5433  25.5117  3.6747
97.7332  24.3999  98.5433  25.5117  3.5514
98.3382  24.3368  98.5433  25.5117  3.3622
100.8160  25.0395  98.5433  25.5117  3.4003
99.5529  24.2045  98.5433  25.5117  3.5328
99.0325  24.5549  98.5433  25.5117  3.6208
97.6622  23.9027  98.5433  25.5117  3.4754
98.0252  24.4972  98.5433  25.5117  3.4937
99.9445  24.3191  98.5433  25.5117  3.4798
100.1990  24.7084  98.5433  25.5117  3.3891
100.7200  24.6420  98.5433  25.5117  3.4076
100.0910  24.8650  98.5433  25.5117  3.3993
99.6235  24.5257  98.5433  25.5117  3.4735
100.2940  23.5890  98.5433  25.5117  3.5572
100.3690  24.1603  98.5433  25.5117  3.4787
99.1663  24.7523  98.5433  25.5117  3.7955
98.8783  23.5554  98.5433  25.5117  3.5554
98.5651  24.1350  98.5433  25.5117  3.4361
98.2175  24.6619  98.5433  25.5117  3.5768
100.8160  25.0395  99.0325  24.5549  3.5290
100.0910  24.8650  99.0325  24.5549  3.7606
98.0252  24.4972  99.0325  24.5549  3.8151
100.3690  24.1603  99.0325  24.5549  3.5073
99.8799  24.7112  99.0325  24.5549  3.8423
100.1990  24.7084  99.0325  24.5549  3.6677
100.2940  23.5890  99.0325  24.5549  3.5813
97.7332  24.3999  99.0325  24.5549  3.7112
97.6622  23.9027  99.0325  24.5549  3.5375
98.8783  23.5554  99.0325  24.5549  3.6658
97.9350  25.1078  99.0325  24.5549  3.4533
97.6568  24.6108  99.0325  24.5549  3.5731
99.9445  24.3191  99.0325  24.5549  3.7279
97.9699  24.7130  99.0325  24.5549  3.7429
100.4120  23.9586  99.0325  24.5549  3.4159
100.8080  24.4547  99.0325  24.5549  3.4962
100.7200  24.6420  99.0325  24.5549  3.5041
100.7810  24.1990  99.0325  24.5549  3.4539
100.4690  24.5924  99.0325  24.5549  3.6052
97.7857  24.1826  99.0325  24.5549  3.6698
99.9445  24.3191  99.1301  26.2006  3.4905
99.8316  25.8146  99.1301  26.2006  3.6892
100.4900  25.3500  99.1301  26.2006  3.3778
100.8560  25.9242  99.1301  26.2006  3.2718
100.7200  24.6420  99.1301  26.2006  3.4318
97.6568  24.6108  99.1301  26.2006  3.5561
100.4990  25.5666  99.1301  26.2006  3.3562
99.4801  25.0480  99.1301  26.2006  3.4634
97.6622  23.9027  99.1301  26.2006  3.5400
100.7810  24.1990  99.1301  26.2006  3.5217
100.5960  26.2944  99.1301  26.2006  3.4054
99.7280  25.5410  99.1301  26.2006  3.6160
98.4849  24.7484  99.1301  26.2006  3.4139
99.1663  24.7523  99.1301  26.2006  3.4636
97.9699  24.7130  99.1301  26.2006  3.3527
100.1990  24.7084  99.1301  26.2006  3.5134
98.8634  25.4505  99.1301  26.2006  3.8494
98.6668  24.9037  99.1301  26.2006  3.5449
99.8346  24.9958  99.1301  26.2006  3.5141
100.5200  25.8500  99.1301  26.2006  3.3024
100.2160  25.0148  99.1301  26.2006  3.4512
99.6453  24.8769  99.1301  26.2006  3.5651
100.8960  25.5945  99.1301  26.2006  3.3561
98.2175  24.6619  99.1301  26.2006  3.4519
99.0325  24.5549  99.1301  26.2006  3.4107
97.7332  24.3999  99.1301  26.2006  3.5105
99.5529  24.2045  99.1301  26.2006  3.5027
100.8160  25.0395  99.1301  26.2006  3.4033
99.7242  24.0204  99.1301  26.2006  3.5436
98.5651  24.1350  99.1301  26.2006  3.3957
99.7771  25.3419  99.1301  26.2006  3.5806
98.8431  25.1964  99.1301  26.2006  3.4491
98.8350  24.6942  99.1301  26.2006  3.6544
99.5713  23.7032  99.1301  26.2006  3.6231
100.8080  24.4547  99.1301  26.2006  3.4427
97.9350  25.1078  99.1301  26.2006  3.4689
100.1000  25.9100  99.1301  26.2006  3.5804
98.5433  25.5117  99.1301  26.2006  3.7266
100.4120  23.9586  99.1301  26.2006  3.5015
100.3690  24.1603  99.1301  26.2006  3.5250
100.5230  25.0541  99.1301  26.2006  3.4080
100.8990  25.3230  99.1301  26.2006  3.3843
99.8799  24.7112  99.1301  26.2006  3.4310
98.3382  24.3368  99.1301  26.2006  3.4289
100.4690  24.5924  99.1301  26.2006  3.4843
99.4137  25.2954  99.1301  26.2006  3.6707
100.2520  26.1294  99.1301  26.2006  3.4339
99.9868  25.4893  99.1301  26.2006  3.4137
99.0384  24.3221  99.1301  26.2006  3.4316
99.0268  23.8963  99.1301  26.2006  3.5690
97.7857  24.1826  99.1301  26.2006  3.4676
97.9699  24.7130  99.6235  24.5257  3.4104
97.7332  24.3999  99.6235  24.5257  3.6120
100.7810  24.1990  99.6235  24.5257  3.5307
100.2940  23.5890  99.6235  24.5257  3.7164
98.8783  23.5554  99.6235  24.5257  3.5388
98.2175  24.6619  99.6235  24.5257  3.5593
98.3382  24.3368  99.6235  24.5257  3.7020
98.5651  24.1350  99.6235  24.5257  3.6853
100.8160  25.0395  99.6235  24.5257  3.5867
97.7857  24.1826  99.6235  24.5257  3.5741
97.9350  25.1078  99.6235  24.5257  3.3693
97.6622  23.9027  99.6235  24.5257  3.6058
100.4120  23.9586  99.6235  24.5257  3.6768
100.7200  24.6420  99.6235  24.5257  3.6973
97.6568  24.6108  99.6235  24.5257  3.5156
100.8080  24.4547  99.6235  24.5257  3.5647
99.7280  25.5410  100.8560  25.9242  3.5516
99.4801  25.0480  100.8560  25.9242  3.3975
100.1000  25.9100  100.8560  25.9242  3.7269
100.8160  25.0395  100.8560  25.9242  3.6554
97.7857  24.1826  100.8560  25.9242  3.4910
99.9868  25.4893  100.8560  25.9242  3.7240
99.1663  24.7523  100.8560  25.9242  3.5007
100.2160  25.0148  100.8560  25.9242  3.3444
98.8783  23.5554  100.8560  25.9242  3.5339
97.9350  25.1078  100.8560  25.9242  3.4409
99.0325  24.5549  100.8560  25.9242  3.4377
99.2375  25.4847  100.8560  25.9242  3.5119
100.0910  24.8650  100.8560  25.9242  3.5988
98.8634  25.4505  100.8560  25.9242  3.4670
97.6622  23.9027  100.8560  25.9242  3.4819
98.8350  24.6942  100.8560  25.9242  3.4230
98.0252  24.4972  100.8560  25.9242  3.4513
99.4137  25.2954  100.8560  25.9242  3.4055
99.5529  24.2045  100.8560  25.9242  3.4486
98.4849  24.7484  100.8560  25.9242  3.4392
99.6235  24.5257  100.8560  25.9242  3.3996
100.1990  24.7084  100.8560  25.9242  3.3939
98.5651  24.1350  100.8560  25.9242  3.4536
98.5433  25.5117  100.8560  25.9242  3.4866
100.4120  23.9586  100.8560  25.9242  3.5057
99.8799  24.7112  100.8560  25.9242  3.4397
99.0268  23.8963  100.8560  25.9242  3.4964
99.9445  24.3191  100.8560  25.9242  3.4497
100.5230  25.0541  100.8560  25.9242  3.4906
100.3200  25.2400  100.8560  25.9242  3.5272
100.7200  24.6420  100.8560  25.9242  3.4271
100.2940  23.5890  100.8560  25.9242  3.4827
97.6568  24.6108  100.8560  25.9242  3.4885
98.6668  24.9037  100.8560  25.9242  3.4625
100.3690  24.1603  100.8560  25.9242  3.4422
98.3382  24.3368  100.8560  25.9242  3.4466
99.7771  25.3419  100.8560  25.9242  3.4981
98.2175  24.6619  100.8560  25.9242  3.4489
99.0384  24.3221  100.8560  25.9242  3.4698
99.8346  24.9958  100.8560  25.9242  3.3812
100.8080  24.4547  100.8560  25.9242  3.4707
99.8316  25.8146  100.8560  25.9242  3.6517
99.5713  23.7032  100.8560  25.9242  3.4957
100.7810  24.1990  100.8560  25.9242  3.4777
97.9699  24.7130  100.8560  25.9242  3.4190
99.6453  24.8769  100.8560  25.9242  3.4075
98.3349  25.2175  100.8560  25.9242  3.4443
99.7242  24.0204  100.8560  25.9242  3.4761
98.3382  24.3368  99.3404  24.5305  3.8120
98.0252  24.4972  99.3404  24.5305  3.7545
100.7810  24.1990  99.3404  24.5305  3.4911
100.3690  24.1603  99.3404  24.5305  3.6081
100.7200  24.6420  99.3404  24.5305  3.5383
97.9699  24.7130  99.3404  24.5305  3.5910
100.4690  24.5924  99.3404  24.5305  3.6841
100.4120  23.9586  99.3404  24.5305  3.5633
100.2940  23.5890  99.3404  24.5305  3.5964
98.8783  23.5554  99.3404  24.5305  3.6431
97.6622  23.9027  99.3404  24.5305  3.6602
97.7857  24.1826  99.3404  24.5305  3.6663
100.8080  24.4547  99.3404  24.5305  3.5232
97.9350  25.1078  99.3404  24.5305  3.4593
100.8160  25.0395  99.3404  24.5305  3.5563
98.2175  24.6619  99.3404  24.5305  3.6162
98.8634  25.4505  98.4849  24.7484  3.7871
100.8080  24.4547  98.4849  24.7484  3.4988
100.1990  24.7084  98.4849  24.7484  3.5239
98.8350  24.6942  98.4849  24.7484  3.7517
99.5529  24.2045  98.4849  24.7484  3.5519
99.9445  24.3191  98.4849  24.7484  3.3976
99.7242  24.0204  98.4849  24.7484  3.5585
100.7200  24.6420  98.4849  24.7484  3.5046
99.0268  23.8963  98.4849  24.7484  3.7821
99.8799  24.7112  98.4849  24.7484  3.5562
100.7810  24.1990  98.4849  24.7484  3.4736
99.6235  24.5257  98.4849  24.7484  3.5068
100.4120  23.9586  98.4849  24.7484  3.4586
99.5713  23.7032  98.4849  24.7484  3.5380
99.4801  25.0480  98.4849  24.7484  3.7254
99.3404  24.5305  98.4849  24.7484  3.7750
100.3690  24.1603  98.4849  24.7484  3.4524
100.4690  24.5924  98.4849  24.7484  3.4796
100.0910  24.8650  98.4849  24.7484  3.4086
99.8346  24.9958  98.4849  24.7484  3.5687
98.8783  23.5554  98.4849  24.7484  3.6096
97.6622  23.9027  98.4849  24.7484  3.5439
99.6453  24.8769  98.4849  24.7484  3.6441
100.8160  25.0395  98.4849  24.7484  3.5448
100.2940  23.5890  98.4849  24.7484  3.5229
99.2375  25.4847  98.4849  24.7484  3.5402
97.6622  23.9027  98.6668  24.9037  3.5087
100.1990  24.7084  98.6668  24.9037  3.5138
100.7810  24.1990  98.6668  24.9037  3.4299
99.7242  24.0204  98.6668  24.9037  3.4328
99.0268  23.8963  98.6668  24.9037  3.7265
100.4120  23.9586  98.6668  24.9037  3.4703
100.8160  25.0395  98.6668  24.9037  3.5662
99.9445  24.3191  98.6668  24.9037  3.3678
100.8080  24.4547  98.6668  24.9037  3.4596
99.5529  24.2045  98.6668  24.9037  3.6733
100.0910  24.8650  98.6668  24.9037  3.7299
99.6235  24.5257  98.6668  24.9037  3.6934
97.7857  24.1826  98.6668  24.9037  3.5025
99.8346  24.9958  98.6668  24.9037  3.6906
97.7332  24.3999  98.6668  24.9037  3.5688
100.7200  24.6420  98.6668  24.9037  3.4500
99.8799  24.7112  98.6668  24.9037  3.4538
100.3690  24.1603  98.6668  24.9037  3.3684
100.2940  23.5890  98.6668  24.9037  3.5378
99.5713  23.7032  98.6668  24.9037  3.6422
100.4690  24.5924  98.6668  24.9037  3.5767
99.6453  24.8769  98.6668  24.9037  3.6416
99.7242  24.0204  100.0910  24.8650  3.6994
100.7810  24.1990  100.0910  24.8650  3.5698
100.2940  23.5890  100.0910  24.8650  3.6894
100.8080  24.4547  100.0910  24.8650  3.7098
99.0268  23.8963  100.0910  24.8650  3.5074
100.8160  25.0395  100.3690  24.1603  3.5639
99.0268  23.8963  100.3690  24.1603  3.7002
98.8783  23.5554  100.3690  24.1603  3.7451
100.2940  23.5890  100.4690  24.5924  3.8181
99.0268  23.8963  100.4690  24.5924  3.5559
99.5713  23.7032  100.4690  24.5924  3.4360
99.7242  24.0204  100.4690  24.5924  3.8433
98.3349  25.2175  99.4024  25.6322  3.5023
99.5529  24.2045  99.4024  25.6322  3.4667
100.8960  25.5945  99.4024  25.6322  3.4468
99.7242  24.0204  99.4024  25.6322  3.5224
100.4900  25.3500  99.4024  25.6322  3.4164
97.9350  25.1078  99.4024  25.6322  3.4797
100.4120  23.9586  99.4024  25.6322  3.5568
99.6235  24.5257  99.4024  25.6322  3.5993
98.2175  24.6619  99.4024  25.6322  3.4723
98.5433  25.5117  99.4024  25.6322  3.6478
100.7200  24.6420  99.4024  25.6322  3.4565
100.5200  25.8500  99.4024  25.6322  3.5847
98.4849  24.7484  99.4024  25.6322  3.4586
100.7810  24.1990  99.4024  25.6322  3.5141
100.8160  25.0395  99.4024  25.6322  3.3660
100.2940  23.5890  99.4024  25.6322  3.5199
100.3200  25.2400  99.4024  25.6322  3.4756
100.1990  24.7084  99.4024  25.6322  3.5469
100.8560  25.9242  99.4024  25.6322  3.5392
100.8080  24.4547  99.4024  25.6322  3.4844
98.8783  23.5554  99.4024  25.6322  3.5111
100.8990  25.3230  99.4024  25.6322  3.3641
97.7332  24.3999  99.4024  25.6322  3.4209
100.5960  26.2944  99.4024  25.6322  3.4225
99.1663  24.7523  99.4024  25.6322  3.6421
99.0325  24.5549  99.4024  25.6322  3.4775
99.9445  24.3191  99.4024  25.6322  3.5999
99.5713  23.7032  99.4024  25.6322  3.5471
97.7857  24.1826  99.4024  25.6322  3.4546
100.3690  24.1603  99.4024  25.6322  3.5568
97.6568  24.6108  99.4024  25.6322  3.4549
97.6622  23.9027  99.4024  25.6322  3.4735
99.9868  25.4893  99.4024  25.6322  3.7843
97.9699  24.7130  99.4024  25.6322  3.3418
99.0268  23.8963  99.4024  25.6322  3.5805
100.4990  25.5666  99.4024  25.6322  3.4777
100.4690  24.5924  99.4024  25.6322  3.4311
98.8350  24.6942  99.4024  25.6322  3.4831
99.0384  24.3221  99.4024  25.6322  3.5377
100.5230  25.0541  99.4024  25.6322  3.3990
100.0910  24.8650  99.4024  25.6322  3.5566
98.0252  24.4972  99.4024  25.6322  3.4624
98.5651  24.1350  99.4024  25.6322  3.4853
99.8799  24.7112  99.4024  25.6322  3.7064
99.3404  24.5305  99.4024  25.6322  3.5466
98.3382  24.3368  99.4024  25.6322  3.4757
100.2160  25.0148  99.4024  25.6322  3.4447
98.6668  24.9037  99.4024  25.6322  3.5423
100.8080  24.4547  98.8783  23.5554  3.5703
100.7200  24.6420  98.8783  23.5554  3.5330
100.7810  24.1990  98.8783  23.5554  3.5499
100.8160  25.0395  98.8783  23.5554  3.5139
98.5651  24.1350  99.2375  25.4847  3.4718
97.6622  23.9027  99.2375  25.4847  3.4932
100.7200  24.6420  99.2375  25.4847  3.4135
98.0252  24.4972  99.2375  25.4847  3.5137
97.7857  24.1826  99.2375  25.4847  3.4313
99.5713  23.7032  99.2375  25.4847  3.5545
99.5529  24.2045  99.2375  25.4847  3.5194
99.0384  24.3221  99.2375  25.4847  3.4953
100.3690  24.1603  99.2375  25.4847  3.5355
99.9445  24.3191  99.2375  25.4847  3.6185
98.3382  24.3368  99.2375  25.4847  3.4551
100.4120  23.9586  99.2375  25.4847  3.5607
99.8799  24.7112  99.2375  25.4847  3.6730
100.0910  24.8650  99.2375  25.4847  3.5164
100.1990  24.7084  99.2375  25.4847  3.4864
100.4690  24.5924  99.2375  25.4847  3.4695
99.7242  24.0204  99.2375  25.4847  3.6372
97.9699  24.7130  99.2375  25.4847  3.3793
100.7810  24.1990  99.2375  25.4847  3.4882
99.0268  23.8963  99.2375  25.4847  3.5307
98.8350  24.6942  99.2375  25.4847  3.6620
97.7332  24.3999  99.2375  25.4847  3.4332
98.2175  24.6619  99.2375  25.4847  3.4872
98.8783  23.5554  99.2375  25.4847  3.5947
99.8346  24.9958  99.2375  25.4847  3.7793
99.0325  24.5549  99.2375  25.4847  3.5787
100.2940  23.5890  99.2375  25.4847  3.5615
99.6235  24.5257  99.2375  25.4847  3.7194
97.6568  24.6108  99.2375  25.4847  3.3830
99.3404  24.5305  99.2375  25.4847  3.6870
97.9350  25.1078  99.2375  25.4847  3.5715
100.8160  25.0395  99.2375  25.4847  3.3550
100.4690  24.5924  98.8431  25.1964  3.3876
98.0252  24.4972  98.8431  25.1964  3.5816
100.7810  24.1990  98.8431  25.1964  3.4666
99.5713  23.7032  98.8431  25.1964  3.5801
97.9350  25.1078  98.8431  25.1964  3.7309
99.5529  24.2045  98.8431  25.1964  3.6782
99.8799  24.7112  98.8431  25.1964  3.6051
100.7200  24.6420  98.8431  25.1964  3.4332
100.1990  24.7084  98.8431  25.1964  3.3835
100.2940  23.5890  98.8431  25.1964  3.5853
100.8160  25.0395  98.8431  25.1964  3.4438
99.9445  24.3191  98.8431  25.1964  3.4749
98.8783  23.5554  98.8431  25.1964  3.5090
100.3690  24.1603  98.8431  25.1964  3.5066
99.7242  24.0204  98.8431  25.1964  3.6564
98.3382  24.3368  98.8431  25.1964  3.7087
97.6568  24.6108  98.8431  25.1964  3.5055
99.8346  24.9958  98.8431  25.1964  3.5797
98.5651  24.1350  98.8431  25.1964  3.5493
99.6453  24.8769  98.8431  25.1964  3.7521
97.7332  24.3999  98.8431  25.1964  3.4475
99.6235  24.5257  98.8431  25.1964  3.6361
100.4120  23.9586  98.8431  25.1964  3.5263
100.8080  24.4547  98.8431  25.1964  3.4075
100.0910  24.8650  98.8431  25.1964  3.3905
97.6622  23.9027  98.8431  25.1964  3.5414
97.9699  24.7130  98.8431  25.1964  3.6387
99.0268  23.8963  98.8431  25.1964  3.5617
97.7857  24.1826  98.8431  25.1964  3.5378
99.8799  24.7112  97.7857  24.1826  3.6012
99.7242  24.0204  97.7857  24.1826  3.6520
100.3690  24.1603  97.7857  24.1826  3.6573
100.1990  24.7084  97.7857  24.1826  3.5862
100.7200  24.6420  97.7857  24.1826  3.6079
100.2940  23.5890  97.7857  24.1826  3.5260
99.5529  24.2045  97.7857  24.1826  3.6012
98.8783  23.5554  97.7857  24.1826  3.5037
99.0268  23.8963  97.7857  24.1826  3.5739
100.4120  23.9586  97.7857  24.1826  3.5978
100.7810  24.1990  97.7857  24.1826  3.6193
100.8160  25.0395  97.7857  24.1826  3.5305
100.8080  24.4547  97.7857  24.1826  3.6770
99.9445  24.3191  97.7857  24.1826  3.6145
100.0910  24.8650  97.7857  24.1826  3.5767
99.5713  23.7032  97.7857  24.1826  3.4143
97.9699  24.7130  99.7280  25.5410  3.4362
97.7332  24.3999  99.7280  25.5410  3.4975
100.7810  24.1990  99.7280  25.5410  3.5116
100.8990  25.3230  99.7280  25.5410  3.4073
98.5433  25.5117  99.7280  25.5410  3.5295
99.5713  23.7032  99.7280  25.5410  3.5649
100.3690  24.1603  99.7280  25.5410  3.5598
98.8634  25.4505  99.7280  25.5410  3.6058
98.4849  24.7484  99.7280  25.5410  3.4350
100.8960  25.5945  99.7280  25.5410  3.5951
99.0384  24.3221  99.7280  25.5410  3.4365
98.2175  24.6619  99.7280  25.5410  3.4148
100.7200  24.6420  99.7280  25.5410  3.4354
97.7857  24.1826  99.7280  25.5410  3.4821
100.8160  25.0395  99.7280  25.5410  3.4381
99.6235  24.5257  99.7280  25.5410  3.5617
100.4990  25.5666  99.7280  25.5410  3.6696
97.9350  25.1078  99.7280  25.5410  3.4601
98.0252  24.4972  99.7280  25.5410  3.4667
100.4900  25.3500  99.7280  25.5410  3.7285
100.5960  26.2944  99.7280  25.5410  3.3896
99.1663  24.7523  99.7280  25.5410  3.5598
99.9445  24.3191  99.7280  25.5410  3.5201
97.6622  23.9027  99.7280  25.5410  3.4894
99.3404  24.5305  99.7280  25.5410  3.4891
100.5230  25.0541  99.7280  25.5410  3.4522
98.8350  24.6942  99.7280  25.5410  3.4496
100.4690  24.5924  99.7280  25.5410  3.6428
98.8431  25.1964  99.7280  25.5410  3.7722
100.1990  24.7084  99.7280  25.5410  3.7521
98.8783  23.5554  99.7280  25.5410  3.5059
97.6568  24.6108  99.7280  25.5410  3.4477
100.2160  25.0148  99.7280  25.5410  3.7397
98.3349  25.2175  99.7280  25.5410  3.5245
98.6668  24.9037  99.7280  25.5410  3.4472
100.8080  24.4547  99.7280  25.5410  3.4992
99.0268  23.8963  99.7280  25.5410  3.5226
99.0325  24.5549  99.7280  25.5410  3.4181
100.2940  23.5890  99.7280  25.5410  3.4853
99.7242  24.0204  99.7280  25.5410  3.4893
100.4120  23.9586  99.7280  25.5410  3.5617
100.3200  25.2400  99.7280  25.5410  3.6823
98.5651  24.1350  99.7280  25.5410  3.4694
99.5529  24.2045  99.7280  25.5410  3.5376
98.3382  24.3368  99.7280  25.5410  3.5286
97.9699  24.7130  99.8346  24.9958  3.5711
99.0268  23.8963  99.8346  24.9958  3.4842
100.3690  24.1603  99.8346  24.9958  3.7744
99.5713  23.7032  99.8346  24.9958  3.5949
97.9350  25.1078  99.8346  24.9958  3.4569
98.0252  24.4972  99.8346  24.9958  3.5337
100.2940  23.5890  99.8346  24.9958  3.5192
100.8160  25.0395  99.8346  24.9958  3.6393
99.5529  24.2045  99.8346  24.9958  3.7841
97.7857  24.1826  99.8346  24.9958  3.5125
98.8783  23.5554  99.8346  24.9958  3.5682
98.2175  24.6619  99.8346  24.9958  3.5699
99.7242  24.0204  99.8346  24.9958  3.6642
100.7200  24.6420  99.8346  24.9958  3.6084
97.7332  24.3999  99.8346  24.9958  3.5601
98.3382  24.3368  99.8346  24.9958  3.4541
97.6622  23.9027  99.8346  24.9958  3.5633
97.6568  24.6108  99.8346  24.9958  3.5800
100.4120  23.9586  99.8346  24.9958  3.6823
98.5651  24.1350  99.8346  24.9958  3.4853
100.8080  24.4547  99.8346  24.9958  3.6060
100.7810  24.1990  99.8346  24.9958  3.5349
99.7242  24.0204  97.9699  24.7130  3.4364
100.1990  24.7084  97.9699  24.7130  3.4984
100.3690  24.1603  97.9699  24.7130  3.4954
100.7200  24.6420  97.9699  24.7130  3.5311
100.4120  23.9586  97.9699  24.7130  3.4760
99.5713  23.7032  97.9699  24.7130  3.4861
100.7810  24.1990  97.9699  24.7130  3.5236
99.5529  24.2045  97.9699  24.7130  3.3895
100.4690  24.5924  97.9699  24.7130  3.6349
99.8799  24.7112  97.9699  24.7130  3.5314
100.8160  25.0395  97.9699  24.7130  3.5456
100.2940  23.5890  97.9699  24.7130  3.4988
99.0268  23.8963  97.9699  24.7130  3.5384
99.9445  24.3191  97.9699  24.7130  3.4488
97.6622  23.9027  97.9699  24.7130  3.7548
100.0910  24.8650  97.9699  24.7130  3.3639
100.8080  24.4547  97.9699  24.7130  3.5476
100.7200  24.6420  99.7242  24.0204  3.6900
100.8080  24.4547  99.7242  24.0204  3.7433
100.7810  24.1990  99.7242  24.0204  3.7167
100.8160  25.0395  99.7242  24.0204  3.4792
100.8160  25.0395  100.4120  23.9586  3.4984
99.0268  23.8963  97.7332  24.3999  3.5612
100.4120  23.9586  97.7332  24.3999  3.5644
100.8160  25.0395  97.7332  24.3999  3.5399
99.5529  24.2045  97.7332  24.3999  3.5258
100.7810  24.1990  97.7332  24.3999  3.6076
100.3690  24.1603  97.7332  24.3999  3.5527
100.7200  24.6420  97.7332  24.3999  3.6322
99.5713  23.7032  97.7332  24.3999  3.3948
98.8783  23.5554  97.7332  24.3999  3.6037
100.8080  24.4547  97.7332  24.3999  3.6159
99.8799  24.7112  97.7332  24.3999  3.6557
99.9445  24.3191  97.7332  24.3999  3.5683
100.2940  23.5890  97.7332  24.3999  3.5129
100.4690  24.5924  97.7332  24.3999  3.6551
99.7242  24.0204  97.7332  24.3999  3.5716
100.1990  24.7084  97.7332  24.3999  3.6362
98.5651  24.1350  97.7332  24.3999  3.8453
