2219	Dongguan	113.6790 	22.7443 
2220	Dongguan	113.6785 	22.7446 
2221	Dongguan	113.6774 	22.7449 
2222	Dongguan	113.6767 	22.7449 
2223	Dongguan	113.6711 	22.7449 
2224	Dongguan	113.6704 	22.7449 
2225	Dongguan	113.6701 	22.7446 
2226	Dongguan	113.6685 	22.7443 
2227	Dongguan	113.6665 	22.7449 
2228	Dongguan	113.6660 	22.7451 
2229	Dongguan	113.6657 	22.7454 
2230	Dongguan	113.6657 	22.7463 
2231	Dongguan	113.6649 	22.7471 
2232	Dongguan	113.6643 	22.7474 
2233	Dongguan	113.6637 	22.7474 
2234	Dongguan	113.6635 	22.7476 
2235	Dongguan	113.6629 	22.7485 
2236	Dongguan	113.6607 	22.7524 
2237	Dongguan	113.6604 	22.7529 
2238	Dongguan	113.6604 	22.7543 
2239	Dongguan	113.6599 	22.7551 
2240	Dongguan	113.6596 	22.7554 
2241	Dongguan	113.6590 	22.7557 
2242	Dongguan	113.6579 	22.7565 
2243	Dongguan	113.6576 	22.7568 
2244	Dongguan	113.6565 	22.7596 
2245	Dongguan	113.6565 	22.7610 
2246	Dongguan	113.6568 	22.7626 
2247	Dongguan	113.6579 	22.7626 
2248	Dongguan	113.6585 	22.7626 
2249	Dongguan	113.6593 	22.7632 
2250	Dongguan	113.6596 	22.7635 
2251	Dongguan	113.6596 	22.7636 
2252	Dongguan	113.6596 	22.7646 
2253	Dongguan	113.6593 	22.7646 
2254	Dongguan	113.6593 	22.7671 
2255	Dongguan	113.6599 	22.7679 
2256	Dongguan	113.6618 	22.7704 
2257	Dongguan	113.6624 	22.7710 
2258	Dongguan	113.6629 	22.7712 
2259	Dongguan	113.6635 	22.7715 
2260	Dongguan	113.6635 	22.7726 
2261	Dongguan	113.6637 	22.7737 
2262	Dongguan	113.6640 	22.7740 
2263	Dongguan	113.6646 	22.7743 
2264	Dongguan	113.6651 	22.7746 
2265	Dongguan	113.6654 	22.7749 
2266	Dongguan	113.6657 	22.7754 
2267	Dongguan	113.6660 	22.7762 
2268	Dongguan	113.6660 	22.7776 
2269	Dongguan	113.6657 	22.7782 
2270	Dongguan	113.6649 	22.7782 
2271	Dongguan	113.6646 	22.7779 
2272	Dongguan	113.6646 	22.7776 
2273	Dongguan	113.6635 	22.7776 
2274	Dongguan	113.6632 	22.7776 
2275	Dongguan	113.6626 	22.7782 
2276	Dongguan	113.6626 	22.7813 
2277	Dongguan	113.6621 	22.7860 
2278	Dongguan	113.6615 	22.7871 
2279	Dongguan	113.6612 	22.7871 
2280	Dongguan	113.6607 	22.7868 
2281	Dongguan	113.6604 	22.7865 
2282	Dongguan	113.6601 	22.7860 
2283	Dongguan	113.6601 	22.7849 
2284	Dongguan	113.6599 	22.7843 
2285	Dongguan	113.6576 	22.7832 
2286	Dongguan	113.6568 	22.7832 
2287	Dongguan	113.6529 	22.7854 
2288	Dongguan	113.6504 	22.7868 
2289	Dongguan	113.6468 	22.7885 
2290	Dongguan	113.6432 	22.7907 
2291	Dongguan	113.6426 	22.7910 
2292	Dongguan	113.6407 	22.7918 
2293	Dongguan	113.6351 	22.7940 
2294	Dongguan	113.6338 	22.7940 
2295	Dongguan	113.6321 	22.7946 
2296	Dongguan	113.6304 	22.7951 
2297	Dongguan	113.6299 	22.7954 
2298	Dongguan	113.6299 	22.7957 
2299	Dongguan	113.6296 	22.7960 
2300	Dongguan	113.6271 	22.7974 
2301	Dongguan	113.6265 	22.7976 
2302	Dongguan	113.6249 	22.7982 
2303	Dongguan	113.6202 	22.7982 
2304	Dongguan	113.6200 	22.7985 
2305	Dongguan	113.6196 	22.7988 
2306	Dongguan	113.6193 	22.7990 
2307	Dongguan	113.6193 	22.7993 
2308	Dongguan	113.6188 	22.8001 
2309	Dongguan	113.6185 	22.8004 
2310	Dongguan	113.6168 	22.8015 
2311	Dongguan	113.6154 	22.8021 
2312	Dongguan	113.6149 	22.8026 
2313	Dongguan	113.6140 	22.8049 
2314	Dongguan	113.6137 	22.8060 
2315	Dongguan	113.6135 	22.8060 
2316	Dongguan	113.6124 	22.8054 
2317	Dongguan	113.6115 	22.8049 
2318	Dongguan	113.6092 	22.8078 
2319	Dongguan	113.6073 	22.8123 
2320	Dongguan	113.6054 	22.8146 
2321	Dongguan	113.6008 	22.8212 
2322	Dongguan	113.5966 	22.8262 
2323	Dongguan	113.5936 	22.8291 
2324	Dongguan	113.5901 	22.8334 
2325	Dongguan	113.5849 	22.8381 
2326	Dongguan	113.5777 	22.8463 
2327	Dongguan	113.5686 	22.8582 
2328	Dongguan	113.5677 	22.8615 
2329	Dongguan	113.5673 	22.8663 
2330	Dongguan	113.5677 	22.8776 
2331	Dongguan	113.5668 	22.8874 
2332	Dongguan	113.5651 	22.8959 
2333	Dongguan	113.5634 	22.9043 
2334	Dongguan	113.5615 	22.9112 
2335	Dongguan	113.5593 	22.9184 
2336	Dongguan	113.5568 	22.9222 
2337	Dongguan	113.5547 	22.9267 
2338	Dongguan	113.5533 	22.9309 
2339	Dongguan	113.5516 	22.9353 
2340	Dongguan	113.5494 	22.9395 
2341	Dongguan	113.5428 	22.9568 
2342	Dongguan	113.5414 	22.9612 
2343	Dongguan	113.5398 	22.9673 
2344	Dongguan	113.5376 	22.9735 
2345	Dongguan	113.5359 	22.9787 
2346	Dongguan	113.5338 	22.9832 
2347	Dongguan	113.5319 	22.9883 
2348	Dongguan	113.5305 	22.9918 
2349	Dongguan	113.5263 	23.0029 
2350	Dongguan	113.5209 	23.0158 
2351	Dongguan	113.5167 	23.0260 
2352	Dongguan	113.5147 	23.0334 
2353	Dongguan	113.5153 	23.0394 
2354	Dongguan	113.5170 	23.0437 
2355	Dongguan	113.5196 	23.0447 
2356	Dongguan	113.5241 	23.0481 
2357	Dongguan	113.5297 	23.0540 
2358	Dongguan	113.5353 	23.0595 
2359	Dongguan	113.5390 	23.0642 
2360	Dongguan	113.5417 	23.0708 
2361	Dongguan	113.5442 	23.0772 
2362	Dongguan	113.5468 	23.0813 
2363	Dongguan	113.5513 	23.0853 
2364	Dongguan	113.5549 	23.0893 
2365	Dongguan	113.5590 	23.0933 
2366	Dongguan	113.5620 	23.0951 
2367	Dongguan	113.5649 	23.0977 
2368	Dongguan	113.5696 	23.0983 
2369	Dongguan	113.5751 	23.0988 
2370	Dongguan	113.5819 	23.1014 
2371	Dongguan	113.5867 	23.1059 
2372	Dongguan	113.5893 	23.1084 
2373	Dongguan	113.5944 	23.1117 
2374	Dongguan	113.6014 	23.1134 
2375	Dongguan	113.6029 	23.1093 
2376	Dongguan	113.6103 	23.1064 
2377	Dongguan	113.6232 	23.1067 
2378	Dongguan	113.6356 	23.1074 
2379	Dongguan	113.6420 	23.1072 
2380	Dongguan	113.6547 	23.1117 
2381	Dongguan	113.6618 	23.1148 
2382	Dongguan	113.6728 	23.1152 
2383	Dongguan	113.6832 	23.1169 
2384	Dongguan	113.6935 	23.1168 
2385	Dongguan	113.7009 	23.1205 
2386	Dongguan	113.7082 	23.1271 
2387	Dongguan	113.7187 	23.1326 
2388	Dongguan	113.7260 	23.1373 
2389	Dongguan	113.7333 	23.1401 
2390	Dongguan	113.7343 	23.1420 
2391	Dongguan	113.7411 	23.1384 
2392	Dongguan	113.7462 	23.1353 
2393	Dongguan	113.7502 	23.1316 
2394	Dongguan	113.7589 	23.1281 
2395	Dongguan	113.7636 	23.1284 
2396	Dongguan	113.7678 	23.1283 
2397	Dongguan	113.7735 	23.1293 
2398	Dongguan	113.7797 	23.1298 
2399	Dongguan	113.7865 	23.1296 
2400	Dongguan	113.7971 	23.1271 
2401	Dongguan	113.8048 	23.1269 
2402	Dongguan	113.8126 	23.1283 
2403	Dongguan	113.8266 	23.1301 
2404	Dongguan	113.8306 	23.1311 
2405	Dongguan	113.8341 	23.1322 
2406	Dongguan	113.8428 	23.1324 
2407	Dongguan	113.8464 	23.1343 
2408	Dongguan	113.8875 	23.1169 
2409	Dongguan	113.8924 	23.1167 
2410	Dongguan	113.9086 	23.1160 
2411	Dongguan	113.9223 	23.1101 
2412	Dongguan	113.9298 	23.1088 
2413	Dongguan	113.9411 	23.1115 
2414	Dongguan	113.9511 	23.1126 
2415	Dongguan	113.9585 	23.1133 
2416	Dongguan	113.9672 	23.1130 
2417	Dongguan	113.9738 	23.1124 
2418	Dongguan	113.9893 	23.1023 
2419	Dongguan	114.0000 	23.0886 
2420	Dongguan	114.0088 	23.0871 
2421	Dongguan	114.0132 	23.0861 
2422	Dongguan	114.0159 	23.0851 
2423	Dongguan	114.0180 	23.0842 
2424	Dongguan	114.0207 	23.0842 
2425	Dongguan	114.0227 	23.0854 
2426	Dongguan	114.0244 	23.0875 
2427	Dongguan	114.0276 	23.0902 
2428	Dongguan	114.0347 	23.0958 
2429	Dongguan	114.0419 	23.0997 
2430	Dongguan	114.0479 	23.1013 
2431	Dongguan	114.0535 	23.1021 
2432	Dongguan	114.0622 	23.1025 
2433	Dongguan	114.0694 	23.1019 
2434	Dongguan	114.0754 	23.0996 
2435	Dongguan	114.0817 	23.0953 
2436	Dongguan	114.0859 	23.0889 
2437	Dongguan	114.0886 	23.0839 
2438	Dongguan	114.0908 	23.0780 
2439	Dongguan	114.0939 	23.0716 
2440	Dongguan	114.0967 	23.0646 
2441	Dongguan	114.1000 	23.0583 
2442	Dongguan	114.1021 	23.0542 
2443	Dongguan	114.1092 	23.0495 
2444	Dongguan	114.1132 	23.0485 
2445	Dongguan	114.1175 	23.0489 
2446	Dongguan	114.1211 	23.0501 
2447	Dongguan	114.1282 	23.0418 
2448	Dongguan	114.1339 	23.0370 
2449	Dongguan	114.1415 	23.0294 
2450	Dongguan	114.1432 	23.0227 
2451	Dongguan	114.1430 	23.0197 
2452	Dongguan	114.1329 	23.0106 
2453	Dongguan	114.1284 	23.0081 
2454	Dongguan	114.1245 	23.0054 
2455	Dongguan	114.1197 	23.0020 
2456	Dongguan	114.1174 	22.9986 
2457	Dongguan	114.1169 	22.9968 
2458	Dongguan	114.1181 	22.9940 
2459	Dongguan	114.1209 	22.9933 
2460	Dongguan	114.1226 	22.9919 
2461	Dongguan	114.1233 	22.9882 
2462	Dongguan	114.1253 	22.9853 
2463	Dongguan	114.1275 	22.9848 
2464	Dongguan	114.1315 	22.9852 
2465	Dongguan	114.1372 	22.9804 
2466	Dongguan	114.1401 	22.9794 
2467	Dongguan	114.1449 	22.9787 
2468	Dongguan	114.1498 	22.9787 
2469	Dongguan	114.1543 	22.9793 
2470	Dongguan	114.1603 	22.9809 
2471	Dongguan	114.1633 	22.9825 
2472	Dongguan	114.1650 	22.9838 
2473	Dongguan	114.1678 	22.9859 
2474	Dongguan	114.1718 	22.9884 
2475	Dongguan	114.1742 	22.9890 
2476	Dongguan	114.1807 	22.9922 
2477	Dongguan	114.1822 	22.9892 
2478	Dongguan	114.1907 	22.9917 
2479	Dongguan	114.1966 	22.9923 
2480	Dongguan	114.2051 	22.9904 
2481	Dongguan	114.2105 	22.9854 
2482	Dongguan	114.2139 	22.9755 
2483	Dongguan	114.2110 	22.9633 
2484	Dongguan	114.2033 	22.9538 
2485	Dongguan	114.1997 	22.9426 
2486	Dongguan	114.2006 	22.9348 
2487	Dongguan	114.2055 	22.9267 
2488	Dongguan	114.2134 	22.9230 
2489	Dongguan	114.2241 	22.9211 
2490	Dongguan	114.2325 	22.9173 
2491	Dongguan	114.2354 	22.9143 
2492	Dongguan	114.2388 	22.9047 
2493	Dongguan	114.2383 	22.8962 
2494	Dongguan	114.2367 	22.8905 
2495	Dongguan	114.2352 	22.8845 
2496	Dongguan	114.2337 	22.8802 
2497	Dongguan	114.2306 	22.8733 
2498	Dongguan	114.2278 	22.8658 
2499	Dongguan	114.2272 	22.8546 
2500	Dongguan	114.2296 	22.8422 
2501	Dongguan	114.2310 	22.8321 
2502	Dongguan	114.2299 	22.8218 
2503	Dongguan	114.2279 	22.8142 
2504	Dongguan	114.2271 	22.8110 
2505	Dongguan	114.2253 	22.8083 
2506	Dongguan	114.2221 	22.8076 
2507	Dongguan	114.2169 	22.8061 
2508	Dongguan	114.2111 	22.8006 
2509	Dongguan	114.2071 	22.7965 
2510	Dongguan	114.1989 	22.7915 
2511	Dongguan	114.1909 	22.7902 
2512	Dongguan	114.1817 	22.7900 
2513	Dongguan	114.1733 	22.7860 
2514	Dongguan	114.1717 	22.7791 
2515	Dongguan	114.1798 	22.7689 
2516	Dongguan	114.1900 	22.7670 
2517	Dongguan	114.1939 	22.7613 
2518	Dongguan	114.2030 	22.7530 
2519	Dongguan	114.2059 	22.7415 
2520	Dongguan	114.2013 	22.7337 
2521	Dongguan	114.1978 	22.7278 
2522	Dongguan	114.1928 	22.7161 
2523	Dongguan	114.1913 	22.7111 
2524	Dongguan	114.1882 	22.6976 
2525	Dongguan	114.1861 	22.6878 
2526	Dongguan	114.1850 	22.6809 
2527	Dongguan	114.1770 	22.6709 
2528	Dongguan	114.1700 	22.6659 
2529	Dongguan	114.1665 	22.6636 
2530	Dongguan	114.1623 	22.6597 
2531	Dongguan	114.1566 	22.6554 
2532	Dongguan	114.1509 	22.6589 
2533	Dongguan	114.1495 	22.6678 
2534	Dongguan	114.1505 	22.6717 
2535	Dongguan	114.1516 	22.6788 
2536	Dongguan	114.1523 	22.6848 
2537	Dongguan	114.1490 	22.6958 
2538	Dongguan	114.1438 	22.7027 
2539	Dongguan	114.1379 	22.7103 
2540	Dongguan	114.1305 	22.7156 
2541	Dongguan	114.1234 	22.7178 
2542	Dongguan	114.1172 	22.7201 
2543	Dongguan	114.1113 	22.7245 
2544	Dongguan	114.1051 	22.7300 
2545	Dongguan	114.0992 	22.7342 
2546	Dongguan	114.0913 	22.7425 
2547	Dongguan	114.0810 	22.7492 
2548	Dongguan	114.0728 	22.7499 
2549	Dongguan	114.0636 	22.7530 
2550	Dongguan	114.0552 	22.7601 
2551	Dongguan	114.0464 	22.7648 
2552	Dongguan	114.0347 	22.7642 
2553	Dongguan	114.0218 	22.7626 
2554	Dongguan	114.0074 	22.7641 
2555	Dongguan	114.0000 	22.7668 
2556	Dongguan	113.9960 	22.7780 
2557	Dongguan	113.9935 	22.7857 
2558	Dongguan	113.9894 	22.7970 
2559	Dongguan	113.9839 	22.8052 
2560	Dongguan	113.9775 	22.8122 
2561	Dongguan	113.9702 	22.8193 
2562	Dongguan	113.9609 	22.8237 
2563	Dongguan	113.9505 	22.8253 
2564	Dongguan	113.9454 	22.8266 
2565	Dongguan	113.9355 	22.8298 
2566	Dongguan	113.9339 	22.8331 
2567	Dongguan	113.9350 	22.8376 
2568	Dongguan	113.9376 	22.8412 
2569	Dongguan	113.9353 	22.8477 
2570	Dongguan	113.9283 	22.8518 
2571	Dongguan	113.9193 	22.8511 
2572	Dongguan	113.9132 	22.8474 
2573	Dongguan	113.9014 	22.8403 
2574	Dongguan	113.8918 	22.8438 
2575	Dongguan	113.8816 	22.8521 
2576	Dongguan	113.8757 	22.8531 
2577	Dongguan	113.8684 	22.8508 
2578	Dongguan	113.8650 	22.8440 
2579	Dongguan	113.8589 	22.8377 
2580	Dongguan	113.8541 	22.8367 
2581	Dongguan	113.8504 	22.8379 
2582	Dongguan	113.8435 	22.8379 
2583	Dongguan	113.8354 	22.8333 
2584	Dongguan	113.8340 	22.8278 
2585	Dongguan	113.8350 	22.8197 
2586	Dongguan	113.8344 	22.8156 
2587	Dongguan	113.8312 	22.8077 
2588	Dongguan	113.8275 	22.8011 
2589	Dongguan	113.8173 	22.7915 
2590	Dongguan	113.8088 	22.7901 
2591	Dongguan	113.8014 	22.7898 
2592	Dongguan	113.7964 	22.7897 
2593	Dongguan	113.7889 	22.7855 
2594	Dongguan	113.7843 	22.7751 
2595	Dongguan	113.7857 	22.7626 
2596	Dongguan	113.7853 	22.7549 
2597	Dongguan	113.7806 	22.7479 
2598	Dongguan	113.7735 	22.7425 
2599	Dongguan	113.7704 	22.7409 
2600	Dongguan	113.7678 	22.7395 
2601	Dongguan	113.7726 	22.7294 
2602	Dongguan	113.7726 	22.7218 
2603	Dongguan	113.7708 	22.7164 
2604	Dongguan	113.7756 	22.7056 
2605	Dongguan	113.7764 	22.7005 
2606	Dongguan	113.7753 	22.6980 
2607	Dongguan	113.7780 	22.6922 
2608	Dongguan	113.7792 	22.6839 
2609	Dongguan	113.7814 	22.6780 
2610	Dongguan	113.7842 	22.6731 
2611	Dongguan	113.7921 	22.6583 
2612	Dongguan	113.7910 	22.6585 
2613	Dongguan	113.7904 	22.6585 
2614	Dongguan	113.7893 	22.6582 
2615	Dongguan	113.7862 	22.6571 
2616	Dongguan	113.7860 	22.6568 
2617	Dongguan	113.7860 	22.6565 
2618	Dongguan	113.7854 	22.6563 
2619	Dongguan	113.7838 	22.6563 
2620	Dongguan	113.7838 	22.6574 
2621	Dongguan	113.7807 	22.6615 
2622	Dongguan	113.7804 	22.6618 
2623	Dongguan	113.7801 	22.6621 
2624	Dongguan	113.7793 	22.6621 
2625	Dongguan	113.7785 	22.6624 
2626	Dongguan	113.7782 	22.6626 
2627	Dongguan	113.7776 	22.6635 
2628	Dongguan	113.7771 	22.6643 
2629	Dongguan	113.7765 	22.6651 
2630	Dongguan	113.7765 	22.6657 
2631	Dongguan	113.7760 	22.6665 
2632	Dongguan	113.7754 	22.6674 
2633	Dongguan	113.7751 	22.6676 
2634	Dongguan	113.7746 	22.6676 
2635	Dongguan	113.7743 	22.6682 
2636	Dongguan	113.7743 	22.6693 
2637	Dongguan	113.7748 	22.6699 
2638	Dongguan	113.7760 	22.6699 
2639	Dongguan	113.7765 	22.6707 
2640	Dongguan	113.7771 	22.6718 
2641	Dongguan	113.7771 	22.6724 
2642	Dongguan	113.7768 	22.6735 
2643	Dongguan	113.7763 	22.6751 
2644	Dongguan	113.7757 	22.6757 
2645	Dongguan	113.7751 	22.6760 
2646	Dongguan	113.7738 	22.6760 
2647	Dongguan	113.7726 	22.6757 
2648	Dongguan	113.7724 	22.6754 
2649	Dongguan	113.7718 	22.6754 
2650	Dongguan	113.7715 	22.6754 
2651	Dongguan	113.7710 	22.6754 
2652	Dongguan	113.7704 	22.6763 
2653	Dongguan	113.7696 	22.6776 
2654	Dongguan	113.7696 	22.6779 
2655	Dongguan	113.7699 	22.6785 
2656	Dongguan	113.7704 	22.6785 
2657	Dongguan	113.7707 	22.6787 
2658	Dongguan	113.7707 	22.6810 
2659	Dongguan	113.7699 	22.6832 
2660	Dongguan	113.7696 	22.6838 
2661	Dongguan	113.7693 	22.6840 
2662	Dongguan	113.7688 	22.6843 
2663	Dongguan	113.7679 	22.6846 
2664	Dongguan	113.7671 	22.6846 
2665	Dongguan	113.7663 	22.6843 
2666	Dongguan	113.7660 	22.6840 
2667	Dongguan	113.7657 	22.6838 
2668	Dongguan	113.7646 	22.6840 
2669	Dongguan	113.7635 	22.6863 
2670	Dongguan	113.7626 	22.6879 
2671	Dongguan	113.7624 	22.6879 
2672	Dongguan	113.7618 	22.6893 
2673	Dongguan	113.7613 	22.6907 
2674	Dongguan	113.7610 	22.6915 
2675	Dongguan	113.7610 	22.6921 
2676	Dongguan	113.7613 	22.6926 
2677	Dongguan	113.7618 	22.6932 
2678	Dongguan	113.7624 	22.6937 
2679	Dongguan	113.7624 	22.6949 
2680	Dongguan	113.7618 	22.6979 
2681	Dongguan	113.7613 	22.6993 
2682	Dongguan	113.7604 	22.7029 
2683	Dongguan	113.7588 	22.7082 
2684	Dongguan	113.7582 	22.7090 
2685	Dongguan	113.7579 	22.7093 
2686	Dongguan	113.7576 	22.7093 
2687	Dongguan	113.7574 	22.7099 
2688	Dongguan	113.7571 	22.7113 
2689	Dongguan	113.7568 	22.7151 
2690	Dongguan	113.7568 	22.7171 
2691	Dongguan	113.7568 	22.7176 
2692	Dongguan	113.7568 	22.7182 
2693	Dongguan	113.7568 	22.7190 
2694	Dongguan	113.7568 	22.7210 
2695	Dongguan	113.7576 	22.7210 
2696	Dongguan	113.7590 	22.7224 
2697	Dongguan	113.7593 	22.7226 
2698	Dongguan	113.7593 	22.7243 
2699	Dongguan	113.7590 	22.7243 
2700	Dongguan	113.7588 	22.7246 
2701	Dongguan	113.7582 	22.7254 
2702	Dongguan	113.7579 	22.7279 
2703	Dongguan	113.7576 	22.7301 
2704	Dongguan	113.7571 	22.7301 
2705	Dongguan	113.7565 	22.7304 
2706	Dongguan	113.7557 	22.7310 
2707	Dongguan	113.7551 	22.7315 
2708	Dongguan	113.7551 	22.7335 
2709	Dongguan	113.7568 	22.7376 
2710	Dongguan	113.7579 	22.7388 
2711	Dongguan	113.7599 	22.7407 
2712	Dongguan	113.7618 	22.7415 
2713	Dongguan	113.7624 	22.7418 
2714	Dongguan	113.7629 	22.7421 
2715	Dongguan	113.7632 	22.7426 
2716	Dongguan	113.7640 	22.7440 
2717	Dongguan	113.7646 	22.7446 
2718	Dongguan	113.7651 	22.7446 
2719	Dongguan	113.7657 	22.7449 
2720	Dongguan	113.7674 	22.7460 
2721	Dongguan	113.7685 	22.7468 
2722	Dongguan	113.7693 	22.7474 
2723	Dongguan	113.7740 	22.7499 
2724	Dongguan	113.7746 	22.7501 
2725	Dongguan	113.7754 	22.7504 
2726	Dongguan	113.7768 	22.7507 
2727	Dongguan	113.7785 	22.7513 
2728	Dongguan	113.7801 	22.7518 
2729	Dongguan	113.7801 	22.7521 
2730	Dongguan	113.7799 	22.7524 
2731	Dongguan	113.7785 	22.7524 
2732	Dongguan	113.7748 	22.7518 
2733	Dongguan	113.7712 	22.7499 
2734	Dongguan	113.7643 	22.7457 
2735	Dongguan	113.7629 	22.7449 
2736	Dongguan	113.7579 	22.7418 
2737	Dongguan	113.7574 	22.7413 
2738	Dongguan	113.7571 	22.7410 
2739	Dongguan	113.7565 	22.7407 
2740	Dongguan	113.7560 	22.7404 
2741	Dongguan	113.7538 	22.7404 
2742	Dongguan	113.7535 	22.7407 
2743	Dongguan	113.7532 	22.7410 
2744	Dongguan	113.7521 	22.7424 
2745	Dongguan	113.7515 	22.7432 
2746	Dongguan	113.7501 	22.7451 
2747	Dongguan	113.7499 	22.7454 
2748	Dongguan	113.7496 	22.7457 
2749	Dongguan	113.7490 	22.7457 
2750	Dongguan	113.7487 	22.7462 
2751	Dongguan	113.7487 	22.7482 
2752	Dongguan	113.7490 	22.7485 
2753	Dongguan	113.7499 	22.7490 
2754	Dongguan	113.7515 	22.7501 
2755	Dongguan	113.7524 	22.7507 
2756	Dongguan	113.7529 	22.7507 
2757	Dongguan	113.7532 	22.7510 
2758	Dongguan	113.7532 	22.7518 
2759	Dongguan	113.7521 	22.7518 
2760	Dongguan	113.7510 	22.7515 
2761	Dongguan	113.7485 	22.7499 
2762	Dongguan	113.7460 	22.7482 
2763	Dongguan	113.7454 	22.7476 
2764	Dongguan	113.7429 	22.7457 
2765	Dongguan	113.7412 	22.7446 
2766	Dongguan	113.7407 	22.7446 
2767	Dongguan	113.7404 	22.7446 
2768	Dongguan	113.7399 	22.7446 
2769	Dongguan	113.7393 	22.7449 
2770	Dongguan	113.7387 	22.7451 
2771	Dongguan	113.7387 	22.7454 
2772	Dongguan	113.7379 	22.7460 
2773	Dongguan	113.7360 	22.7471 
2774	Dongguan	113.7349 	22.7476 
2775	Dongguan	113.7301 	22.7482 
2776	Dongguan	113.7282 	22.7485 
2777	Dongguan	113.7254 	22.7499 
2778	Dongguan	113.7251 	22.7501 
2779	Dongguan	113.7246 	22.7510 
2780	Dongguan	113.7243 	22.7515 
2781	Dongguan	113.7240 	22.7518 
2782	Dongguan	113.7210 	22.7518 
2783	Dongguan	113.7204 	22.7513 
2784	Dongguan	113.7201 	22.7507 
2785	Dongguan	113.7193 	22.7504 
2786	Dongguan	113.7185 	22.7504 
2787	Dongguan	113.7171 	22.7513 
2788	Dongguan	113.7168 	22.7515 
2789	Dongguan	113.7162 	22.7521 
2790	Dongguan	113.7162 	22.7526 
2791	Dongguan	113.7162 	22.7532 
2792	Dongguan	113.7160 	22.7540 
2793	Dongguan	113.7157 	22.7543 
2794	Dongguan	113.7149 	22.7551 
2795	Dongguan	113.7140 	22.7557 
2796	Dongguan	113.7135 	22.7560 
2797	Dongguan	113.7123 	22.7560 
2798	Dongguan	113.7118 	22.7560 
2799	Dongguan	113.7115 	22.7557 
2800	Dongguan	113.7115 	22.7552 
2801	Dongguan	113.7115 	22.7549 
2802	Dongguan	113.7110 	22.7546 
2803	Dongguan	113.7093 	22.7543 
2804	Dongguan	113.7090 	22.7543 
2805	Dongguan	113.7087 	22.7543 
2806	Dongguan	113.7082 	22.7543 
2807	Dongguan	113.7079 	22.7546 
2808	Dongguan	113.7079 	22.7549 
2809	Dongguan	113.7076 	22.7551 
2810	Dongguan	113.7057 	22.7551 
2811	Dongguan	113.7049 	22.7549 
2812	Dongguan	113.7049 	22.7543 
2813	Dongguan	113.7051 	22.7537 
2814	Dongguan	113.7065 	22.7515 
2815	Dongguan	113.7068 	22.7515 
2816	Dongguan	113.7068 	22.7504 
2817	Dongguan	113.7068 	22.7499 
2818	Dongguan	113.7068 	22.7488 
2819	Dongguan	113.7063 	22.7471 
2820	Dongguan	113.7060 	22.7468 
2821	Dongguan	113.7049 	22.7463 
2822	Dongguan	113.7038 	22.7463 
2823	Dongguan	113.7035 	22.7471 
2824	Dongguan	113.7026 	22.7479 
2825	Dongguan	113.7004 	22.7479 
2826	Dongguan	113.6915 	22.7468 
2827	Dongguan	113.6913 	22.7460 
2828	Dongguan	113.6913 	22.7443 
2829	Dongguan	113.6910 	22.7435 
2830	Dongguan	113.6904 	22.7432 
2831	Dongguan	113.6896 	22.7429 
2832	Dongguan	113.6882 	22.7429 
2833	Dongguan	113.6876 	22.7432 
2834	Dongguan	113.6874 	22.7437 
2835	Dongguan	113.6868 	22.7440 
2836	Dongguan	113.6790 	22.7440 
2837	Dongguan	113.6790 	22.7443 
2838	Dongguan	113.6790 	22.7443 
