27.000000 0.000000 3.330700
26.750000 0.000000 3.330700
26.500000 0.000000 3.344950
26.250000 0.000000 3.382770
26.000000 0.000000 3.435140
25.750000 0.000000 3.357540
25.500000 0.000000 3.294300
25.250000 0.000000 3.358360
25.000000 0.000000 3.203600
24.750000 0.000000 3.341120
24.500000 0.000000 3.250780
24.250000 0.000000 3.386960
24.000000 0.000000 3.309340
23.750000 0.000000 3.186660
23.500000 0.000000 3.277220
23.250000 0.000000 3.325170
23.000000 0.000000 3.329680
22.750000 0.000000 3.330790
22.500000 0.000000 3.331010
22.250000 0.000000 3.330700
22.000000 0.000000 3.330700
27.000000 2.000000 3.330700
26.750000 2.000000 3.343143
26.500000 2.000000 3.416293
26.250000 2.000000 3.501237
26.000000 2.000000 3.533370
25.750000 2.000000 3.430608
25.500000 2.000000 3.329191
25.250000 2.000000 3.322981
25.000000 2.000000 3.226009
24.750000 2.000000 3.280022
24.500000 2.000000 3.287021
24.250000 2.000000 3.350143
24.000000 2.000000 3.319080
23.750000 2.000000 3.250444
23.500000 2.000000 3.264586
23.250000 2.000000 3.292071
23.000000 2.000000 3.308530
22.750000 2.000000 3.319260
22.500000 2.000000 3.326210
22.250000 2.000000 3.331010
22.000000 2.000000 3.330700
27.000000 4.000000 3.330700
26.750000 4.000000 3.349520
26.500000 4.000000 3.462980
26.250000 4.000000 3.574820
26.000000 4.000000 3.602277
25.750000 4.000000 3.474253
25.500000 4.000000 3.330087
25.250000 4.000000 3.275369
25.000000 4.000000 3.179780
24.750000 4.000000 3.194331
24.500000 4.000000 3.233212
24.250000 4.000000 3.303610
24.000000 4.000000 3.274540
23.750000 4.000000 3.214059
23.500000 4.000000 3.224232
23.250000 4.000000 3.257941
23.000000 4.000000 3.286700
22.750000 4.000000 3.307550
22.500000 4.000000 3.321400
22.250000 4.000000 3.331040
22.000000 4.000000 3.330700
27.000000 6.000000 3.330700
26.750000 6.000000 3.352670
26.500000 6.000000 3.488495
26.250000 6.000000 3.613461
26.000000 6.000000 3.631438
25.750000 6.000000 3.471121
25.500000 6.000000 3.295428
25.250000 6.000000 3.231560
25.000000 6.000000 3.147979
24.750000 6.000000 3.119960
24.500000 6.000000 3.172650
24.250000 6.000000 3.250532
24.000000 6.000000 3.193090
23.750000 6.000000 3.130330
23.500000 6.000000 3.163171
23.250000 6.000000 3.219233
23.000000 6.000000 3.264990
22.750000 6.000000 3.296810
22.500000 6.000000 3.317150
22.250000 6.000000 3.330910
22.000000 6.000000 3.330700
27.000000 8.000000 3.330700
26.750000 8.000000 3.354310
26.500000 8.000000 3.496802
26.250000 8.000000 3.625769
26.000000 8.000000 3.628659
25.750000 8.000000 3.429050
25.500000 8.000000 3.242689
25.250000 8.000000 3.220822
25.000000 8.000000 3.178709
24.750000 8.000000 3.130788
24.500000 8.000000 3.178329
24.250000 8.000000 3.240970
24.000000 8.000000 3.130420
23.750000 8.000000 3.047401
23.500000 8.000000 3.104999
23.250000 8.000000 3.187655
23.000000 8.000000 3.250270
22.750000 8.000000 3.290890
22.500000 8.000000 3.315200
22.250000 8.000000 3.330750
22.000000 8.000000 3.330700
27.000000 10.000000 3.330700
26.750000 10.000000 3.355189
26.500000 10.000000 3.489262
26.250000 10.000000 3.616179
26.000000 10.000000 3.602010
25.750000 10.000000 3.353989
25.500000 10.000000 3.175435
25.250000 10.000000 3.247603
25.000000 10.000000 3.275368
24.750000 10.000000 3.241495
24.500000 10.000000 3.264036
24.250000 10.000000 3.292810
24.000000 10.000000 3.115265
23.750000 10.000000 2.995088
23.500000 10.000000 3.073587
23.250000 10.000000 3.178852
23.000000 10.000000 3.251487
22.750000 10.000000 3.294407
22.500000 10.000000 3.317538
22.250000 10.000000 3.330629
22.000000 10.000000 3.330700
27.000000 15.000000 3.423900
26.750000 15.000000 3.445688
26.500000 15.000000 3.556637
26.250000 15.000000 3.667539
26.000000 15.000000 3.633700
25.750000 15.000000 3.354288
25.500000 15.000000 3.205052
25.250000 15.000000 3.375543
25.000000 15.000000 3.461219
24.750000 15.000000 3.497069
24.500000 15.000000 3.471586
24.250000 15.000000 3.453037
24.000000 15.000000 3.266631
23.750000 15.000000 3.127367
23.500000 15.000000 3.199173
23.250000 15.000000 3.303218
23.000000 15.000000 3.369425
22.750000 15.000000 3.403836
22.500000 15.000000 3.418557
22.250000 15.000000 3.423889
22.000000 15.000000 3.423900
27.000000 20.000000 3.423900
26.750000 20.000000 3.440446
26.500000 20.000000 3.524580
26.250000 20.000000 3.612450
26.000000 20.000000 3.567764
25.750000 20.000000 3.297556
25.500000 20.000000 3.178411
25.250000 20.000000 3.375004
25.000000 20.000000 3.442110
24.750000 20.000000 3.584480
24.500000 20.000000 3.516838
24.250000 20.000000 3.476471
24.000000 20.000000 3.382249
23.750000 20.000000 3.271999
23.500000 20.000000 3.307315
23.250000 20.000000 3.378128
23.000000 20.000000 3.418237
22.750000 20.000000 3.432509
22.500000 20.000000 3.431720
22.250000 20.000000 3.424130
22.000000 20.000000 3.423900
27.000000 25.000000 3.423900
26.750000 25.000000 3.437349
26.500000 25.000000 3.509640
26.250000 25.000000 3.589806
26.000000 25.000000 3.558581
25.750000 25.000000 3.327872
25.500000 25.000000 3.214660
25.250000 25.000000 3.347830
25.000000 25.000000 3.322599
24.750000 25.000000 3.553160
24.500000 25.000000 3.490064
24.250000 25.000000 3.484615
24.000000 25.000000 3.523240
23.750000 25.000000 3.467402
23.500000 25.000000 3.461019
23.250000 25.000000 3.481740
23.000000 25.000000 3.482887
22.750000 25.000000 3.469079
22.500000 25.000000 3.448008
22.250000 25.000000 3.424436
22.000000 25.000000 3.423900
27.000000 30.000000 3.680300
26.750000 30.000000 3.694863
26.500000 30.000000 3.781430
26.250000 30.000000 3.878640
26.000000 30.000000 3.883324
25.750000 30.000000 3.708905
25.500000 30.000000 3.583405
25.250000 30.000000 3.602001
25.000000 30.000000 3.465080
24.750000 30.000000 3.741610
24.500000 30.000000 3.730983
24.250000 30.000000 3.795640
24.000000 30.000000 3.942863
23.750000 30.000000 3.931318
23.500000 30.000000 3.883587
23.250000 30.000000 3.848685
23.000000 30.000000 3.806590
22.750000 30.000000 3.762670
22.500000 30.000000 3.720828
22.250000 30.000000 3.681276
22.000000 30.000000 3.680300
27.000000 35.000000 3.680300
26.750000 35.000000 3.699532
26.500000 35.000000 3.819358
26.250000 35.000000 3.952762
26.000000 35.000000 4.006744
25.750000 35.000000 3.891652
25.500000 35.000000 3.753613
25.250000 35.000000 3.662330
25.000000 35.000000 3.429350
24.750000 35.000000 3.728490
24.500000 35.000000 3.784438
24.250000 35.000000 3.916728
24.000000 35.000000 4.124172
23.750000 35.000000 4.122746
23.500000 35.000000 4.028796
23.250000 35.000000 3.941158
23.000000 35.000000 3.860300
22.750000 35.000000 3.791111
22.500000 35.000000 3.733091
22.250000 35.000000 3.681810
22.000000 35.000000 3.680300
27.000000 40.000000 3.680300
26.750000 40.000000 3.703389
26.500000 40.000000 3.852076
26.250000 40.000000 4.016707
26.000000 40.000000 4.114032
25.750000 40.000000 4.053901
25.500000 40.000000 3.919787
25.250000 40.000000 3.761805
25.000000 40.000000 3.485124
24.750000 40.000000 3.779301
24.500000 40.000000 3.886279
24.250000 40.000000 4.054106
24.000000 40.000000 4.267979
23.750000 40.000000 4.249055
23.500000 40.000000 4.113664
23.250000 40.000000 3.987954
23.000000 40.000000 3.883084
22.750000 40.000000 3.800959
22.500000 40.000000 3.736531
22.250000 40.000000 3.682033
22.000000 40.000000 3.680300
27.000000 45.000000 4.117400
26.750000 45.000000 4.139975
26.500000 45.000000 4.289567
26.250000 45.000000 4.456820
26.000000 45.000000 4.572167
25.750000 45.000000 4.553834
25.500000 45.000000 4.443357
25.250000 45.000000 4.273004
25.000000 45.000000 4.002253
24.750000 45.000000 4.270679
24.500000 45.000000 4.393434
24.250000 45.000000 4.556115
24.000000 45.000000 4.737761
23.750000 45.000000 4.691540
23.500000 45.000000 4.535970
23.250000 45.000000 4.401719
23.000000 45.000000 4.298367
22.750000 45.000000 4.222401
22.500000 45.000000 4.165634
22.250000 45.000000 4.118935
22.000000 45.000000 4.117400
27.000000 50.000000 4.117400
26.750000 50.000000 4.133401
26.500000 50.000000 4.240829
26.250000 50.000000 4.372496
26.000000 50.000000 4.478149
25.750000 50.000000 4.485249
25.500000 50.000000 4.414999
25.250000 50.000000 4.282501
25.000000 50.000000 3.974794
24.750000 50.000000 4.276866
24.500000 50.000000 4.351061
24.250000 50.000000 4.476386
24.000000 50.000000 4.630767
23.750000 50.000000 4.548278
23.500000 50.000000 4.397037
23.250000 50.000000 4.297706
23.000000 50.000000 4.228258
22.750000 50.000000 4.180279
22.500000 50.000000 4.145949
22.250000 50.000000 4.118320
22.000000 50.000000 4.117400
27.000000 55.000000 4.162100
26.750000 55.000000 4.162100
26.500000 55.000000 4.181243
26.250000 55.000000 4.234541
26.000000 55.000000 4.322810
25.750000 55.000000 4.351093
25.500000 55.000000 4.330651
25.250000 55.000000 4.335186
25.000000 55.000000 3.616849
24.750000 55.000000 4.334429
24.500000 55.000000 4.151452
24.250000 55.000000 4.242620
24.000000 55.000000 4.478818
23.750000 55.000000 4.290997
23.500000 55.000000 4.164449
23.250000 55.000000 4.173030
23.000000 55.000000 4.167750
22.750000 55.000000 4.164660
22.500000 55.000000 4.163020
22.250000 55.000000 4.162100
22.000000 55.000000 4.162100
27.000000 60.000000 4.162100
26.750000 60.000000 4.162100
26.500000 60.000000 4.162100
26.250000 60.000000 4.162100
26.000000 60.000000 4.162100
25.750000 60.000000 4.162100
25.500000 60.000000 4.162100
25.250000 60.000000 4.162100
25.000000 60.000000 4.162100
24.750000 60.000000 4.162100
24.500000 60.000000 4.162100
24.250000 60.000000 4.162100
24.000000 60.000000 4.162100
23.750000 60.000000 4.162100
23.500000 60.000000 4.162100
23.250000 60.000000 4.162100
23.000000 60.000000 4.162100
22.750000 60.000000 4.162100
22.500000 60.000000 4.162100
22.250000 60.000000 4.162100
22.000000 60.000000 4.162100
