97.000000 27.000000 3.449500
97.000000 26.750000 3.449500
97.000000 26.500000 3.449500
97.000000 26.250000 3.449500
97.000000 26.000000 3.449500
97.000000 25.750000 3.449500
97.000000 25.500000 3.449500
97.000000 25.250000 3.449500
97.000000 25.000000 3.449500
97.000000 24.750000 3.449500
97.000000 24.500000 3.449500
97.000000 24.250000 3.449500
97.000000 24.000000 3.449500
97.000000 23.750000 3.449500
97.000000 23.500000 3.449500
97.000000 23.250000 3.449500
97.000000 23.000000 3.449500
97.000000 22.750000 3.449500
97.000000 22.500000 3.449500
97.000000 22.250000 3.449500
97.000000 22.000000 3.449500
97.250000 27.000000 3.449500
97.250000 26.750000 3.449499
97.250000 26.500000 3.449386
97.250000 26.250000 3.448556
97.250000 26.000000 3.446306
97.250000 25.750000 3.442409
97.250000 25.500000 3.437944
97.250000 25.250000 3.435102
97.250000 25.000000 3.433891
97.250000 24.750000 3.414758
97.250000 24.500000 3.401087
97.250000 24.250000 3.423418
97.250000 24.000000 3.429393
97.250000 23.750000 3.435926
97.250000 23.500000 3.441388
97.250000 23.250000 3.444962
97.250000 23.000000 3.447529
97.250000 22.750000 3.449010
97.250000 22.500000 3.449490
97.250000 22.250000 3.449500
97.250000 22.000000 3.449500
97.500000 27.000000 3.449500
97.500000 26.750000 3.449387
97.500000 26.500000 3.439100
97.500000 26.250000 3.420016
97.500000 26.000000 3.387018
97.500000 25.750000 3.343175
97.500000 25.500000 3.301297
97.500000 25.250000 3.274293
97.500000 25.000000 3.254845
97.500000 24.750000 3.207483
97.500000 24.500000 3.194684
97.500000 24.250000 3.258704
97.500000 24.000000 3.291550
97.500000 23.750000 3.309490
97.500000 23.500000 3.329938
97.500000 23.250000 3.355862
97.500000 23.000000 3.383786
97.500000 22.750000 3.409358
97.500000 22.500000 3.430849
97.500000 22.250000 3.449490
97.500000 22.000000 3.449500
97.750000 27.000000 3.449500
97.750000 26.750000 3.450055
97.750000 26.500000 3.437076
97.750000 26.250000 3.406734
97.750000 26.000000 3.345961
97.750000 25.750000 3.259327
97.750000 25.500000 3.177504
97.750000 25.250000 3.135557
97.750000 25.000000 3.130321
97.750000 24.750000 3.068059
97.750000 24.500000 3.068492
97.750000 24.250000 3.190721
97.750000 24.000000 3.210494
97.750000 23.750000 3.202799
97.750000 23.500000 3.223206
97.750000 23.250000 3.269520
97.750000 23.000000 3.323229
97.750000 22.750000 3.372449
97.750000 22.500000 3.413669
97.750000 22.250000 3.449310
97.750000 22.000000 3.449500
98.000000 27.000000 3.449500
98.000000 26.750000 3.452340
98.000000 26.500000 3.449234
98.000000 26.250000 3.421345
98.000000 26.000000 3.340886
98.000000 25.750000 3.207893
98.000000 25.500000 3.082441
98.000000 25.250000 3.038963
98.000000 25.000000 3.074529
98.000000 24.750000 3.027324
98.000000 24.500000 3.079404
98.000000 24.250000 3.210420
98.000000 24.000000 3.167850
98.000000 23.750000 3.102652
98.000000 23.500000 3.118829
98.000000 23.250000 3.190490
98.000000 23.000000 3.271539
98.000000 22.750000 3.342488
98.000000 22.500000 3.400008
98.000000 22.250000 3.448970
98.000000 22.000000 3.449500
98.250000 27.000000 3.449500
98.250000 26.750000 3.456539
98.250000 26.500000 3.472408
98.250000 26.250000 3.466544
98.250000 26.000000 3.383898
98.250000 25.750000 3.202225
98.250000 25.500000 3.040837
98.250000 25.250000 3.031520
98.250000 25.000000 3.085831
98.250000 24.750000 3.032811
98.250000 24.500000 3.109606
98.250000 24.250000 3.180870
98.250000 24.000000 3.068981
98.250000 23.750000 2.983169
98.250000 23.500000 3.028862
98.250000 23.250000 3.136431
98.250000 23.000000 3.241318
98.250000 22.750000 3.326408
98.250000 22.500000 3.392958
98.250000 22.250000 3.448740
98.250000 22.000000 3.449500
98.500000 27.000000 3.449500
98.500000 26.750000 3.460154
98.500000 26.500000 3.481634
98.500000 26.250000 3.515263
98.500000 26.000000 3.457650
98.500000 25.750000 3.213065
98.500000 25.500000 3.004944
98.500000 25.250000 3.057433
98.500000 25.000000 3.133543
98.500000 24.750000 3.099081
98.500000 24.500000 3.120771
98.500000 24.250000 3.106746
98.500000 24.000000 2.981338
98.500000 23.750000 2.935151
98.500000 23.500000 3.020092
98.500000 23.250000 3.142643
98.500000 23.000000 3.247969
98.500000 22.750000 3.330149
98.500000 22.500000 3.394399
98.500000 22.250000 3.449000
98.500000 22.000000 3.449500
98.750000 27.000000 3.449500
98.750000 26.750000 3.447265
98.750000 26.500000 3.416469
98.750000 26.250000 3.477647
98.750000 26.000000 3.478453
98.750000 25.750000 3.190730
98.750000 25.500000 2.970043
98.750000 25.250000 3.126550
98.750000 25.000000 3.167012
98.750000 24.750000 3.174424
98.750000 24.500000 3.184545
98.750000 24.250000 3.099503
98.750000 24.000000 3.027835
98.750000 23.750000 3.063104
98.750000 23.500000 3.141747
98.750000 23.250000 3.217878
98.750000 23.000000 3.287670
98.750000 22.750000 3.348839
98.750000 22.500000 3.401739
98.750000 22.250000 3.449660
98.750000 22.000000 3.449500
99.000000 27.000000 3.449500
99.000000 26.750000 3.382141
99.000000 26.500000 3.233116
99.000000 26.250000 3.244625
99.000000 26.000000 3.343249
99.000000 25.750000 3.144720
99.000000 25.500000 2.995962
99.000000 25.250000 3.136463
99.000000 25.000000 3.100711
99.000000 24.750000 3.144316
99.000000 24.500000 3.233322
99.000000 24.250000 3.192252
99.000000 24.000000 3.169150
99.000000 23.750000 3.206804
99.000000 23.500000 3.251227
99.000000 23.250000 3.281009
99.000000 23.000000 3.319970
99.000000 22.750000 3.363700
99.000000 22.500000 3.407410
99.000000 22.250000 3.450070
99.000000 22.000000 3.449500
99.250000 27.000000 3.449500
99.250000 26.750000 3.359932
99.250000 26.500000 3.100405
99.250000 26.250000 3.034699
99.250000 26.000000 3.138577
99.250000 25.750000 3.070036
99.250000 25.500000 3.054065
99.250000 25.250000 3.199669
99.250000 25.000000 3.170422
99.250000 24.750000 3.172348
99.250000 24.500000 3.216434
99.250000 24.250000 3.145570
99.250000 24.000000 3.084237
99.250000 23.750000 3.113710
99.250000 23.500000 3.198531
99.250000 23.250000 3.261911
99.250000 23.000000 3.313420
99.250000 22.750000 3.360860
99.250000 22.500000 3.406030
99.250000 22.250000 3.449710
99.250000 22.000000 3.449500
99.500000 27.000000 3.449500
99.500000 26.750000 3.374545
99.500000 26.500000 3.061797
99.500000 26.250000 2.952673
99.500000 26.000000 2.978977
99.500000 25.750000 2.937808
99.500000 25.500000 3.030287
99.500000 25.250000 3.315439
99.500000 25.000000 3.407585
99.500000 24.750000 3.290430
99.500000 24.500000 3.160630
99.500000 24.250000 3.043080
99.500000 24.000000 3.076920
99.500000 23.750000 3.136270
99.500000 23.500000 3.173102
99.500000 23.250000 3.229031
99.500000 23.000000 3.289860
99.500000 22.750000 3.347180
99.500000 22.500000 3.399680
99.500000 22.250000 3.448990
99.500000 22.000000 3.449500
99.750000 27.000000 3.449500
99.750000 26.750000 3.362469
99.750000 26.500000 3.029673
99.750000 26.250000 2.850960
99.750000 26.000000 2.877921
99.750000 25.750000 2.959901
99.750000 25.500000 3.056777
99.750000 25.250000 3.285135
99.750000 25.000000 3.399568
99.750000 24.750000 3.294073
99.750000 24.500000 3.128434
99.750000 24.250000 3.041364
99.750000 24.000000 3.119560
99.750000 23.750000 3.130514
99.750000 23.500000 3.132460
99.750000 23.250000 3.193391
99.750000 23.000000 3.266270
99.750000 22.750000 3.333720
99.750000 22.500000 3.393500
99.750000 22.250000 3.448280
99.750000 22.000000 3.449500
100.000000 27.000000 3.449500
100.000000 26.750000 3.386741
100.000000 26.500000 3.097117
100.000000 26.250000 2.945402
100.000000 26.000000 2.957799
100.000000 25.750000 2.982724
100.000000 25.500000 3.017471
100.000000 25.250000 3.138334
100.000000 25.000000 3.305931
100.000000 24.750000 3.323490
100.000000 24.500000 3.198372
100.000000 24.250000 3.080511
100.000000 24.000000 3.138240
100.000000 23.750000 3.146769
100.000000 23.500000 3.130230
100.000000 23.250000 3.191400
100.000000 23.000000 3.264490
100.000000 22.750000 3.332290
100.000000 22.500000 3.392640
100.000000 22.250000 3.448050
100.000000 22.000000 3.449500
100.250000 27.000000 3.449500
100.250000 26.750000 3.413422
100.250000 26.500000 3.182055
100.250000 26.250000 3.072889
100.250000 26.000000 3.085458
100.250000 25.750000 3.012097
100.250000 25.500000 2.932564
100.250000 25.250000 2.915142
100.250000 25.000000 3.099657
100.250000 24.750000 3.291470
100.250000 24.500000 3.251821
100.250000 24.250000 3.148499
100.250000 24.000000 3.210739
100.250000 23.750000 3.268049
100.250000 23.500000 3.232400
100.250000 23.250000 3.248221
100.250000 23.000000 3.293600
100.250000 22.750000 3.346640
100.250000 22.500000 3.398670
100.250000 22.250000 3.448440
100.250000 22.000000 3.449500
100.500000 27.000000 3.449500
100.500000 26.750000 3.401990
100.500000 26.500000 3.209925
100.500000 26.250000 3.099130
100.500000 26.000000 3.122548
100.500000 25.750000 3.067120
100.500000 25.500000 2.996020
100.500000 25.250000 2.895230
100.500000 25.000000 2.928104
100.500000 24.750000 3.120100
100.500000 24.500000 3.148739
100.500000 24.250000 3.074098
100.500000 24.000000 3.143800
100.500000 23.750000 3.244321
100.500000 23.500000 3.273799
100.500000 23.250000 3.294460
100.500000 23.000000 3.327020
100.500000 22.750000 3.366810
100.500000 22.500000 3.408160
100.500000 22.250000 3.449020
100.500000 22.000000 3.449500
100.750000 27.000000 3.449500
100.750000 26.750000 3.430670
100.750000 26.500000 3.284229
100.750000 26.250000 3.193003
100.750000 26.000000 3.135311
100.750000 25.750000 3.039009
100.750000 25.500000 2.965069
100.750000 25.250000 2.909839
100.750000 25.000000 2.985675
100.750000 24.750000 3.184044
100.750000 24.500000 3.248240
100.750000 24.250000 3.184570
100.750000 24.000000 3.192160
100.750000 23.750000 3.256600
100.750000 23.500000 3.298560
100.750000 23.250000 3.326820
100.750000 23.000000 3.355310
100.750000 22.750000 3.386210
100.750000 22.500000 3.417910
100.750000 22.250000 3.449450
100.750000 22.000000 3.449500
101.000000 27.000000 3.449500
101.000000 26.750000 3.441048
101.000000 26.500000 3.336685
101.000000 26.250000 3.252238
101.000000 26.000000 3.169420
101.000000 25.750000 3.080821
101.000000 25.500000 3.007730
101.000000 25.250000 2.981480
101.000000 25.000000 3.081562
101.000000 24.750000 3.257799
101.000000 24.500000 3.344199
101.000000 24.250000 3.320439
101.000000 24.000000 3.297560
101.000000 23.750000 3.313068
101.000000 23.500000 3.336280
101.000000 23.250000 3.358330
101.000000 23.000000 3.380670
101.000000 22.750000 3.403820
101.000000 22.500000 3.426880
101.000000 22.250000 3.449670
101.000000 22.000000 3.449500
101.250000 27.000000 3.449500
101.250000 26.750000 3.445347
101.250000 26.500000 3.376194
101.250000 26.250000 3.312541
101.250000 26.000000 3.248375
101.250000 25.750000 3.186029
101.250000 25.500000 3.139552
101.250000 25.250000 3.135581
101.250000 25.000000 3.207918
101.250000 24.750000 3.319198
101.250000 24.500000 3.385148
101.250000 24.250000 3.386020
101.250000 24.000000 3.370090
101.250000 23.750000 3.368480
101.250000 23.500000 3.377180
101.250000 23.250000 3.389970
101.250000 23.000000 3.404620
101.250000 22.750000 3.419920
101.250000 22.500000 3.435000
101.250000 22.250000 3.449740
101.250000 22.000000 3.449500
101.500000 27.000000 3.449500
101.500000 26.750000 3.447750
101.500000 26.500000 3.412207
101.500000 26.250000 3.377885
101.500000 26.000000 3.343367
101.500000 25.750000 3.311299
101.500000 25.500000 3.289531
101.500000 25.250000 3.291580
101.500000 25.000000 3.328729
101.500000 24.750000 3.382589
101.500000 24.500000 3.417570
101.500000 24.250000 3.422690
101.500000 24.000000 3.415639
101.500000 23.750000 3.412259
101.500000 23.500000 3.414540
101.500000 23.250000 3.420160
101.500000 23.000000 3.427370
101.500000 22.750000 3.435000
101.500000 22.500000 3.442470
101.500000 22.250000 3.449660
101.500000 22.000000 3.449500
101.750000 27.000000 3.449500
101.750000 26.750000 3.449500
101.750000 26.500000 3.447750
101.750000 26.250000 3.445740
101.750000 26.000000 3.442940
101.750000 25.750000 3.439770
101.750000 25.500000 3.436850
101.750000 25.250000 3.436180
101.750000 25.000000 3.440720
101.750000 24.750000 3.447850
101.750000 24.500000 3.451670
101.750000 24.250000 3.450920
101.750000 24.000000 3.449050
101.750000 23.750000 3.448370
101.750000 23.500000 3.448510
101.750000 23.250000 3.448920
101.750000 23.000000 3.449330
101.750000 22.750000 3.449620
101.750000 22.500000 3.449660
101.750000 22.250000 3.449500
101.750000 22.000000 3.449500
102.000000 27.000000 3.449500
102.000000 26.750000 3.449500
102.000000 26.500000 3.449500
102.000000 26.250000 3.449500
102.000000 26.000000 3.449500
102.000000 25.750000 3.449500
102.000000 25.500000 3.449500
102.000000 25.250000 3.449500
102.000000 25.000000 3.449500
102.000000 24.750000 3.449500
102.000000 24.500000 3.449500
102.000000 24.250000 3.449500
102.000000 24.000000 3.449500
102.000000 23.750000 3.449500
102.000000 23.500000 3.449500
102.000000 23.250000 3.449500
102.000000 23.000000 3.449500
102.000000 22.750000 3.449500
102.000000 22.500000 3.449500
102.000000 22.250000 3.449500
102.000000 22.000000 3.449500
