2.0000 3.3717
2.0000 3.3810
2.0000 3.4115
2.0000 3.4495
2.0000 3.4819
2.0000 3.5086
2.0000 3.5365
2.0000 3.5733
2.0000 3.6237
2.0000 3.6886
2.0000 3.7662
2.0000 3.8527
2.0000 3.9436
2.0000 4.0345
2.0000 4.1218
2.0000 4.2026
2.0000 4.2750
2.0000 4.3377
2.0000 4.3902
2.0000 4.4322
2.0000 4.4641
2.0000 4.4861
2.0000 4.4991
2.0000 4.5036
2.0000 4.5004
5.0000 4.4902
5.0000 4.4875
5.0000 4.4871
5.0000 4.4880
5.0000 4.4891
5.0000 4.4886
5.0000 4.4917
5.0000 4.4929
5.0000 4.4922
5.0000 4.4952
10.0000 4.5012
10.0000 4.5037
10.0000 4.5070
10.0000 4.5099
10.0000 4.5111
10.0000 4.5130
10.0000 4.5150
10.0000 4.5171
10.0000 4.5280
10.0000 4.5459
10.0000 4.5640
10.0000 4.5820
10.0000 4.6001
10.0000 4.6180
10.0000 4.6361
10.0000 4.6530
10.0000 4.6700
10.0000 4.6880
10.0000 4.7050
10.0000 4.7220
10.0000 4.7401
10.0000 4.7570
10.0000 4.7749
10.0000 4.7920
10.0000 4.8090
10.0000 4.8270
10.0000 4.8441
10.0000 4.8610
