0.000000 2.000000 4.000000 6.000000 8.000000 10.000000 15.000000 20.000000 25.000000 30.000000 35.000000 40.000000 45.000000 50.000000 55.000000 60.000000 
3.330700 3.330700 3.330700 3.330700 3.330700 3.330700 3.330700 3.330700 3.330700 3.330700 3.330700 3.330700 3.330700 3.330700 3.330700 3.330700 3.330700 3.330700 3.330700 3.330700 3.330700 
3.330700 3.330700 3.330700 3.330700 3.330700 3.330700 3.330700 3.330700 3.330700 3.330510 3.330270 3.330600 3.330620 3.330600 3.330700 3.330700 3.330700 3.330700 3.330700 3.330700 3.330700 
3.330700 3.330700 3.331080 3.331300 3.331240 3.330860 3.330380 3.330510 3.334400 3.328700 3.314410 3.329540 3.335550 3.334630 3.331300 3.330840 3.330720 3.330730 3.330720 3.330700 3.330700 
3.330700 3.330700 3.331750 3.332520 3.332530 3.331480 3.329000 3.324140 3.362650 3.347620 3.285150 3.366050 3.371650 3.342760 3.330660 3.330400 3.330460 3.330650 3.330730 3.330700 3.330700 
3.330700 3.330700 3.333130 3.335250 3.335860 3.333540 3.322230 3.287880 3.357040 3.344680 3.306340 3.404580 3.388410 3.328250 3.324320 3.328890 3.329850 3.330460 3.330720 3.330700 3.330700 
3.330700 3.330700 3.335690 3.341330 3.346440 3.348040 3.333970 3.326000 3.296710 3.276680 3.343030 3.400010 3.339800 3.280930 3.311920 3.326970 3.329280 3.330320 3.330720 3.330700 3.330700 
3.330700 3.330700 3.340750 3.365870 3.401080 3.357740 3.292750 3.331720 3.254800 3.323320 3.284540 3.355450 3.304020 3.238140 3.297550 3.326640 3.329590 3.330480 3.330790 3.330700 3.330700 
3.330700 3.331010 3.345010 3.439540 3.482630 3.301320 3.171990 3.490980 3.298270 3.402140 3.314090 3.307210 3.306460 3.342040 3.347400 3.332850 3.331150 3.330970 3.330930 3.330700 3.330700 
3.330700 3.330070 3.281290 3.291140 3.459880 3.323160 3.205370 3.406450 3.278410 3.322690 3.344440 3.410720 3.425150 3.447170 3.396500 3.337380 3.332060 3.331210 3.330990 3.330700 3.330700 
3.330700 3.330220 3.273950 3.194030 3.395550 3.458840 3.388860 3.274120 3.209320 3.228160 3.331580 3.377530 3.250240 3.236360 3.321000 3.329960 3.330810 3.330850 3.330870 3.330700 3.330700 
3.330700 3.330450 3.306780 3.342640 3.341600 3.295090 3.305190 3.259700 3.421090 3.329770 3.326400 3.269030 3.336360 3.367120 3.323500 3.327520 3.329800 3.330430 3.330730 3.330700 3.330700 
3.330700 3.330520 3.304860 3.233820 3.163220 3.313310 3.319110 3.291090 3.465320 3.323710 3.271260 3.282150 3.412520 3.317380 3.301820 3.325730 3.329200 3.330200 3.330640 3.330700 3.330700 
3.330700 3.330770 3.335490 3.343510 3.265970 3.338800 3.342730 3.286810 3.437430 3.303120 3.307730 3.258560 3.353680 3.298820 3.271610 3.325250 3.329550 3.330330 3.330660 3.330700 3.330700 
3.330700 3.331290 3.356590 3.404170 3.439640 3.378010 3.248390 3.139580 3.326070 3.444230 3.480120 3.380550 3.420960 3.470780 3.346210 3.331900 3.331160 3.330790 3.330770 3.330700 3.330700 
3.330700 3.330430 3.307610 3.259250 3.372270 3.377780 3.417730 3.337390 3.238560 3.321370 3.349780 3.232850 3.292180 3.357680 3.348660 3.334010 3.331790 3.331030 3.330820 3.330700 3.330700 
3.330700 3.330770 3.326610 3.347140 3.331920 3.290980 3.316110 3.290500 3.299700 3.396040 3.415670 3.323140 3.306010 3.334740 3.334830 3.332840 3.331560 3.330990 3.330800 3.330700 3.330700 
3.330700 3.330700 3.330180 3.330270 3.313030 3.312710 3.298210 3.274380 3.307980 3.362730 3.381510 3.358340 3.335060 3.333580 3.332810 3.331920 3.331260 3.330890 3.330750 3.330700 3.330700 
3.330700 3.330700 3.330240 3.329490 3.327520 3.325470 3.322770 3.321500 3.326780 3.334000 3.337480 3.335850 3.333410 3.332400 3.331860 3.331420 3.331060 3.330820 3.330710 3.330700 3.330700 
3.330700 3.330700 3.330460 3.330060 3.329320 3.328450 3.327720 3.327740 3.329310 3.331560 3.332820 3.332610 3.331930 3.331510 3.331270 3.331080 3.330910 3.330770 3.330700 3.330700 3.330700 
3.330700 3.330700 3.330700 3.330700 3.330700 3.330700 3.330700 3.330700 3.330700 3.330700 3.330700 3.330700 3.330700 3.330700 3.330700 3.330700 3.330700 3.330700 3.330700 3.330700 3.330700 
3.330700 3.330700 3.330700 3.330700 3.330700 3.330700 3.330700 3.330700 3.330700 3.330700 3.330700 3.330700 3.330700 3.330700 3.330700 3.330700 3.330700 3.330700 3.330700 3.330700 3.330700 
3.330700 3.330700 3.330700 3.330700 3.330700 3.330700 3.330700 3.330700 3.330700 3.330700 3.330700 3.330700 3.330700 3.330700 3.330700 3.330700 3.330700 3.330700 3.330700 3.330700 3.330700 
3.330700 3.330700 3.331080 3.331300 3.331240 3.330860 3.330380 3.330550 3.332620 3.330990 3.327440 3.332910 3.334630 3.333310 3.331470 3.330840 3.330720 3.330730 3.330720 3.330700 3.330700 
3.330700 3.331080 3.336830 3.339960 3.338640 3.332980 3.326050 3.322930 3.327070 3.325100 3.323770 3.344130 3.350840 3.342180 3.331720 3.327070 3.326450 3.327590 3.329160 3.330720 3.330700 
3.330700 3.331750 3.345170 3.353190 3.351270 3.338650 3.321410 3.311490 3.325230 3.324220 3.321240 3.368490 3.374360 3.346740 3.325500 3.319440 3.320520 3.323920 3.327480 3.330730 3.330700 
3.330700 3.333130 3.358050 3.375030 3.374400 3.351720 3.316810 3.288860 3.298130 3.302840 3.321000 3.381940 3.375260 3.326770 3.305920 3.306760 3.313250 3.320180 3.325940 3.330720 3.330700 
3.330700 3.335690 3.375660 3.408180 3.413230 3.375720 3.320370 3.283200 3.246560 3.253370 3.302650 3.357420 3.333540 3.281910 3.280240 3.295300 3.308360 3.318200 3.325260 3.330720 3.330700 
3.330700 3.339610 3.392320 3.449170 3.465990 3.389460 3.298250 3.277200 3.216410 3.244020 3.265030 3.314080 3.298820 3.262480 3.277300 3.298100 3.311080 3.319880 3.326050 3.330790 3.330700 
3.330700 3.340780 3.385690 3.464820 3.493300 3.366050 3.250950 3.305200 3.229560 3.265970 3.271580 3.305760 3.319220 3.325910 3.327030 3.321260 3.321480 3.324490 3.327860 3.330930 3.330700 
3.330700 3.318060 3.316090 3.357340 3.434180 3.347920 3.239480 3.255400 3.197890 3.229970 3.278330 3.341860 3.364370 3.375960 3.362740 3.336800 3.328450 3.327660 3.329110 3.330990 3.330700 
3.330700 3.309250 3.265230 3.254780 3.343670 3.346800 3.269320 3.193970 3.160520 3.182230 3.245380 3.292230 3.280710 3.288080 3.316340 3.322440 3.324540 3.326680 3.328860 3.330870 3.330700 
3.330700 3.317810 3.259600 3.236680 3.240300 3.234870 3.212550 3.187390 3.249630 3.235070 3.239610 3.248580 3.293750 3.310830 3.306900 3.313250 3.319730 3.324510 3.328000 3.330730 3.330700 
3.330700 3.317250 3.254500 3.187900 3.144430 3.186970 3.196770 3.209140 3.310430 3.277420 3.253160 3.266650 3.334920 3.316550 3.300590 3.310340 3.318440 3.323880 3.327690 3.330640 3.330700 
3.330700 3.330510 3.295110 3.261390 3.215780 3.223940 3.208010 3.203710 3.310750 3.310010 3.315920 3.310660 3.364020 3.348120 3.315220 3.320660 3.324010 3.326420 3.328620 3.330660 3.330700 
3.330700 3.339630 3.329290 3.332180 3.327260 3.278270 3.193740 3.149620 3.263410 3.369770 3.423690 3.402410 3.431530 3.440770 3.377530 3.347060 3.335350 3.331270 3.330440 3.330770 3.330700 
3.330700 3.324890 3.310710 3.297900 3.322340 3.295440 3.254590 3.204690 3.231510 3.335860 3.394850 3.361840 3.381580 3.406160 3.382760 3.356320 3.341630 3.334710 3.331900 3.330820 3.330700 
3.330700 3.329030 3.317540 3.311660 3.296000 3.254790 3.227110 3.207130 3.254600 3.362230 3.416430 3.382850 3.368860 3.376580 3.367130 3.352670 3.341910 3.335650 3.332470 3.330800 3.330700 
3.330700 3.330050 3.319880 3.307550 3.283020 3.253510 3.227640 3.220680 3.271790 3.355080 3.401230 3.390560 3.371160 3.363660 3.355550 3.346720 3.339640 3.335020 3.332360 3.330750 3.330700 
3.330700 3.330240 3.322020 3.311240 3.294860 3.276460 3.262710 3.264880 3.295400 3.339440 3.367200 3.368600 3.359890 3.352760 3.346630 3.341130 3.336760 3.333760 3.331910 3.330710 3.330700 
3.330700 3.330460 3.325730 3.319660 3.311410 3.302640 3.296970 3.299570 3.313870 3.333380 3.346580 3.349040 3.345840 3.342060 3.338770 3.336000 3.333830 3.332300 3.331330 3.330700 3.330700 
3.330700 3.330700 3.330460 3.330060 3.329320 3.328450 3.327720 3.327740 3.329310 3.331560 3.332820 3.332610 3.331930 3.331510 3.331270 3.331080 3.330910 3.330770 3.330700 3.330700 3.330700 
3.330700 3.330700 3.330700 3.330700 3.330700 3.330700 3.330700 3.330700 3.330700 3.330700 3.330700 3.330700 3.330700 3.330700 3.330700 3.330700 3.330700 3.330700 3.330700 3.330700 3.330700 
3.330700 3.330700 3.330700 3.330700 3.330700 3.330700 3.330700 3.330700 3.330700 3.330700 3.330700 3.330700 3.330700 3.330700 3.330700 3.330700 3.330700 3.330700 3.330700 3.330700 3.330700 
3.330700 3.330700 3.331340 3.331700 3.331530 3.330770 3.329870 3.329880 3.331830 3.329540 3.326950 3.334800 3.337120 3.334470 3.331760 3.330770 3.330610 3.330670 3.330710 3.330700 3.330700 
3.330700 3.331340 3.341070 3.345940 3.342790 3.332130 3.319430 3.312490 3.314430 3.313570 3.321140 3.349850 3.358950 3.345440 3.329880 3.322740 3.322190 3.324590 3.327680 3.330710 3.330700 
3.330700 3.332510 3.355100 3.367690 3.362660 3.339730 3.310380 3.292370 3.296920 3.297470 3.315520 3.370960 3.378020 3.343790 3.316040 3.307820 3.310810 3.317560 3.324430 3.330680 3.330700 
3.330700 3.334830 3.376330 3.402760 3.398550 3.359410 3.305260 3.265680 3.258220 3.259740 3.300530 3.370800 3.363090 3.309020 3.282880 3.285100 3.297410 3.310550 3.321500 3.330610 3.330700 
3.330700 3.338880 3.404010 3.452380 3.453860 3.392730 3.308590 3.248550 3.201900 3.198920 3.259410 3.327460 3.305410 3.251240 3.245760 3.266240 3.288800 3.306950 3.320250 3.330590 3.330700 
3.330700 3.344380 3.427400 3.503380 3.514860 3.414930 3.291360 3.232690 3.162970 3.167430 3.212820 3.275780 3.265050 3.232290 3.244710 3.271170 3.293500 3.309990 3.321730 3.330730 3.330700 
3.330700 3.345530 3.416600 3.508150 3.531850 3.396080 3.249970 3.229760 3.152610 3.167120 3.209630 3.272150 3.294270 3.297900 3.302100 3.304350 3.310530 3.318170 3.325070 3.331000 3.330700 
3.330700 3.320960 3.337170 3.393920 3.451100 3.352570 3.216130 3.172360 3.101940 3.127060 3.204250 3.292580 3.333580 3.348540 3.343160 3.327680 3.322650 3.324060 3.327460 3.331120 3.330700 
3.330700 3.307460 3.261000 3.260460 3.320910 3.291950 3.193100 3.109270 3.061200 3.081640 3.156280 3.227860 3.256610 3.279670 3.304590 3.313680 3.318540 3.323020 3.327180 3.330940 3.330700 
3.330700 3.311260 3.227130 3.182500 3.174610 3.153660 3.114650 3.093810 3.134420 3.130870 3.143210 3.180400 3.246130 3.280640 3.290090 3.301100 3.311290 3.319400 3.325610 3.330660 3.330700 
3.330700 3.309510 3.215370 3.130190 3.080420 3.086130 3.079940 3.102840 3.199930 3.197550 3.183550 3.213130 3.289900 3.300050 3.291200 3.299100 3.309380 3.318060 3.324870 3.330490 3.330700 
3.330700 3.324300 3.261390 3.203970 3.152130 3.126650 3.087480 3.091060 3.210030 3.261270 3.280570 3.293000 3.350600 3.351740 3.321810 3.316550 3.318140 3.321910 3.326250 3.330520 3.330700 
3.330700 3.336810 3.309400 3.292900 3.266890 3.192470 3.087220 3.046920 3.174460 3.319510 3.392900 3.397860 3.434640 3.443260 3.388820 3.351630 3.335050 3.329600 3.329220 3.330700 3.330700 
3.330700 3.325990 3.308420 3.294290 3.287620 3.223180 3.134400 3.080310 3.153850 3.309030 3.399220 3.395450 3.413980 3.429070 3.399690 3.365900 3.345250 3.335430 3.331790 3.330800 3.330700 
3.330700 3.329650 3.313920 3.299540 3.268980 3.202880 3.137280 3.112170 3.190690 3.338080 3.423050 3.411480 3.398480 3.398730 3.383240 3.362410 3.346650 3.337470 3.332970 3.330770 3.330700 
3.330700 3.330090 3.314440 3.294140 3.257680 3.207290 3.162230 3.157440 3.230860 3.345360 3.414650 3.413420 3.393210 3.380810 3.367880 3.354510 3.343850 3.336930 3.333020 3.330710 3.330700 
3.330700 3.330090 3.316570 3.298700 3.272070 3.240640 3.216980 3.221860 3.270070 3.338360 3.382850 3.388450 3.376660 3.365100 3.355140 3.346510 3.339790 3.335230 3.332460 3.330680 3.330700 
3.330700 3.330330 3.322310 3.312030 3.298130 3.283070 3.273260 3.277930 3.301700 3.333730 3.355590 3.360190 3.355170 3.348790 3.343290 3.338840 3.335430 3.333080 3.331630 3.330680 3.330700 
3.330700 3.330700 3.330330 3.329700 3.328470 3.326880 3.325490 3.325570 3.328200 3.331940 3.334080 3.333850 3.332760 3.332020 3.331590 3.331260 3.330980 3.330770 3.330680 3.330700 3.330700 
3.330700 3.330700 3.330700 3.330700 3.330700 3.330700 3.330700 3.330700 3.330700 3.330700 3.330700 3.330700 3.330700 3.330700 3.330700 3.330700 3.330700 3.330700 3.330700 3.330700 3.330700 
3.330700 3.330700 3.330700 3.330700 3.330700 3.330700 3.330700 3.330700 3.330700 3.330700 3.330700 3.330700 3.330700 3.330700 3.330700 3.330700 3.330700 3.330700 3.330700 3.330700 3.330700 
3.330700 3.330700 3.331460 3.331820 3.331400 3.330180 3.328760 3.328440 3.330120 3.325850 3.323210 3.335690 3.340140 3.335600 3.331800 3.330540 3.330400 3.330540 3.330650 3.330700 3.330700 
3.330700 3.331460 3.343180 3.348170 3.342310 3.326650 3.308950 3.299250 3.300240 3.297720 3.310570 3.352310 3.366780 3.348010 3.327610 3.318690 3.318490 3.322080 3.326440 3.330650 3.330700 
3.330700 3.332900 3.360370 3.374030 3.364000 3.331060 3.291570 3.268340 3.272000 3.268540 3.296520 3.373650 3.384660 3.338900 3.305260 3.296740 3.302300 3.312250 3.321930 3.330560 3.330700 
3.330700 3.335750 3.386620 3.416490 3.405700 3.351220 3.281580 3.235210 3.230260 3.224220 3.276720 3.366660 3.350930 3.282730 3.256310 3.264080 3.283390 3.302510 3.317900 3.330420 3.330700 
3.330700 3.340630 3.420620 3.476370 3.470920 3.389700 3.286010 3.220060 3.181870 3.163330 3.230840 3.308460 3.267020 3.202550 3.205100 3.237850 3.271490 3.297660 3.316270 3.330380 3.330700 
3.330700 3.347030 3.449010 3.536560 3.542530 3.420350 3.275970 3.214010 3.151890 3.131860 3.183710 3.249200 3.217560 3.179440 3.204080 3.244680 3.278220 3.302160 3.318500 3.330600 3.330700 
3.330700 3.348400 3.437810 3.543880 3.566510 3.411000 3.244460 3.217680 3.136660 3.124710 3.179770 3.248930 3.261610 3.263960 3.276970 3.288790 3.301810 3.313800 3.323330 3.331000 3.330700 
3.330700 3.322970 3.351530 3.425990 3.486610 3.370300 3.215340 3.162800 3.066790 3.070510 3.168140 3.272820 3.322280 3.338990 3.334520 3.322310 3.319500 3.322410 3.326810 3.331200 3.330700 
3.330700 3.306180 3.259740 3.271230 3.335060 3.287680 3.178050 3.098190 3.024010 3.025810 3.114480 3.202570 3.246240 3.275550 3.299450 3.309640 3.315750 3.321350 3.326430 3.330970 3.330700 
3.330700 3.306210 3.209920 3.164280 3.162420 3.129630 3.085280 3.079560 3.109950 3.088300 3.093430 3.138680 3.220310 3.269100 3.281140 3.293470 3.305590 3.315820 3.323910 3.330580 3.330700 
3.330700 3.303230 3.193720 3.104150 3.063860 3.059130 3.039590 3.071260 3.171900 3.166890 3.140840 3.174270 3.264870 3.289330 3.280600 3.288270 3.300790 3.312530 3.322190 3.330300 3.330700 
3.330700 3.319430 3.245970 3.184990 3.140370 3.098980 3.035730 3.037980 3.176030 3.253250 3.262830 3.268400 3.328870 3.339260 3.311010 3.305260 3.308920 3.315830 3.323250 3.330300 3.330700 
3.330700 3.334910 3.305350 3.290150 3.264950 3.169940 3.033610 2.980870 3.131870 3.316560 3.382360 3.375000 3.414110 3.429840 3.379400 3.342880 3.327700 3.324540 3.326650 3.330520 3.330700 
3.330700 3.327870 3.313960 3.306580 3.294360 3.207840 3.086160 3.014860 3.106880 3.303730 3.396210 3.382190 3.398610 3.418230 3.392180 3.359740 3.340220 3.331890 3.329940 3.330680 3.330700 
3.330700 3.331490 3.318250 3.306460 3.270290 3.188780 3.098690 3.062770 3.156820 3.336740 3.430120 3.410880 3.391190 3.391360 3.377720 3.358200 3.343410 3.335220 3.331800 3.330680 3.330700 
3.330700 3.330750 3.314510 3.292710 3.250590 3.188810 3.129420 3.122010 3.210820 3.349000 3.427630 3.421320 3.393630 3.378070 3.364890 3.352020 3.341950 3.335630 3.332330 3.330640 3.330700 
3.330700 3.330230 3.314320 3.293270 3.261440 3.222790 3.192660 3.198750 3.258790 3.342840 3.394940 3.398140 3.380720 3.365530 3.354240 3.345400 3.338850 3.334570 3.332100 3.330620 3.330700 
3.330700 3.330310 3.320370 3.307750 3.290750 3.272150 3.259930 3.266120 3.296370 3.336470 3.362610 3.366430 3.358510 3.349870 3.343290 3.338500 3.335070 3.332810 3.331470 3.330650 3.330700 
3.330700 3.330700 3.330310 3.329600 3.328120 3.326100 3.324220 3.324280 3.327660 3.332430 3.335030 3.334570 3.333070 3.332080 3.331570 3.331230 3.330940 3.330730 3.330650 3.330700 3.330700 
3.330700 3.330700 3.330700 3.330700 3.330700 3.330700 3.330700 3.330700 3.330700 3.330700 3.330700 3.330700 3.330700 3.330700 3.330700 3.330700 3.330700 3.330700 3.330700 3.330700 3.330700 
3.330700 3.330700 3.330700 3.330700 3.330700 3.330700 3.330700 3.330700 3.330700 3.330700 3.330700 3.330700 3.330700 3.330700 3.330700 3.330700 3.330700 3.330700 3.330700 3.330700 3.330700 
3.330700 3.330700 3.331450 3.331670 3.330880 3.329060 3.327060 3.326590 3.328760 3.322290 3.318250 3.336190 3.343690 3.337060 3.331880 3.330300 3.330180 3.330400 3.330590 3.330700 3.330700 
3.330700 3.331450 3.343320 3.347010 3.337720 3.317260 3.295840 3.286180 3.290380 3.286470 3.300990 3.356890 3.378310 3.353840 3.327930 3.316920 3.316670 3.320860 3.325850 3.330590 3.330700 
3.330700 3.332970 3.361380 3.373040 3.356400 3.313610 3.266440 3.244190 3.258270 3.254140 3.284950 3.385570 3.401480 3.341000 3.299570 3.290210 3.297570 3.309520 3.320710 3.330430 3.330700 
3.330700 3.336070 3.389800 3.418090 3.397910 3.327920 3.246660 3.204410 3.222620 3.220130 3.276450 3.382760 3.354150 3.264370 3.235790 3.249300 3.274750 3.298190 3.316140 3.330230 3.330700 
3.330700 3.341490 3.427370 3.483970 3.468200 3.366680 3.251950 3.202110 3.197860 3.180540 3.246840 3.319800 3.244210 3.158740 3.169670 3.216510 3.260630 3.292870 3.314520 3.330180 3.330700 
3.330700 3.348610 3.459300 3.553050 3.551530 3.405490 3.255530 3.229290 3.203800 3.175920 3.215120 3.258370 3.185180 3.130720 3.169380 3.226200 3.270030 3.299170 3.317650 3.330480 3.330700 
3.330700 3.349840 3.447830 3.568060 3.593530 3.416180 3.251120 3.274130 3.213840 3.182180 3.221440 3.265420 3.248120 3.244260 3.265710 3.284200 3.300890 3.314320 3.323930 3.331030 3.330700 
3.330700 3.321720 3.353800 3.449720 3.534230 3.410540 3.260540 3.246220 3.142180 3.118930 3.213140 3.308350 3.345720 3.357260 3.347790 3.330310 3.324370 3.325380 3.328300 3.331320 3.330700 
3.330700 3.302310 3.254590 3.287990 3.388200 3.349920 3.251800 3.199020 3.110660 3.083350 3.169830 3.250050 3.279140 3.297540 3.312520 3.316910 3.319730 3.323550 3.327460 3.331040 3.330700 
3.330700 3.302870 3.205070 3.180160 3.215140 3.199740 3.171050 3.193310 3.224630 3.169950 3.150330 3.175730 3.247290 3.288720 3.287460 3.293680 3.304380 3.314850 3.323430 3.330510 3.330700 
3.330700 3.300220 3.192530 3.121000 3.117370 3.137840 3.125610 3.173230 3.280770 3.249220 3.188050 3.198230 3.282900 3.297490 3.273930 3.278350 3.292980 3.307760 3.319970 3.330100 3.330700 
3.330700 3.319920 3.255640 3.215390 3.201230 3.173850 3.104470 3.111200 3.267090 3.341190 3.312150 3.279540 3.324650 3.326690 3.290210 3.286980 3.296330 3.308470 3.319870 3.330030 3.330700 
3.330700 3.337760 3.322510 3.331600 3.334440 3.245000 3.094380 3.032310 3.201190 3.401640 3.427450 3.366700 3.387990 3.405380 3.354460 3.322820 3.314170 3.316660 3.323040 3.330290 3.330700 
3.330700 3.330210 3.328130 3.341570 3.352610 3.277390 3.154230 3.069260 3.156470 3.362540 3.418430 3.349700 3.349090 3.379260 3.363790 3.340180 3.327800 3.324830 3.326750 3.330510 3.330700 
3.330700 3.333440 3.326690 3.327010 3.302610 3.230510 3.143530 3.100500 3.193080 3.382740 3.453510 3.391770 3.351800 3.356530 3.352610 3.341660 3.333300 3.329630 3.329310 3.330580 3.330700 
3.330700 3.331460 3.316490 3.298240 3.259980 3.202170 3.143350 3.134650 3.230420 3.380180 3.450250 3.418990 3.373940 3.356230 3.347590 3.340270 3.334760 3.331690 3.330600 3.330580 3.330700 
3.330700 3.330340 3.312970 3.291420 3.259760 3.222050 3.192640 3.200770 3.267920 3.360040 3.409850 3.401150 3.373220 3.354580 3.344490 3.338400 3.334470 3.332170 3.331060 3.330600 3.330700 
3.330700 3.330280 3.318820 3.305090 3.287460 3.268880 3.257240 3.265320 3.299770 3.344100 3.370010 3.369150 3.356380 3.345550 3.339030 3.335280 3.333020 3.331690 3.330990 3.330640 3.330700 
3.330700 3.330700 3.330280 3.329530 3.327980 3.325900 3.323900 3.323980 3.327920 3.333470 3.336150 3.335030 3.332870 3.331670 3.331200 3.331000 3.330830 3.330690 3.330640 3.330700 3.330700 
3.330700 3.330700 3.330700 3.330700 3.330700 3.330700 3.330700 3.330700 3.330700 3.330700 3.330700 3.330700 3.330700 3.330700 3.330700 3.330700 3.330700 3.330700 3.330700 3.330700 3.330700 
3.330700 3.330700 3.330700 3.330700 3.330700 3.330700 3.330700 3.330700 3.330700 3.330700 3.330700 3.330700 3.330700 3.330700 3.330700 3.330700 3.330700 3.330700 3.330700 3.330700 3.330700 
3.330700 3.330700 3.331350 3.331340 3.330130 3.327680 3.325080 3.324770 3.329000 3.319370 3.310300 3.336040 3.348350 3.339300 3.332190 3.330190 3.330030 3.330290 3.330530 3.330700 3.330700 
3.330700 3.331350 3.342270 3.344050 3.331460 3.307120 3.283750 3.277400 3.290240 3.286350 3.296810 3.365300 3.394430 3.364880 3.333330 3.319680 3.318350 3.321900 3.326350 3.330530 3.330700 
3.330700 3.332790 3.359580 3.367630 3.344230 3.292800 3.240600 3.225150 3.262850 3.263690 3.286850 3.410610 3.433140 3.356480 3.305420 3.293320 3.299980 3.311340 3.321660 3.330320 3.330700 
3.330700 3.335950 3.387750 3.411280 3.380680 3.295700 3.205100 3.174190 3.236870 3.253260 3.304330 3.424810 3.383100 3.266980 3.233070 3.249170 3.276710 3.300470 3.317500 3.330080 3.330700 
3.330700 3.341710 3.425850 3.478620 3.450610 3.327840 3.206300 3.188080 3.239990 3.246430 3.307100 3.366370 3.250730 3.137400 3.154890 3.212910 3.262610 3.296000 3.316490 3.330040 3.330700 
3.330700 3.349620 3.458260 3.553720 3.543320 3.367460 3.219690 3.262450 3.298820 3.287150 3.297950 3.302070 3.178720 3.102150 3.155470 3.226240 3.275210 3.304380 3.320630 3.330420 3.330700 
3.330700 3.350330 3.442240 3.574900 3.605980 3.396110 3.245630 3.376700 3.359480 3.322380 3.318690 3.311380 3.255460 3.249210 3.279640 3.298640 3.312680 3.322420 3.328040 3.331120 3.330700 
3.330700 3.309990 3.331030 3.445530 3.574860 3.447780 3.317470 3.389420 3.295240 3.247190 3.317440 3.383440 3.397360 3.405510 3.388510 3.356140 3.340310 3.334800 3.332770 3.331490 3.330700 
3.330700 3.287560 3.229780 3.283790 3.452720 3.449200 3.376180 3.366090 3.277320 3.218620 3.295520 3.351220 3.340680 3.337040 3.342150 3.336500 3.332000 3.330780 3.330870 3.331130 3.330700 
3.330700 3.297190 3.200080 3.206070 3.299520 3.325380 3.325760 3.381240 3.430870 3.335540 3.285890 3.273410 3.316690 3.333420 3.306250 3.301690 3.308690 3.317490 3.324750 3.330460 3.330700 
3.330700 3.296650 3.200290 3.153870 3.198480 3.276630 3.287530 3.352800 3.475770 3.398890 3.294320 3.268140 3.338310 3.320100 3.268650 3.269810 3.287440 3.305090 3.318950 3.329880 3.330700 
3.330700 3.325280 3.280450 3.270340 3.292170 3.302530 3.241880 3.256360 3.433150 3.478430 3.398310 3.312300 3.336610 3.315010 3.260290 3.264410 3.283110 3.301800 3.317110 3.329730 3.330700 
3.330700 3.346600 3.349990 3.392700 3.437620 3.371900 3.220330 3.150870 3.338010 3.538870 3.510070 3.369620 3.363780 3.381020 3.321720 3.297280 3.298610 3.308550 3.319630 3.330020 3.330700 
3.330700 3.328940 3.335900 3.370480 3.425430 3.391810 3.302430 3.209320 3.268920 3.457380 3.451310 3.293990 3.271240 3.323070 3.324280 3.314360 3.312770 3.317090 3.323530 3.330330 3.330700 
3.330700 3.333540 3.326820 3.338460 3.335200 3.294150 3.241930 3.199480 3.276840 3.459230 3.485440 3.353450 3.286120 3.303690 3.316750 3.319450 3.320770 3.323290 3.326720 3.330480 3.330700 
3.330700 3.331100 3.312240 3.295660 3.265200 3.224700 3.183190 3.177170 3.275070 3.428850 3.478490 3.407690 3.339380 3.322440 3.322690 3.324430 3.325780 3.327190 3.328800 3.330550 3.330700 
3.330700 3.329880 3.308070 3.284940 3.255870 3.226180 3.205630 3.218210 3.289560 3.384230 3.425050 3.398270 3.357510 3.336730 3.330200 3.328900 3.328990 3.329430 3.329980 3.330600 3.330700 
3.330700 3.330010 3.315710 3.300460 3.283430 3.267970 3.260270 3.271290 3.308420 3.354040 3.376600 3.368720 3.350380 3.337970 3.332590 3.330860 3.330440 3.330410 3.330500 3.330650 3.330700 
3.330700 3.330700 3.330010 3.329080 3.327460 3.325640 3.323920 3.324090 3.328540 3.334770 3.337290 3.335180 3.332220 3.330860 3.330590 3.330630 3.330670 3.330650 3.330650 3.330700 3.330700 
3.330700 3.330700 3.330700 3.330700 3.330700 3.330700 3.330700 3.330700 3.330700 3.330700 3.330700 3.330700 3.330700 3.330700 3.330700 3.330700 3.330700 3.330700 3.330700 3.330700 3.330700 
3.423900 3.423900 3.423900 3.423900 3.423900 3.423900 3.423900 3.423900 3.423900 3.423900 3.423900 3.423900 3.423900 3.423900 3.423900 3.423900 3.423900 3.423900 3.423900 3.423900 3.423900 
3.423900 3.423900 3.424420 3.424230 3.422710 3.419850 3.416940 3.417110 3.423850 3.414570 3.401000 3.427590 3.441830 3.433320 3.425710 3.423510 3.423250 3.423460 3.423700 3.423900 3.423900 
3.423900 3.424420 3.434470 3.435000 3.420690 3.394840 3.372080 3.371290 3.395510 3.398090 3.401730 3.467420 3.498350 3.470170 3.437340 3.421580 3.417880 3.419130 3.421480 3.423700 3.423900 
3.423900 3.425710 3.450410 3.455590 3.428100 3.372360 3.319570 3.313840 3.377330 3.396790 3.406090 3.524870 3.551840 3.475510 3.419990 3.403400 3.405480 3.412420 3.418650 3.423470 3.423900 
3.423900 3.428640 3.476290 3.494640 3.456450 3.362220 3.267800 3.249790 3.352970 3.409690 3.444830 3.553110 3.516390 3.396710 3.355360 3.365760 3.387270 3.404920 3.416150 3.423250 3.423900 
3.423900 3.434060 3.510620 3.555810 3.516780 3.379270 3.256560 3.267360 3.364410 3.426730 3.472990 3.505920 3.388760 3.267680 3.279340 3.333440 3.376930 3.403100 3.416490 3.423240 3.423900 
3.423900 3.441200 3.536440 3.623140 3.601250 3.404750 3.267590 3.371320 3.459910 3.500970 3.474600 3.437820 3.308830 3.228010 3.281310 3.350150 3.392480 3.413430 3.421590 3.423690 3.423900 
3.423900 3.438630 3.507610 3.632340 3.661280 3.432870 3.309300 3.538490 3.569830 3.558190 3.494320 3.434540 3.370890 3.378210 3.415350 3.428010 3.432340 3.432460 3.429380 3.424460 3.423900 
3.423900 3.386160 3.376680 3.480670 3.639770 3.524820 3.425680 3.579360 3.526750 3.472880 3.489880 3.517500 3.517930 3.540810 3.530990 3.486920 3.459230 3.443870 3.433570 3.424850 3.423900 
3.423900 3.364780 3.282470 3.330580 3.551190 3.598090 3.551350 3.568100 3.509060 3.434330 3.485580 3.517020 3.476000 3.462980 3.470260 3.457350 3.444700 3.436270 3.430020 3.424430 3.423900 
3.423900 3.388920 3.286390 3.307190 3.439120 3.513900 3.534490 3.587700 3.657680 3.547250 3.495550 3.462530 3.478140 3.466290 3.421430 3.409250 3.412370 3.417840 3.421590 3.423610 3.423900 
3.423900 3.393070 3.305160 3.270520 3.331120 3.461740 3.495260 3.551400 3.676130 3.570950 3.466260 3.421830 3.477470 3.425430 3.357270 3.359960 3.380960 3.400000 3.413400 3.422900 3.423900 
3.423900 3.429020 3.396560 3.397890 3.418290 3.460820 3.418930 3.433550 3.606240 3.606830 3.517590 3.413160 3.432480 3.391560 3.325800 3.340800 3.368960 3.392670 3.409820 3.422680 3.423900 
3.423900 3.448590 3.455760 3.505760 3.561670 3.521420 3.390810 3.325680 3.506540 3.673440 3.630010 3.449170 3.424950 3.443490 3.382840 3.369950 3.381680 3.397710 3.411560 3.423000 3.423900 
3.423900 3.415100 3.411030 3.436990 3.517760 3.533690 3.506360 3.427630 3.450280 3.582040 3.532760 3.316880 3.283300 3.359020 3.380900 3.386960 3.395970 3.406210 3.415410 3.423390 3.423900 
3.423900 3.421670 3.397040 3.398970 3.407350 3.402510 3.408450 3.383070 3.439290 3.587320 3.571990 3.389830 3.310940 3.346900 3.379030 3.395740 3.405910 3.413290 3.418940 3.423620 3.423900 
3.423900 3.421520 3.386990 3.361000 3.333570 3.314970 3.306120 3.311500 3.405010 3.547750 3.575520 3.475630 3.395250 3.384500 3.395380 3.406150 3.413540 3.418320 3.421440 3.423740 3.423900 
3.423900 3.421600 3.389280 3.359640 3.331690 3.313220 3.308730 3.329380 3.401180 3.491190 3.521340 3.480920 3.433120 3.413700 3.411990 3.415530 3.419100 3.421530 3.422940 3.423820 3.423900 
3.423900 3.422570 3.402960 3.384370 3.367670 3.356950 3.356010 3.371220 3.409290 3.453210 3.471410 3.458080 3.436580 3.424260 3.420720 3.421070 3.422250 3.423160 3.423640 3.423870 3.423900 
3.423900 3.423900 3.422570 3.421140 3.419330 3.417950 3.417010 3.417510 3.422130 3.428490 3.430670 3.427800 3.424420 3.423150 3.423150 3.423480 3.423720 3.423830 3.423870 3.423900 3.423900 
3.423900 3.423900 3.423900 3.423900 3.423900 3.423900 3.423900 3.423900 3.423900 3.423900 3.423900 3.423900 3.423900 3.423900 3.423900 3.423900 3.423900 3.423900 3.423900 3.423900 3.423900 
3.423900 3.423900 3.423900 3.423900 3.423900 3.423900 3.423900 3.423900 3.423900 3.423900 3.423900 3.423900 3.423900 3.423900 3.423900 3.423900 3.423900 3.423900 3.423900 3.423900 3.423900 
3.423900 3.423900 3.424380 3.424160 3.422650 3.419890 3.417300 3.418170 3.426380 3.422550 3.408980 3.425260 3.434870 3.431270 3.425830 3.423930 3.423520 3.423570 3.423720 3.423900 3.423900 
3.423900 3.424380 3.434920 3.436240 3.423280 3.399660 3.380570 3.385720 3.419260 3.434980 3.433970 3.476940 3.499390 3.480730 3.452930 3.436180 3.428910 3.426150 3.424820 3.423720 3.423900 
3.423900 3.425540 3.450350 3.456250 3.430570 3.378120 3.330870 3.333980 3.410890 3.458790 3.458650 3.535890 3.560100 3.507600 3.456850 3.434540 3.427900 3.426370 3.425250 3.423550 3.423900 
3.423900 3.428100 3.473590 3.490860 3.453390 3.362050 3.273190 3.263090 3.372630 3.474390 3.495490 3.564960 3.556160 3.468160 3.419950 3.414760 3.420770 3.425230 3.425670 3.423400 3.423900 
3.423900 3.432620 3.501590 3.541060 3.499900 3.364400 3.247340 3.262380 3.352040 3.478790 3.515050 3.528320 3.468790 3.374710 3.365890 3.395600 3.418300 3.427900 3.428060 3.423460 3.423900 
3.423900 3.437570 3.515510 3.587800 3.559740 3.367780 3.241520 3.347230 3.428580 3.541780 3.498550 3.454770 3.392540 3.337970 3.370330 3.414700 3.435910 3.439670 3.433900 3.423930 3.423900 
3.423900 3.430420 3.469160 3.566070 3.586420 3.371540 3.267660 3.504210 3.552010 3.599490 3.498050 3.428540 3.412080 3.447240 3.483350 3.483320 3.471810 3.457070 3.441110 3.424660 3.423900 
3.423900 3.373450 3.324380 3.385080 3.535070 3.448600 3.370810 3.532960 3.539630 3.519340 3.480690 3.488940 3.502850 3.556850 3.571810 3.528460 3.491490 3.464830 3.443760 3.425000 3.423900 
3.423900 3.357960 3.243290 3.251850 3.467360 3.558070 3.517630 3.506370 3.498270 3.446380 3.466330 3.494730 3.463630 3.470550 3.498910 3.487880 3.469420 3.452880 3.438270 3.424510 3.423900 
3.423900 3.393670 3.277640 3.277440 3.391430 3.497270 3.511080 3.501020 3.576830 3.501030 3.488280 3.479990 3.496890 3.474870 3.439120 3.429290 3.429750 3.430120 3.427860 3.423630 3.423900 
3.423900 3.402520 3.311450 3.256890 3.270800 3.411860 3.454620 3.463550 3.569430 3.479740 3.435510 3.416750 3.475420 3.415180 3.359560 3.369470 3.391730 3.408540 3.417990 3.422860 3.423900 
3.423900 3.437700 3.399530 3.374150 3.336800 3.383340 3.363000 3.357960 3.490390 3.451960 3.423640 3.368700 3.416700 3.379610 3.321380 3.344160 3.375480 3.398680 3.413240 3.422610 3.423900 
3.423900 3.449910 3.437530 3.450020 3.462070 3.432200 3.336170 3.281360 3.422250 3.526970 3.542980 3.413620 3.403230 3.426320 3.374720 3.370630 3.386230 3.402420 3.414360 3.422950 3.423900 
3.423900 3.403820 3.365780 3.344630 3.407950 3.449010 3.473930 3.426420 3.427160 3.487760 3.457900 3.273000 3.254890 3.340680 3.373680 3.387700 3.400010 3.410380 3.417890 3.423380 3.423900 
3.423900 3.411850 3.352890 3.319950 3.320020 3.333850 3.387900 3.391150 3.435760 3.535400 3.512920 3.344320 3.284130 3.333580 3.375240 3.397560 3.409890 3.417090 3.421180 3.423660 3.423900 
3.423900 3.416700 3.357100 3.310520 3.278030 3.274480 3.299630 3.324110 3.409900 3.527870 3.545370 3.448710 3.378600 3.377080 3.394290 3.408560 3.417150 3.421560 3.423310 3.423800 3.423900 
3.423900 3.419380 3.372390 3.332120 3.302640 3.294060 3.307440 3.338680 3.407660 3.486870 3.510260 3.469420 3.425510 3.410600 3.412280 3.417700 3.421850 3.423910 3.424300 3.423870 3.423900 
3.423900 3.421720 3.395330 3.372170 3.355190 3.349240 3.356010 3.375990 3.413350 3.453150 3.468150 3.454060 3.433750 3.423190 3.421090 3.422290 3.423730 3.424430 3.424370 3.423900 3.423900 
3.423900 3.423900 3.421720 3.419580 3.417480 3.416480 3.416560 3.417610 3.421970 3.427660 3.429470 3.426620 3.423540 3.422590 3.422840 3.423330 3.423690 3.423850 3.423900 3.423900 3.423900 
3.423900 3.423900 3.423900 3.423900 3.423900 3.423900 3.423900 3.423900 3.423900 3.423900 3.423900 3.423900 3.423900 3.423900 3.423900 3.423900 3.423900 3.423900 3.423900 3.423900 3.423900 
3.423900 3.423900 3.423900 3.423900 3.423900 3.423900 3.423900 3.423900 3.423900 3.423900 3.423900 3.423900 3.423900 3.423900 3.423900 3.423900 3.423900 3.423900 3.423900 3.423900 3.423900 
3.423900 3.423900 3.424500 3.424510 3.423410 3.421280 3.419490 3.421070 3.429650 3.431540 3.420080 3.424260 3.427280 3.428900 3.426160 3.424670 3.424050 3.423840 3.423820 3.423900 3.423900 
3.423900 3.424500 3.437700 3.442570 3.434540 3.416950 3.403930 3.413980 3.452250 3.480440 3.477770 3.493050 3.502300 3.494100 3.472960 3.455110 3.443170 3.435170 3.429130 3.423820 3.423900 
3.423900 3.425710 3.454810 3.466850 3.450180 3.408980 3.372180 3.380700 3.456930 3.527210 3.525660 3.556620 3.573320 3.548830 3.505380 3.475620 3.457160 3.444340 3.433730 3.423770 3.423900 
3.423900 3.428130 3.477550 3.501740 3.476300 3.400810 3.324500 3.313210 3.399120 3.526800 3.548090 3.586570 3.609860 3.562270 3.507840 3.481000 3.465050 3.451520 3.437850 3.423760 3.423900 
3.423900 3.432010 3.501230 3.544990 3.516590 3.400660 3.291900 3.283470 3.321690 3.487040 3.535410 3.558990 3.575910 3.520880 3.487280 3.480960 3.473160 3.459770 3.442690 3.423900 3.423900 
3.423900 3.435410 3.505730 3.573800 3.555540 3.388650 3.262770 3.313820 3.334750 3.504670 3.485540 3.481790 3.512090 3.493130 3.495650 3.501940 3.492110 3.472520 3.449030 3.424350 3.423900 
3.423900 3.425850 3.446560 3.522980 3.542800 3.358000 3.249100 3.413460 3.436020 3.552140 3.465870 3.436670 3.489320 3.548620 3.572580 3.552340 3.519700 3.486360 3.454920 3.424950 3.423900 
3.423900 3.368890 3.294960 3.314670 3.440120 3.380250 3.297350 3.401080 3.448120 3.493200 3.441390 3.461350 3.503360 3.581720 3.615250 3.574150 3.527990 3.488810 3.455450 3.425160 3.423900 
3.423900 3.358390 3.223520 3.189080 3.367700 3.479440 3.422350 3.345040 3.378990 3.386440 3.399250 3.442080 3.441270 3.476680 3.528340 3.522320 3.498510 3.472720 3.448160 3.424620 3.423900 
3.423900 3.398860 3.272420 3.235210 3.298960 3.410390 3.402930 3.312170 3.387100 3.376070 3.416460 3.452460 3.491940 3.477500 3.462800 3.458680 3.455000 3.447530 3.436620 3.423750 3.423900 
3.423900 3.409440 3.311140 3.220040 3.163400 3.288200 3.335090 3.294440 3.382200 3.333540 3.363350 3.393660 3.469450 3.418710 3.385020 3.398880 3.416040 3.424990 3.426210 3.423020 3.423900 
3.423900 3.440170 3.388080 3.321180 3.217180 3.258760 3.264900 3.236020 3.320640 3.263030 3.317540 3.342360 3.431650 3.407440 3.358790 3.377540 3.400560 3.414970 3.421260 3.422820 3.423900 
3.423900 3.446410 3.407480 3.371090 3.328940 3.305750 3.248470 3.203440 3.295710 3.345080 3.447170 3.419080 3.445280 3.468170 3.416390 3.405090 3.411160 3.418270 3.422070 3.423160 3.423900 
3.423900 3.394540 3.321650 3.251000 3.283020 3.329780 3.383060 3.364890 3.360450 3.374500 3.405210 3.309380 3.322110 3.397510 3.418460 3.421320 3.423470 3.425060 3.425010 3.423600 3.423900 
3.423900 3.403420 3.313030 3.245870 3.233170 3.252160 3.330630 3.360410 3.404750 3.469440 3.472580 3.361830 3.333460 3.381800 3.414180 3.426580 3.430020 3.429670 3.427280 3.423860 3.423900 
3.423900 3.412530 3.331720 3.267230 3.230300 3.236040 3.285340 3.328650 3.408240 3.502140 3.523960 3.454820 3.406390 3.409290 3.422500 3.430360 3.432570 3.431310 3.428080 3.423960 3.423900 
3.423900 3.417540 3.359100 3.310860 3.281280 3.281120 3.309380 3.350470 3.415420 3.482760 3.505070 3.474540 3.440920 3.429550 3.429840 3.431800 3.432080 3.430480 3.427550 3.423980 3.423900 
3.423900 3.421050 3.389740 3.363600 3.347360 3.346070 3.359730 3.383920 3.419510 3.454400 3.468070 3.457190 3.440800 3.431970 3.429480 3.429200 3.428830 3.427750 3.426020 3.423960 3.423900 
3.423900 3.423900 3.421050 3.418390 3.416160 3.415480 3.416400 3.417960 3.421840 3.426490 3.428040 3.425810 3.423440 3.422810 3.423110 3.423560 3.423860 3.423960 3.423960 3.423900 3.423900 
3.423900 3.423900 3.423900 3.423900 3.423900 3.423900 3.423900 3.423900 3.423900 3.423900 3.423900 3.423900 3.423900 3.423900 3.423900 3.423900 3.423900 3.423900 3.423900 3.423900 3.423900 
3.680300 3.680300 3.680300 3.680300 3.680300 3.680300 3.680300 3.680300 3.680300 3.680300 3.680300 3.680300 3.680300 3.680300 3.680300 3.680300 3.680300 3.680300 3.680300 3.680300 3.680300 
3.680300 3.680300 3.681180 3.681620 3.681210 3.680050 3.679300 3.681470 3.689550 3.695410 3.687000 3.682020 3.679500 3.684120 3.683340 3.682050 3.681140 3.680620 3.680390 3.680300 3.680300 
3.680300 3.681180 3.698810 3.709380 3.708870 3.699890 3.694280 3.707930 3.746730 3.783170 3.781810 3.774800 3.770880 3.768610 3.751450 3.731280 3.714140 3.700690 3.689880 3.680390 3.680300 
3.680300 3.682660 3.719830 3.742550 3.740420 3.715990 3.692630 3.704040 3.770740 3.852320 3.856930 3.854320 3.860940 3.854250 3.813980 3.774800 3.743450 3.718870 3.698640 3.680500 3.680300 
3.680300 3.685260 3.745210 3.784070 3.779890 3.729470 3.670270 3.653280 3.703840 3.836650 3.871410 3.896520 3.940690 3.920590 3.857210 3.806430 3.766820 3.734430 3.706460 3.680650 3.680300 
3.680300 3.689160 3.769400 3.829270 3.827020 3.743150 3.645580 3.602580 3.578870 3.753770 3.830860 3.884490 3.959990 3.932570 3.872420 3.826750 3.785870 3.748250 3.713640 3.680880 3.680300 
3.680300 3.692340 3.771940 3.852620 3.860650 3.732660 3.603660 3.578150 3.526440 3.726080 3.759840 3.816490 3.918010 3.920200 3.887490 3.850230 3.805960 3.761640 3.720290 3.681280 3.680300 
3.680300 3.683260 3.710790 3.788890 3.823550 3.679630 3.555220 3.614150 3.596610 3.769620 3.739600 3.769840 3.872390 3.933370 3.930290 3.881840 3.824530 3.771480 3.724640 3.681720 3.680300 
3.680300 3.631630 3.563260 3.570880 3.679380 3.645260 3.547850 3.568640 3.633430 3.750760 3.726260 3.767840 3.825430 3.900430 3.928350 3.880130 3.821400 3.768720 3.723140 3.681780 3.680300 
3.680300 3.623810 3.497170 3.447650 3.591510 3.710250 3.637470 3.502530 3.564410 3.643210 3.668380 3.718720 3.734360 3.776780 3.830100 3.819850 3.786620 3.749800 3.714660 3.681220 3.680300 
3.680300 3.661240 3.544150 3.487620 3.513690 3.625600 3.609380 3.470760 3.546600 3.602000 3.678980 3.739310 3.786730 3.772200 3.765190 3.757280 3.743400 3.724550 3.703050 3.680430 3.680300 
3.680300 3.670980 3.579780 3.472380 3.377360 3.492010 3.556120 3.498440 3.577170 3.571650 3.646710 3.707500 3.781960 3.731850 3.703380 3.706520 3.708710 3.703810 3.693310 3.679810 3.680300 
3.680300 3.695950 3.644560 3.560870 3.435020 3.491330 3.539710 3.508510 3.555820 3.495880 3.602060 3.682270 3.784750 3.756510 3.700230 3.696330 3.698040 3.695690 3.689020 3.679690 3.680300 
3.680300 3.699160 3.653770 3.598430 3.540310 3.546160 3.541640 3.516280 3.565550 3.573510 3.729540 3.786200 3.835140 3.837750 3.765660 3.727220 3.709790 3.699230 3.689830 3.680050 3.680300 
3.680300 3.649910 3.567320 3.482390 3.505340 3.565170 3.639930 3.649540 3.648610 3.639490 3.722760 3.713260 3.743290 3.783680 3.768130 3.740350 3.719310 3.704210 3.691890 3.680440 3.680300 
3.680300 3.657410 3.559320 3.484410 3.476540 3.507470 3.599060 3.650220 3.697510 3.740610 3.774410 3.725170 3.717260 3.744200 3.747760 3.735060 3.719400 3.705190 3.692530 3.680630 3.680300 
3.680300 3.667660 3.582950 3.517620 3.488920 3.507670 3.573830 3.631950 3.705320 3.778610 3.808700 3.770720 3.739330 3.735570 3.732870 3.724540 3.713470 3.702150 3.691220 3.680660 3.680300 
3.680300 3.673450 3.614080 3.567550 3.544810 3.554950 3.594990 3.643320 3.703040 3.758840 3.781830 3.763600 3.738790 3.725990 3.718820 3.711910 3.704290 3.696380 3.688440 3.680580 3.680300 
3.680300 3.677310 3.646100 3.621460 3.609050 3.613290 3.632720 3.659780 3.692660 3.722340 3.735250 3.728410 3.715550 3.706580 3.701180 3.697040 3.693020 3.688900 3.684680 3.680450 3.680300 
3.680300 3.680300 3.677310 3.674640 3.672690 3.672460 3.673990 3.675880 3.679140 3.682670 3.684020 3.682520 3.680820 3.680280 3.680360 3.680540 3.680620 3.680580 3.680450 3.680300 3.680300 
3.680300 3.680300 3.680300 3.680300 3.680300 3.680300 3.680300 3.680300 3.680300 3.680300 3.680300 3.680300 3.680300 3.680300 3.680300 3.680300 3.680300 3.680300 3.680300 3.680300 3.680300 
3.680300 3.680300 3.680300 3.680300 3.680300 3.680300 3.680300 3.680300 3.680300 3.680300 3.680300 3.680300 3.680300 3.680300 3.680300 3.680300 3.680300 3.680300 3.680300 3.680300 3.680300 
3.680300 3.680300 3.681500 3.682420 3.682770 3.682630 3.682940 3.685650 3.693170 3.701720 3.696130 3.684920 3.678010 3.684240 3.684340 3.682980 3.681790 3.681000 3.680550 3.680300 3.680300 
3.680300 3.681500 3.703570 3.720050 3.727490 3.727580 3.729470 3.745970 3.783450 3.824530 3.825730 3.803220 3.787580 3.786490 3.769870 3.746720 3.725140 3.707440 3.693080 3.680550 3.680300 
3.680300 3.683330 3.729020 3.763260 3.776990 3.770810 3.761890 3.776250 3.832540 3.918740 3.931860 3.906940 3.901020 3.900220 3.857260 3.808370 3.766130 3.732300 3.704870 3.680840 3.680300 
3.680300 3.686350 3.758800 3.814810 3.834980 3.812920 3.773760 3.753950 3.773440 3.902380 3.953870 3.973600 4.023560 4.011720 3.934090 3.861120 3.801550 3.754160 3.715390 3.681130 3.680300 
3.680300 3.690830 3.787570 3.869560 3.899480 3.853060 3.772060 3.702380 3.627060 3.799090 3.906570 3.988080 4.092460 4.069500 3.979650 3.898300 3.829220 3.772080 3.724220 3.681430 3.680300 
3.680300 3.695170 3.795930 3.901680 3.946060 3.862540 3.736690 3.647550 3.535910 3.751050 3.838030 3.944320 4.079340 4.076400 4.003470 3.924810 3.850200 3.785700 3.730890 3.681770 3.680300 
3.680300 3.689130 3.743930 3.845790 3.909480 3.809740 3.676320 3.645890 3.593310 3.809990 3.839900 3.915570 4.032970 4.068680 4.024720 3.943060 3.861840 3.792280 3.733940 3.682060 3.680300 
3.680300 3.643090 3.608740 3.635290 3.747500 3.742820 3.640270 3.594980 3.668120 3.847860 3.858920 3.909220 3.953860 3.995140 3.992640 3.924880 3.850720 3.785970 3.731080 3.682000 3.680300 
3.680300 3.636490 3.547510 3.516690 3.652080 3.784310 3.713490 3.550030 3.634200 3.774720 3.810240 3.844480 3.842070 3.859000 3.888750 3.861300 3.814210 3.766310 3.722370 3.681460 3.680300 
3.680300 3.669330 3.587000 3.544990 3.568340 3.696330 3.696790 3.552860 3.638970 3.743280 3.826740 3.872730 3.894200 3.853830 3.830280 3.804880 3.774970 3.743230 3.711730 3.680790 3.680300 
3.680300 3.677370 3.617410 3.530440 3.445740 3.578160 3.681650 3.642980 3.725820 3.747290 3.825700 3.875980 3.915060 3.837630 3.789400 3.767410 3.747610 3.726160 3.703540 3.680330 3.680300 
3.680300 3.698420 3.673920 3.614980 3.520960 3.622600 3.730730 3.722670 3.750420 3.686860 3.798010 3.883720 3.958290 3.896330 3.809860 3.770060 3.743290 3.721000 3.700440 3.680310 3.680300 
3.680300 3.701340 3.680280 3.650850 3.626330 3.688730 3.749320 3.754730 3.774510 3.746760 3.909970 4.000270 4.037300 3.995930 3.882900 3.804190 3.756310 3.724970 3.701360 3.680670 3.680300 
3.680300 3.655710 3.597530 3.540960 3.591840 3.685880 3.789910 3.827210 3.829570 3.802420 3.906180 3.941860 3.960540 3.947530 3.880490 3.811800 3.762010 3.727750 3.702420 3.680980 3.680300 
3.680300 3.660590 3.584010 3.533270 3.554690 3.612440 3.719550 3.787670 3.834740 3.859410 3.908440 3.894670 3.883930 3.873990 3.837770 3.792890 3.754290 3.724570 3.701240 3.681080 3.680300 
3.680300 3.669430 3.601290 3.554980 3.549290 3.588480 3.669360 3.736990 3.801950 3.855930 3.888260 3.868870 3.840890 3.820220 3.794510 3.765520 3.738790 3.716450 3.697720 3.680990 3.680300 
3.680300 3.674420 3.626230 3.592360 3.584080 3.607340 3.656920 3.708870 3.761460 3.805330 3.826440 3.815350 3.793240 3.773790 3.755330 3.737120 3.720300 3.705600 3.692680 3.680810 3.680300 
3.680300 3.677750 3.652300 3.634070 3.628720 3.639400 3.663330 3.691430 3.720440 3.744390 3.755510 3.750870 3.739270 3.728060 3.718120 3.709050 3.700810 3.693460 3.686800 3.680570 3.680300 
3.680300 3.680300 3.677750 3.675620 3.674360 3.674740 3.676720 3.678740 3.681310 3.683790 3.684860 3.683870 3.682510 3.681800 3.681470 3.681260 3.681070 3.680830 3.680570 3.680300 3.680300 
3.680300 3.680300 3.680300 3.680300 3.680300 3.680300 3.680300 3.680300 3.680300 3.680300 3.680300 3.680300 3.680300 3.680300 3.680300 3.680300 3.680300 3.680300 3.680300 3.680300 3.680300 
3.680300 3.680300 3.680300 3.680300 3.680300 3.680300 3.680300 3.680300 3.680300 3.680300 3.680300 3.680300 3.680300 3.680300 3.680300 3.680300 3.680300 3.680300 3.680300 3.680300 3.680300 
3.680300 3.680300 3.681660 3.682900 3.683810 3.684480 3.685600 3.688640 3.695440 3.705200 3.702100 3.687830 3.678450 3.684790 3.685000 3.683490 3.682130 3.681210 3.680650 3.680300 3.680300 
3.680300 3.681660 3.705640 3.725540 3.738610 3.745760 3.753540 3.771690 3.806320 3.847990 3.851610 3.820700 3.796900 3.794070 3.776640 3.751950 3.728610 3.709420 3.693990 3.680650 3.680300 
3.680300 3.683680 3.733150 3.774270 3.799620 3.808370 3.812070 3.829610 3.876840 3.961090 3.980930 3.943290 3.925320 3.922180 3.875330 3.820990 3.773830 3.736430 3.706680 3.681030 3.680300 
3.680300 3.686950 3.765550 3.832440 3.871300 3.873840 3.854820 3.838230 3.838690 3.957380 4.019810 4.034570 4.076780 4.059910 3.970150 3.883920 3.814290 3.760490 3.718000 3.681390 3.680300 
3.680300 3.691920 3.798680 3.896110 3.952050 3.939910 3.880900 3.802800 3.702110 3.861670 3.985840 4.078350 4.181740 4.147530 4.033980 3.930000 3.845590 3.779650 3.727140 3.681710 3.680300 
3.680300 3.697570 3.815590 3.941880 4.017530 3.976420 3.866610 3.746320 3.607480 3.820080 3.939530 4.066380 4.197170 4.172110 4.065080 3.958090 3.866190 3.792540 3.733340 3.681990 3.680300 
3.680300 3.695320 3.779540 3.906910 3.998710 3.942400 3.818080 3.737000 3.669850 3.903530 3.973570 4.065430 4.165030 4.160840 4.076670 3.969070 3.873570 3.796950 3.735450 3.682160 3.680300 
3.680300 3.656660 3.665560 3.723360 3.847220 3.872510 3.783150 3.706690 3.783630 3.996240 4.031110 4.070770 4.081280 4.073800 4.031870 3.943900 3.859310 3.789380 3.732180 3.682040 3.680300 
3.680300 3.650870 3.612440 3.618900 3.760670 3.907260 3.857690 3.702750 3.801540 3.975250 4.009510 4.009460 3.966810 3.939700 3.932580 3.884090 3.825480 3.771430 3.724310 3.681570 3.680300 
3.680300 3.677710 3.643700 3.638290 3.684240 3.834440 3.866980 3.752860 3.850100 3.975780 4.040460 4.045400 4.018400 3.937940 3.885030 3.837720 3.793100 3.752350 3.715520 3.681060 3.680300 
3.680300 3.683960 3.669230 3.628310 3.588510 3.750120 3.895880 3.895700 3.985170 4.015390 4.067510 4.077890 4.060550 3.942570 3.863510 3.813710 3.773930 3.739780 3.709340 3.680750 3.680300 
3.680300 3.701660 3.719290 3.710750 3.680030 3.833620 3.996650 4.023690 4.044470 3.975850 4.057120 4.109640 4.129620 4.021750 3.900010 3.826080 3.775060 3.737500 3.707500 3.680810 3.680300 
3.680300 3.705190 3.726180 3.747630 3.781870 3.905030 4.024530 4.062730 4.065530 4.009470 4.141760 4.219420 4.219080 4.127300 3.974100 3.860420 3.788200 3.741590 3.708500 3.681140 3.680300 
3.680300 3.665540 3.650810 3.645740 3.740250 3.873630 4.005950 4.066110 4.068900 4.025140 4.116980 4.156580 4.143720 4.076720 3.963910 3.861690 3.790050 3.742330 3.708680 3.681380 3.680300 
3.680300 3.667200 3.628880 3.618950 3.678590 3.766970 3.887470 3.965280 4.006420 4.012230 4.056920 4.051180 4.021680 3.973450 3.902270 3.831650 3.776140 3.735960 3.706140 3.681380 3.680300 
3.680300 3.673020 3.633370 3.616230 3.638560 3.698260 3.788330 3.858150 3.911040 3.945410 3.971220 3.956450 3.922270 3.882930 3.837050 3.791870 3.753940 3.724430 3.701180 3.681220 3.680300 
3.680300 3.676280 3.646330 3.630580 3.638900 3.673840 3.728300 3.778850 3.821710 3.852760 3.868250 3.858430 3.834660 3.807660 3.779500 3.752660 3.729460 3.710500 3.694830 3.680960 3.680300 
3.680300 3.678540 3.662140 3.652720 3.655190 3.671190 3.697100 3.723670 3.747390 3.764960 3.772900 3.768360 3.756460 3.742700 3.728980 3.716240 3.705140 3.695800 3.687840 3.680640 3.680300 
3.680300 3.680300 3.678540 3.677220 3.676810 3.677800 3.680010 3.681930 3.683790 3.685340 3.686050 3.685280 3.684010 3.683040 3.682320 3.681780 3.681370 3.681000 3.680640 3.680300 3.680300 
3.680300 3.680300 3.680300 3.680300 3.680300 3.680300 3.680300 3.680300 3.680300 3.680300 3.680300 3.680300 3.680300 3.680300 3.680300 3.680300 3.680300 3.680300 3.680300 3.680300 3.680300 
4.117400 4.117400 4.117400 4.117400 4.117400 4.117400 4.117400 4.117400 4.117400 4.117400 4.117400 4.117400 4.117400 4.117400 4.117400 4.117400 4.117400 4.117400 4.117400 4.117400 4.117400 
4.117400 4.117400 4.118620 4.119820 4.120890 4.121890 4.123330 4.126180 4.131730 4.140610 4.139310 4.125810 4.116540 4.121790 4.121760 4.120310 4.119060 4.118230 4.117720 4.117400 4.117400 
4.117400 4.118620 4.139760 4.158300 4.172350 4.182350 4.192600 4.209850 4.239070 4.276430 4.281100 4.248360 4.221740 4.217880 4.201750 4.179580 4.158970 4.142290 4.129050 4.117720 4.117400 
4.117400 4.120420 4.164200 4.202700 4.230620 4.246670 4.257990 4.277000 4.315080 4.389940 4.411480 4.367800 4.341790 4.336160 4.291170 4.240940 4.198470 4.165550 4.139890 4.118070 4.117400 
4.117400 4.123380 4.193690 4.256910 4.300980 4.317980 4.315480 4.306980 4.298610 4.400000 4.461380 4.466900 4.494880 4.471520 4.381570 4.298860 4.234530 4.186460 4.149570 4.118400 4.117400 
4.117400 4.128000 4.225810 4.319410 4.383910 4.395090 4.360530 4.292840 4.190090 4.327880 4.446480 4.528600 4.611960 4.564950 4.445780 4.342210 4.262460 4.202940 4.157270 4.118660 4.117400 
4.117400 4.133810 4.247870 4.372590 4.459840 4.450750 4.368320 4.250910 4.113230 4.305480 4.425820 4.541890 4.645040 4.597850 4.477590 4.367560 4.279870 4.213460 4.162230 4.118860 4.117400 
4.117400 4.134340 4.228920 4.361440 4.463220 4.440600 4.341530 4.249320 4.183730 4.405550 4.483980 4.564600 4.630660 4.591940 4.486830 4.375240 4.284820 4.216400 4.163640 4.118960 4.117400 
4.117400 4.105730 4.142470 4.217820 4.341120 4.385890 4.321940 4.244800 4.320430 4.531170 4.568370 4.585480 4.559500 4.512250 4.444580 4.351930 4.272040 4.209820 4.160860 4.118850 4.117400 
4.117400 4.101140 4.101870 4.137030 4.277020 4.425090 4.402040 4.276040 4.378150 4.552870 4.573140 4.536800 4.456750 4.394280 4.360720 4.303220 4.245270 4.195910 4.154840 4.118510 4.117400 
4.117400 4.120450 4.126400 4.153410 4.218370 4.375570 4.433880 4.358550 4.459040 4.580970 4.615270 4.576790 4.507310 4.398560 4.326970 4.269620 4.221860 4.182170 4.148550 4.118170 4.117400 
4.117400 4.124890 4.146880 4.148660 4.151320 4.324760 4.491800 4.524740 4.615510 4.640780 4.657010 4.623660 4.557960 4.413850 4.318650 4.256410 4.210140 4.174100 4.144490 4.118000 4.117400 
4.117400 4.138390 4.189110 4.224420 4.247720 4.427830 4.616750 4.670120 4.688370 4.613520 4.654090 4.662460 4.632220 4.495240 4.359210 4.272440 4.214170 4.173800 4.143660 4.118090 4.117400 
4.117400 4.141950 4.196830 4.260070 4.339200 4.495450 4.644890 4.704160 4.697470 4.620390 4.708550 4.753890 4.716230 4.593820 4.426200 4.302720 4.225620 4.177400 4.144570 4.118340 4.117400 
4.117400 4.111890 4.133140 4.170210 4.292430 4.443440 4.584710 4.654490 4.654540 4.596090 4.661080 4.684220 4.640820 4.541330 4.410190 4.299470 4.224890 4.176910 4.144260 4.118490 4.117400 
4.117400 4.111080 4.106620 4.129840 4.212930 4.314800 4.433640 4.508610 4.538700 4.526550 4.556710 4.545270 4.497920 4.427720 4.343000 4.266450 4.209420 4.169780 4.141410 4.118450 4.117400 
4.117400 4.113790 4.100300 4.106940 4.146800 4.213940 4.299940 4.361430 4.398550 4.414300 4.429370 4.413070 4.373810 4.325730 4.273410 4.225290 4.186900 4.158260 4.136500 4.118270 4.117400 
4.117400 4.115290 4.102390 4.101510 4.120080 4.158180 4.208490 4.250710 4.281130 4.299400 4.307820 4.297290 4.273170 4.244110 4.213950 4.186190 4.163140 4.145010 4.130540 4.118020 4.117400 
4.117400 4.116440 4.108620 4.106510 4.113770 4.130910 4.154270 4.175890 4.192830 4.203860 4.208180 4.203300 4.191910 4.178100 4.164050 4.151180 4.140300 4.131470 4.124180 4.117720 4.117400 
4.117400 4.117400 4.116440 4.115890 4.116100 4.117330 4.119370 4.120930 4.122120 4.122910 4.123260 4.122600 4.121450 4.120400 4.119550 4.118900 4.118430 4.118060 4.117720 4.117400 4.117400 
4.117400 4.117400 4.117400 4.117400 4.117400 4.117400 4.117400 4.117400 4.117400 4.117400 4.117400 4.117400 4.117400 4.117400 4.117400 4.117400 4.117400 4.117400 4.117400 4.117400 4.117400 
4.117400 4.117400 4.117400 4.117400 4.117400 4.117400 4.117400 4.117400 4.117400 4.117400 4.117400 4.117400 4.117400 4.117400 4.117400 4.117400 4.117400 4.117400 4.117400 4.117400 4.117400 
4.117400 4.117400 4.118120 4.118870 4.119610 4.120370 4.121470 4.123470 4.127130 4.133750 4.133750 4.123300 4.115910 4.120120 4.120090 4.119160 4.118380 4.117890 4.117590 4.117400 4.117400 
4.117400 4.118120 4.130990 4.142650 4.152160 4.159760 4.167870 4.180420 4.200720 4.229850 4.234170 4.202340 4.176800 4.178320 4.168700 4.154730 4.142050 4.132020 4.124200 4.117590 4.117400 
4.117400 4.119220 4.146140 4.170660 4.190040 4.203570 4.215390 4.233110 4.261040 4.325780 4.344690 4.285860 4.252480 4.259980 4.226120 4.192540 4.165810 4.145790 4.130560 4.117790 4.117400 
4.117400 4.121060 4.165130 4.206430 4.238460 4.256590 4.265470 4.273080 4.254530 4.339080 4.386670 4.364870 4.385250 4.366220 4.287330 4.229260 4.187820 4.158260 4.136250 4.117980 4.117400 
4.117400 4.124130 4.187620 4.251810 4.302430 4.323830 4.317160 4.281290 4.159480 4.285080 4.378650 4.426960 4.496060 4.436870 4.330470 4.256860 4.204910 4.168070 4.140760 4.118130 4.117400 
4.117400 4.128600 4.207750 4.302250 4.378780 4.387530 4.338620 4.249120 4.086370 4.282470 4.362450 4.445200 4.525830 4.460420 4.352050 4.273050 4.215470 4.174230 4.143600 4.118230 4.117400 
4.117400 4.131190 4.205020 4.320970 4.409920 4.394820 4.323760 4.252730 4.161850 4.390250 4.425020 4.478780 4.522920 4.466790 4.365960 4.279410 4.218600 4.175900 4.144370 4.118270 4.117400 
4.117400 4.112530 4.143420 4.203040 4.304940 4.348090 4.310880 4.243360 4.322510 4.528030 4.525360 4.521410 4.464930 4.404360 4.340510 4.265380 4.210950 4.172030 4.142750 4.118210 4.117400 
4.117400 4.109800 4.119270 4.146990 4.272220 4.420350 4.409820 4.276430 4.383920 4.554000 4.535140 4.467560 4.360750 4.296180 4.276610 4.233840 4.195010 4.164090 4.139410 4.118040 4.117400 
4.117400 4.122610 4.143960 4.182380 4.231330 4.376390 4.439730 4.359710 4.464730 4.578230 4.579920 4.507610 4.429690 4.319650 4.259030 4.214910 4.182070 4.156640 4.136040 4.117880 4.117400 
4.117400 4.125020 4.157330 4.171890 4.164420 4.321720 4.492480 4.530030 4.633880 4.640280 4.620630 4.553870 4.471670 4.322990 4.252900 4.208440 4.176370 4.152650 4.134020 4.117810 4.117400 
4.117400 4.134060 4.190180 4.241760 4.266030 4.439600 4.628680 4.678290 4.696310 4.583970 4.601010 4.572620 4.530650 4.394270 4.282630 4.220730 4.180080 4.153110 4.133800 4.117870 4.117400 
4.117400 4.137410 4.199160 4.277340 4.357830 4.502360 4.642320 4.702840 4.688040 4.567500 4.641930 4.666290 4.610880 4.495730 4.343120 4.243270 4.187910 4.155520 4.134420 4.118010 4.117400 
4.117400 4.116650 4.144580 4.185550 4.311130 4.443080 4.563350 4.625320 4.621000 4.530430 4.586280 4.595860 4.536230 4.437540 4.325340 4.239140 4.186710 4.154920 4.134120 4.118080 4.117400 
4.117400 4.115350 4.123550 4.154130 4.233680 4.313580 4.409410 4.466210 4.484640 4.450810 4.473700 4.453940 4.399610 4.335870 4.269680 4.214480 4.175800 4.150060 4.132210 4.118030 4.117400 
4.117400 4.116250 4.115740 4.129000 4.163730 4.215590 4.281430 4.321010 4.338830 4.338670 4.346590 4.330770 4.295860 4.257590 4.219400 4.186230 4.160900 4.142620 4.129090 4.117920 4.117400 
4.117400 4.116640 4.113470 4.117820 4.133950 4.161520 4.195770 4.221430 4.237110 4.244310 4.247460 4.238860 4.220880 4.200000 4.179140 4.160620 4.145720 4.134310 4.125390 4.117770 4.117400 
4.117400 4.117030 4.114530 4.115440 4.121820 4.133760 4.148800 4.161590 4.170550 4.175620 4.177200 4.173460 4.165610 4.156220 4.146830 4.138430 4.131490 4.125970 4.121510 4.117600 4.117400 
4.117400 4.117400 4.117030 4.116920 4.117260 4.118170 4.119500 4.120400 4.120950 4.121220 4.121330 4.120890 4.120120 4.119390 4.118790 4.118340 4.118030 4.117800 4.117600 4.117400 4.117400 
4.117400 4.117400 4.117400 4.117400 4.117400 4.117400 4.117400 4.117400 4.117400 4.117400 4.117400 4.117400 4.117400 4.117400 4.117400 4.117400 4.117400 4.117400 4.117400 4.117400 4.117400 
4.162100 4.162100 4.162100 4.162100 4.162100 4.162100 4.162100 4.162100 4.162100 4.162100 4.162100 4.162100 4.162100 4.162100 4.162100 4.162100 4.162100 4.162100 4.162100 4.162100 4.162100 
4.162100 4.162100 4.162100 4.162100 4.162100 4.162100 4.162100 4.162100 4.162100 4.162060 4.162010 4.162110 4.162450 4.162380 4.162100 4.162100 4.162100 4.162100 4.162100 4.162100 4.162100 
4.162100 4.162100 4.162820 4.163570 4.164300 4.165070 4.166170 4.168080 4.172790 4.187530 4.192320 4.166810 4.141980 4.161340 4.164920 4.163860 4.163080 4.162590 4.162290 4.162100 4.162100 
4.162100 4.162100 4.163920 4.165790 4.167560 4.169230 4.171670 4.181340 4.200500 4.274540 4.301680 4.172810 4.106520 4.192000 4.170310 4.166270 4.164240 4.163120 4.162490 4.162100 4.162100 
4.162100 4.162100 4.165760 4.169730 4.173490 4.177040 4.186870 4.242250 4.191120 4.275790 4.302750 4.187690 4.243980 4.259520 4.175950 4.169030 4.165440 4.163640 4.162680 4.162100 4.162100 
4.162100 4.162100 4.168830 4.177300 4.188980 4.211340 4.245100 4.313920 4.024090 4.212320 4.276650 4.246430 4.372730 4.264930 4.175710 4.170840 4.166360 4.164060 4.162830 4.162100 4.162100 
4.162100 4.162100 4.175010 4.209150 4.266430 4.288520 4.276950 4.259100 3.859130 4.257230 4.193090 4.239250 4.360230 4.245950 4.171710 4.171680 4.167030 4.164360 4.162930 4.162100 4.162100 
4.162100 4.162710 4.189630 4.312870 4.379550 4.302810 4.237130 4.267080 3.943280 4.386800 4.224990 4.265370 4.357670 4.295580 4.207050 4.174580 4.167590 4.164530 4.162970 4.162100 4.162100 
4.162100 4.162090 4.141950 4.132990 4.199140 4.193300 4.193910 4.120640 4.257690 4.530150 4.362760 4.397390 4.288260 4.253850 4.226300 4.174910 4.167130 4.164320 4.162910 4.162100 4.162100 
4.162100 4.162120 4.144550 4.077380 4.214250 4.440830 4.411200 4.075150 4.248860 4.474240 4.331070 4.247800 4.086040 4.085460 4.177800 4.168260 4.165390 4.163730 4.162740 4.162100 4.162100 
4.162100 4.162360 4.180730 4.240960 4.184420 4.320420 4.375600 4.120220 4.271860 4.413760 4.394270 4.288780 4.298880 4.202250 4.178150 4.166030 4.164160 4.163210 4.162580 4.162100 4.162100 
4.162100 4.162370 4.181490 4.171920 4.008340 4.133830 4.345790 4.320180 4.536070 4.492220 4.428950 4.340600 4.295310 4.112180 4.160830 4.164750 4.163580 4.162980 4.162510 4.162100 4.162100 
4.162100 4.162490 4.199670 4.258610 4.161930 4.330930 4.540090 4.498580 4.551670 4.254520 4.342210 4.258080 4.314640 4.181980 4.145800 4.166020 4.164230 4.163190 4.162570 4.162100 4.162100 
4.162100 4.162820 4.216500 4.310140 4.317410 4.396140 4.474010 4.521940 4.515610 4.224530 4.437230 4.481770 4.417860 4.375990 4.221130 4.172170 4.165850 4.163700 4.162710 4.162100 4.162100 
4.162100 4.161690 4.155000 4.112180 4.271190 4.340740 4.403800 4.441150 4.458660 4.242390 4.382250 4.393140 4.324930 4.256360 4.203230 4.172030 4.166140 4.163870 4.162780 4.162100 4.162100 
4.162100 4.162030 4.157090 4.165560 4.222340 4.213640 4.274720 4.294170 4.323640 4.244990 4.299960 4.258160 4.203150 4.183900 4.174610 4.168500 4.165290 4.163660 4.162730 4.162100 4.162100 
4.162100 4.162100 4.160990 4.162450 4.159090 4.171860 4.211360 4.208230 4.200890 4.193130 4.203900 4.195770 4.178270 4.172340 4.168630 4.165930 4.164280 4.163290 4.162620 4.162100 4.162100 
4.162100 4.162100 4.161340 4.161280 4.162350 4.165230 4.170040 4.171520 4.171860 4.172140 4.172600 4.171270 4.168950 4.166990 4.165390 4.164210 4.163430 4.162890 4.162470 4.162100 4.162100 
4.162100 4.162100 4.161730 4.161620 4.161960 4.162870 4.164200 4.165100 4.165650 4.165920 4.166030 4.165590 4.164820 4.164090 4.163490 4.163040 4.162730 4.162500 4.162300 4.162100 4.162100 
4.162100 4.162100 4.162100 4.162100 4.162100 4.162100 4.162100 4.162100 4.162100 4.162100 4.162100 4.162100 4.162100 4.162100 4.162100 4.162100 4.162100 4.162100 4.162100 4.162100 4.162100 
4.162100 4.162100 4.162100 4.162100 4.162100 4.162100 4.162100 4.162100 4.162100 4.162100 4.162100 4.162100 4.162100 4.162100 4.162100 4.162100 4.162100 4.162100 4.162100 4.162100 4.162100 
4.162100 4.162100 4.162100 4.162100 4.162100 4.162100 4.162100 4.162100 4.162100 4.162100 4.162100 4.162100 4.162100 4.162100 4.162100 4.162100 4.162100 4.162100 4.162100 4.162100 4.162100 
4.162100 4.162100 4.162100 4.162100 4.162100 4.162100 4.162100 4.162100 4.162100 4.162100 4.162100 4.162100 4.162100 4.162100 4.162100 4.162100 4.162100 4.162100 4.162100 4.162100 4.162100 
4.162100 4.162100 4.162100 4.162100 4.162100 4.162100 4.162100 4.162100 4.162100 4.162100 4.162100 4.162100 4.162100 4.162100 4.162100 4.162100 4.162100 4.162100 4.162100 4.162100 4.162100 
4.162100 4.162100 4.162100 4.162100 4.162100 4.162100 4.162100 4.162100 4.162100 4.162100 4.162100 4.162100 4.162100 4.162100 4.162100 4.162100 4.162100 4.162100 4.162100 4.162100 4.162100 
4.162100 4.162100 4.162100 4.162100 4.162100 4.162100 4.162100 4.162100 4.162100 4.162100 4.162100 4.162100 4.162100 4.162100 4.162100 4.162100 4.162100 4.162100 4.162100 4.162100 4.162100 
4.162100 4.162100 4.162100 4.162100 4.162100 4.162100 4.162100 4.162100 4.162100 4.162100 4.162100 4.162100 4.162100 4.162100 4.162100 4.162100 4.162100 4.162100 4.162100 4.162100 4.162100 
4.162100 4.162100 4.162100 4.162100 4.162100 4.162100 4.162100 4.162100 4.162100 4.162100 4.162100 4.162100 4.162100 4.162100 4.162100 4.162100 4.162100 4.162100 4.162100 4.162100 4.162100 
4.162100 4.162100 4.162100 4.162100 4.162100 4.162100 4.162100 4.162100 4.162100 4.162100 4.162100 4.162100 4.162100 4.162100 4.162100 4.162100 4.162100 4.162100 4.162100 4.162100 4.162100 
4.162100 4.162100 4.162100 4.162100 4.162100 4.162100 4.162100 4.162100 4.162100 4.162100 4.162100 4.162100 4.162100 4.162100 4.162100 4.162100 4.162100 4.162100 4.162100 4.162100 4.162100 
4.162100 4.162100 4.162100 4.162100 4.162100 4.162100 4.162100 4.162100 4.162100 4.162100 4.162100 4.162100 4.162100 4.162100 4.162100 4.162100 4.162100 4.162100 4.162100 4.162100 4.162100 
4.162100 4.162100 4.162100 4.162100 4.162100 4.162100 4.162100 4.162100 4.162100 4.162100 4.162100 4.162100 4.162100 4.162100 4.162100 4.162100 4.162100 4.162100 4.162100 4.162100 4.162100 
4.162100 4.162100 4.162100 4.162100 4.162100 4.162100 4.162100 4.162100 4.162100 4.162100 4.162100 4.162100 4.162100 4.162100 4.162100 4.162100 4.162100 4.162100 4.162100 4.162100 4.162100 
4.162100 4.162100 4.162100 4.162100 4.162100 4.162100 4.162100 4.162100 4.162100 4.162100 4.162100 4.162100 4.162100 4.162100 4.162100 4.162100 4.162100 4.162100 4.162100 4.162100 4.162100 
4.162100 4.162100 4.162100 4.162100 4.162100 4.162100 4.162100 4.162100 4.162100 4.162100 4.162100 4.162100 4.162100 4.162100 4.162100 4.162100 4.162100 4.162100 4.162100 4.162100 4.162100 
4.162100 4.162100 4.162100 4.162100 4.162100 4.162100 4.162100 4.162100 4.162100 4.162100 4.162100 4.162100 4.162100 4.162100 4.162100 4.162100 4.162100 4.162100 4.162100 4.162100 4.162100 
4.162100 4.162100 4.162100 4.162100 4.162100 4.162100 4.162100 4.162100 4.162100 4.162100 4.162100 4.162100 4.162100 4.162100 4.162100 4.162100 4.162100 4.162100 4.162100 4.162100 4.162100 
4.162100 4.162100 4.162100 4.162100 4.162100 4.162100 4.162100 4.162100 4.162100 4.162100 4.162100 4.162100 4.162100 4.162100 4.162100 4.162100 4.162100 4.162100 4.162100 4.162100 4.162100 
4.162100 4.162100 4.162100 4.162100 4.162100 4.162100 4.162100 4.162100 4.162100 4.162100 4.162100 4.162100 4.162100 4.162100 4.162100 4.162100 4.162100 4.162100 4.162100 4.162100 4.162100 
4.162100 4.162100 4.162100 4.162100 4.162100 4.162100 4.162100 4.162100 4.162100 4.162100 4.162100 4.162100 4.162100 4.162100 4.162100 4.162100 4.162100 4.162100 4.162100 4.162100 4.162100 
4.162100 4.162100 4.162100 4.162100 4.162100 4.162100 4.162100 4.162100 4.162100 4.162100 4.162100 4.162100 4.162100 4.162100 4.162100 4.162100 4.162100 4.162100 4.162100 4.162100 4.162100 
4.162100 4.162100 4.162100 4.162100 4.162100 4.162100 4.162100 4.162100 4.162100 4.162100 4.162100 4.162100 4.162100 4.162100 4.162100 4.162100 4.162100 4.162100 4.162100 4.162100 4.162100 
