 -179.5000   23.5000    7.0400
 -178.5000   23.5000    6.9600
 -177.5000   23.5000    6.9200
 -176.5000   23.5000    7.0100
 -175.5000   23.5000    7.0600
 -174.5000   23.5000    6.9800
 -173.5000   23.5000    6.8200
 -172.5000   23.5000    6.7900
 -171.5000   23.5000    6.8700
 -170.5000   23.5000    7.0100
 -169.5000   23.5000    7.0200
 -168.5000   23.5000    6.8900
 -167.5000   23.5000    6.7900
 -166.5000   23.5000    6.8000
 -165.5000   23.5000    6.7900
 -164.5000   23.5000    7.2300
 -163.5000   23.5000    6.9800
 -162.5000   23.5000   12.6200
 -161.5000   23.5000   11.7700
 -160.5000   23.5000   10.7100
 -159.5000   23.5000   11.2100
 -158.5000   23.5000   11.4000
 -157.5000   23.5000    9.6200
 -156.5000   23.5000    9.7400
 -155.5000   23.5000   10.2600
 -154.5000   23.5000    9.6000
 -153.5000   23.5000   10.6200
 -152.5000   23.5000    8.8400
 -151.5000   23.5000    7.0200
 -150.5000   23.5000    6.9800
 -149.5000   23.5000    6.9700
 -148.5000   23.5000    7.0700
 -147.5000   23.5000    7.0500
 -146.5000   23.5000    7.0700
 -145.5000   23.5000    7.1200
 -144.5000   23.5000    7.0000
 -143.5000   23.5000    6.9900
 -142.5000   23.5000    7.0500
 -141.5000   23.5000    7.2800
 -140.5000   23.5000    7.1600
 -139.5000   23.5000    6.9700
 -138.5000   23.5000    7.0300
 -137.5000   23.5000    6.9700
 -136.5000   23.5000    6.9900
 -135.5000   23.5000    6.9900
 -134.5000   23.5000    6.9300
 -133.5000   23.5000    7.0100
 -132.5000   23.5000    7.0300
 -131.5000   23.5000    7.0500
 -130.5000   23.5000    7.0200
 -129.5000   23.5000    6.9900
 -128.5000   23.5000    6.9400
 -127.5000   23.5000    7.0000
 -126.5000   23.5000    6.9900
 -125.5000   23.5000    6.9700
 -124.5000   23.5000    7.0300
 -123.5000   23.5000    6.9700
 -122.5000   23.5000    6.9700
 -121.5000   23.5000    7.0500
 -120.5000   23.5000    6.8800
 -119.5000   23.5000    6.8800
 -118.5000   23.5000    6.8700
 -117.5000   23.5000    6.9700
 -116.5000   23.5000    6.9600
 -115.5000   23.5000    6.9000
 -114.5000   23.5000    6.9300
 -113.5000   23.5000    6.8900
 -112.5000   23.5000    6.8500
 -111.5000   23.5000   18.2800
 -110.5000   23.5000   23.1400
 -109.5000   23.5000   26.6300
 -108.5000   23.5000    8.1500
 -107.5000   23.5000   17.2700
 -106.5000   23.5000   19.0000
 -105.5000   23.5000   31.1900
 -104.5000   23.5000   43.3800
 -103.5000   23.5000   43.4000
 -102.5000   23.5000   41.0000
 -101.5000   23.5000   40.0000
 -100.5000   23.5000   41.0000
  -99.5000   23.5000   39.0000
  -98.5000   23.5000   36.0000
  -97.5000   23.5000   31.7500
  -96.5000   23.5000   20.0300
  -95.5000   23.5000   14.8900
  -94.5000   23.5000   14.2700
  -93.5000   23.5000   13.4600
  -92.5000   23.5000   13.4200
  -91.5000   23.5000   16.3500
  -90.5000   23.5000   20.2400
  -89.5000   23.5000   27.0400
  -88.5000   23.5000   27.4400
  -87.5000   23.5000   27.9100
  -86.5000   23.5000   26.3000
  -85.5000   23.5000   24.3500
  -84.5000   23.5000   22.1600
  -83.5000   23.5000   23.0500
  -82.5000   23.5000   24.3200
  -81.5000   23.5000   24.9800
  -80.5000   23.5000   23.7400
  -79.5000   23.5000   22.9900
  -78.5000   23.5000   24.0400
  -77.5000   23.5000   22.7200
  -76.5000   23.5000   19.1600
  -75.5000   23.5000   16.2900
  -74.5000   23.5000   11.9700
  -73.5000   23.5000    9.0300
  -72.5000   23.5000    8.0300
  -71.5000   23.5000    8.0100
  -70.5000   23.5000    7.9700
  -69.5000   23.5000    8.0000
  -68.5000   23.5000    7.9900
  -67.5000   23.5000    7.9100
  -66.5000   23.5000    7.8900
  -65.5000   23.5000    7.9000
  -64.5000   23.5000    7.9000
  -63.5000   23.5000    7.9300
  -62.5000   23.5000    7.0000
  -61.5000   23.5000    7.0000
  -60.5000   23.5000    7.0700
  -59.5000   23.5000    7.1200
  -58.5000   23.5000    7.1400
  -57.5000   23.5000    7.2200
  -56.5000   23.5000    7.1200
  -55.5000   23.5000    7.2900
  -54.5000   23.5000    7.3800
  -53.5000   23.5000    7.4200
  -52.5000   23.5000    7.0600
  -51.5000   23.5000    7.0200
  -50.5000   23.5000    6.7400
  -49.5000   23.5000    6.7100
  -48.5000   23.5000    6.9000
  -47.5000   23.5000    7.1100
  -46.5000   23.5000    6.9800
  -45.5000   23.5000    7.0000
  -44.5000   23.5000    6.9900
  -43.5000   23.5000    7.1000
  -42.5000   23.5000    7.0100
  -41.5000   23.5000    6.8800
  -40.5000   23.5000    6.9400
  -39.5000   23.5000    7.1600
  -38.5000   23.5000    7.3000
  -37.5000   23.5000    6.9200
  -36.5000   23.5000    7.0700
  -35.5000   23.5000    7.1600
  -34.5000   23.5000    7.2000
  -33.5000   23.5000    7.2700
  -32.5000   23.5000    7.2300
  -31.5000   23.5000    6.9200
  -30.5000   23.5000    7.0100
  -29.5000   23.5000    6.9900
  -28.5000   23.5000    6.8900
  -27.5000   23.5000    7.8500
  -26.5000   23.5000    8.0200
  -25.5000   23.5000    8.0400
  -24.5000   23.5000    8.0000
  -23.5000   23.5000    8.0000
  -22.5000   23.5000    8.0000
  -21.5000   23.5000    8.9800
  -20.5000   23.5000    9.9500
  -19.5000   23.5000    9.9900
  -18.5000   23.5000   12.0600
  -17.5000   23.5000   20.4500
  -16.5000   23.5000   28.9300
  -15.5000   23.5000   36.0000
  -14.5000   23.5000   36.0000
  -13.5000   23.5000   36.0000
  -12.5000   23.5000   38.0000
  -11.5000   23.5000   38.0000
  -10.5000   23.5000   38.0000
   -9.5000   23.5000   38.0000
   -8.5000   23.5000   41.0000
   -7.5000   23.5000   41.0000
   -6.5000   23.5000   42.0000
   -5.5000   23.5000   42.0000
   -4.5000   23.5000   39.0000
   -3.5000   23.5000   39.0000
   -2.5000   23.5000   38.0000
   -1.5000   23.5000   40.0000
   -0.5000   23.5000   40.0000
    0.5000   23.5000   40.0000
    1.5000   23.5000   40.0000
    2.5000   23.5000   40.0000
    3.5000   23.5000   40.0000
    4.5000   23.5000   40.0000
    5.5000   23.5000   38.5000
    6.5000   23.5000   40.0000
    7.5000   23.5000   40.0000
    8.5000   23.5000   40.0000
    9.5000   23.5000   40.0000
   10.5000   23.5000   42.0000
   11.5000   23.5000   42.0000
   12.5000   23.5000   42.0000
   13.5000   23.5000   42.0000
   14.5000   23.5000   43.0000
   15.5000   23.5000   43.0000
   16.5000   23.5000   43.0000
   17.5000   23.5000   43.0000
   18.5000   23.5000   42.0000
   19.5000   23.5000   42.0000
   20.5000   23.5000   41.0000
   21.5000   23.5000   39.0000
   22.5000   23.5000   39.0000
   23.5000   23.5000   36.0000
   24.5000   23.5000   35.0000
   25.5000   23.5000   35.0000
   26.5000   23.5000   34.0000
   27.5000   23.5000   33.0000
   28.5000   23.5000   33.0000
   29.5000   23.5000   34.2400
   30.5000   23.5000   34.6300
   31.5000   23.5000   34.5300
   32.5000   23.5000   33.6300
   33.5000   23.5000   31.4600
   34.5000   23.5000   27.3400
   35.5000   23.5000   20.6700
   36.5000   23.5000   14.0800
   37.5000   23.5000   17.6200
   38.5000   23.5000   28.1700
   39.5000   23.5000   32.3800
   40.5000   23.5000   34.6800
   41.5000   23.5000   35.7500
   42.5000   23.5000   36.0800
   43.5000   23.5000   36.1000
   44.5000   23.5000   38.9100
   45.5000   23.5000   40.5700
   46.5000   23.5000   40.1000
   47.5000   23.5000   40.0400
   48.5000   23.5000   39.9800
   49.5000   23.5000   39.7200
   50.5000   23.5000   39.3500
   51.5000   23.5000   39.0100
   52.5000   23.5000   39.0200
   53.5000   23.5000   39.6500
   54.5000   23.5000   39.9000
   55.5000   23.5000   39.1900
   56.5000   23.5000   39.7800
   57.5000   23.5000   40.5600
   58.5000   23.5000   36.4900
   59.5000   23.5000   10.0100
   60.5000   23.5000   10.0000
   61.5000   23.5000    9.9800
   62.5000   23.5000   10.0000
   63.5000   23.5000    9.0800
   64.5000   23.5000    9.0600
   65.5000   23.5000   20.2800
   66.5000   23.5000   27.2900
   67.5000   23.5000   28.6400
   68.5000   23.5000   31.9500
   69.5000   23.5000   38.2800
   70.5000   23.5000   37.4300
   71.5000   23.5000   38.1600
   72.5000   23.5000   38.1400
   73.5000   23.5000   33.2800
   74.5000   23.5000   34.3500
   75.5000   23.5000   39.2300
   76.5000   23.5000   43.9800
   77.5000   23.5000   48.0000
   78.5000   23.5000   40.0000
   79.5000   23.5000   52.6300
   80.5000   23.5000   55.0000
   81.5000   23.5000   42.1800
   82.5000   23.5000   42.2300
   83.5000   23.5000   39.9800
   84.5000   23.5000   43.9000
   85.5000   23.5000   53.8200
   86.5000   23.5000   46.0000
   87.5000   23.5000   38.0100
   88.5000   23.5000   38.8800
   89.5000   23.5000   39.1500
   90.5000   23.5000   39.0000
   91.5000   23.5000   39.0000
   92.5000   23.5000   39.0000
   93.5000   23.5000   37.0000
   94.5000   23.5000   36.0000
   95.5000   23.5000   36.0000
   96.5000   23.5000   33.6300
   97.5000   23.5000   32.2700
   98.5000   23.5000   33.0000
   99.5000   23.5000   34.2200
  100.5000   23.5000   34.7200
  101.5000   23.5000   35.9500
  102.5000   23.5000   37.3900
  103.5000   23.5000   38.2100
  104.5000   23.5000   36.0900
  105.5000   23.5000   32.9100
  106.5000   23.5000   32.3700
  107.5000   23.5000   31.2700
  108.5000   23.5000   31.5000
  109.5000   23.5000   30.9900
  110.5000   23.5000   31.0000
  111.5000   23.5000   31.0000
  112.5000   23.5000   31.5000
  113.5000   23.5000   30.3200
  114.5000   23.5000   30.2500
  115.5000   23.5000   30.4900
  116.5000   23.5000   30.0000
  117.5000   23.5000   30.0000
  118.5000   23.5000   30.9600
  119.5000   23.5000   33.5800
  120.5000   23.5000   39.9100
  121.5000   23.5000   39.4600
  122.5000   23.5000   12.8800
  123.5000   23.5000   10.7300
  124.5000   23.5000    7.7800
  125.5000   23.5000    7.7800
  126.5000   23.5000    7.0400
  127.5000   23.5000    7.0100
  128.5000   23.5000    7.0200
  129.5000   23.5000    7.0300
  130.5000   23.5000    6.9800
  131.5000   23.5000    6.8600
  132.5000   23.5000    6.7600
  133.5000   23.5000    7.0100
  134.5000   23.5000    8.2100
  135.5000   23.5000    6.9600
  136.5000   23.5000    6.9500
  137.5000   23.5000    7.0100
  138.5000   23.5000    7.0900
  139.5000   23.5000    6.9200
  140.5000   23.5000    6.7500
  141.5000   23.5000    7.7100
  142.5000   23.5000    6.9800
  143.5000   23.5000    6.8900
  144.5000   23.5000    7.0500
  145.5000   23.5000    6.9200
  146.5000   23.5000    6.9800
  147.5000   23.5000    6.9900
  148.5000   23.5000    7.2000
  149.5000   23.5000    6.8400
  150.5000   23.5000    6.7200
  151.5000   23.5000    7.1100
  152.5000   23.5000    6.7800
  153.5000   23.5000    6.8300
  154.5000   23.5000    7.0700
  155.5000   23.5000    7.2800
  156.5000   23.5000    7.0700
  157.5000   23.5000    7.5800
  158.5000   23.5000    7.2700
  159.5000   23.5000    7.1800
  160.5000   23.5000    7.1800
  161.5000   23.5000    7.0800
  162.5000   23.5000    7.7100
  163.5000   23.5000    7.1100
  164.5000   23.5000    7.0200
  165.5000   23.5000    7.1700
  166.5000   23.5000    6.9400
  167.5000   23.5000    6.8100
  168.5000   23.5000    7.0600
  169.5000   23.5000    6.7400
  170.5000   23.5000    6.9800
  171.5000   23.5000    6.9300
  172.5000   23.5000    6.9500
  173.5000   23.5000    6.9200
  174.5000   23.5000    7.0100
  175.5000   23.5000    7.0400
  176.5000   23.5000    7.0700
  177.5000   23.5000    6.9800
  178.5000   23.5000    7.0100
  179.5000   23.5000    6.4100