    97.250    22.250     3.100
    97.125    22.125     3.100
    97.125    22.375     3.100
    97.375    22.125     3.100
    97.375    22.375     3.100
    97.750    22.250     3.100
    97.625    22.125     3.100
    97.625    22.375     3.100
    97.875    22.125     3.100
    97.875    22.375     3.100
    98.250    22.250     3.100
    98.125    22.125     3.100
    98.125    22.375     3.100
    98.375    22.125     3.100
    98.375    22.375     3.100
    98.750    22.250     3.100
    98.625    22.125     3.100
    98.625    22.375     3.100
    98.875    22.125     3.100
    98.875    22.375     3.100
    99.250    22.250     3.100
    99.125    22.125     3.100
    99.125    22.375     3.100
    99.375    22.125     3.100
    99.375    22.375     3.100
    99.750    22.250     3.100
    99.625    22.125     3.100
    99.625    22.375     3.100
    99.875    22.125     3.100
    99.875    22.375     3.100
   100.250    22.250     3.100
   100.125    22.125     3.100
   100.125    22.375     3.100
   100.375    22.125     3.100
   100.375    22.375     3.100
   100.750    22.250     3.100
   100.625    22.125     3.100
   100.625    22.375     3.100
   100.875    22.125     3.100
   100.875    22.375     3.100
   101.250    22.250     3.100
   101.125    22.125     3.100
   101.125    22.375     3.100
   101.375    22.125     3.100
   101.375    22.375     3.100
   101.750    22.250     3.100
   101.625    22.125     3.100
   101.625    22.375     3.100
   101.875    22.125     3.100
   101.875    22.375     3.100
    97.250    22.750     3.100
    97.125    22.625     3.100
    97.125    22.875     3.100
    97.375    22.625     3.100
    97.375    22.875     3.100
    97.750    22.750     3.100
    97.625    22.625     3.100
    97.625    22.875     3.100
    97.875    22.625     3.100
    97.875    22.875     3.100
    98.250    22.750     3.100
    98.125    22.625     3.100
    98.125    22.875     3.100
    98.375    22.625     3.100
    98.375    22.875     3.100
    98.750    22.750     3.100
    98.625    22.625     3.100
    98.625    22.875     3.100
    98.875    22.625     3.100
    98.875    22.875     3.100
    99.250    22.750     3.100
    99.125    22.625     3.100
    99.125    22.875     3.100
    99.375    22.625     3.100
    99.375    22.875     3.100
    99.750    22.750     3.100
    99.625    22.625     3.100
    99.625    22.875     3.100
    99.875    22.625     3.100
    99.875    22.875     3.100
   100.250    22.750     3.100
   100.125    22.625     3.100
   100.125    22.875     3.100
   100.375    22.625     3.100
   100.375    22.875     3.100
   100.750    22.750     3.100
   100.625    22.625     3.100
   100.625    22.875     3.100
   100.875    22.625     3.100
   100.875    22.875     3.100
   101.250    22.750     3.100
   101.125    22.625     3.100
   101.125    22.875     3.100
   101.375    22.625     3.100
   101.375    22.875     3.100
   101.750    22.750     3.100
   101.625    22.625     3.100
   101.625    22.875     3.100
   101.875    22.625     3.100
   101.875    22.875     3.100
    97.250    23.250     3.100
    97.125    23.125     3.100
    97.125    23.375     3.100
    97.375    23.125     3.100
    97.375    23.375     3.100
    97.750    23.250     3.100
    97.625    23.125     3.100
    97.625    23.375     3.100
    97.875    23.125     3.100
    97.875    23.375     3.100
    98.250    23.250     3.100
    98.125    23.125     3.100
    98.125    23.375     3.100
    98.375    23.125     3.100
    98.375    23.375     3.100
    98.750    23.250     3.100
    98.625    23.125     3.100
    98.625    23.375     3.100
    98.875    23.125     3.100
    98.875    23.375     3.100
    99.250    23.250     3.100
    99.125    23.125     3.100
    99.125    23.375     3.100
    99.375    23.125     3.100
    99.375    23.375     3.100
    99.750    23.250     3.100
    99.625    23.125     3.100
    99.625    23.375     3.100
    99.875    23.125     3.100
    99.875    23.375     3.100
   100.250    23.250     3.100
   100.125    23.125     3.100
   100.125    23.375     3.100
   100.375    23.125     3.100
   100.375    23.375     3.100
   100.750    23.250     3.100
   100.625    23.125     3.100
   100.625    23.375     3.100
   100.875    23.125     3.100
   100.875    23.375     3.100
   101.250    23.250     3.100
   101.125    23.125     3.100
   101.125    23.375     3.100
   101.375    23.125     3.100
   101.375    23.375     3.100
   101.750    23.250     3.100
   101.625    23.125     3.100
   101.625    23.375     3.100
   101.875    23.125     3.100
   101.875    23.375     3.100
    97.250    23.750     3.100
    97.125    23.625     3.100
    97.125    23.875     3.100
    97.375    23.625     3.100
    97.375    23.875     3.100
    97.750    23.750     3.100
    97.625    23.625     3.100
    97.625    23.875     3.100
    97.875    23.625     3.100
    97.875    23.875     3.100
    98.250    23.750     3.100
    98.125    23.625     3.100
    98.125    23.875     3.100
    98.375    23.625     3.100
    98.375    23.875     3.100
    98.750    23.750     3.100
    98.625    23.625     3.100
    98.625    23.875     3.100
    98.875    23.625     3.100
    98.875    23.875     3.100
    99.250    23.750     3.100
    99.125    23.625     3.100
    99.125    23.875     3.100
    99.375    23.625     3.100
    99.375    23.875     3.100
    99.750    23.750     3.100
    99.625    23.625     3.100
    99.625    23.875     3.100
    99.875    23.625     3.100
    99.875    23.875     3.100
   100.250    23.750     3.100
   100.125    23.625     3.100
   100.125    23.875     3.100
   100.375    23.625     3.100
   100.375    23.875     3.100
   100.750    23.750     3.100
   100.625    23.625     3.100
   100.625    23.875     3.100
   100.875    23.625     3.100
   100.875    23.875     3.100
   101.250    23.750     3.100
   101.125    23.625     3.100
   101.125    23.875     3.100
   101.375    23.625     3.100
   101.375    23.875     3.100
   101.750    23.750     3.100
   101.625    23.625     3.100
   101.625    23.875     3.100
   101.875    23.625     3.100
   101.875    23.875     3.100
    97.250    24.250     3.100
    97.125    24.125     3.100
    97.125    24.375     3.100
    97.375    24.125     3.100
    97.375    24.375     3.100
    97.750    24.250     3.100
    97.625    24.125     3.100
    97.625    24.375     3.100
    97.875    24.125     3.100
    97.875    24.375     3.100
    98.250    24.250     3.100
    98.125    24.125     3.100
    98.125    24.375     3.100
    98.375    24.125     3.100
    98.375    24.375     3.100
    98.750    24.250     3.100
    98.625    24.125     3.100
    98.625    24.375     3.100
    98.875    24.125     3.100
    98.875    24.375     3.100
    99.250    24.250     3.100
    99.125    24.125     3.100
    99.125    24.375     3.100
    99.375    24.125     3.100
    99.375    24.375     3.100
    99.750    24.250     3.100
    99.625    24.125     3.100
    99.625    24.375     3.100
    99.875    24.125     3.100
    99.875    24.375     3.100
   100.250    24.250     3.100
   100.125    24.125     3.100
   100.125    24.375     3.100
   100.375    24.125     3.100
   100.375    24.375     3.100
   100.750    24.250     3.100
   100.625    24.125     3.100
   100.625    24.375     3.100
   100.875    24.125     3.100
   100.875    24.375     3.100
   101.250    24.250     3.100
   101.125    24.125     3.100
   101.125    24.375     3.100
   101.375    24.125     3.100
   101.375    24.375     3.100
   101.750    24.250     3.100
   101.625    24.125     3.100
   101.625    24.375     3.100
   101.875    24.125     3.100
   101.875    24.375     3.100
    97.250    24.750     3.100
    97.125    24.625     3.100
    97.125    24.875     3.100
    97.375    24.625     3.100
    97.375    24.875     3.100
    97.750    24.750     3.100
    97.625    24.625     3.100
    97.625    24.875     3.100
    97.875    24.625     3.100
    97.875    24.875     3.100
    98.250    24.750     3.100
    98.125    24.625     3.100
    98.125    24.875     3.100
    98.375    24.625     3.100
    98.375    24.875     3.100
    98.750    24.750     3.100
    98.625    24.625     3.100
    98.625    24.875     3.100
    98.875    24.625     3.100
    98.875    24.875     3.100
    99.250    24.750     3.100
    99.125    24.625     3.100
    99.125    24.875     3.100
    99.375    24.625     3.100
    99.375    24.875     3.100
    99.750    24.750     3.100
    99.625    24.625     3.100
    99.625    24.875     3.100
    99.875    24.625     3.100
    99.875    24.875     3.100
   100.250    24.750     3.100
   100.125    24.625     3.100
   100.125    24.875     3.100
   100.375    24.625     3.100
   100.375    24.875     3.100
   100.750    24.750     3.100
   100.625    24.625     3.100
   100.625    24.875     3.100
   100.875    24.625     3.100
   100.875    24.875     3.100
   101.250    24.750     3.100
   101.125    24.625     3.100
   101.125    24.875     3.100
   101.375    24.625     3.100
   101.375    24.875     3.100
   101.750    24.750     3.100
   101.625    24.625     3.100
   101.625    24.875     3.100
   101.875    24.625     3.100
   101.875    24.875     3.100
    97.250    25.250     3.100
    97.125    25.125     3.100
    97.125    25.375     3.100
    97.375    25.125     3.100
    97.375    25.375     3.100
    97.750    25.250     3.100
    97.625    25.125     3.100
    97.625    25.375     3.100
    97.875    25.125     3.100
    97.875    25.375     3.100
    98.250    25.250     3.100
    98.125    25.125     3.100
    98.125    25.375     3.100
    98.375    25.125     3.100
    98.375    25.375     3.100
    98.750    25.250     3.100
    98.625    25.125     3.100
    98.625    25.375     3.100
    98.875    25.125     3.100
    98.875    25.375     3.100
    99.250    25.250     3.100
    99.125    25.125     3.100
    99.125    25.375     3.100
    99.375    25.125     3.100
    99.375    25.375     3.100
    99.750    25.250     3.100
    99.625    25.125     3.100
    99.625    25.375     3.100
    99.875    25.125     3.100
    99.875    25.375     3.100
   100.250    25.250     3.100
   100.125    25.125     3.100
   100.125    25.375     3.100
   100.375    25.125     3.100
   100.375    25.375     3.100
   100.750    25.250     3.100
   100.625    25.125     3.100
   100.625    25.375     3.100
   100.875    25.125     3.100
   100.875    25.375     3.100
   101.250    25.250     3.100
   101.125    25.125     3.100
   101.125    25.375     3.100
   101.375    25.125     3.100
   101.375    25.375     3.100
   101.750    25.250     3.100
   101.625    25.125     3.100
   101.625    25.375     3.100
   101.875    25.125     3.100
   101.875    25.375     3.100
    97.250    25.750     3.100
    97.125    25.625     3.100
    97.125    25.875     3.100
    97.375    25.625     3.100
    97.375    25.875     3.100
    97.750    25.750     3.100
    97.625    25.625     3.100
    97.625    25.875     3.100
    97.875    25.625     3.100
    97.875    25.875     3.100
    98.250    25.750     3.100
    98.125    25.625     3.100
    98.125    25.875     3.100
    98.375    25.625     3.100
    98.375    25.875     3.100
    98.750    25.750     3.100
    98.625    25.625     3.100
    98.625    25.875     3.100
    98.875    25.625     3.100
    98.875    25.875     3.100
    99.250    25.750     3.100
    99.125    25.625     3.100
    99.125    25.875     3.100
    99.375    25.625     3.100
    99.375    25.875     3.100
    99.750    25.750     3.100
    99.625    25.625     3.100
    99.625    25.875     3.100
    99.875    25.625     3.100
    99.875    25.875     3.100
   100.250    25.750     3.100
   100.125    25.625     3.100
   100.125    25.875     3.100
   100.375    25.625     3.100
   100.375    25.875     3.100
   100.750    25.750     3.100
   100.625    25.625     3.100
   100.625    25.875     3.100
   100.875    25.625     3.100
   100.875    25.875     3.100
   101.250    25.750     3.100
   101.125    25.625     3.100
   101.125    25.875     3.100
   101.375    25.625     3.100
   101.375    25.875     3.100
   101.750    25.750     3.100
   101.625    25.625     3.100
   101.625    25.875     3.100
   101.875    25.625     3.100
   101.875    25.875     3.100
    97.250    26.250     3.100
    97.125    26.125     3.100
    97.125    26.375     3.100
    97.375    26.125     3.100
    97.375    26.375     3.100
    97.750    26.250     3.100
    97.625    26.125     3.100
    97.625    26.375     3.100
    97.875    26.125     3.100
    97.875    26.375     3.100
    98.250    26.250     3.100
    98.125    26.125     3.100
    98.125    26.375     3.100
    98.375    26.125     3.100
    98.375    26.375     3.100
    98.750    26.250     3.100
    98.625    26.125     3.100
    98.625    26.375     3.100
    98.875    26.125     3.100
    98.875    26.375     3.100
    99.250    26.250     3.100
    99.125    26.125     3.100
    99.125    26.375     3.100
    99.375    26.125     3.100
    99.375    26.375     3.100
    99.750    26.250     3.100
    99.625    26.125     3.100
    99.625    26.375     3.100
    99.875    26.125     3.100
    99.875    26.375     3.100
   100.250    26.250     3.100
   100.125    26.125     3.100
   100.125    26.375     3.100
   100.375    26.125     3.100
   100.375    26.375     3.100
   100.750    26.250     3.100
   100.625    26.125     3.100
   100.625    26.375     3.100
   100.875    26.125     3.100
   100.875    26.375     3.100
   101.250    26.250     3.100
   101.125    26.125     3.100
   101.125    26.375     3.100
   101.375    26.125     3.100
   101.375    26.375     3.100
   101.750    26.250     3.100
   101.625    26.125     3.100
   101.625    26.375     3.100
   101.875    26.125     3.100
   101.875    26.375     3.100
    97.250    26.750     3.100
    97.125    26.625     3.100
    97.125    26.875     3.100
    97.375    26.625     3.100
    97.375    26.875     3.100
    97.750    26.750     3.100
    97.625    26.625     3.100
    97.625    26.875     3.100
    97.875    26.625     3.100
    97.875    26.875     3.100
    98.250    26.750     3.100
    98.125    26.625     3.100
    98.125    26.875     3.100
    98.375    26.625     3.100
    98.375    26.875     3.100
    98.750    26.750     3.100
    98.625    26.625     3.100
    98.625    26.875     3.100
    98.875    26.625     3.100
    98.875    26.875     3.100
    99.250    26.750     3.100
    99.125    26.625     3.100
    99.125    26.875     3.100
    99.375    26.625     3.100
    99.375    26.875     3.100
    99.750    26.750     3.100
    99.625    26.625     3.100
    99.625    26.875     3.100
    99.875    26.625     3.100
    99.875    26.875     3.100
   100.250    26.750     3.100
   100.125    26.625     3.100
   100.125    26.875     3.100
   100.375    26.625     3.100
   100.375    26.875     3.100
   100.750    26.750     3.100
   100.625    26.625     3.100
   100.625    26.875     3.100
   100.875    26.625     3.100
   100.875    26.875     3.100
   101.250    26.750     3.100
   101.125    26.625     3.100
   101.125    26.875     3.100
   101.375    26.625     3.100
   101.375    26.875     3.100
   101.750    26.750     3.100
   101.625    26.625     3.100
   101.625    26.875     3.100
   101.875    26.625     3.100
   101.875    26.875     3.100
