  97.0   27.0   30   3.1000 
  97.2   27.0   30   3.1000 
  97.5   27.0   30   3.1000 
  97.8   27.0   30   3.1000 
  98.0   27.0   30   3.1000 
  98.2   27.0   30   3.1000 
  98.5   27.0   30   3.1000 
  98.8   27.0   30   3.1000 
  99.0   27.0   30   3.1000 
  99.2   27.0   30   3.1000 
  99.5   27.0   30   3.1000 
  99.8   27.0   30   3.1000 
 100.0   27.0   30   3.1000 
 100.2   27.0   30   3.1000 
 100.5   27.0   30   3.1000 
 100.8   27.0   30   3.1000 
 101.0   27.0   30   3.1000 
 101.2   27.0   30   3.1000 
 101.5   27.0   30   3.1000 
 101.8   27.0   30   3.1000 
 102.0   27.0   30   3.1000 
  97.0   26.8   30   3.1000 
  97.2   26.8   30   3.1000 
  97.5   26.8   30   3.1000 
  97.8   26.8   30   3.1000 
  98.0   26.8   30   3.1000 
  98.2   26.8   30   3.1000 
  98.5   26.8   30   3.1000 
  98.8   26.8   30   3.1000 
  99.0   26.8   30   3.1000 
  99.2   26.8   30   3.1000 
  99.5   26.8   30   3.1000 
  99.8   26.8   30   3.1000 
 100.0   26.8   30   3.1000 
 100.2   26.8   30   3.1000 
 100.5   26.8   30   3.1000 
 100.8   26.8   30   3.1000 
 101.0   26.8   30   3.1000 
 101.2   26.8   30   3.1000 
 101.5   26.8   30   3.1000 
 101.8   26.8   30   3.1000 
 102.0   26.8   30   3.1000 
  97.0   26.5   30   3.1000 
  97.2   26.5   30   3.1000 
  97.5   26.5   30   3.1000 
  97.8   26.5   30   3.1000 
  98.0   26.5   30   3.1000 
  98.2   26.5   30   3.1000 
  98.5   26.5   30   3.1000 
  98.8   26.5   30   3.1000 
  99.0   26.5   30   3.1000 
  99.2   26.5   30   3.1000 
  99.5   26.5   30   3.1000 
  99.8   26.5   30   3.1000 
 100.0   26.5   30   3.1000 
 100.2   26.5   30   3.1000 
 100.5   26.5   30   3.1000 
 100.8   26.5   30   3.1000 
 101.0   26.5   30   3.1000 
 101.2   26.5   30   3.1000 
 101.5   26.5   30   3.1000 
 101.8   26.5   30   3.1000 
 102.0   26.5   30   3.1000 
  97.0   26.2   30   3.1000 
  97.2   26.2   30   3.1000 
  97.5   26.2   30   3.1000 
  97.8   26.2   30   3.1000 
  98.0   26.2   30   3.1000 
  98.2   26.2   30   3.1000 
  98.5   26.2   30   3.1000 
  98.8   26.2   30   3.1000 
  99.0   26.2   30   3.1000 
  99.2   26.2   30   3.1000 
  99.5   26.2   30   3.1000 
  99.8   26.2   30   3.1000 
 100.0   26.2   30   3.1000 
 100.2   26.2   30   3.1000 
 100.5   26.2   30   3.1000 
 100.8   26.2   30   3.1000 
 101.0   26.2   30   3.1000 
 101.2   26.2   30   3.1000 
 101.5   26.2   30   3.1000 
 101.8   26.2   30   3.1000 
 102.0   26.2   30   3.1000 
  97.0   26.0   30   3.1000 
  97.2   26.0   30   3.1000 
  97.5   26.0   30   3.1000 
  97.8   26.0   30   3.1000 
  98.0   26.0   30   3.1000 
  98.2   26.0   30   3.1000 
  98.5   26.0   30   3.1000 
  98.8   26.0   30   3.1000 
  99.0   26.0   30   3.1000 
  99.2   26.0   30   3.1000 
  99.5   26.0   30   3.1000 
  99.8   26.0   30   3.1000 
 100.0   26.0   30   3.1000 
 100.2   26.0   30   3.1000 
 100.5   26.0   30   3.1000 
 100.8   26.0   30   3.1000 
 101.0   26.0   30   3.1000 
 101.2   26.0   30   3.1000 
 101.5   26.0   30   3.1000 
 101.8   26.0   30   3.1000 
 102.0   26.0   30   3.1000 
  97.0   25.8   30   3.1000 
  97.2   25.8   30   3.1000 
  97.5   25.8   30   3.1000 
  97.8   25.8   30   3.1000 
  98.0   25.8   30   3.1000 
  98.2   25.8   30   3.1000 
  98.5   25.8   30   3.1000 
  98.8   25.8   30   3.1000 
  99.0   25.8   30   3.1000 
  99.2   25.8   30   3.1000 
  99.5   25.8   30   3.1000 
  99.8   25.8   30   3.1000 
 100.0   25.8   30   3.1000 
 100.2   25.8   30   3.1000 
 100.5   25.8   30   3.1000 
 100.8   25.8   30   3.1000 
 101.0   25.8   30   3.1000 
 101.2   25.8   30   3.1000 
 101.5   25.8   30   3.1000 
 101.8   25.8   30   3.1000 
 102.0   25.8   30   3.1000 
  97.0   25.5   30   3.1000 
  97.2   25.5   30   3.1000 
  97.5   25.5   30   3.1000 
  97.8   25.5   30   3.1000 
  98.0   25.5   30   3.1000 
  98.2   25.5   30   3.1000 
  98.5   25.5   30   3.1000 
  98.8   25.5   30   3.1000 
  99.0   25.5   30   3.1000 
  99.2   25.5   30   3.1000 
  99.5   25.5   30   3.1000 
  99.8   25.5   30   3.1000 
 100.0   25.5   30   3.1000 
 100.2   25.5   30   3.1000 
 100.5   25.5   30   3.1000 
 100.8   25.5   30   3.1000 
 101.0   25.5   30   3.1000 
 101.2   25.5   30   3.1000 
 101.5   25.5   30   3.1000 
 101.8   25.5   30   3.1000 
 102.0   25.5   30   3.1000 
  97.0   25.2   30   3.1000 
  97.2   25.2   30   3.1000 
  97.5   25.2   30   3.1000 
  97.8   25.2   30   3.1000 
  98.0   25.2   30   3.1000 
  98.2   25.2   30   3.1000 
  98.5   25.2   30   3.1000 
  98.8   25.2   30   3.1000 
  99.0   25.2   30   3.1000 
  99.2   25.2   30   3.1000 
  99.5   25.2   30   3.1000 
  99.8   25.2   30   3.1000 
 100.0   25.2   30   3.1000 
 100.2   25.2   30   3.1000 
 100.5   25.2   30   3.1000 
 100.8   25.2   30   3.1000 
 101.0   25.2   30   3.1000 
 101.2   25.2   30   3.1000 
 101.5   25.2   30   3.1000 
 101.8   25.2   30   3.1000 
 102.0   25.2   30   3.1000 
  97.0   25.0   30   3.1000 
  97.2   25.0   30   3.1000 
  97.5   25.0   30   3.1000 
  97.8   25.0   30   3.1000 
  98.0   25.0   30   3.1000 
  98.2   25.0   30   3.1000 
  98.5   25.0   30   3.1000 
  98.8   25.0   30   3.1000 
  99.0   25.0   30   3.1000 
  99.2   25.0   30   3.1000 
  99.5   25.0   30   3.1000 
  99.8   25.0   30   3.1000 
 100.0   25.0   30   3.1000 
 100.2   25.0   30   3.1000 
 100.5   25.0   30   3.1000 
 100.8   25.0   30   3.1000 
 101.0   25.0   30   3.1000 
 101.2   25.0   30   3.1000 
 101.5   25.0   30   3.1000 
 101.8   25.0   30   3.1000 
 102.0   25.0   30   3.1000 
  97.0   24.8   30   3.1000 
  97.2   24.8   30   3.1000 
  97.5   24.8   30   3.1000 
  97.8   24.8   30   3.1000 
  98.0   24.8   30   3.1000 
  98.2   24.8   30   3.1000 
  98.5   24.8   30   3.1000 
  98.8   24.8   30   3.1000 
  99.0   24.8   30   3.1000 
  99.2   24.8   30   3.1000 
  99.5   24.8   30   3.1000 
  99.8   24.8   30   3.1000 
 100.0   24.8   30   3.1000 
 100.2   24.8   30   3.1000 
 100.5   24.8   30   3.1000 
 100.8   24.8   30   3.1000 
 101.0   24.8   30   3.1000 
 101.2   24.8   30   3.1000 
 101.5   24.8   30   3.1000 
 101.8   24.8   30   3.1000 
 102.0   24.8   30   3.1000 
  97.0   24.5   30   3.1000 
  97.2   24.5   30   3.1000 
  97.5   24.5   30   3.1000 
  97.8   24.5   30   3.1000 
  98.0   24.5   30   3.1000 
  98.2   24.5   30   3.1000 
  98.5   24.5   30   3.1000 
  98.8   24.5   30   3.1000 
  99.0   24.5   30   3.1000 
  99.2   24.5   30   3.1000 
  99.5   24.5   30   3.1000 
  99.8   24.5   30   3.1000 
 100.0   24.5   30   3.1000 
 100.2   24.5   30   3.1000 
 100.5   24.5   30   3.1000 
 100.8   24.5   30   3.1000 
 101.0   24.5   30   3.1000 
 101.2   24.5   30   3.1000 
 101.5   24.5   30   3.1000 
 101.8   24.5   30   3.1000 
 102.0   24.5   30   3.1000 
  97.0   24.2   30   3.1000 
  97.2   24.2   30   3.1000 
  97.5   24.2   30   3.1000 
  97.8   24.2   30   3.1000 
  98.0   24.2   30   3.1000 
  98.2   24.2   30   3.1000 
  98.5   24.2   30   3.1000 
  98.8   24.2   30   3.1000 
  99.0   24.2   30   3.1000 
  99.2   24.2   30   3.1000 
  99.5   24.2   30   3.1000 
  99.8   24.2   30   3.1000 
 100.0   24.2   30   3.1000 
 100.2   24.2   30   3.1000 
 100.5   24.2   30   3.1000 
 100.8   24.2   30   3.1000 
 101.0   24.2   30   3.1000 
 101.2   24.2   30   3.1000 
 101.5   24.2   30   3.1000 
 101.8   24.2   30   3.1000 
 102.0   24.2   30   3.1000 
  97.0   24.0   30   3.1000 
  97.2   24.0   30   3.1000 
  97.5   24.0   30   3.1000 
  97.8   24.0   30   3.1000 
  98.0   24.0   30   3.1000 
  98.2   24.0   30   3.1000 
  98.5   24.0   30   3.1000 
  98.8   24.0   30   3.1000 
  99.0   24.0   30   3.1000 
  99.2   24.0   30   3.1000 
  99.5   24.0   30   3.1000 
  99.8   24.0   30   3.1000 
 100.0   24.0   30   3.1000 
 100.2   24.0   30   3.1000 
 100.5   24.0   30   3.1000 
 100.8   24.0   30   3.1000 
 101.0   24.0   30   3.1000 
 101.2   24.0   30   3.1000 
 101.5   24.0   30   3.1000 
 101.8   24.0   30   3.1000 
 102.0   24.0   30   3.1000 
  97.0   23.8   30   3.1000 
  97.2   23.8   30   3.1000 
  97.5   23.8   30   3.1000 
  97.8   23.8   30   3.1000 
  98.0   23.8   30   3.1000 
  98.2   23.8   30   3.1000 
  98.5   23.8   30   3.1000 
  98.8   23.8   30   3.1000 
  99.0   23.8   30   3.1000 
  99.2   23.8   30   3.1000 
  99.5   23.8   30   3.1000 
  99.8   23.8   30   3.1000 
 100.0   23.8   30   3.1000 
 100.2   23.8   30   3.1000 
 100.5   23.8   30   3.1000 
 100.8   23.8   30   3.1000 
 101.0   23.8   30   3.1000 
 101.2   23.8   30   3.1000 
 101.5   23.8   30   3.1000 
 101.8   23.8   30   3.1000 
 102.0   23.8   30   3.1000 
  97.0   23.5   30   3.1000 
  97.2   23.5   30   3.1000 
  97.5   23.5   30   3.1000 
  97.8   23.5   30   3.1000 
  98.0   23.5   30   3.1000 
  98.2   23.5   30   3.1000 
  98.5   23.5   30   3.1000 
  98.8   23.5   30   3.1000 
  99.0   23.5   30   3.1000 
  99.2   23.5   30   3.1000 
  99.5   23.5   30   3.1000 
  99.8   23.5   30   3.1000 
 100.0   23.5   30   3.1000 
 100.2   23.5   30   3.1000 
 100.5   23.5   30   3.1000 
 100.8   23.5   30   3.1000 
 101.0   23.5   30   3.1000 
 101.2   23.5   30   3.1000 
 101.5   23.5   30   3.1000 
 101.8   23.5   30   3.1000 
 102.0   23.5   30   3.1000 
  97.0   23.2   30   3.1000 
  97.2   23.2   30   3.1000 
  97.5   23.2   30   3.1000 
  97.8   23.2   30   3.1000 
  98.0   23.2   30   3.1000 
  98.2   23.2   30   3.1000 
  98.5   23.2   30   3.1000 
  98.8   23.2   30   3.1000 
  99.0   23.2   30   3.1000 
  99.2   23.2   30   3.1000 
  99.5   23.2   30   3.1000 
  99.8   23.2   30   3.1000 
 100.0   23.2   30   3.1000 
 100.2   23.2   30   3.1000 
 100.5   23.2   30   3.1000 
 100.8   23.2   30   3.1000 
 101.0   23.2   30   3.1000 
 101.2   23.2   30   3.1000 
 101.5   23.2   30   3.1000 
 101.8   23.2   30   3.1000 
 102.0   23.2   30   3.1000 
  97.0   23.0   30   3.1000 
  97.2   23.0   30   3.1000 
  97.5   23.0   30   3.1000 
  97.8   23.0   30   3.1000 
  98.0   23.0   30   3.1000 
  98.2   23.0   30   3.1000 
  98.5   23.0   30   3.1000 
  98.8   23.0   30   3.1000 
  99.0   23.0   30   3.1000 
  99.2   23.0   30   3.1000 
  99.5   23.0   30   3.1000 
  99.8   23.0   30   3.1000 
 100.0   23.0   30   3.1000 
 100.2   23.0   30   3.1000 
 100.5   23.0   30   3.1000 
 100.8   23.0   30   3.1000 
 101.0   23.0   30   3.1000 
 101.2   23.0   30   3.1000 
 101.5   23.0   30   3.1000 
 101.8   23.0   30   3.1000 
 102.0   23.0   30   3.1000 
  97.0   22.8   30   3.1000 
  97.2   22.8   30   3.1000 
  97.5   22.8   30   3.1000 
  97.8   22.8   30   3.1000 
  98.0   22.8   30   3.1000 
  98.2   22.8   30   3.1000 
  98.5   22.8   30   3.1000 
  98.8   22.8   30   3.1000 
  99.0   22.8   30   3.1000 
  99.2   22.8   30   3.1000 
  99.5   22.8   30   3.1000 
  99.8   22.8   30   3.1000 
 100.0   22.8   30   3.1000 
 100.2   22.8   30   3.1000 
 100.5   22.8   30   3.1000 
 100.8   22.8   30   3.1000 
 101.0   22.8   30   3.1000 
 101.2   22.8   30   3.1000 
 101.5   22.8   30   3.1000 
 101.8   22.8   30   3.1000 
 102.0   22.8   30   3.1000 
  97.0   22.5   30   3.1000 
  97.2   22.5   30   3.1000 
  97.5   22.5   30   3.1000 
  97.8   22.5   30   3.1000 
  98.0   22.5   30   3.1000 
  98.2   22.5   30   3.1000 
  98.5   22.5   30   3.1000 
  98.8   22.5   30   3.1000 
  99.0   22.5   30   3.1000 
  99.2   22.5   30   3.1000 
  99.5   22.5   30   3.1000 
  99.8   22.5   30   3.1000 
 100.0   22.5   30   3.1000 
 100.2   22.5   30   3.1000 
 100.5   22.5   30   3.1000 
 100.8   22.5   30   3.1000 
 101.0   22.5   30   3.1000 
 101.2   22.5   30   3.1000 
 101.5   22.5   30   3.1000 
 101.8   22.5   30   3.1000 
 102.0   22.5   30   3.1000 
  97.0   22.2   30   3.1000 
  97.2   22.2   30   3.1000 
  97.5   22.2   30   3.1000 
  97.8   22.2   30   3.1000 
  98.0   22.2   30   3.1000 
  98.2   22.2   30   3.1000 
  98.5   22.2   30   3.1000 
  98.8   22.2   30   3.1000 
  99.0   22.2   30   3.1000 
  99.2   22.2   30   3.1000 
  99.5   22.2   30   3.1000 
  99.8   22.2   30   3.1000 
 100.0   22.2   30   3.1000 
 100.2   22.2   30   3.1000 
 100.5   22.2   30   3.1000 
 100.8   22.2   30   3.1000 
 101.0   22.2   30   3.1000 
 101.2   22.2   30   3.1000 
 101.5   22.2   30   3.1000 
 101.8   22.2   30   3.1000 
 102.0   22.2   30   3.1000 
  97.0   22.0   30   3.1000 
  97.2   22.0   30   3.1000 
  97.5   22.0   30   3.1000 
  97.8   22.0   30   3.1000 
  98.0   22.0   30   3.1000 
  98.2   22.0   30   3.1000 
  98.5   22.0   30   3.1000 
  98.8   22.0   30   3.1000 
  99.0   22.0   30   3.1000 
  99.2   22.0   30   3.1000 
  99.5   22.0   30   3.1000 
  99.8   22.0   30   3.1000 
 100.0   22.0   30   3.1000 
 100.2   22.0   30   3.1000 
 100.5   22.0   30   3.1000 
 100.8   22.0   30   3.1000 
 101.0   22.0   30   3.1000 
 101.2   22.0   30   3.1000 
 101.5   22.0   30   3.1000 
 101.8   22.0   30   3.1000 
 102.0   22.0   30   3.1000 
