2.4293
2.4293
2.4293
2.4293
2.4293
2.4293
2.4293
2.4293
2.4293
2.4293
2.4293
2.4293
2.4293
2.4293
2.4293
2.4293
2.4293
2.4293
2.4293
2.4293
2.4293
2.4293
2.4293
2.42927
2.42926
2.42344
2.42929
2.43232
2.42933
2.42932
2.42941
2.42644
2.42926
2.42916
2.42927
2.42931
2.4293
2.42931
2.4293
2.4293
2.4293
2.4293
2.4293
2.4293
2.22381
1.75729
2.01516
3.28957
2.50828
2.62513
1.5
2.92542
1.95766
1.93019
2.78008
1.50195
3.2268
2.4714
2.44354
2.43393
2.43035
2.4293
2.4293
2.4293
2.43227
2.03909
2.83146
4.56874
2.087
1.5
2.57659
3.5523
3.10341
2.30593
2.38971
1.5
2.74119
2.58767
2.45788
2.44426
2.43527
2.43227
2.4293
2.4293
2.4293
2.42935
2.8742
1.5
2.34301
3.27347
1.5
1.5
4.25537
2.03479
1.5
2.68732
1.5
1.93214
2.63621
2.46078
2.44594
2.43532
2.43229
2.4293
2.4293
2.4293
2.42931
2.89131
1.61253
1.5
3.10904
1.5
3.35353
2.90842
1.86931
2.80796
1.99405
2.33833
2.42452
2.87896
2.47372
2.45016
2.43684
2.43231
2.4293
2.4293
2.4293
2.42632
1.5
3.8818
2.67299
1.66064
2.41672
1.84849
1.91597
2.36255
4.10745
3.38985
3.15689
2.77943
3.4618
2.50169
2.4506
2.43541
2.43239
2.4293
2.4293
2.4293
2.42618
2.30019
2.01553
4.65995
3.76359
3.52872
3.67414
1.5
2.07454
2.06812
2.77867
2.75588
2.8884
2.05203
2.42143
2.42986
2.42993
2.42943
2.4293
2.4293
2.4293
2.42916
2.49751
2.70446
2.34989
3.1028
2.16041
1.5
3.79951
2.80249
2.82052
3.71123
1.5
2.66826
2.03353
2.39512
2.41961
2.42641
2.42937
2.4293
2.4293
2.4293
2.42955
2.52395
2.83275
3.12216
2.36605
3.52633
1.57864
1.67531
1.87516
1.5
2.02865
2.36368
1.5
2.74103
2.39385
2.41718
2.42628
2.42925
2.4293
2.4293
2.4293
2.4293
2.5844
1.5
2.74588
1.5
2.80013
3.15607
1.5
3.89161
1.5
1.91846
2.85362
2.77616
1.88655
2.41083
2.42329
2.42632
2.42633
2.4293
2.4293
2.4293
2.4293
2.63603
2.81848
1.5
2.83421
1.5
2.3805
2.36873
2.86703
2.51149
1.93929
2.41701
2.0061
3.68752
2.47846
2.43707
2.4294
2.42633
2.4293
2.4293
2.4293
2.42929
1.5
2.05012
3.00714
3.4372
2.28659
3.03402
1.89298
1.5
2.00988
2.08621
3.89394
1.61005
2.29533
2.42575
2.42827
2.42676
2.42633
2.4293
2.4293
2.4293
2.42941
1.56534
3.4497
2.71446
2.50068
2.79122
1.64211
2.63223
2.97617
2.97725
3.26292
1.5
5.09094
1.79001
2.41424
2.42306
2.42483
2.42624
2.4293
2.4293
2.4293
2.43232
4.13927
3.09364
2.45426
1.83364
2.93988
3.81068
3.1491
2.17018
2.78122
3.94233
2.79163
2.92994
3.02391
2.4362
2.42338
2.42464
2.42656
2.4293
2.4293
2.4293
2.4323
1.5
2.31549
2.60758
4.38508
2.52495
2.14169
2.99953
2.20758
2.31353
1.5
2.11722
3.22579
1.5
2.33989
2.4066
2.42305
2.42697
2.4293
2.4293
2.4293
2.43227
2.1754
1.5
3.20599
1.5
3.68651
1.84076
2.60323
1.5
2.22732
3.15873
1.84746
2.4191
2.66179
2.42099
2.42142
2.42603
2.42918
2.4293
2.4293
2.4293
2.42931
2.38042
2.37328
2.44392
2.39747
2.45729
2.39256
2.42007
2.3889
2.43997
2.46016
2.41782
2.41465
2.42865
2.42584
2.42604
2.42908
2.42919
2.4293
2.4293
2.4293
2.42931
2.41452
2.41422
2.42682
2.42181
2.43055
2.41976
2.42333
2.42366
2.4345
2.43905
2.42907
2.42739
2.42896
2.42906
2.42916
2.42918
2.42929
2.4293
2.4293
2.4293
2.4293
2.4293
2.4293
2.4293
2.4293
2.4293
2.42929
2.4293
2.42929
2.4293
2.4293
2.4293
2.4293
2.4293
2.4293
2.4293
2.4293
2.4293
2.4293
2.4293
2.4293
2.4293
2.4293
2.4293
2.4293
2.4293
2.4293
2.4293
2.4293
2.4293
2.4293
2.4293
2.4293
2.4293
2.4293
2.4293
2.4293
2.4293
2.4293
2.4293
2.4293
2.4373
2.4373
2.4373
2.4373
2.4373
2.4373
2.4373
2.4373
2.4373
2.4373
2.4373
2.4373
2.4373
2.4373
2.4373
2.4373
2.4373
2.4373
2.4373
2.4373
2.4373
2.4373
2.43727
2.36217
2.33397
2.26239
2.47239
2.43075
2.46162
2.45391
2.46938
2.28481
2.30248
2.41854
2.26569
2.59063
2.47938
2.45226
2.44032
2.43885
2.4373
2.4373
2.4373
2.3682
2.24669
2.15812
2.26305
2.51945
2.33678
2.50582
2.48251
2.58714
2.1205
2.00682
2.13302
2.03117
2.68627
2.57934
2.51753
2.4808
2.45784
2.43734
2.4373
2.4373
2.46106
2.37164
2.52026
2.98848
2.25453
1.89265
2.56606
3.13737
2.84065
2.23064
2.00109
1.53563
2.12438
2.52077
2.57361
2.54598
2.50509
2.47025
2.44026
2.4373
2.4373
2.54743
2.4858
1.78173
2.16418
2.23466
1.52743
2.08253
3.17695
2.43077
1.84356
2.29412
1.77324
2.28537
2.63106
2.63106
2.57757
2.52187
2.47771
2.44028
2.4373
2.4373
2.50443
2.50528
2.16619
2.00847
2.35073
1.93512
2.5966
2.75884
2.56366
2.60899
2.57669
2.55706
2.69056
2.88945
2.7232
2.60639
2.5301
2.47986
2.4403
2.4373
2.4373
2.31273
2.25645
3.06289
2.78879
2.43819
2.49683
2.39992
2.29724
2.62459
3.46232
3.22294
3.14219
3.06682
3.15773
2.76709
2.59569
2.51596
2.47106
2.44039
2.4373
2.4373
2.23562
2.27505
2.7641
3.50494
3.34381
3.05556
2.66277
1.94561
2.08759
2.58859
3.00489
2.88458
2.87408
2.50748
2.5069
2.48811
2.46844
2.45251
2.43743
2.4373
2.4373
2.43231
2.5422
2.96994
2.99134
2.94744
2.49796
2.05212
2.51407
2.22194
2.30656
2.72744
2.06451
2.51932
2.23754
2.33905
2.39872
2.4244
2.43339
2.43738
2.4373
2.4373
2.41668
2.52662
2.80634
2.91934
2.58515
2.77999
1.97396
1.73579
1.59523
1.5
1.77108
1.94922
1.80304
2.17322
2.28809
2.36312
2.40175
2.42164
2.43725
2.4373
2.4373
2.45779
2.48406
2.28648
2.63346
2.23476
2.59292
2.45624
1.74019
2.25005
1.5
1.77832
2.18918
2.25595
2.25161
2.35727
2.38774
2.40419
2.41854
2.43674
2.4373
2.4373
2.48218
2.43864
2.51591
2.28522
2.58737
2.09568
2.46437
2.31976
2.46638
2.11262
2.09326
2.39367
2.30904
2.82673
2.54612
2.44456
2.41837
2.42091
2.43585
2.4373
2.4373
2.07294
1.83832
2.50843
2.86641
3.11491
2.66027
2.78789
2.43641
2.26966
2.27832
2.53243
3.08506
2.50611
2.52572
2.46989
2.42863
2.41431
2.41918
2.43434
2.4373
2.4373
2.26268
2.2848
3.05485
3.14178
3.05925
3.04849
2.73877
2.89745
2.91254
2.9733
3.07891
2.68763
3.32774
2.50528
2.43224
2.40752
2.40625
2.41721
2.43425
2.4373
2.4373
2.87991
3.23149
3.1732
3.17893
3.08156
3.42627
3.48618
3.32946
2.86391
3.02752
3.36503
2.99564
2.91679
2.62262
2.41582
2.38704
2.39785
2.4157
2.43477
2.4373
2.4373
2.2259
2.10416
2.43995
3.07068
3.52691
3.16392
2.87866
2.99372
2.59907
2.46686
2.27523
2.29567
2.69062
1.78573
2.18094
2.32783
2.38544
2.41483
2.43497
2.4373
2.4373
2.31684
2.10014
2.07219
2.83854
2.58747
3.09046
2.51647
2.62404
2.17102
2.42035
2.58743
2.2256
2.3954
2.35882
2.34132
2.37303
2.40145
2.42115
2.43718
2.4373
2.4373
2.39245
2.26926
2.2849
2.52187
2.50394
2.62967
2.47334
2.47268
2.37823
2.47201
2.51801
2.4064
2.41035
2.4119
2.40283
2.40824
2.41851
2.42798
2.43718
2.4373
2.4373
2.42484
2.36816
2.37296
2.44055
2.45152
2.48091
2.44197
2.43949
2.43038
2.46698
2.48155
2.44679
2.4339
2.43059
2.42656
2.42651
2.42959
2.43325
2.43728
2.4373
2.4373
2.4373
2.42252
2.42171
2.43482
2.4295
2.43804
2.42776
2.43132
2.42884
2.4422
2.44685
2.43747
2.43509
2.43696
2.43707
2.43716
2.43718
2.43728
2.4373
2.4373
2.4373
2.4373
2.4373
2.4373
2.4373
2.4373
2.4373
2.4373
2.4373
2.4373
2.4373
2.4373
2.4373
2.4373
2.4373
2.4373
2.4373
2.4373
2.4373
2.4373
2.4373
2.4455
2.4455
2.4455
2.4455
2.4455
2.4455
2.4455
2.4455
2.4455
2.4455
2.4455
2.4455
2.4455
2.4455
2.4455
2.4455
2.4455
2.4455
2.4455
2.4455
2.4455
2.4455
2.44545
2.36428
2.33813
2.21684
2.46814
2.44624
2.43927
2.52185
2.4683
2.30346
2.30717
2.39773
2.3127
2.55994
2.48762
2.46349
2.45147
2.44848
2.4455
2.4455
2.4455
2.37651
2.27751
2.20882
2.19684
2.35033
2.30646
2.49555
2.67042
2.56713
2.20966
2.05038
2.0599
2.13448
2.56709
2.59082
2.55362
2.51154
2.47825
2.44847
2.4455
2.4455
2.52598
2.45146
2.41161
2.60171
2.17814
2.09715
2.64413
3.01486
2.80293
2.35007
2.0459
1.61888
2.08735
2.46957
2.61074
2.60194
2.55153
2.49922
2.44851
2.4455
2.4455
2.56158
2.44479
1.89026
2.07698
2.1192
1.97477
2.32489
2.9157
2.52019
2.16408
2.45852
2.10674
2.48926
2.66433
2.70227
2.65111
2.57822
2.51143
2.45115
2.4455
2.4455
2.48844
2.46852
2.33315
2.1683
2.25657
2.13465
2.51026
2.6514
2.72828
2.63153
2.7395
2.68806
2.76654
2.87565
2.7957
2.6833
2.58675
2.51245
2.45147
2.4455
2.4455
2.35456
2.42155
2.98011
2.76921
2.50287
2.50955
2.45876
2.35779
2.68116
3.32761
3.11179
3.082
3.06517
3.09085
2.82917
2.66157
2.56185
2.49935
2.45024
2.4455
2.4455
2.15699
2.25611
2.86524
3.15769
3.05914
2.7992
2.43413
2.04524
2.06499
2.56126
2.91239
2.84797
2.8793
2.60053
2.55618
2.52347
2.49391
2.46944
2.44805
2.4455
2.4455
2.4204
2.54461
3.07068
2.9761
2.78529
2.4265
2.07734
2.28966
2.03101
2.14079
2.48575
2.13934
2.61933
2.31544
2.34492
2.39712
2.42582
2.43824
2.44556
2.4455
2.4455
2.40816
2.51211
2.81759
2.8867
2.56211
2.62817
2.06131
1.77539
1.52266
1.5
1.7485
1.93094
2.00848
2.10294
2.24053
2.33337
2.38606
2.41754
2.44251
2.4455
2.4455
2.4745
2.52013
2.50285
2.81504
2.65319
2.6763
2.38867
1.80125
1.94902
1.5
1.86176
2.04502
2.18207
2.26163
2.32273
2.35717
2.38402
2.41004
2.44248
2.4455
2.4455
2.48535
2.48517
2.63136
2.61484
2.76515
2.42241
2.57816
2.39048
2.4313
2.12806
2.21208
2.35048
2.31384
2.65253
2.50839
2.42165
2.39947
2.41145
2.44249
2.4455
2.4455
2.13472
2.11625
2.70243
2.92947
3.10822
2.75813
2.82597
2.63778
2.51942
2.37489
2.60007
2.89129
2.56724
2.54137
2.45892
2.40952
2.39596
2.40999
2.44058
2.4455
2.4455
2.28559
2.46223
3.04966
3.28257
3.25477
3.23485
3.00435
3.05788
2.97405
2.93874
2.97357
2.78178
2.91031
2.56377
2.43496
2.39153
2.38925
2.40882
2.4408
2.4455
2.4455
2.9046
3.14902
3.19578
3.39293
3.3993
3.65253
3.53753
3.44541
3.04225
3.06516
3.25918
2.98831
2.72374
2.57445
2.41145
2.37283
2.38361
2.40981
2.44224
2.4455
2.4455
2.33656
2.37957
2.54311
3.17995
3.41091
3.31323
3.08412
3.0951
2.7936
2.55698
2.44486
2.33081
2.58979
2.10627
2.22548
2.32085
2.37564
2.41215
2.44246
2.4455
2.4455
2.35685
2.20798
2.29162
2.87142
2.77826
3.04564
2.67805
2.74148
2.49961
2.58787
2.58203
2.35635
2.43149
2.37961
2.34935
2.36969
2.39808
2.42295
2.44508
2.4455
2.4455
2.39368
2.2726
2.3106
2.55194
2.55483
2.65069
2.51251
2.5291
2.49093
2.57799
2.5932
2.4811
2.45107
2.43018
2.41178
2.41202
2.42191
2.43353
2.44528
2.4455
2.4455
2.42769
2.3597
2.36697
2.44661
2.46178
2.48799
2.44851
2.46018
2.47575
2.52591
2.53833
2.49441
2.4641
2.44775
2.43707
2.43393
2.43637
2.44069
2.44538
2.4455
2.4455
2.4455
2.42754
2.42451
2.44011
2.43329
2.4409
2.42788
2.43643
2.44216
2.45958
2.46382
2.45215
2.44432
2.44453
2.44496
2.44495
2.44528
2.44538
2.4455
2.4455
2.4455
2.4455
2.4455
2.4455
2.4455
2.4455
2.4455
2.4455
2.4455
2.4455
2.4455
2.4455
2.4455
2.4455
2.4455
2.4455
2.4455
2.4455
2.4455
2.4455
2.4455
2.4537
2.4537
2.4537
2.4537
2.4537
2.4537
2.4537
2.4537
2.4537
2.4537
2.4537
2.4537
2.4537
2.4537
2.4537
2.4537
2.4537
2.4537
2.4537
2.4537
2.4537
2.4537
2.45073
2.37247
2.35156
2.22801
2.46217
2.46581
2.43007
2.52765
2.47684
2.34807
2.33789
2.40224
2.36371
2.52857
2.48987
2.47229
2.45978
2.45671
2.4537
2.4537
2.4537
2.39015
2.29864
2.22993
2.19495
2.32427
2.3216
2.48311
2.67237
2.58518
2.33149
2.16843
2.14265
2.23349
2.52526
2.58353
2.56706
2.52953
2.49296
2.45669
2.4537
2.4537
2.55509
2.47645
2.37883
2.49436
2.20298
2.2407
2.67383
2.897
2.78229
2.51759
2.23735
1.85234
2.2068
2.45818
2.61459
2.6236
2.57581
2.51836
2.45924
2.4537
2.4537
2.55983
2.44427
1.99015
2.12382
2.23351
2.30033
2.44539
2.75107
2.5348
2.38791
2.65078
2.36173
2.62142
2.66458
2.70697
2.67243
2.603
2.53108
2.45969
2.4537
2.4537
2.47886
2.46425
2.42336
2.27209
2.30156
2.31241
2.51316
2.54712
2.71948
2.63721
2.77505
2.69974
2.72289
2.78585
2.76469
2.68985
2.60464
2.52922
2.4598
2.4537
2.4537
2.36549
2.43913
2.91133
2.70132
2.4456
2.46383
2.4387
2.32328
2.63268
3.142
2.91951
2.88572
2.89423
2.93917
2.77932
2.65966
2.57474
2.5116
2.45986
2.4537
2.4537
2.14099
2.22848
2.81668
2.8918
2.76777
2.57755
2.3354
2.09558
2.08379
2.44894
2.69249
2.67015
2.77067
2.58101
2.55319
2.5285
2.50263
2.47857
2.45686
2.4537
2.4537
2.41692
2.51355
3.00884
2.79173
2.5453
2.32153
2.11936
2.30065
2.06102
2.12532
2.3859
2.16995
2.65761
2.38385
2.37106
2.40406
2.4294
2.44254
2.45365
2.4537
2.4537
2.41686
2.4877
2.7595
2.79734
2.4634
2.55308
2.17561
1.93339
1.67632
1.5
1.90227
2.0517
2.16334
2.15745
2.24882
2.32659
2.37943
2.41605
2.45078
2.4537
2.4537
2.4735
2.53489
2.57958
2.89914
2.80653
2.73756
2.42864
1.89196
1.98714
1.50052
2.05271
2.10296
2.22346
2.27539
2.30581
2.33487
2.36708
2.40339
2.44782
2.4537
2.4537
2.49006
2.54852
2.74459
2.77136
2.85661
2.54312
2.62914
2.43203
2.46566
2.22619
2.32547
2.33682
2.3043
2.57141
2.45824
2.38753
2.37614
2.40091
2.44782
2.4537
2.4537
2.23665
2.29999
2.79172
2.90963
3.00593
2.69077
2.77225
2.65459
2.55487
2.39024
2.55284
2.69178
2.48186
2.48703
2.41477
2.37569
2.37234
2.39907
2.44752
2.4537
2.4537
2.33639
2.54679
3.00213
3.19271
3.17104
3.1698
2.98264
3.00723
2.89169
2.80649
2.79951
2.62333
2.64643
2.50301
2.40508
2.36877
2.37281
2.40204
2.44766
2.4537
2.4537
2.86601
3.09778
3.09421
3.28873
3.32581
3.5654
3.42233
3.34889
2.9876
2.96452
3.10975
2.83638
2.5325
2.51852
2.40782
2.37113
2.38054
2.41008
2.45042
2.4537
2.4537
2.45051
2.53455
2.568
3.09393
3.23006
3.23796
3.04841
3.05873
2.81737
2.55865
2.47248
2.3273
2.51464
2.25757
2.30121
2.35034
2.38741
2.41977
2.45077
2.4537
2.4537
2.42196
2.33068
2.38749
2.85049
2.75903
2.94435
2.65985
2.75597
2.65457
2.68246
2.62083
2.45755
2.50077
2.44817
2.40405
2.40216
2.41695
2.43501
2.4534
2.4537
2.4537
2.40995
2.31304
2.34092
2.543
2.52989
2.59025
2.47886
2.54074
2.58404
2.67742
2.67893
2.58263
2.52694
2.48204
2.45221
2.44007
2.44114
2.44669
2.4535
2.4537
2.4537
2.4361
2.3704
2.37208
2.439
2.44343
2.45726
2.42684
2.46585
2.52186
2.58914
2.60343
2.56008
2.51443
2.48156
2.46274
2.45381
2.45139
2.45186
2.45359
2.4537
2.4537
2.4537
2.43583
2.43218
2.44621
2.43804
2.44172
2.42976
2.44308
2.4569
2.4774
2.48112
2.46935
2.45746
2.45264
2.45308
2.45326
2.4535
2.45359
2.4537
2.4537
2.4537
2.4537
2.4537
2.4537
2.4537
2.4537
2.4537
2.4537
2.4537
2.4537
2.4537
2.4537
2.4537
2.4537
2.4537
2.4537
2.4537
2.4537
2.4537
2.4537
2.4537
2.4621
2.4621
2.4621
2.4621
2.4621
2.4621
2.4621
2.4621
2.4621
2.4621
2.4621
2.4621
2.4621
2.4621
2.4621
2.4621
2.4621
2.4621
2.4621
2.4621
2.4621
2.4621
2.45911
2.37764
2.36346
2.25731
2.46179
2.47793
2.42479
2.51366
2.48632
2.38642
2.37078
2.41675
2.40052
2.51059
2.49277
2.48099
2.46819
2.46795
2.4621
2.4621
2.4621
2.39761
2.30884
2.25734
2.24339
2.35161
2.35018
2.46487
2.6276
2.60073
2.44804
2.29976
2.26042
2.3311
2.51391
2.57791
2.57408
2.54092
2.50518
2.46522
2.4621
2.4621
2.56862
2.49093
2.39498
2.51028
2.2994
2.37188
2.68502
2.78313
2.75778
2.672
2.43571
2.10108
2.35038
2.45819
2.60639
2.62667
2.58575
2.53018
2.46819
2.4621
2.4621
2.55645
2.45232
2.09299
2.2313
2.4097
2.57078
2.53369
2.61393
2.51001
2.5341
2.79384
2.55305
2.70867
2.63211
2.67377
2.66068
2.60538
2.5396
2.46823
2.4621
2.4621
2.47652
2.45881
2.48685
2.36302
2.38388
2.47573
2.54034
2.45509
2.65314
2.60049
2.7374
2.63736
2.61424
2.64462
2.6781
2.6545
2.59646
2.53399
2.46822
2.4621
2.4621
2.36032
2.40376
2.83714
2.6231
2.36947
2.41226
2.42026
2.27945
2.55333
2.94145
2.68734
2.62418
2.64655
2.73114
2.67308
2.61676
2.56197
2.51369
2.46826
2.4621
2.4621
2.13781
2.17472
2.71846
2.65875
2.50522
2.4021
2.29864
2.1634
2.12409
2.34318
2.45129
2.43564
2.59691
2.4953
2.50964
2.51054
2.49758
2.48113
2.46526
2.4621
2.4621
2.42344
2.46526
2.89107
2.56791
2.29092
2.2324
2.20738
2.41884
2.20166
2.19222
2.34456
2.1805
2.66183
2.43352
2.39418
2.4114
2.43204
2.44654
2.46225
2.4621
2.4621
2.42508
2.44421
2.66161
2.66336
2.32843
2.5039
2.3176
2.14894
1.93063
1.60433
2.11615
2.2133
2.30848
2.24299
2.28038
2.33299
2.37865
2.41696
2.45835
2.4621
2.4621
2.46317
2.51224
2.58034
2.89611
2.83656
2.76314
2.48371
1.99868
2.12236
1.74377
2.2689
2.22739
2.29944
2.31189
2.30444
2.32143
2.35449
2.39759
2.45526
2.4621
2.4621
2.49887
2.5854
2.79879
2.81329
2.83739
2.54647
2.62005
2.42694
2.49633
2.32514
2.42401
2.3403
2.30378
2.53317
2.42015
2.35497
2.35327
2.39003
2.45324
2.4621
2.4621
2.31064
2.40552
2.79682
2.78942
2.7927
2.50258
2.61811
2.54873
2.48067
2.34672
2.46689
2.50487
2.37688
2.42664
2.36285
2.33653
2.34696
2.38756
2.45314
2.4621
2.4621
2.38035
2.58024
2.89056
2.96749
2.91559
2.92733
2.79184
2.80421
2.70246
2.62615
2.60811
2.41823
2.43391
2.41833
2.35999
2.34134
2.3562
2.39559
2.4542
2.4621
2.4621
2.83624
3.04328
2.92138
3.03765
3.06937
3.30159
3.17253
3.11365
2.81187
2.80106
2.93655
2.65255
2.36794
2.4569
2.4008
2.37291
2.38265
2.41336
2.4574
2.4621
2.4621
2.53355
2.6289
2.52082
2.91361
2.97975
3.02867
2.86919
2.90257
2.72399
2.4827
2.42824
2.29332
2.45829
2.3527
2.37285
2.39204
2.41117
2.4337
2.46018
2.4621
2.4621
2.47704
2.42539
2.41792
2.77498
2.64883
2.76827
2.53282
2.67295
2.68915
2.70239
2.63431
2.53387
2.58251
2.53399
2.47948
2.45418
2.45047
2.45516
2.46184
2.4621
2.4621
2.42673
2.34889
2.34844
2.49989
2.45033
2.47152
2.38101
2.49518
2.62511
2.74635
2.75829
2.68799
2.62111
2.55623
2.51289
2.48579
2.47351
2.46725
2.46194
2.4621
2.4621
2.44571
2.38235
2.3711
2.41617
2.3996
2.39587
2.37466
2.44671
2.55005
2.64357
2.66977
2.63348
2.57742
2.52928
2.50086
2.48388
2.47483
2.46835
2.46202
2.4621
2.4621
2.4621
2.44424
2.43994
2.45122
2.44089
2.44041
2.42889
2.44776
2.47069
2.49503
2.49928
2.48864
2.47297
2.4637
2.46394
2.46171
2.46195
2.46202
2.4621
2.4621
2.4621
2.4621
2.4621
2.4621
2.4621
2.4621
2.4621
2.4621
2.4621
2.4621
2.4621
2.4621
2.4621
2.4621
2.4621
2.4621
2.4621
2.4621
2.4621
2.4621
2.4621
2.4707
2.4707
2.4707
2.4707
2.4707
2.4707
2.4707
2.4707
2.4707
2.4707
2.4707
2.4707
2.4707
2.4707
2.4707
2.4707
2.4707
2.4707
2.4707
2.4707
2.4707
2.4707
2.46469
2.34448
2.33277
2.19515
2.46842
2.52833
2.409
2.50765
2.49371
2.37479
2.36432
2.41824
2.40906
2.51584
2.50602
2.4948
2.47669
2.47745
2.4707
2.4707
2.4707
2.38223
2.29487
2.2713
2.28997
2.39776
2.37343
2.43169
2.57193
2.6065
2.53032
2.395
2.36143
2.40649
2.51647
2.58103
2.5827
2.55005
2.5164
2.47668
2.4707
2.4707
2.62907
2.51636
2.43918
2.60174
2.40731
2.48124
2.70498
2.67823
2.73313
2.81138
2.59197
2.28363
2.47407
2.4414
2.59488
2.62535
2.58861
2.53903
2.47967
2.4707
2.4707
2.60439
2.47225
2.15289
2.33863
2.60113
2.83535
2.60111
2.48197
2.44045
2.60573
2.90489
2.69714
2.7904
2.57643
2.62589
2.63586
2.59653
2.54406
2.47968
2.4707
2.4707
2.4782
2.44644
2.54354
2.43658
2.46871
2.63604
2.587
2.36748
2.58634
2.51549
2.65898
2.5363
2.46866
2.47427
2.56939
2.60074
2.57366
2.53165
2.47704
2.4707
2.4707
2.28734
2.32752
2.79772
2.55755
2.28358
2.36777
2.42761
2.2361
2.48175
2.79522
2.44609
2.34475
2.37001
2.51128
2.54763
2.55729
2.53634
2.5091
2.47624
2.4707
2.4707
1.9947
2.04869
2.61983
2.45991
2.28766
2.27423
2.30879
2.24138
2.15454
2.25067
2.2168
2.181
2.40488
2.36754
2.4444
2.48076
2.48535
2.48039
2.47144
2.4707
2.4707
2.41743
2.40751
2.80606
2.33947
2.0333
2.15658
2.31967
2.62066
2.39871
2.31206
2.34542
2.15304
2.69433
2.47059
2.41073
2.41767
2.43545
2.45058
2.46974
2.4707
2.4707
2.43332
2.3796
2.55057
2.52156
2.1488
2.48241
2.47415
2.38482
2.21286
1.84914
2.35026
2.38537
2.4463
2.3231
2.31513
2.34581
2.38421
2.41968
2.46473
2.4707
2.4707
2.44165
2.45882
2.52077
2.87231
2.82876
2.79103
2.54055
2.05629
2.28636
1.93824
2.50513
2.36171
2.38211
2.35811
2.31051
2.3156
2.3486
2.39437
2.46048
2.4707
2.4707
2.51381
2.59781
2.82268
2.78804
2.76124
2.47377
2.59117
2.3886
2.52905
2.4213
2.53111
2.35201
2.30519
2.54933
2.40245
2.3303
2.33532
2.38068
2.45863
2.4707
2.4707
2.32586
2.43562
2.75886
2.5983
2.51659
2.22207
2.40864
2.37601
2.35046
2.26513
2.37908
2.35578
2.28654
2.38717
2.31375
2.29846
2.32358
2.37642
2.45743
2.4707
2.4707
2.39956
2.57471
2.75418
2.69197
2.58702
2.61332
2.50958
2.52743
2.46942
2.44394
2.43313
2.21217
2.26907
2.34613
2.31116
2.3111
2.34085
2.3897
2.45971
2.4707
2.4707
2.959
3.05009
2.72676
2.74442
2.75243
3.0041
2.88252
2.84
2.58481
2.63696
2.81763
2.50398
2.22089
2.41296
2.39541
2.37492
2.38676
2.41863
2.46446
2.4707
2.4707
2.6766
2.71755
2.41412
2.71656
2.71361
2.76778
2.61796
2.69132
2.56917
2.33569
2.32832
2.22041
2.42824
2.42181
2.43443
2.43375
2.43877
2.45129
2.4703
2.4707
2.4707
2.56866
2.50636
2.40763
2.70103
2.49289
2.56592
2.33354
2.53312
2.65752
2.67758
2.62196
2.59252
2.67956
2.63459
2.56311
2.51406
2.49155
2.48063
2.47332
2.4707
2.4707
2.4402
2.37029
2.33245
2.44121
2.33618
2.32056
2.23404
2.40417
2.62441
2.79263
2.83371
2.79655
2.72313
2.63878
2.58333
2.54124
2.51471
2.49345
2.47343
2.4707
2.4707
2.45318
2.38711
2.36005
2.3823
2.33843
2.31563
2.29823
2.4041
2.55803
2.68818
2.73498
2.71069
2.64522
2.58247
2.54617
2.52145
2.50394
2.48866
2.47359
2.4707
2.4707
2.4707
2.44812
2.44341
2.45377
2.43942
2.43365
2.42029
2.4468
2.48109
2.51601
2.52283
2.51384
2.49026
2.47506
2.47587
2.47321
2.47405
2.47359
2.4707
2.4707
2.4707
2.4707
2.4707
2.4707
2.4707
2.4707
2.4707
2.4707
2.4707
2.4707
2.4707
2.4707
2.4707
2.4707
2.4707
2.4707
2.4707
2.4707
2.4707
2.4707
2.4707
2.4931
2.4931
2.4931
2.4931
2.4931
2.4931
2.4931
2.4931
2.4931
2.4931
2.4931
2.4931
2.4931
2.4931
2.4931
2.4931
2.4931
2.4931
2.4931
2.4931
2.4931
2.4931
2.48114
2.34184
2.32554
2.20568
2.48022
2.57738
2.42016
2.50216
2.51294
2.38955
2.38124
2.42795
2.43419
2.52315
2.52906
2.5261
2.49911
2.5051
2.4931
2.4931
2.4931
2.39326
2.308
2.31462
2.37751
2.45699
2.41733
2.42432
2.52202
2.6128
2.60391
2.4847
2.45563
2.47984
2.524
2.59324
2.60219
2.5695
2.54067
2.50207
2.4931
2.4931
2.67104
2.52947
2.48518
2.67725
2.53618
2.59817
2.70631
2.57258
2.69347
2.89243
2.7016
2.47668
2.58571
2.44295
2.59312
2.63233
2.60073
2.56011
2.50507
2.4931
2.4931
2.63837
2.48387
2.25728
2.46214
2.76254
3.0354
2.67321
2.37773
2.40191
2.65122
2.91719
2.79729
2.82188
2.52015
2.58269
2.61814
2.59483
2.55783
2.50205
2.4931
2.4931
2.4865
2.43838
2.58277
2.51222
2.55617
2.77875
2.63762
2.3278
2.52141
2.44963
2.55926
2.44265
2.34942
2.33326
2.47637
2.55761
2.55947
2.53973
2.50125
2.4931
2.4931
2.23843
2.27685
2.72751
2.50537
2.24756
2.35707
2.46221
2.25513
2.42821
2.62523
2.24949
2.11717
2.13767
2.30862
2.4375
2.51079
2.52113
2.51383
2.49609
2.4931
2.4931
1.93376
2.00359
2.53254
2.31783
2.13671
2.20814
2.36889
2.3633
2.24124
2.22165
2.05203
1.9931
2.2448
2.26893
2.39602
2.46537
2.48653
2.49206
2.49322
2.4931
2.4931
2.43102
2.38233
2.70337
2.1832
1.87419
2.15221
2.47474
2.79701
2.60087
2.44941
2.36644
2.18396
2.69286
2.51238
2.44085
2.44197
2.45589
2.46919
2.49014
2.4931
2.4931
2.45733
2.35011
2.46812
2.41243
2.05429
2.4794
2.63485
2.61302
2.50776
2.15649
2.57893
2.56123
2.58591
2.42935
2.37428
2.38061
2.4101
2.44033
2.48713
2.4931
2.4931
2.4241
2.41428
2.48785
2.81978
2.7848
2.78943
2.59171
2.16771
2.44171
2.17511
2.70679
2.51174
2.47223
2.42923
2.3443
2.33403
2.36592
2.41033
2.48104
2.4931
2.4931
2.5294
2.59929
2.8133
2.74489
2.65812
2.41913
2.54919
2.35379
2.53152
2.50695
2.63201
2.39685
2.35046
2.57675
2.40696
2.32929
2.34058
2.38999
2.47663
2.4931
2.4931
2.37874
2.4814
2.70122
2.42997
2.26288
2.01377
2.22124
2.22578
2.24681
2.24145
2.338
2.2598
2.25666
2.38714
2.29543
2.28517
2.3232
2.38363
2.47621
2.4931
2.4931
2.46586
2.59379
2.62772
2.44333
2.298
2.32504
2.25531
2.27162
2.27245
2.32552
2.32715
2.09824
2.17759
2.3079
2.28542
2.30057
2.34519
2.40101
2.47921
2.4931
2.4931
3.02396
3.0135
2.55513
2.48277
2.46997
2.69438
2.59404
2.56085
2.39256
2.50539
2.69469
2.39119
2.15704
2.38676
2.39981
2.3888
2.40742
2.43955
2.48671
2.4931
2.4931
2.83408
2.80053
2.3598
2.54289
2.48416
2.51391
2.38716
2.48115
2.42503
2.23455
2.26978
2.21299
2.43195
2.50435
2.50146
2.48501
2.48087
2.48444
2.49264
2.4931
2.4931
2.67042
2.59165
2.41923
2.61842
2.36639
2.36761
2.16443
2.38926
2.59889
2.62592
2.60078
2.65054
2.77369
2.73508
2.65043
2.58359
2.54764
2.52236
2.49872
2.4931
2.4931
2.4734
2.40708
2.3343
2.39297
2.24459
2.18774
2.11117
2.31743
2.60567
2.81002
2.8854
2.89017
2.82202
2.72696
2.66253
2.60845
2.57044
2.53511
2.49906
2.4931
2.4931
2.47551
2.40714
2.36619
2.3631
2.29575
2.25264
2.23933
2.3715
2.56389
2.72274
2.7922
2.78395
2.71522
2.64425
2.60356
2.57264
2.5484
2.52381
2.49879
2.4931
2.4931
2.4931
2.46647
2.46234
2.4685
2.45353
2.44069
2.42559
2.46007
2.50202
2.54932
2.56064
2.55132
2.52159
2.50179
2.50426
2.50155
2.50181
2.49879
2.4931
2.4931
2.4931
2.4931
2.4931
2.4931
2.4931
2.4931
2.4931
2.4931
2.4931
2.4931
2.4931
2.4931
2.4931
2.4931
2.4931
2.4931
2.4931
2.4931
2.4931
2.4931
2.4931
2.517
2.517
2.517
2.517
2.517
2.517
2.517
2.517
2.517
2.517
2.517
2.517
2.517
2.517
2.517
2.517
2.517
2.517
2.517
2.517
2.517
2.517
2.50525
2.38443
2.37235
2.32377
2.49654
2.57024
2.44506
2.49222
2.53941
2.44304
2.43371
2.46209
2.47516
2.52844
2.54389
2.55292
2.51994
2.53192
2.517
2.517
2.517
2.43238
2.35569
2.37979
2.46965
2.5071
2.46597
2.43806
2.47982
2.6019
2.64354
2.55695
2.53291
2.53664
2.53157
2.59595
2.61532
2.58182
2.56108
2.5259
2.517
2.517
2.63563
2.51932
2.51503
2.69426
2.63533
2.6805
2.67161
2.48747
2.63589
2.86929
2.74493
2.62732
2.64871
2.46799
2.58525
2.63281
2.6049
2.57558
2.5289
2.517
2.517
2.60466
2.48204
2.38022
2.56583
2.83636
3.07471
2.708
2.34008
2.40431
2.65125
2.83219
2.80453
2.76524
2.47551
2.54041
2.59869
2.59061
2.56855
2.52785
2.517
2.517
2.49782
2.43812
2.58242
2.56088
2.61865
2.83453
2.65826
2.34075
2.46277
2.41094
2.45724
2.3701
2.27551
2.25246
2.4116
2.52579
2.5496
2.54532
2.52289
2.517
2.517
2.28406
2.2801
2.62052
2.45919
2.2673
2.38506
2.49778
2.32722
2.40064
2.45769
2.13963
1.99948
2.01361
2.17687
2.36241
2.48076
2.51378
2.52301
2.51735
2.517
2.517
2.05866
2.07366
2.45035
2.24375
2.0797
2.2175
2.45271
2.49106
2.36525
2.26048
2.01782
1.94083
2.15901
2.22973
2.3746
2.46461
2.49397
2.50748
2.51701
2.517
2.517
2.45978
2.37757
2.57008
2.13138
1.87726
2.21889
2.61735
2.89212
2.7527
2.57412
2.41924
2.28063
2.64665
2.53805
2.47261
2.47252
2.48028
2.49218
2.51538
2.517
2.517
2.48269
2.36036
2.42743
2.3575
2.09295
2.49832
2.75111
2.78805
2.75124
2.4879
2.75068
2.70142
2.69142
2.53795
2.44355
2.42728
2.4449
2.46785
2.51168
2.517
2.517
2.44547
2.41041
2.49364
2.73373
2.70093
2.74591
2.64469
2.36145
2.58822
2.45327
2.84352
2.65745
2.56707
2.51286
2.39846
2.37079
2.39632
2.43647
2.50476
2.517
2.517
2.5448
2.59161
2.75629
2.67597
2.54776
2.39598
2.5056
2.36593
2.53002
2.59037
2.70867
2.47661
2.42798
2.58493
2.42031
2.34612
2.36469
2.41288
2.50032
2.517
2.517
2.45649
2.53015
2.62954
2.33038
2.11415
1.94447
2.11566
2.15619
2.22569
2.29851
2.35918
2.24492
2.27582
2.39728
2.30109
2.29303
2.34188
2.40555
2.50023
2.517
2.517
2.53802
2.61264
2.52708
2.27678
2.10939
2.11417
2.07964
2.1138
2.17975
2.29283
2.29498
2.09191
2.1575
2.29163
2.27921
2.30549
2.36393
2.42344
2.503
2.517
2.517
2.9236
2.89887
2.44611
2.30035
2.25491
2.39795
2.33497
2.33192
2.28139
2.4158
2.55654
2.3191
2.17486
2.37092
2.40284
2.40625
2.43444
2.46704
2.51049
2.517
2.517
2.84839
2.80605
2.36749
2.40332
2.30146
2.29092
2.20624
2.30886
2.32653
2.22348
2.27743
2.27378
2.45506
2.56215
2.55194
2.53079
2.52497
2.52224
2.51952
2.517
2.517
2.69679
2.6377
2.44119
2.51118
2.26305
2.19435
2.05843
2.27207
2.51813
2.56743
2.5847
2.68683
2.81671
2.79461
2.71022
2.64177
2.60018
2.56374
2.52564
2.517
2.517
2.5083
2.45022
2.35877
2.3549
2.18666
2.09582
2.04478
2.25922
2.56897
2.78336
2.88508
2.92648
2.88075
2.79263
2.72536
2.66864
2.6238
2.57618
2.52648
2.517
2.517
2.50532
2.43761
2.38746
2.35983
2.27688
2.21686
2.21091
2.35532
2.56073
2.729
2.81254
2.82131
2.76199
2.6933
2.65314
2.62096
2.59113
2.55786
2.52284
2.517
2.517
2.51702
2.48848
2.48859
2.49105
2.47493
2.45454
2.44531
2.48258
2.52732
2.57143
2.58553
2.58085
2.55102
2.53037
2.53119
2.53107
2.52969
2.52284
2.517
2.517
2.517
2.517
2.517
2.517
2.517
2.517
2.517
2.517
2.517
2.517
2.517
2.517
2.517
2.517
2.517
2.517
2.517
2.517
2.517
2.517
2.517
2.5426
2.5426
2.5426
2.5426
2.5426
2.5426
2.5426
2.5426
2.5426
2.5426
2.5426
2.5426
2.5426
2.5426
2.5426
2.5426
2.5426
2.5426
2.5426
2.5426
2.5426
2.5426
2.53358
2.43404
2.43061
2.41229
2.52157
2.55917
2.47883
2.49812
2.55642
2.4898
2.47801
2.49551
2.52148
2.54248
2.56652
2.57886
2.54367
2.55165
2.5426
2.5426
2.5426
2.47302
2.40931
2.43603
2.52017
2.53469
2.49362
2.44793
2.45375
2.58106
2.64802
2.59525
2.58392
2.57843
2.54856
2.60219
2.62579
2.59131
2.57482
2.54864
2.5426
2.5426
2.61635
2.51907
2.53299
2.67905
2.66883
2.69765
2.62483
2.43516
2.58351
2.80343
2.73962
2.69582
2.67431
2.49978
2.58413
2.63443
2.60749
2.58582
2.55448
2.5426
2.5426
2.60018
2.49389
2.46272
2.61435
2.83121
3.01599
2.69895
2.34548
2.41583
2.6218
2.73856
2.76214
2.69943
2.46024
2.52042
2.59147
2.58799
2.5759
2.55149
2.5426
2.5426
2.51765
2.45002
2.56822
2.57713
2.64136
2.82747
2.66151
2.37722
2.43731
2.39409
2.39567
2.33704
2.25731
2.2383
2.39238
2.51869
2.54791
2.55297
2.54548
2.5426
2.5426
2.34432
2.30882
2.5412
2.43638
2.31105
2.43473
2.53886
2.41004
2.40905
2.3746
2.11893
1.99222
2.00397
2.14671
2.34392
2.4808
2.51812
2.53484
2.54248
2.5426
2.5426
2.18508
2.1616
2.40088
2.23326
2.10977
2.28655
2.54328
2.60269
2.48165
2.33314
2.0822
2.00005
2.1657
2.25374
2.39185
2.48645
2.51154
2.52583
2.54147
2.5426
2.5426
2.48829
2.38255
2.48084
2.15932
1.98256
2.33089
2.73291
2.9609
2.86421
2.68918
2.51106
2.40458
2.63707
2.57474
2.51736
2.51304
2.5119
2.5194
2.54119
2.5426
2.5426
2.50345
2.38701
2.42443
2.36534
2.20031
2.56072
2.8479
2.92739
2.93427
2.75682
2.88764
2.81862
2.77592
2.63517
2.51747
2.48142
2.48775
2.5028
2.53985
2.5426
2.5426
2.47249
2.43499
2.51514
2.67473
2.65098
2.73281
2.72167
2.57079
2.75078
2.71145
2.96297
2.79136
2.66937
2.6005
2.46736
2.42289
2.44057
2.47554
2.53533
2.5426
2.5426
2.57471
2.59374
2.70371
2.61956
2.488
2.41466
2.51703
2.45372
2.60424
2.71745
2.80238
2.58079
2.51919
2.60455
2.45024
2.38091
2.40455
2.45109
2.52955
2.5426
2.5426
2.51823
2.56833
2.58218
2.29407
2.07246
1.96609
2.10892
2.19024
2.30268
2.42578
2.44575
2.30255
2.3281
2.41805
2.32645
2.31997
2.37725
2.44185
2.52849
2.5426
2.5426
2.58961
2.6267
2.47532
2.19722
2.01956
2.00289
2.00445
2.07913
2.19692
2.3444
2.32998
2.14617
2.18645
2.29751
2.29265
2.32825
2.39646
2.45838
2.53023
2.5426
2.5426
2.85206
2.80949
2.40343
2.20334
2.12117
2.1888
2.1676
2.21523
2.256
2.39415
2.4814
2.29982
2.21755
2.36904
2.41062
2.43292
2.4716
2.50313
2.53634
2.5426
2.5426
2.82928
2.78535
2.39553
2.31623
2.17975
2.1317
2.0894
2.2108
2.29
2.26155
2.31777
2.33793
2.47999
2.58476
2.58106
2.56988
2.57064
2.56135
2.5483
2.5426
2.5426
2.70809
2.6631
2.4663
2.42885
2.19006
2.07895
2.00204
2.20792
2.46006
2.53564
2.58301
2.6995
2.81819
2.81027
2.74094
2.68571
2.64888
2.60358
2.55401
2.5426
2.5426
2.54668
2.49681
2.39903
2.33956
2.16205
2.05072
2.02364
2.23695
2.53888
2.74947
2.86239
2.92325
2.89648
2.82295
2.76209
2.71379
2.66914
2.61459
2.5555
2.5426
2.5426
2.53533
2.47552
2.42232
2.37277
2.28113
2.21091
2.21095
2.35921
2.5607
2.72475
2.81372
2.83332
2.78298
2.72198
2.68739
2.6601
2.62778
2.59047
2.54988
2.5426
2.5426
2.54558
2.51702
2.51808
2.51907
2.5043
2.47949
2.47258
2.51018
2.55617
2.59698
2.61283
2.6069
2.57569
2.5566
2.56286
2.56298
2.55434
2.54988
2.5426
2.5426
2.5426
2.5426
2.5426
2.5426
2.5426
2.5426
2.5426
2.5426
2.5426
2.5426
2.5426
2.5426
2.5426
2.5426
2.5426
2.5426
2.5426
2.5426
2.5426
2.5426
2.5426
2.5703
2.5703
2.5703
2.5703
2.5703
2.5703
2.5703
2.5703
2.5703
2.5703
2.5703
2.5703
2.5703
2.5703
2.5703
2.5703
2.5703
2.5703
2.5703
2.5703
2.5703
2.5703
2.56732
2.4888
2.46734
2.4641
2.54225
2.5461
2.49545
2.51179
2.57022
2.52544
2.5204
2.52123
2.56185
2.55616
2.5896
2.6075
2.56135
2.57326
2.5703
2.5703
2.5703
2.51616
2.45844
2.47142
2.53098
2.53484
2.49138
2.44371
2.43715
2.56013
2.63491
2.61162
2.61027
2.61
2.56968
2.61224
2.63645
2.59596
2.58452
2.57326
2.5703
2.5703
2.61699
2.52571
2.53674
2.63755
2.64585
2.66104
2.57091
2.40546
2.54548
2.73209
2.71428
2.71207
2.68458
2.53508
2.59093
2.63748
2.60471
2.58921
2.57332
2.5703
2.5703
2.60803
2.51029
2.50416
2.61427
2.77484
2.91157
2.66235
2.36862
2.43285
2.58858
2.67213
2.71622
2.66139
2.47838
2.52714
2.59795
2.58564
2.57983
2.57318
2.5703
2.5703
2.54752
2.46926
2.55414
2.5743
2.63383
2.78762
2.65354
2.42685
2.4442
2.40549
2.38971
2.3547
2.29661
2.28307
2.41723
2.53761
2.55282
2.56312
2.57019
2.5703
2.5703
2.40971
2.34609
2.49939
2.43776
2.36386
2.49302
2.58511
2.49682
2.44787
2.36688
2.17023
2.07014
2.0833
2.19859
2.37761
2.50842
2.53317
2.5511
2.56934
2.5703
2.5703
2.28173
2.23702
2.38609
2.27132
2.19531
2.39273
2.6336
2.6984
2.57856
2.41528
2.19527
2.12629
2.24553
2.32869
2.44368
2.52469
2.53352
2.54798
2.56775
2.5703
2.5703
2.5053
2.39342
2.44667
2.23742
2.1375
2.46672
2.83047
3.01812
2.93932
2.77528
2.61504
2.53475
2.67172
2.63117
2.57498
2.55857
2.54357
2.54786
2.57033
2.5703
2.5703
2.5256
2.41668
2.44882
2.42239
2.34002
2.65666
2.93546
3.03996
3.05462
2.93308
2.98984
2.91549
2.85034
2.72305
2.59149
2.53725
2.52921
2.53878
2.57065
2.5703
2.5703
2.51558
2.47211
2.54655
2.66244
2.65966
2.76961
2.8178
2.76589
2.90295
2.91726
3.06634
2.90827
2.77009
2.68495
2.53905
2.47799
2.48791
2.51872
2.56818
2.5703
2.5703
2.5968
2.60794
2.67752
2.60189
2.49357
2.4834
2.5866
2.59517
2.73656
2.8733
2.90946
2.69505
2.61037
2.63441
2.48875
2.42418
2.45351
2.50016
2.56622
2.5703
2.5703
2.57934
2.61262
2.57265
2.31039
2.10929
2.05082
2.18214
2.30992
2.45422
2.60252
2.57219
2.40013
2.3953
2.445
2.35969
2.3572
2.42677
2.49247
2.56486
2.5703
2.5703
2.63777
2.65288
2.47064
2.18722
2.00817
1.98066
2.01681
2.145
2.3025
2.46427
2.41586
2.22942
2.23563
2.31589
2.31789
2.36501
2.44555
2.50814
2.56466
2.5703
2.5703
2.81327
2.76727
2.41266
2.17668
2.06429
2.07577
2.09405
2.20216
2.30661
2.44131
2.47528
2.31552
2.26122
2.37222
2.42094
2.46771
2.52038
2.54958
2.5701
2.5703
2.5703
2.8202
2.7737
2.43683
2.28116
2.11934
2.04124
2.03687
2.18873
2.31122
2.33176
2.37434
2.38689
2.49023
2.5794
2.59168
2.60535
2.61703
2.602
2.57614
2.5703
2.5703
2.71922
2.6834
2.49941
2.38837
2.15571
2.021
1.99016
2.19875
2.4434
2.53356
2.59281
2.69299
2.79073
2.79079
2.74579
2.71773
2.69001
2.63867
2.58213
2.5703
2.5703
2.58667
2.54484
2.44767
2.35039
2.17045
2.04571
2.03845
2.24885
2.53046
2.7254
2.83551
2.89365
2.87928
2.82032
2.77498
2.74203
2.70163
2.64452
2.58215
2.5703
2.5703
2.56294
2.51748
2.46594
2.40145
2.30365
2.2281
2.23632
2.38101
2.57182
2.72377
2.80919
2.8298
2.78714
2.731
2.70442
2.68456
2.65636
2.61957
2.57747
2.5703
2.5703
2.57627
2.54931
2.54973
2.54557
2.52655
2.50632
2.50577
2.54449
2.58666
2.62406
2.6399
2.63118
2.60226
2.57487
2.58453
2.58725
2.58213
2.57747
2.5703
2.5703
2.5703
2.5703
2.5703
2.5703
2.5703
2.5703
2.5703
2.5703
2.5703
2.5703
2.5703
2.5703
2.5703
2.5703
2.5703
2.5703
2.5703
2.5703
2.5703
2.5703
2.5703
2.6004
2.6004
2.6004
2.6004
2.6004
2.6004
2.6004
2.6004
2.6004
2.6004
2.6004
2.6004
2.6004
2.6004
2.6004
2.6004
2.6004
2.6004
2.6004
2.6004
2.6004
2.6004
2.59155
2.53102
2.51564
2.52365
2.5535
2.55528
2.52118
2.54759
2.59279
2.56213
2.54646
2.56123
2.60113
2.58584
2.61048
2.63676
2.58237
2.60036
2.6004
2.6004
2.6004
2.56608
2.50217
2.50177
2.53548
2.52487
2.48448
2.4395
2.44469
2.55482
2.62431
2.62073
2.63738
2.64662
2.60356
2.6298
2.64926
2.604
2.59991
2.60036
2.6004
2.6004
2.63543
2.54259
2.54025
2.60188
2.60302
2.60528
2.51759
2.40412
2.52782
2.68107
2.69759
2.72949
2.71278
2.5856
2.6117
2.64655
2.60283
2.59654
2.60035
2.6004
2.6004
2.62876
2.52857
2.52762
2.60062
2.70245
2.79963
2.61211
2.40236
2.45254
2.56743
2.64663
2.71058
2.67813
2.53311
2.55785
2.61304
2.5848
2.58726
2.59742
2.6004
2.6004
2.56862
2.48582
2.54716
2.56542
2.60638
2.73423
2.63534
2.47541
2.46278
2.42959
2.42646
2.42531
2.39678
2.37705
2.46969
2.564
2.5615
2.57553
2.59729
2.6004
2.6004
2.45912
2.38319
2.49129
2.45532
2.41294
2.54557
2.62453
2.56943
2.49866
2.40399
2.26655
2.2055
2.22705
2.3099
2.44322
2.54372
2.54932
2.56879
2.59737
2.6004
2.6004
2.39253
2.31184
2.40714
2.33599
2.30122
2.50366
2.71052
2.76878
2.65235
2.4991
2.32994
2.28309
2.37199
2.43914
2.5151
2.564
2.55346
2.56886
2.59689
2.6004
2.6004
2.54551
2.42874
2.46047
2.33765
2.30019
2.60223
2.90534
3.0589
2.98303
2.83768
2.71467
2.6603
2.73528
2.70099
2.63579
2.59536
2.56536
2.57193
2.59837
2.6004
2.6004
2.55954
2.46478
2.4957
2.49974
2.48615
2.77256
3.01313
3.12275
3.12183
3.03701
3.05625
2.98982
2.91355
2.79711
2.65436
2.57825
2.55606
2.5677
2.5993
2.6004
2.6004
2.54103
2.52018
2.5879
2.68313
2.71341
2.85277
2.91882
2.92857
3.0249
3.05866
3.13611
2.99213
2.85194
2.75438
2.60047
2.52596
2.5257
2.55507
2.59847
2.6004
2.6004
2.60534
2.63056
2.67708
2.62023
2.55314
2.59481
2.68901
2.74724
2.87273
2.99876
2.99686
2.79192
2.69046
2.66879
2.52858
2.46976
2.49832
2.54465
2.59825
2.6004
2.6004
2.61719
2.65096
2.59202
2.37159
2.20669
2.18759
2.3104
2.47121
2.62498
2.76028
2.69686
2.50679
2.46871
2.48312
2.40369
2.41087
2.48726
2.54502
2.59867
2.6004
2.6004
2.68768
2.68359
2.50668
2.23958
2.067
2.03616
2.09935
2.27346
2.45061
2.59599
2.52202
2.32938
2.29815
2.3497
2.35479
2.41752
2.50994
2.56235
2.6004
2.6004
2.6004
2.80124
2.75478
2.46222
2.21813
2.08278
2.05527
2.09911
2.25579
2.40127
2.51867
2.51123
2.36113
2.3046
2.38558
2.43617
2.51035
2.57888
2.59975
2.60333
2.6004
2.6004
2.8194
2.77415
2.49898
2.30767
2.12899
2.02737
2.04492
2.22078
2.37331
2.4172
2.44019
2.43579
2.49461
2.56622
2.589
2.63234
2.66197
2.64258
2.60922
2.6004
2.6004
2.7359
2.70648
2.54871
2.40159
2.17699
2.029
2.02188
2.23007
2.46446
2.56005
2.61512
2.68611
2.75048
2.75478
2.72969
2.73005
2.71946
2.67025
2.61225
2.6004
2.6004
2.63076
2.5938
2.50747
2.39526
2.21947
2.08963
2.09344
2.29562
2.54914
2.72182
2.81652
2.8579
2.84415
2.7975
2.7639
2.7481
2.72055
2.6701
2.6121
2.6004
2.6004
2.59989
2.56203
2.51859
2.45092
2.35037
2.2747
2.28982
2.42616
2.59743
2.73549
2.81054
2.82091
2.78277
2.73077
2.7089
2.69657
2.67761
2.64509
2.60635
2.6004
2.6004
2.60337
2.58056
2.58561
2.58227
2.56212
2.53889
2.54122
2.58518
2.622
2.65817
2.67586
2.65618
2.62958
2.6028
2.60599
2.61494
2.60975
2.60665
2.6004
2.6004
2.6004
2.6004
2.6004
2.6004
2.6004
2.6004
2.6004
2.6004
2.6004
2.6004
2.6004
2.6004
2.6004
2.6004
2.6004
2.6004
2.6004
2.6004
2.6004
2.6004
2.6004
2.6331
2.6331
2.6331
2.6331
2.6331
2.6331
2.6331
2.6331
2.6331
2.6331
2.6331
2.6331
2.6331
2.6331
2.6331
2.6331
2.6331
2.6331
2.6331
2.6331
2.6331
2.6331
2.62425
2.58182
2.57239
2.57519
2.58265
2.61051
2.56953
2.592
2.64815
2.6121
2.58099
2.60725
2.64267
2.61254
2.63217
2.66322
2.61207
2.63008
2.6331
2.6331
2.6331
2.60883
2.54698
2.53613
2.55234
2.53569
2.50514
2.46616
2.48913
2.58046
2.63639
2.64159
2.67655
2.68975
2.64126
2.65459
2.66484
2.61795
2.6209
2.63008
2.6331
2.6331
2.64726
2.56314
2.55194
2.58958
2.58317
2.57649
2.50583
2.44807
2.54699
2.66353
2.70101
2.75986
2.75462
2.64219
2.64401
2.66098
2.60847
2.611
2.62732
2.6331
2.6331
2.6349
2.54204
2.54271
2.59348
2.65351
2.72015
2.59054
2.46022
2.49605
2.57441
2.6573
2.74244
2.72998
2.6059
2.60502
2.63451
2.59004
2.60079
2.62707
2.6331
2.6331
2.5842
2.4982
2.54468
2.56603
2.59264
2.69176
2.62451
2.53046
2.502
2.46664
2.49047
2.52512
2.52327
2.49392
2.53725
2.59538
2.57203
2.59197
2.62706
2.6331
2.6331
2.48682
2.41678
2.49643
2.48515
2.46608
2.58811
2.65437
2.63214
2.55451
2.45694
2.37826
2.36211
2.39773
2.45218
2.52304
2.57946
2.56614
2.58914
2.62708
2.6331
2.6331
2.46962
2.38022
2.44396
2.40821
2.40508
2.59623
2.76607
2.82335
2.71144
2.57593
2.46328
2.44482
2.52009
2.56537
2.59275
2.59932
2.57223
2.59066
2.62711
2.6331
2.6331
2.57405
2.47717
2.50076
2.43176
2.4397
2.71352
2.96036
3.08393
2.99432
2.87526
2.794
2.76764
2.81373
2.77208
2.69076
2.62382
2.58235
2.59484
2.62796
2.6331
2.6331
2.59434
2.52872
2.55393
2.57111
2.6092
2.88257
3.07615
3.16751
3.13606
3.08162
3.08867
3.04207
2.96846
2.85149
2.70407
2.60837
2.57738
2.59401
2.62909
2.6331
2.6331
2.59255
2.58317
2.63632
2.71617
2.77853
2.95668
3.01525
3.035
3.08119
3.11899
3.16224
3.04465
2.91019
2.80015
2.64728
2.56789
2.56149
2.58965
2.63001
2.6331
2.6331
2.63151
2.66483
2.69777
2.66256
2.64462
2.73659
2.81662
2.87304
2.95645
3.05277
3.03682
2.86481
2.75285
2.70146
2.57017
2.52368
2.54786
2.58842
2.63033
2.6331
2.6331
2.64334
2.68402
2.63304
2.45907
2.34356
2.36479
2.47715
2.63018
2.75639
2.8597
2.78397
2.60594
2.53742
2.53188
2.46415
2.48451
2.55354
2.59767
2.63323
2.6331
2.6331
2.71368
2.70895
2.56789
2.33953
2.18858
2.16651
2.24616
2.42949
2.59169
2.70459
2.61842
2.43416
2.37527
2.40535
2.41314
2.49059
2.58127
2.61749
2.63621
2.6331
2.6331
2.79075
2.75974
2.53882
2.31942
2.17582
2.12127
2.18109
2.3568
2.51128
2.6084
2.57011
2.42672
2.36584
2.42324
2.47422
2.56197
2.63931
2.6496
2.63914
2.6331
2.6331
2.8038
2.77975
2.57602
2.38863
2.20566
2.09156
2.12722
2.30617
2.46512
2.51677
2.51602
2.48863
2.51311
2.568
2.59497
2.65527
2.69975
2.67942
2.64226
2.6331
2.6331
2.74053
2.7261
2.61102
2.46224
2.25464
2.10528
2.11775
2.3097
2.51933
2.61305
2.65056
2.68553
2.71851
2.72375
2.71043
2.72795
2.73564
2.69621
2.64501
2.6331
2.6331
2.6586
2.63585
2.57252
2.46669
2.30808
2.18525
2.19962
2.37525
2.59017
2.73929
2.81146
2.82843
2.80774
2.76508
2.74077
2.73593
2.72684
2.68939
2.64202
2.6331
2.6331
2.64489
2.60897
2.57696
2.51593
2.42595
2.35683
2.37332
2.48943
2.63463
2.75861
2.81592
2.81444
2.77511
2.72407
2.70498
2.69967
2.69234
2.66834
2.63909
2.6331
2.6331
2.63309
2.61336
2.63007
2.62353
2.60337
2.58079
2.59424
2.62414
2.65422
2.69394
2.69888
2.68606
2.6618
2.62971
2.64164
2.64091
2.64607
2.63909
2.6331
2.6331
2.6331
2.6331
2.6331
2.6331
2.6331
2.6331
2.6331
2.6331
2.6331
2.6331
2.6331
2.6331
2.6331
2.6331
2.6331
2.6331
2.6331
2.6331
2.6331
2.6331
2.6331
2.6688
2.6688
2.6688
2.6688
2.6688
2.6688
2.6688
2.6688
2.6688
2.6688
2.6688
2.6688
2.6688
2.6688
2.6688
2.6688
2.6688
2.6688
2.6688
2.6688
2.6688
2.6688
2.6688
2.62833
2.62858
2.61112
2.63191
2.64089
2.60489
2.63142
2.6618
2.66302
2.63301
2.66339
2.68172
2.65123
2.67189
2.69257
2.6388
2.66504
2.6688
2.6688
2.6688
2.63555
2.59306
2.58337
2.58538
2.57205
2.54452
2.50888
2.53845
2.61227
2.66606
2.67601
2.71676
2.73049
2.68279
2.68629
2.6887
2.64245
2.65068
2.66424
2.6688
2.6688
2.68015
2.60252
2.58169
2.60141
2.59402
2.57989
2.51766
2.49756
2.58438
2.67632
2.71935
2.78942
2.79491
2.69612
2.6851
2.68419
2.62551
2.63614
2.65972
2.6688
2.6688
2.67294
2.57867
2.56491
2.59839
2.64116
2.681
2.58777
2.51301
2.55623
2.61199
2.68985
2.7819
2.78546
2.67551
2.65725
2.66482
2.60685
2.6255
2.65967
2.6688
2.6688
2.63479
2.53913
2.55616
2.58154
2.60436
2.67524
2.62616
2.57359
2.55849
2.52813
2.56968
2.62964
2.64611
2.60709
2.61223
2.63501
2.59327
2.61915
2.65966
2.6688
2.6688
2.5654
2.47944
2.51845
2.52555
2.52027
2.61958
2.66669
2.66105
2.59923
2.52109
2.49469
2.51308
2.55933
2.58546
2.60735
2.62426
2.59253
2.61909
2.65979
2.6688
2.6688
2.55924
2.46453
2.49832
2.48586
2.49188
2.64964
2.77916
2.82518
2.72913
2.62606
2.57327
2.58715
2.66134
2.67986
2.66486
2.63852
2.59975
2.62193
2.65984
2.6688
2.6688
2.62443
2.54178
2.56005
2.51636
2.53728
2.76384
2.95388
3.04197
2.94422
2.86208
2.83005
2.83743
2.8843
2.83878
2.74041
2.65286
2.60488
2.62425
2.66076
2.6688
2.6688
2.64404
2.59552
2.62121
2.63335
2.68482
2.9224
3.07303
3.1234
3.06463
3.03696
3.06431
3.0456
2.99415
2.88721
2.74032
2.63999
2.60186
2.62538
2.66137
2.6688
2.6688
2.65525
2.64845
2.69073
2.75211
2.82104
2.99897
3.047
3.03983
3.03727
3.06927
3.11233
3.03296
2.9232
2.82486
2.68421
2.61071
2.6007
2.62857
2.66284
2.6688
2.6688
2.67894
2.70714
2.72669
2.71359
2.73364
2.84217
2.89645
2.91313
2.95468
3.01941
3.00469
2.87642
2.77256
2.72846
2.61324
2.58028
2.60433
2.63532
2.66593
2.6688
2.6688
2.69755
2.7202
2.68064
2.55859
2.49894
2.54345
2.62652
2.72727
2.81513
2.88317
2.80907
2.66108
2.58917
2.58688
2.53242
2.56029
2.62093
2.64971
2.66976
2.6688
2.6688
2.74368
2.74231
2.64043
2.46915
2.36443
2.35869
2.4214
2.56351
2.68915
2.76326
2.67634
2.51664
2.45451
2.4781
2.48975
2.56769
2.65071
2.66952
2.67479
2.6688
2.6688
2.81761
2.78894
2.63222
2.45427
2.33643
2.28952
2.33376
2.48021
2.61701
2.6824
2.63484
2.50017
2.44073
2.48616
2.53209
2.61488
2.69196
2.69222
2.67699
2.6688
2.6688
2.82536
2.80327
2.66555
2.50538
2.35182
2.25581
2.28046
2.43123
2.56762
2.60782
2.59674
2.55092
2.55066
2.59187
2.6191
2.67723
2.72572
2.70951
2.67773
2.6688
2.6688
2.76854
2.75473
2.68212
2.55558
2.39024
2.26886
2.27711
2.43585
2.59997
2.67148
2.69165
2.695
2.70566
2.70422
2.69761
2.72129
2.74064
2.71537
2.67771
2.6688
2.6688
2.70949
2.68309
2.64317
2.55754
2.43403
2.33592
2.34229
2.48135
2.6472
2.76377
2.81144
2.80746
2.78024
2.73838
2.71845
2.72219
2.72577
2.70626
2.67471
2.6688
2.6688
2.66692
2.65384
2.63373
2.58952
2.52351
2.46634
2.47347
2.55989
2.67454
2.77555
2.81868
2.80709
2.76916
2.72034
2.70213
2.70042
2.70025
2.68972
2.6717
2.6688
2.6688
2.66879
2.6592
2.6618
2.65329
2.65331
2.63395
2.64025
2.65793
2.67965
2.7171
2.72834
2.71284
2.69528
2.66345
2.66648
2.6675
2.6747
2.6717
2.6688
2.6688
2.6688
2.6688
2.6688
2.6688
2.6688
2.6688
2.6688
2.6688
2.6688
2.6688
2.6688
2.6688
2.6688
2.6688
2.6688
2.6688
2.6688
2.6688
2.6688
2.6688
2.6688
2.7075
2.7075
2.7075
2.7075
2.7075
2.7075
2.7075
2.7075
2.7075
2.7075
2.7075
2.7075
2.7075
2.7075
2.7075
2.7075
2.7075
2.7075
2.7075
2.7075
2.7075
2.7075
2.69854
2.67251
2.68024
2.64407
2.68525
2.68587
2.68417
2.68274
2.69362
2.70982
2.68277
2.69597
2.69322
2.68345
2.70464
2.72253
2.69253
2.70449
2.7075
2.7075
2.7075
2.69199
2.65411
2.64448
2.63311
2.63574
2.61578
2.59588
2.61859
2.66984
2.71533
2.70921
2.73761
2.74624
2.70915
2.71421
2.71973
2.68949
2.69243
2.70449
2.7075
2.7075
2.69553
2.65491
2.63708
2.63858
2.64423
2.62592
2.57129
2.57455
2.64319
2.71838
2.74181
2.80341
2.80685
2.72443
2.71867
2.71271
2.66987
2.68042
2.70147
2.7075
2.7075
2.69123
2.64732
2.62113
2.63266
2.67625
2.69749
2.62049
2.57706
2.62786
2.6697
2.73436
2.815
2.81095
2.72316
2.70631
2.70239
2.65283
2.67326
2.69853
2.7075
2.7075
2.67407
2.61965
2.61554
2.63004
2.65227
2.69296
2.65539
2.61668
2.62646
2.60086
2.65557
2.70855
2.7158
2.69032
2.68713
2.68952
2.64575
2.66969
2.69854
2.7075
2.7075
2.64661
2.57507
2.59333
2.60565
2.60164
2.65193
2.68153
2.67879
2.63727
2.59793
2.61147
2.63278
2.65629
2.67626
2.68315
2.68577
2.65159
2.67158
2.70149
2.7075
2.7075
2.6075
2.56016
2.58982
2.58526
2.58647
2.67504
2.75183
2.79953
2.72428
2.67234
2.65835
2.68239
2.73884
2.74849
2.71912
2.68749
2.65257
2.67255
2.70151
2.7075
2.7075
2.65966
2.61894
2.63725
2.60294
2.61011
2.75844
2.8805
2.94629
2.8602
2.82191
2.81672
2.84552
2.89226
2.86753
2.77884
2.69478
2.65334
2.67391
2.70151
2.7075
2.7075
2.69592
2.66104
2.6916
2.68888
2.70934
2.87767
2.96629
2.99377
2.92126
2.91216
2.96269
2.97418
2.95802
2.89341
2.77659
2.68563
2.65737
2.67608
2.70152
2.7075
2.7075
2.70297
2.70219
2.73607
2.77213
2.81946
2.93839
2.95651
2.9163
2.89225
2.91584
2.98199
2.94609
2.87675
2.82529
2.72077
2.66508
2.65913
2.68
2.70216
2.7075
2.7075
2.71265
2.7457
2.75866
2.7495
2.78257
2.858
2.87086
2.84512
2.86749
2.89318
2.90166
2.83736
2.76425
2.75217
2.66439
2.65305
2.66947
2.68798
2.70454
2.7075
2.7075
2.71604
2.74947
2.72917
2.65438
2.63859
2.67305
2.70816
2.75229
2.79763
2.82158
2.77246
2.69049
2.64259
2.65592
2.6176
2.64171
2.68657
2.69979
2.70755
2.7075
2.7075
2.75641
2.76726
2.70765
2.60586
2.55408
2.56394
2.58485
2.65065
2.7254
2.7595
2.70643
2.59307
2.54948
2.57916
2.59017
2.64263
2.70409
2.71293
2.71053
2.7075
2.7075
2.82044
2.80889
2.71168
2.60578
2.53739
2.52787
2.53116
2.60972
2.6914
2.72544
2.69488
2.5896
2.54292
2.57907
2.61294
2.66814
2.72844
2.72539
2.7134
2.7075
2.7075
2.82246
2.81439
2.73274
2.63778
2.55129
2.50774
2.49557
2.58549
2.65886
2.68106
2.66878
2.62029
2.61611
2.64463
2.66146
2.70172
2.74194
2.73234
2.71339
2.7075
2.7075
2.7956
2.77673
2.73788
2.66938
2.57722
2.50902
2.49316
2.59737
2.68426
2.7265
2.72638
2.70971
2.71719
2.70892
2.69895
2.72065
2.74133
2.73129
2.71096
2.7075
2.7075
2.72943
2.72022
2.70322
2.66219
2.59541
2.53489
2.52346
2.60583
2.71143
2.78632
2.80653
2.79154
2.7658
2.72612
2.70838
2.71537
2.72397
2.72284
2.70806
2.7075
2.7075
2.69992
2.69406
2.68931
2.6693
2.63408
2.59011
2.58918
2.63864
2.72503
2.7832
2.81194
2.80102
2.76938
2.72933
2.71032
2.71396
2.71516
2.71574
2.70744
2.7075
2.7075
2.69847
2.69736
2.70407
2.69813
2.6961
2.68194
2.67953
2.68977
2.72937
2.7207
2.73408
2.75174
2.73363
2.71594
2.6937
2.70384
2.69542
2.70744
2.7075
2.7075
2.7075
2.7075
2.7075
2.7075
2.7075
2.7075
2.7075
2.7075
2.7075
2.7075
2.7075
2.7075
2.7075
2.7075
2.7075
2.7075
2.7075
2.7075
2.7075
2.7075
2.7075
2.7494
2.7494
2.7494
2.7494
2.7494
2.7494
2.7494
2.7494
2.7494
2.7494
2.7494
2.7494
2.7494
2.7494
2.7494
2.7494
2.7494
2.7494
2.7494
2.7494
2.7494
2.7494
2.7494
2.74304
2.72842
2.73137
2.75238
2.75841
2.74041
2.74341
2.74306
2.74338
2.75841
2.74338
2.73741
2.75874
2.74936
2.74937
2.75844
2.7494
2.7494
2.7494
2.7494
2.74339
2.7324
2.72815
2.71196
2.73689
2.72989
2.70425
2.7175
2.74955
2.77939
2.73078
2.74196
2.76288
2.73272
2.74346
2.76815
2.74639
2.74639
2.7494
2.7494
2.7494
2.74038
2.73477
2.73095
2.73047
2.75835
2.72502
2.66763
2.69479
2.73281
2.81067
2.75277
2.79958
2.80498
2.7128
2.76146
2.76436
2.74424
2.74337
2.7494
2.7494
2.7494
2.74341
2.76941
2.71705
2.69704
2.78787
2.82406
2.70608
2.6686
2.71351
2.75906
2.77187
2.85037
2.81965
2.72462
2.75241
2.75844
2.71343
2.74043
2.7494
2.7494
2.7494
2.73136
2.74749
2.72172
2.72415
2.76693
2.78905
2.73145
2.69653
2.74657
2.6807
2.74727
2.74876
2.73241
2.73739
2.75948
2.77644
2.70743
2.74044
2.7494
2.7494
2.7494
2.73443
2.70727
2.72936
2.74286
2.70872
2.71085
2.74168
2.73435
2.69082
2.69215
2.73312
2.70817
2.68528
2.72193
2.7507
2.78048
2.72541
2.74339
2.7494
2.7494
2.7494
2.73405
2.6684
2.72732
2.72211
2.72885
2.70454
2.70823
2.80546
2.71788
2.70081
2.70742
2.70852
2.75572
2.76777
2.74161
2.74707
2.71641
2.74341
2.7494
2.7494
2.7494
2.73033
2.72265
2.75543
2.69131
2.65075
2.73406
2.78251
2.83966
2.74742
2.76583
2.74236
2.78237
2.84767
2.8526
2.79784
2.73476
2.71355
2.74341
2.7494
2.7494
2.7494
2.73736
2.70137
2.7804
2.73776
2.65331
2.78424
2.79426
2.83468
2.7299
2.74701
2.8158
2.84604
2.87964
2.83645
2.79163
2.71615
2.73777
2.74342
2.7494
2.7494
2.7494
2.72536
2.73094
2.77199
2.80119
2.79253
2.8357
2.83039
2.68969
2.72441
2.69581
2.82665
2.81664
2.76757
2.78098
2.73905
2.71913
2.74708
2.74356
2.7494
2.7494
2.7494
2.74339
2.78732
2.80126
2.77722
2.8286
2.8098
2.778
2.69567
2.78203
2.75379
2.78975
2.76908
2.72288
2.80008
2.70485
2.75128
2.75104
2.74644
2.7494
2.7494
2.7494
2.76106
2.77621
2.77549
2.7411
2.75097
2.72251
2.73276
2.73968
2.76495
2.76237
2.70908
2.71198
2.70455
2.76649
2.72064
2.75035
2.76553
2.74945
2.7494
2.7494
2.7494
2.75698
2.78939
2.75973
2.74241
2.72838
2.75489
2.74775
2.73359
2.74339
2.75371
2.74258
2.65686
2.66179
2.72878
2.72797
2.73816
2.75997
2.75243
2.7494
2.7494
2.7494
2.77641
2.82883
2.75071
2.74788
2.7076
2.78918
2.75616
2.75768
2.75156
2.7704
2.77756
2.69498
2.67243
2.71781
2.72115
2.74821
2.7694
2.7554
2.7494
2.7494
2.7494
2.78543
2.82321
2.75852
2.76817
2.75667
2.77434
2.71126
2.75959
2.73854
2.7208
2.72497
2.68203
2.71507
2.75765
2.72841
2.75037
2.77013
2.75529
2.7494
2.7494
2.7494
2.77937
2.77283
2.76971
2.7865
2.76703
2.74428
2.71534
2.7798
2.76048
2.75863
2.75457
2.72045
2.77787
2.75784
2.72433
2.74715
2.75002
2.75286
2.7494
2.7494
2.7494
2.75241
2.74535
2.74795
2.76256
2.75749
2.74116
2.71638
2.72977
2.78007
2.80035
2.79718
2.78583
2.7778
2.74127
2.72506
2.73342
2.74056
2.74996
2.7494
2.7494
2.7494
2.74636
2.73089
2.7412
2.73778
2.74678
2.70756
2.7294
2.71804
2.77469
2.79502
2.81804
2.78256
2.7718
2.74553
2.74915
2.75173
2.7433
2.74934
2.7494
2.7494
2.7494
2.74942
2.7584
2.74945
2.74867
2.74041
2.7434
2.75844
2.73745
2.76442
2.74559
2.75841
2.75239
2.7524
2.75536
2.74935
2.74641
2.74496
2.7494
2.7494
2.7494
2.7494
2.7494
2.7494
2.7494
2.7494
2.7494
2.7494
2.7494
2.7494
2.7494
2.7494
2.7494
2.7494
2.7494
2.7494
2.7494
2.7494
2.7494
2.7494
2.7494
2.7494
2.7946
2.7946
2.7946
2.7946
2.7946
2.7946
2.7946
2.7946
2.7946
2.7946
2.7946
2.7946
2.7946
2.7946
2.7946
2.7946
2.7946
2.7946
2.7946
2.7946
2.7946
2.7946
2.7946
2.7946
2.7946
2.7946
2.7946
2.7946
2.7946
2.7946
2.7946
2.7946
2.7946
2.7946
2.7946
2.7946
2.7946
2.7946
2.7946
2.7946
2.7946
2.7946
2.7946
2.7946
2.7946
2.7946
2.7946
2.7946
2.7946
2.7946
2.7946
2.7946
2.7946
2.7946
2.7946
2.7946
2.7946
2.7946
2.7946
2.7946
2.7946
2.7946
2.7946
2.7946
2.7946
2.7946
2.7946
2.7946
2.7946
2.7946
2.7946
2.7946
2.7946
2.7946
2.7946
2.7946
2.7946
2.7946
2.7946
2.7946
2.7946
2.7946
2.7946
2.7946
2.7946
2.7946
2.7946
2.7946
2.7946
2.7946
2.7946
2.7946
2.7946
2.7946
2.7946
2.7946
2.7946
2.7946
2.7946
2.7946
2.7946
2.7946
2.7946
2.7946
2.7946
2.7946
2.7946
2.7946
2.7946
2.7946
2.7946
2.7946
2.7946
2.7946
2.7946
2.7946
2.7946
2.7946
2.7946
2.7946
2.7946
2.7946
2.7946
2.7946
2.7946
2.7946
2.7946
2.7946
2.7946
2.7946
2.7946
2.7946
2.7946
2.7946
2.7946
2.7946
2.7946
2.7946
2.7946
2.7946
2.7946
2.7946
2.7946
2.7946
2.7946
2.7946
2.7946
2.7946
2.7946
2.7946
2.7946
2.7946
2.7946
2.7946
2.7946
2.7946
2.7946
2.7946
2.7946
2.7946
2.7946
2.7946
2.7946
2.7946
2.7946
2.7946
2.7946
2.7946
2.7946
2.7946
2.7946
2.7946
2.7946
2.7946
2.7946
2.7946
2.7946
2.7946
2.7946
2.7946
2.7946
2.7946
2.7946
2.7946
2.7946
2.7946
2.7946
2.7946
2.7946
2.7946
2.7946
2.7946
2.7946
2.7946
2.7946
2.7946
2.7946
2.7946
2.7946
2.7946
2.7946
2.7946
2.7946
2.7946
2.7946
2.7946
2.7946
2.7946
2.7946
2.7946
2.7946
2.7946
2.7946
2.7946
2.7946
2.7946
2.7946
2.7946
2.7946
2.7946
2.7946
2.7946
2.7946
2.7946
2.7946
2.7946
2.7946
2.7946
2.7946
2.7946
2.7946
2.7946
2.7946
2.7946
2.7946
2.7946
2.7946
2.7946
2.7946
2.7946
2.7946
2.7946
2.7946
2.7946
2.7946
2.7946
2.7946
2.7946
2.7946
2.7946
2.7946
2.7946
2.7946
2.7946
2.7946
2.7946
2.7946
2.7946
2.7946
2.7946
2.7946
2.7946
2.7946
2.7946
2.7946
2.7946
2.7946
2.7946
2.7946
2.7946
2.7946
2.7946
2.7946
2.7946
2.7946
2.7946
2.7946
2.7946
2.7946
2.7946
2.7946
2.7946
2.7946
2.7946
2.7946
2.7946
2.7946
2.7946
2.7946
2.7946
2.7946
2.7946
2.7946
2.7946
2.7946
2.7946
2.7946
2.7946
2.7946
2.7946
2.7946
2.7946
2.7946
2.7946
2.7946
2.7946
2.7946
2.7946
2.7946
2.7946
2.7946
2.7946
2.7946
2.7946
2.7946
2.7946
2.7946
2.7946
2.7946
2.7946
2.7946
2.7946
2.7946
2.7946
2.7946
2.7946
2.7946
2.7946
2.7946
2.7946
2.7946
2.7946
2.7946
2.7946
2.7946
2.7946
2.7946
2.7946
2.7946
2.7946
2.7946
2.7946
2.7946
2.7946
2.7946
2.7946
2.7946
2.7946
2.7946
2.7946
2.7946
2.7946
2.7946
2.7946
2.7946
2.7946
2.7946
2.7946
2.7946
2.7946
2.7946
2.7946
2.7946
2.7946
2.7946
2.7946
2.7946
2.7946
2.7946
2.7946
2.7946
2.7946
2.7946
2.7946
2.7946
2.7946
2.7946
2.7946
2.7946
2.7946
2.7946
2.7946
2.7946
2.7946
2.7946
2.7946
2.7946
2.7946
2.7946
2.7946
2.7946
2.7946
2.7946
2.7946
2.7946
2.7946
2.7946
2.7946
2.7946
2.7946
2.7946
2.7946
2.7946
2.7946
2.7946
2.7946
2.7946
2.7946
2.7946
2.7946
2.7946
2.7946
2.7946
2.7946
2.7946
2.7946
2.7946
2.7946
2.7946
2.7946
2.7946
2.7946
2.7946
2.7946
2.7946
2.7946
2.7946
2.7946
2.7946
2.7946
2.7946
2.7946
2.7946
2.7946
2.7946
2.7946
2.7946
2.7946
2.7946
2.7946
2.7946
