    97.500    22.500     4.000
    97.250    22.250     3.880
    97.250    22.750     3.880
    97.750    22.250     3.880
    97.750    22.750     3.880
    98.500    22.500     3.400
    98.250    22.250     3.520
    98.250    22.750     3.520
    98.750    22.250     3.520
    98.750    22.750     3.520
    99.500    22.500     4.000
    99.250    22.250     3.880
    99.250    22.750     3.880
    99.750    22.250     3.880
    99.750    22.750     3.880
   100.500    22.500     3.400
   100.250    22.250     3.520
   100.250    22.750     3.520
   100.750    22.250     3.520
   100.750    22.750     3.520
   101.500    22.500     4.000
   101.250    22.250     3.880
   101.250    22.750     3.880
   101.750    22.250     3.880
   101.750    22.750     3.880
    97.500    23.500     3.400
    97.250    23.250     3.520
    97.250    23.750     3.520
    97.750    23.250     3.520
    97.750    23.750     3.520
    98.500    23.500     4.000
    98.250    23.250     3.880
    98.250    23.750     3.880
    98.750    23.250     3.880
    98.750    23.750     3.880
    99.500    23.500     3.400
    99.250    23.250     3.520
    99.250    23.750     3.520
    99.750    23.250     3.520
    99.750    23.750     3.520
   100.500    23.500     4.000
   100.250    23.250     3.880
   100.250    23.750     3.880
   100.750    23.250     3.880
   100.750    23.750     3.880
   101.500    23.500     3.400
   101.250    23.250     3.520
   101.250    23.750     3.520
   101.750    23.250     3.520
   101.750    23.750     3.520
    97.500    24.500     4.000
    97.250    24.250     3.880
    97.250    24.750     3.880
    97.750    24.250     3.880
    97.750    24.750     3.880
    98.500    24.500     3.400
    98.250    24.250     3.520
    98.250    24.750     3.520
    98.750    24.250     3.520
    98.750    24.750     3.520
    99.500    24.500     4.000
    99.250    24.250     3.880
    99.250    24.750     3.880
    99.750    24.250     3.880
    99.750    24.750     3.880
   100.500    24.500     3.400
   100.250    24.250     3.520
   100.250    24.750     3.520
   100.750    24.250     3.520
   100.750    24.750     3.520
   101.500    24.500     4.000
   101.250    24.250     3.880
   101.250    24.750     3.880
   101.750    24.250     3.880
   101.750    24.750     3.880
    97.500    25.500     3.400
    97.250    25.250     3.520
    97.250    25.750     3.520
    97.750    25.250     3.520
    97.750    25.750     3.520
    98.500    25.500     4.000
    98.250    25.250     3.880
    98.250    25.750     3.880
    98.750    25.250     3.880
    98.750    25.750     3.880
    99.500    25.500     3.400
    99.250    25.250     3.520
    99.250    25.750     3.520
    99.750    25.250     3.520
    99.750    25.750     3.520
   100.500    25.500     4.000
   100.250    25.250     3.880
   100.250    25.750     3.880
   100.750    25.250     3.880
   100.750    25.750     3.880
   101.500    25.500     3.400
   101.250    25.250     3.520
   101.250    25.750     3.520
   101.750    25.250     3.520
   101.750    25.750     3.520
    97.500    26.500     4.000
    97.250    26.250     3.880
    97.250    26.750     3.880
    97.750    26.250     3.880
    97.750    26.750     3.880
    98.500    26.500     3.400
    98.250    26.250     3.520
    98.250    26.750     3.520
    98.750    26.250     3.520
    98.750    26.750     3.520
    99.500    26.500     4.000
    99.250    26.250     3.880
    99.250    26.750     3.880
    99.750    26.250     3.880
    99.750    26.750     3.880
   100.500    26.500     3.400
   100.250    26.250     3.520
   100.250    26.750     3.520
   100.750    26.250     3.520
   100.750    26.750     3.520
   101.500    26.500     4.000
   101.250    26.250     3.880
   101.250    26.750     3.880
   101.750    26.250     3.880
   101.750    26.750     3.880
