    97.000     27.000    24.234400 
    97.000     26.833    29.910200 
    97.000     26.667    36.440900 
    97.000     26.500    50.418900 
    97.000     26.333    55.643700 
    97.000     26.167    42.167100 
    97.000     26.000    79.547900 
    97.000     25.833    89.153900 
    97.000     25.667   106.056000 
    97.000     25.500   113.257000 
    97.000     25.333   117.179000 
    97.000     25.167   125.543000 
    97.000     25.000   123.176000 
    97.000     24.833   125.984000 
    97.000     24.667   114.889000 
    97.000     24.500   121.321000 
    97.000     24.333   129.123000 
    97.000     24.167   131.361000 
    97.000     24.000   143.741000 
    97.000     23.833   151.580000 
    97.000     23.667   143.833000 
    97.000     23.500   135.378000 
    97.000     23.333   129.291000 
    97.000     23.167   108.042000 
    97.000     23.000    99.248100 
    97.000     22.833    79.046800 
    97.000     22.667    83.572100 
    97.000     22.500    74.685900 
    97.000     22.333    73.810900 
    97.000     22.167    68.757000 
    97.000     22.000    81.811600 
    97.167     27.000     4.833160 
    97.167     26.833    -1.138360 
    97.167     26.667    17.226800 
    97.167     26.500    38.640100 
    97.167     26.333    50.360900 
    97.167     26.167    26.439200 
    97.167     26.000    58.968400 
    97.167     25.833    77.347700 
    97.167     25.667   103.635000 
    97.167     25.500   106.284000 
    97.167     25.333   132.357000 
    97.167     25.167   129.141000 
    97.167     25.000   124.574000 
    97.167     24.833   123.830000 
    97.167     24.667   119.504000 
    97.167     24.500   114.289000 
    97.167     24.333   127.692000 
    97.167     24.167   125.728000 
    97.167     24.000   122.272000 
    97.167     23.833   114.893000 
    97.167     23.667   107.544000 
    97.167     23.500   111.271000 
    97.167     23.333   109.216000 
    97.167     23.167   101.767000 
    97.167     23.000    94.408600 
    97.167     22.833    76.870600 
    97.167     22.667    64.460500 
    97.167     22.500    66.025300 
    97.167     22.333    66.745800 
    97.167     22.167    47.937900 
    97.167     22.000    55.780500 
    97.333     27.000    17.057500 
    97.333     26.833     0.536724 
    97.333     26.667    36.659300 
    97.333     26.500    29.468300 
    97.333     26.333    38.140100 
    97.333     26.167    30.348500 
    97.333     26.000    76.699800 
    97.333     25.833   109.215000 
    97.333     25.667   132.832000 
    97.333     25.500   114.347000 
    97.333     25.333   132.948000 
    97.333     25.167   120.756000 
    97.333     25.000   116.243000 
    97.333     24.833   101.130000 
    97.333     24.667    91.129300 
    97.333     24.500    93.128500 
    97.333     24.333   111.550000 
    97.333     24.167   110.394000 
    97.333     24.000   105.982000 
    97.333     23.833   108.469000 
    97.333     23.667    90.499100 
    97.333     23.500    82.237400 
    97.333     23.333   100.923000 
    97.333     23.167    99.455000 
    97.333     23.000    96.940400 
    97.333     22.833    92.986100 
    97.333     22.667    85.023700 
    97.333     22.500    78.869100 
    97.333     22.333    73.169300 
    97.333     22.167    51.846700 
    97.333     22.000    65.835800 
    97.500     27.000     3.108940 
    97.500     26.833    22.430400 
    97.500     26.667    43.408000 
    97.500     26.500    60.983000 
    97.500     26.333    43.068700 
    97.500     26.167    43.974300 
    97.500     26.000    71.492500 
    97.500     25.833   122.850000 
    97.500     25.667   134.563000 
    97.500     25.500   116.392000 
    97.500     25.333   108.382000 
    97.500     25.167    87.751400 
    97.500     25.000    86.048600 
    97.500     24.833    66.402100 
    97.500     24.667    41.318500 
    97.500     24.500    43.699600 
    97.500     24.333    65.789200 
    97.500     24.167    65.411400 
    97.500     24.000    64.660000 
    97.500     23.833    78.181100 
    97.500     23.667    63.787600 
    97.500     23.500    74.462800 
    97.500     23.333    87.964400 
    97.500     23.167   102.728000 
    97.500     23.000   100.131000 
    97.500     22.833    93.800100 
    97.500     22.667    86.742900 
    97.500     22.500    76.555300 
    97.500     22.333    75.746000 
    97.500     22.167    52.632900 
    97.500     22.000    67.126500 
    97.667     27.000     4.156430 
    97.667     26.833    23.053100 
    97.667     26.667    22.221100 
    97.667     26.500    49.441300 
    97.667     26.333    36.603000 
    97.667     26.167    49.318700 
    97.667     26.000    48.771600 
    97.667     25.833   112.760000 
    97.667     25.667   108.903000 
    97.667     25.500   100.354000 
    97.667     25.333    67.186700 
    97.667     25.167    38.336000 
    97.667     25.000    26.600200 
    97.667     24.833    15.407400 
    97.667     24.667    24.831900 
    97.667     24.500    13.271300 
    97.667     24.333    29.608500 
    97.667     24.167    42.492400 
    97.667     24.000    39.521900 
    97.667     23.833    37.787100 
    97.667     23.667    25.314100 
    97.667     23.500    43.760000 
    97.667     23.333    65.642600 
    97.667     23.167    72.027500 
    97.667     23.000    86.374600 
    97.667     22.833    88.685700 
    97.667     22.667    83.162000 
    97.667     22.500    70.653300 
    97.667     22.333    66.386300 
    97.667     22.167    37.179000 
    97.667     22.000    67.952500 
    97.833     27.000   -14.112500 
    97.833     26.833     1.848940 
    97.833     26.667     5.582730 
    97.833     26.500    24.020400 
    97.833     26.333    20.323400 
    97.833     26.167    25.802400 
    97.833     26.000    58.983900 
    97.833     25.833   104.139000 
    97.833     25.667    80.058800 
    97.833     25.500    65.297300 
    97.833     25.333    13.421300 
    97.833     25.167    19.202300 
    97.833     25.000    17.978900 
    97.833     24.833     2.439310 
    97.833     24.667    33.636200 
    97.833     24.500    13.066100 
    97.833     24.333    31.495500 
    97.833     24.167    43.295100 
    97.833     24.000    34.896500 
    97.833     23.833    27.309700 
    97.833     23.667    18.967100 
    97.833     23.500    37.836100 
    97.833     23.333    48.213600 
    97.833     23.167    64.982300 
    97.833     23.000    83.805600 
    97.833     22.833    86.283900 
    97.833     22.667    72.908000 
    97.833     22.500    60.858800 
    97.833     22.333    53.336800 
    97.833     22.167    50.009200 
    97.833     22.000    66.966100 
    98.000     27.000    16.373300 
    98.000     26.833   -29.214200 
    98.000     26.667     8.488630 
    98.000     26.500    11.347500 
    98.000     26.333     8.870720 
    98.000     26.167     9.111210 
    98.000     26.000    44.584800 
    98.000     25.833    35.031800 
    98.000     25.667    21.077800 
    98.000     25.500    15.221400 
    98.000     25.333   -19.313100 
    98.000     25.167     0.187832 
    98.000     25.000     9.360020 
    98.000     24.833    -1.528350 
    98.000     24.667    43.297000 
    98.000     24.500    35.965800 
    98.000     24.333    31.788400 
    98.000     24.167    36.806200 
    98.000     24.000    35.743200 
    98.000     23.833    10.417200 
    98.000     23.667    23.801400 
    98.000     23.500    41.440700 
    98.000     23.333    59.920600 
    98.000     23.167    68.823000 
    98.000     23.000    71.004200 
    98.000     22.833    73.877400 
    98.000     22.667    87.671300 
    98.000     22.500    57.779000 
    98.000     22.333    49.838500 
    98.000     22.167    50.019400 
    98.000     22.000    58.378400 
    98.167     27.000   -21.556300 
    98.167     26.833   -51.658100 
    98.167     26.667    -1.995070 
    98.167     26.500   -26.208100 
    98.167     26.333   -40.746800 
    98.167     26.167   -25.807400 
    98.167     26.000    32.464900 
    98.167     25.833     8.333300 
    98.167     25.667    16.501800 
    98.167     25.500   -26.694600 
    98.167     25.333   -12.802100 
    98.167     25.167   -13.289000 
    98.167     25.000   -11.586900 
    98.167     24.833   -14.504200 
    98.167     24.667     8.626440 
    98.167     24.500    14.490000 
    98.167     24.333    30.632800 
    98.167     24.167    56.396800 
    98.167     24.000    63.052400 
    98.167     23.833    43.696400 
    98.167     23.667    52.801400 
    98.167     23.500    45.837000 
    98.167     23.333    60.102100 
    98.167     23.167    56.756000 
    98.167     23.000    61.637400 
    98.167     22.833    58.239300 
    98.167     22.667    51.602700 
    98.167     22.500    44.954900 
    98.167     22.333    48.248500 
    98.167     22.167    62.783600 
    98.167     22.000    62.976100 
    98.333     27.000   -76.045600 
    98.333     26.833   -56.819900 
    98.333     26.667   -50.583700 
    98.333     26.500   -61.312200 
    98.333     26.333   -58.432100 
    98.333     26.167   -63.435300 
    98.333     26.000   -41.229100 
    98.333     25.833   -33.478800 
    98.333     25.667   -35.253100 
    98.333     25.500   -62.600200 
    98.333     25.333   -31.536400 
    98.333     25.167   -19.475600 
    98.333     25.000   -15.415400 
    98.333     24.833     0.245457 
    98.333     24.667    -0.730480 
    98.333     24.500     9.233590 
    98.333     24.333    30.936300 
    98.333     24.167    28.231000 
    98.333     24.000    28.594700 
    98.333     23.833    36.481200 
    98.333     23.667    43.909400 
    98.333     23.500    49.007600 
    98.333     23.333    67.969700 
    98.333     23.167    58.320000 
    98.333     23.000    67.570700 
    98.333     22.833    60.661700 
    98.333     22.667    44.575300 
    98.333     22.500    60.652400 
    98.333     22.333    61.766000 
    98.333     22.167    70.033700 
    98.333     22.000    71.244100 
    98.500     27.000  -105.578000 
    98.500     26.833   -59.808100 
    98.500     26.667   -94.756200 
    98.500     26.500   -81.602500 
    98.500     26.333   -77.056200 
    98.500     26.167   -89.852400 
    98.500     26.000   -70.787000 
    98.500     25.833   -59.636300 
    98.500     25.667   -39.616700 
    98.500     25.500   -60.778500 
    98.500     25.333   -22.947400 
    98.500     25.167   -25.380000 
    98.500     25.000   -11.330700 
    98.500     24.833    -0.500767 
    98.500     24.667    -6.237070 
    98.500     24.500    27.794600 
    98.500     24.333    24.180300 
    98.500     24.167    27.526300 
    98.500     24.000    31.103900 
    98.500     23.833    21.863200 
    98.500     23.667    53.077800 
    98.500     23.500    61.060600 
    98.500     23.333    63.747200 
    98.500     23.167    59.380800 
    98.500     23.000    63.365400 
    98.500     22.833    47.235200 
    98.500     22.667    47.015700 
    98.500     22.500    65.506500 
    98.500     22.333    65.394700 
    98.500     22.167    69.566300 
    98.500     22.000    77.506700 
    98.667     27.000  -130.652000 
    98.667     26.833  -107.804000 
    98.667     26.667  -111.048000 
    98.667     26.500   -92.819600 
    98.667     26.333   -99.339600 
    98.667     26.167   -63.699900 
    98.667     26.000   -67.220900 
    98.667     25.833   -48.310400 
    98.667     25.667   -36.850200 
    98.667     25.500   -53.138700 
    98.667     25.333   -11.781000 
    98.667     25.167    10.706500 
    98.667     25.000     6.844810 
    98.667     24.833    -6.225970 
    98.667     24.667     4.175470 
    98.667     24.500     8.952880 
    98.667     24.333    18.090700 
    98.667     24.167    21.648900 
    98.667     24.000    17.727400 
    98.667     23.833    24.430100 
    98.667     23.667    31.195300 
    98.667     23.500    30.018100 
    98.667     23.333    49.740600 
    98.667     23.167    61.472600 
    98.667     23.000    55.427900 
    98.667     22.833    49.205300 
    98.667     22.667    55.899000 
    98.667     22.500    66.087300 
    98.667     22.333    62.254100 
    98.667     22.167    61.499900 
    98.667     22.000    53.991800 
    98.833     27.000  -128.976000 
    98.833     26.833  -124.968000 
    98.833     26.667  -126.826000 
    98.833     26.500  -113.255000 
    98.833     26.333  -101.769000 
    98.833     26.167  -103.961000 
    98.833     26.000   -98.421700 
    98.833     25.833   -60.895500 
    98.833     25.667   -30.844200 
    98.833     25.500   -28.086800 
    98.833     25.333   -13.046000 
    98.833     25.167    -0.659138 
    98.833     25.000    11.030500 
    98.833     24.833     6.628030 
    98.833     24.667    11.970200 
    98.833     24.500    -7.720080 
    98.833     24.333     9.899810 
    98.833     24.167    10.589900 
    98.833     24.000    20.212700 
    98.833     23.833    32.333700 
    98.833     23.667    37.110600 
    98.833     23.500    44.554900 
    98.833     23.333    47.725500 
    98.833     23.167    50.025500 
    98.833     23.000    45.764700 
    98.833     22.833    35.957500 
    98.833     22.667    47.680500 
    98.833     22.500    56.875200 
    98.833     22.333    61.576900 
    98.833     22.167    64.989300 
    98.833     22.000    45.163600 
    99.000     27.000  -147.831000 
    99.000     26.833  -139.342000 
    99.000     26.667  -138.239000 
    99.000     26.500  -131.811000 
    99.000     26.333  -116.272000 
    99.000     26.167   -91.539900 
    99.000     26.000   -56.351200 
    99.000     25.833   -73.234100 
    99.000     25.667   -58.556900 
    99.000     25.500   -27.961000 
    99.000     25.333   -44.768000 
    99.000     25.167   -39.704600 
    99.000     25.000    -3.678420 
    99.000     24.833   -13.894000 
    99.000     24.667     0.201588 
    99.000     24.500    -3.376560 
    99.000     24.333    -7.658120 
    99.000     24.167   -11.319000 
    99.000     24.000   -15.379300 
    99.000     23.833     4.479470 
    99.000     23.667    15.540600 
    99.000     23.500    16.604900 
    99.000     23.333    21.804400 
    99.000     23.167    36.706800 
    99.000     23.000    33.463400 
    99.000     22.833     9.153880 
    99.000     22.667    34.464900 
    99.000     22.500    53.682700 
    99.000     22.333    46.142400 
    99.000     22.167    48.117600 
    99.000     22.000    63.388100 
    99.167     27.000  -134.177000 
    99.167     26.833  -124.076000 
    99.167     26.667  -136.793000 
    99.167     26.500  -146.450000 
    99.167     26.333  -118.565000 
    99.167     26.167   -93.779100 
    99.167     26.000   -63.968200 
    99.167     25.833   -46.579200 
    99.167     25.667   -89.370200 
    99.167     25.500   -32.700000 
    99.167     25.333   -37.057100 
    99.167     25.167   -45.932900 
    99.167     25.000   -17.644500 
    99.167     24.833   -25.250700 
    99.167     24.667    -9.868110 
    99.167     24.500    -5.369570 
    99.167     24.333    17.950100 
    99.167     24.167     5.083080 
    99.167     24.000   -12.928200 
    99.167     23.833    16.692800 
    99.167     23.667    13.933700 
    99.167     23.500    34.282200 
    99.167     23.333    23.783800 
    99.167     23.167    -5.225900 
    99.167     23.000    20.451200 
    99.167     22.833     9.404380 
    99.167     22.667    36.526300 
    99.167     22.500    36.078600 
    99.167     22.333    29.728400 
    99.167     22.167    45.889600 
    99.167     22.000    55.059600 
    99.333     27.000  -137.045000 
    99.333     26.833  -144.153000 
    99.333     26.667  -149.527000 
    99.333     26.500  -146.884000 
    99.333     26.333  -119.574000 
    99.333     26.167  -105.451000 
    99.333     26.000   -79.475100 
    99.333     25.833   -52.902300 
    99.333     25.667  -106.945000 
    99.333     25.500   -34.334300 
    99.333     25.333   -33.813100 
    99.333     25.167   -30.519700 
    99.333     25.000   -29.778900 
    99.333     24.833   -36.025700 
    99.333     24.667     7.082330 
    99.333     24.500    -3.714860 
    99.333     24.333    29.207700 
    99.333     24.167    -4.760170 
    99.333     24.000   -10.031600 
    99.333     23.833    10.806300 
    99.333     23.667    -0.270382 
    99.333     23.500    10.276100 
    99.333     23.333     6.944370 
    99.333     23.167     0.052280 
    99.333     23.000    11.400000 
    99.333     22.833    10.664500 
    99.333     22.667    34.233500 
    99.333     22.500    23.784800 
    99.333     22.333    44.854800 
    99.333     22.167    34.055400 
    99.333     22.000    45.567000 
    99.500     27.000  -154.979000 
    99.500     26.833  -142.644000 
    99.500     26.667  -142.547000 
    99.500     26.500  -160.211000 
    99.500     26.333  -111.416000 
    99.500     26.167  -112.391000 
    99.500     26.000   -82.014900 
    99.500     25.833   -68.289400 
    99.500     25.667   -64.953400 
    99.500     25.500   -40.781000 
    99.500     25.333   -41.819500 
    99.500     25.167   -36.995400 
    99.500     25.000   -25.226500 
    99.500     24.833   -35.955100 
    99.500     24.667   -22.221200 
    99.500     24.500    -4.232720 
    99.500     24.333     1.974590 
    99.500     24.167   -12.085600 
    99.500     24.000    -9.782610 
    99.500     23.833     8.779220 
    99.500     23.667    10.985700 
    99.500     23.500    12.949800 
    99.500     23.333    -5.375690 
    99.500     23.167    -0.035298 
    99.500     23.000    -3.589690 
    99.500     22.833    12.965600 
    99.500     22.667    40.603300 
    99.500     22.500    21.215600 
    99.500     22.333    32.846500 
    99.500     22.167    13.722200 
    99.500     22.000    34.801300 
    99.667     27.000  -151.037000 
    99.667     26.833  -138.939000 
    99.667     26.667  -139.261000 
    99.667     26.500  -156.571000 
    99.667     26.333  -110.066000 
    99.667     26.167  -107.216000 
    99.667     26.000   -82.724100 
    99.667     25.833   -90.159900 
    99.667     25.667   -71.308300 
    99.667     25.500   -51.070200 
    99.667     25.333   -49.994900 
    99.667     25.167   -70.674800 
    99.667     25.000   -28.733900 
    99.667     24.833   -35.190500 
    99.667     24.667   -38.851700 
    99.667     24.500    -9.720360 
    99.667     24.333    -3.060810 
    99.667     24.167     0.215832 
    99.667     24.000     1.199770 
    99.667     23.833   -17.897700 
    99.667     23.667    10.874500 
    99.667     23.500     9.448570 
    99.667     23.333   -11.378600 
    99.667     23.167   -12.886900 
    99.667     23.000    14.580500 
    99.667     22.833     9.617090 
    99.667     22.667    32.315800 
    99.667     22.500    20.157300 
    99.667     22.333    26.842300 
    99.667     22.167    24.093600 
    99.667     22.000    38.326500 
    99.833     27.000  -154.410000 
    99.833     26.833  -142.342000 
    99.833     26.667  -125.699000 
    99.833     26.500  -143.305000 
    99.833     26.333  -103.488000 
    99.833     26.167  -113.143000 
    99.833     26.000   -85.026900 
    99.833     25.833   -89.413500 
    99.833     25.667   -79.536400 
    99.833     25.500   -74.661800 
    99.833     25.333   -47.474100 
    99.833     25.167   -36.251300 
    99.833     25.000   -16.379000 
    99.833     24.833   -17.107300 
    99.833     24.667   -46.928700 
    99.833     24.500   -13.973300 
    99.833     24.333   -20.105000 
    99.833     24.167   -24.577200 
    99.833     24.000   -15.693100 
    99.833     23.833   -33.598900 
    99.833     23.667     4.624430 
    99.833     23.500    -3.755930 
    99.833     23.333     1.029620 
    99.833     23.167     1.331260 
    99.833     23.000     6.455710 
    99.833     22.833    14.088300 
    99.833     22.667    18.440800 
    99.833     22.500    22.354300 
    99.833     22.333    24.821500 
    99.833     22.167    30.058800 
    99.833     22.000    31.169100 
   100.000     27.000  -164.349000 
   100.000     26.833  -137.690000 
   100.000     26.667  -143.653000 
   100.000     26.500  -139.225000 
   100.000     26.333  -106.867000 
   100.000     26.167  -102.059000 
   100.000     26.000  -110.590000 
   100.000     25.833   -85.818200 
   100.000     25.667   -54.515800 
   100.000     25.500   -65.034600 
   100.000     25.333   -51.621900 
   100.000     25.167   -63.687100 
   100.000     25.000   -45.978900 
   100.000     24.833   -26.639400 
   100.000     24.667   -63.779700 
   100.000     24.500   -42.882300 
   100.000     24.333   -23.947000 
   100.000     24.167   -17.536300 
   100.000     24.000   -31.356600 
   100.000     23.833   -30.500500 
   100.000     23.667   -32.498500 
   100.000     23.500   -15.999200 
   100.000     23.333    10.661600 
   100.000     23.167    -0.116802 
   100.000     23.000     7.235900 
   100.000     22.833    13.335500 
   100.000     22.667    23.547500 
   100.000     22.500    28.908200 
   100.000     22.333    19.087900 
   100.000     22.167    14.279400 
   100.000     22.000    28.017300 
   100.167     27.000  -151.580000 
   100.167     26.833  -128.618000 
   100.167     26.667  -128.357000 
   100.167     26.500  -109.357000 
   100.167     26.333   -85.176600 
   100.167     26.167   -81.902600 
   100.167     26.000   -99.978500 
   100.167     25.833  -109.179000 
   100.167     25.667   -65.890500 
   100.167     25.500   -66.705700 
   100.167     25.333   -69.129900 
   100.167     25.167   -51.492900 
   100.167     25.000   -35.873300 
   100.167     24.833    -2.417750 
   100.167     24.667   -47.203700 
   100.167     24.500   -16.828800 
   100.167     24.333   -36.891500 
   100.167     24.167   -41.531500 
   100.167     24.000   -18.827800 
   100.167     23.833   -26.520200 
   100.167     23.667    -6.545910 
   100.167     23.500    -4.553300 
   100.167     23.333     0.338779 
   100.167     23.167    14.119400 
   100.167     23.000    18.047200 
   100.167     22.833    30.103700 
   100.167     22.667     2.239070 
   100.167     22.500    32.437200 
   100.167     22.333    38.219000 
   100.167     22.167    35.053900 
   100.167     22.000    33.985600 
   100.333     27.000  -123.674000 
   100.333     26.833  -134.149000 
   100.333     26.667  -135.274000 
   100.333     26.500   -79.321000 
   100.333     26.333   -87.902100 
   100.333     26.167   -90.423200 
   100.333     26.000   -82.930900 
   100.333     25.833   -72.376700 
   100.333     25.667   -74.946800 
   100.333     25.500   -63.681600 
   100.333     25.333   -77.277900 
   100.333     25.167   -56.048600 
   100.333     25.000   -44.921600 
   100.333     24.833   -16.966500 
   100.333     24.667   -49.721200 
   100.333     24.500   -29.474000 
   100.333     24.333   -18.561200 
   100.333     24.167   -43.601300 
   100.333     24.000    -3.668060 
   100.333     23.833   -14.933800 
   100.333     23.667     0.358524 
   100.333     23.500     1.416130 
   100.333     23.333     1.825670 
   100.333     23.167    19.370700 
   100.333     23.000    29.866700 
   100.333     22.833    42.061200 
   100.333     22.667    36.066900 
   100.333     22.500    33.771700 
   100.333     22.333    39.324000 
   100.333     22.167    33.793100 
   100.333     22.000    28.810800 
   100.500     27.000  -155.002000 
   100.500     26.833  -145.347000 
   100.500     26.667   -93.998900 
   100.500     26.500   -62.932800 
   100.500     26.333   -78.956900 
   100.500     26.167   -75.388500 
   100.500     26.000   -57.867800 
   100.500     25.833   -35.788500 
   100.500     25.667   -50.395900 
   100.500     25.500   -64.269100 
   100.500     25.333   -61.224000 
   100.500     25.167   -54.762300 
   100.500     25.000   -42.447900 
   100.500     24.833   -20.619600 
   100.500     24.667   -31.132800 
   100.500     24.500   -45.871100 
   100.500     24.333     8.973540 
   100.500     24.167   -11.219600 
   100.500     24.000     1.688100 
   100.500     23.833   -11.236400 
   100.500     23.667     6.201420 
   100.500     23.500     3.765870 
   100.500     23.333    24.392000 
   100.500     23.167    24.971300 
   100.500     23.000    26.820700 
   100.500     22.833    30.315700 
   100.500     22.667    30.871700 
   100.500     22.500    14.906300 
   100.500     22.333    32.173600 
   100.500     22.167    33.294100 
   100.500     22.000    26.059500 
   100.667     27.000  -123.217000 
   100.667     26.833  -109.807000 
   100.667     26.667   -87.302600 
   100.667     26.500   -88.605800 
   100.667     26.333   -82.016000 
   100.667     26.167   -69.757700 
   100.667     26.000   -73.637000 
   100.667     25.833   -63.686300 
   100.667     25.667   -45.105100 
   100.667     25.500   -60.727500 
   100.667     25.333   -47.181700 
   100.667     25.167   -44.405300 
   100.667     25.000   -37.345700 
   100.667     24.833   -37.078100 
   100.667     24.667   -30.250700 
   100.667     24.500   -45.188400 
   100.667     24.333     1.778030 
   100.667     24.167   -16.087300 
   100.667     24.000    -5.635830 
   100.667     23.833     3.937730 
   100.667     23.667    11.860100 
   100.667     23.500    -7.349970 
   100.667     23.333    10.709700 
   100.667     23.167    15.134600 
   100.667     23.000    34.589300 
   100.667     22.833    31.876600 
   100.667     22.667    42.060600 
   100.667     22.500    31.811600 
   100.667     22.333    49.854900 
   100.667     22.167    64.594100 
   100.667     22.000    56.941200 
   100.833     27.000  -121.963000 
   100.833     26.833  -103.009000 
   100.833     26.667  -103.587000 
   100.833     26.500   -84.348100 
   100.833     26.333   -78.518100 
   100.833     26.167   -87.989800 
   100.833     26.000   -68.598500 
   100.833     25.833   -69.751200 
   100.833     25.667   -59.954900 
   100.833     25.500   -57.625500 
   100.833     25.333   -53.719900 
   100.833     25.167   -47.239500 
   100.833     25.000   -28.193100 
   100.833     24.833   -50.954800 
   100.833     24.667   -32.035900 
   100.833     24.500   -21.486600 
   100.833     24.333   -23.013300 
   100.833     24.167    -2.469870 
   100.833     24.000    -7.713060 
   100.833     23.833   -13.797300 
   100.833     23.667    12.104900 
   100.833     23.500     2.866380 
   100.833     23.333    16.785500 
   100.833     23.167    15.918700 
   100.833     23.000    29.419800 
   100.833     22.833    26.865100 
   100.833     22.667    37.206300 
   100.833     22.500    34.088100 
   100.833     22.333    51.069500 
   100.833     22.167    59.373400 
   100.833     22.000    64.454900 
   101.000     27.000  -104.383000 
   101.000     26.833   -97.636100 
   101.000     26.667   -72.691000 
   101.000     26.500   -45.027300 
   101.000     26.333   -73.997400 
   101.000     26.167   -80.505700 
   101.000     26.000   -70.079800 
   101.000     25.833   -55.227300 
   101.000     25.667   -54.071500 
   101.000     25.500   -54.607000 
   101.000     25.333   -51.617000 
   101.000     25.167   -61.835200 
   101.000     25.000   -58.179700 
   101.000     24.833   -56.366900 
   101.000     24.667   -47.136300 
   101.000     24.500   -25.668600 
   101.000     24.333   -34.107700 
   101.000     24.167   -11.560200 
   101.000     24.000    -5.131620 
   101.000     23.833    -1.362270 
   101.000     23.667     4.468900 
   101.000     23.500   -11.396700 
   101.000     23.333     2.076840 
   101.000     23.167    12.343800 
   101.000     23.000     4.962250 
   101.000     22.833    22.184900 
   101.000     22.667    36.243800 
   101.000     22.500    33.105000 
   101.000     22.333    43.470800 
   101.000     22.167    52.458600 
   101.000     22.000    57.715900 
   101.167     27.000   -80.144600 
   101.167     26.833   -81.863500 
   101.167     26.667   -62.333600 
   101.167     26.500   -40.166500 
   101.167     26.333   -56.513500 
   101.167     26.167   -81.538300 
   101.167     26.000   -66.074600 
   101.167     25.833   -60.836800 
   101.167     25.667   -52.514300 
   101.167     25.500   -59.975900 
   101.167     25.333   -48.598000 
   101.167     25.167   -52.449000 
   101.167     25.000   -36.017600 
   101.167     24.833   -22.857900 
   101.167     24.667   -45.284400 
   101.167     24.500   -22.681900 
   101.167     24.333   -24.921900 
   101.167     24.167    -6.160080 
   101.167     24.000   -22.983100 
   101.167     23.833     0.355129 
   101.167     23.667    -1.187960 
   101.167     23.500    15.906500 
   101.167     23.333    11.941100 
   101.167     23.167    23.777700 
   101.167     23.000     3.759870 
   101.167     22.833    20.877600 
   101.167     22.667    27.615000 
   101.167     22.500    30.971800 
   101.167     22.333    45.236800 
   101.167     22.167    66.400700 
   101.167     22.000    62.770400 
   101.333     27.000   -84.766600 
   101.333     26.833   -21.013800 
   101.333     26.667   -44.208700 
   101.333     26.500   -38.212200 
   101.333     26.333   -54.464400 
   101.333     26.167   -61.067700 
   101.333     26.000   -59.641200 
   101.333     25.833   -58.062700 
   101.333     25.667   -53.295600 
   101.333     25.500   -59.364500 
   101.333     25.333   -44.814700 
   101.333     25.167   -40.403200 
   101.333     25.000   -29.458500 
   101.333     24.833   -25.507800 
   101.333     24.667   -30.699200 
   101.333     24.500   -17.884200 
   101.333     24.333    -0.527950 
   101.333     24.167    -6.817370 
   101.333     24.000   -24.388600 
   101.333     23.833     3.931740 
   101.333     23.667    -2.154670 
   101.333     23.500     5.986540 
   101.333     23.333    10.584300 
   101.333     23.167    10.618900 
   101.333     23.000    28.672900 
   101.333     22.833    24.069800 
   101.333     22.667    32.828900 
   101.333     22.500    38.769000 
   101.333     22.333    37.296100 
   101.333     22.167    63.301500 
   101.333     22.000    64.960700 
   101.500     27.000   -71.664500 
   101.500     26.833   -34.755500 
   101.500     26.667   -48.266600 
   101.500     26.500   -43.697000 
   101.500     26.333   -51.517300 
   101.500     26.167   -32.214200 
   101.500     26.000   -38.923000 
   101.500     25.833   -43.762900 
   101.500     25.667   -38.635800 
   101.500     25.500   -47.112000 
   101.500     25.333   -45.779800 
   101.500     25.167   -39.608800 
   101.500     25.000   -35.666900 
   101.500     24.833   -24.655200 
   101.500     24.667   -15.836900 
   101.500     24.500     1.849570 
   101.500     24.333    -5.552630 
   101.500     24.167     3.653770 
   101.500     24.000   -12.151300 
   101.500     23.833     5.668510 
   101.500     23.667     7.662820 
   101.500     23.500    -1.745600 
   101.500     23.333    18.441200 
   101.500     23.167    16.201300 
   101.500     23.000    30.136800 
   101.500     22.833    24.488400 
   101.500     22.667    38.114200 
   101.500     22.500    36.143900 
   101.500     22.333    29.678600 
   101.500     22.167    58.134500 
   101.500     22.000    56.114700 
   101.667     27.000   -52.689200 
   101.667     26.833   -51.615400 
   101.667     26.667   -55.977400 
   101.667     26.500   -22.258800 
   101.667     26.333   -31.100000 
   101.667     26.167   -14.396800 
   101.667     26.000   -26.319000 
   101.667     25.833   -42.088200 
   101.667     25.667   -38.247600 
   101.667     25.500   -43.523100 
   101.667     25.333   -43.612300 
   101.667     25.167   -39.253300 
   101.667     25.000   -35.573600 
   101.667     24.833   -27.169900 
   101.667     24.667   -19.188800 
   101.667     24.500    -2.161200 
   101.667     24.333   -24.773300 
   101.667     24.167    24.417900 
   101.667     24.000     3.363670 
   101.667     23.833    -3.729720 
   101.667     23.667     9.167440 
   101.667     23.500    -0.813717 
   101.667     23.333    27.578200 
   101.667     23.167     4.671700 
   101.667     23.000    25.972200 
   101.667     22.833    44.274200 
   101.667     22.667    42.982700 
   101.667     22.500    35.188300 
   101.667     22.333    35.038900 
   101.667     22.167    46.599300 
   101.667     22.000    50.953300 
   101.833     27.000   -68.348900 
   101.833     26.833   -29.660100 
   101.833     26.667   -28.957600 
   101.833     26.500    -9.415580 
   101.833     26.333   -20.533300 
   101.833     26.167   -13.172600 
   101.833     26.000   -28.552600 
   101.833     25.833   -46.933900 
   101.833     25.667   -39.235000 
   101.833     25.500   -34.895900 
   101.833     25.333   -35.644600 
   101.833     25.167   -32.979100 
   101.833     25.000   -34.150700 
   101.833     24.833   -21.615600 
   101.833     24.667   -19.021600 
   101.833     24.500   -15.515900 
   101.833     24.333   -16.553900 
   101.833     24.167   -15.046100 
   101.833     24.000     2.877440 
   101.833     23.833     5.193870 
   101.833     23.667     8.994680 
   101.833     23.500     1.106550 
   101.833     23.333    11.428000 
   101.833     23.167    -1.970330 
   101.833     23.000    28.192000 
   101.833     22.833    46.455600 
   101.833     22.667    39.067200 
   101.833     22.500    45.124900 
   101.833     22.333    44.214100 
   101.833     22.167    49.577600 
   101.833     22.000    42.940700 
   102.000     27.000   -20.912200 
   102.000     26.833   -25.479300 
   102.000     26.667   -26.829600 
   102.000     26.500   -35.793000 
   102.000     26.333   -27.748800 
   102.000     26.167   -18.612000 
   102.000     26.000   -12.368700 
   102.000     25.833   -35.811500 
   102.000     25.667   -40.982800 
   102.000     25.500   -32.016700 
   102.000     25.333   -39.032900 
   102.000     25.167   -31.658600 
   102.000     25.000   -31.362000 
   102.000     24.833   -24.601400 
   102.000     24.667   -23.100100 
   102.000     24.500   -24.465900 
   102.000     24.333   -11.687000 
   102.000     24.167   -16.324800 
   102.000     24.000    20.502300 
   102.000     23.833    18.858700 
   102.000     23.667     2.939240 
   102.000     23.500    -3.953940 
   102.000     23.333     8.252800 
   102.000     23.167    17.805900 
   102.000     23.000    10.117700 
   102.000     22.833    42.114200 
   102.000     22.667    41.514200 
   102.000     22.500    34.956700 
   102.000     22.333    43.293300 
   102.000     22.167    53.635500 
   102.000     22.000    58.992600 
