98.0301505705, 29.1130006554
98.0892852815, 29.0412097107
98.1878431333, 28.9335232937
98.227266274, 28.8078891406
98.3061125554, 28.7181504597
98.345535696, 28.6104640427
98.4046704071, 28.5027776257
98.4638051181, 28.3771434726
98.5229398292, 28.2874047917
98.5623629699, 28.1797183747
98.5820745402, 28.0540842215
98.6214976809, 27.9284500684
98.6412092513, 27.8028159152
98.7003439623, 27.6592340259
98.7791902437, 27.5874430812
98.8777480954, 27.4438611919
98.9171712361, 27.3002793025
98.9171712361, 27.1566974132
98.9368828065, 27.03106326
98.9368828065, 26.8695336345
98.9763059472, 26.708004009
98.9565943768, 26.5644221197
98.9763059472, 26.4387879665
98.9565943768, 26.2952060771
98.9368828065, 26.169571924
98.8974596658, 26.061885507
98.8777480954, 25.95419909
98.8777480954, 25.8106172006
98.8974596658, 25.6670353113
98.8777480954, 25.5414011581
98.9111612334, 25.4171191225
98.9246245012, 25.2945336695
98.9111612334, 25.1106554901
98.9784775723, 24.9512944013
98.9784775723, 24.8409674936
98.8842346979, 24.7306405859
98.7226754846, 24.6448307689
98.6015060746, 24.5835380424
98.520726468, 24.5590209518
98.4130203258, 24.4609525894
98.3053141836, 24.3751427724
98.1706815058, 24.2893329553
98.0629753636, 24.2280402288
97.982195757, 24.1667475023
 NAN NAN
98.609853684, 29.0877812123
98.6307032414, 29.0118456376
98.6515527988, 28.9169261693
98.6828271349, 28.8314986478
98.7036766923, 28.76505502
98.7245262497, 28.6891194454
98.7453758071, 28.5847080302
98.7870749219, 28.4897885619
98.8287740367, 28.3853771468
98.8808979302, 28.2904576785
98.9121722663, 28.205030157
98.9538713811, 28.091126795
98.9747209385, 27.9867153799
99.026844832, 27.9012878584
99.0372696107, 27.7873844964
99.0789687255, 27.6734811345
99.0998182829, 27.5690697193
99.131092619, 27.4551663573
99.1727917338, 27.360246889
99.2040660699, 27.2463435271
99.1983798269, 27.1528622325
99.2405001449, 27.0569839817
99.2615603039, 26.970693556
99.2615603039, 26.855639655
99.2720903834, 26.7214101038
99.2720903834, 26.6063562029
99.2405001449, 26.4721266517
99.2299700654, 26.3474849256
99.2299700654, 26.2516066748
99.2089099064, 26.1077892986
99.2299700654, 25.9927353976
99.2615603039, 25.8680936716
99.2931505424, 25.7434519455
99.3247407809, 25.6379858696
99.3879212578, 25.5421076188
99.4195114963, 25.4174658927
99.4405716553, 25.3024119917
99.4826919733, 25.2352972162
99.5564025297, 25.1777702657
99.5985228477, 25.0914798399
99.6406431657, 25.0339528894
99.7248838016, 24.986013764
99.7880642786, 24.8997233383
99.8617748351, 24.8326085627
99.946015471, 24.7942572624
100.030256107, 24.7750816122
100.103966663, 24.7654937872
100.188207299, 24.7559059621
100.293508094, 24.7559059621
100.367218651, 24.746318137
100.440929207, 24.746318137
100.504109684, 24.6792033614
100.535699923, 24.6216764109
100.567290161, 24.5833251106
100.577820241, 24.5066225099
100.5988804, 24.4203320842
100.58835032, 24.3819807839
100.556760082, 24.2861025331
100.556760082, 24.2285755826
100.504109684, 24.161460807
100.461989366, 24.0655825562
100.37774873, 23.9792921304
100.356688571, 23.8738260545
100.325098333, 23.7683599786
100.304038174, 23.6533060777
100.251387776, 23.5574278268
100.230327617, 23.4519617509
100.219797538, 23.3848469754
100.209267458, 23.2793808995
100.230327617, 23.1739148236
100.209267458, 23.0876243978
100.251387776, 23.0013339721
100.304038174, 22.9150435464
100.335628412, 22.8383409457
100.367218651, 22.7616383451
100.461989366, 22.6753479193
100.546230002, 22.6274087939
100.619940559, 22.5794696685
100.672590956, 22.4835914177
100.735771433, 22.4356522923
100.841072228, 22.3781253418
100.914782784, 22.3301862164
100.99902342, 22.2918349161
101.072733977, 22.282247091
101.167504692, 22.1863688402
101.251745328, 22.1576053649
101.388636362, 22.0809027643
101.504467236, 22.052139289
101.599237952, 22.0137879887
 NAN NAN
99.2360764986, 29.1008212927
99.246636267, 29.0046727192
99.246636267, 28.9373687177
99.2043971934, 28.8700647162
99.1727178882, 28.7643012853
99.193837425, 28.6873824264
99.193837425, 28.5527744235
99.2255167302, 28.4566258499
99.2255167302, 28.3412475616
99.2360764986, 28.2354841307
99.2360764986, 28.1008761277
99.3099948774, 27.9951126968
99.4050327929, 27.8893492659
99.4050327929, 27.7739709776
99.4261523297, 27.6393629747
99.4683914033, 27.514369829
99.5000707085, 27.3893766834
99.5211902453, 27.2739983951
99.5739890873, 27.1490052495
99.5739890873, 27.0240121039
99.6162281608, 26.8894041009
99.6690270028, 26.7644109553
99.700706308, 26.6298029523
99.7429453816, 26.4951949493
NAN NAN
100.01749936, 26.1394452272
100.091417739, 26.081756083
100.133656812, 26.0144520815
100.186455654, 25.9086886506
100.260374033, 25.8413846491
100.323732643, 25.7452360756
100.376531485, 25.6010132152
100.439890096, 25.5337092137
100.461009632, 25.4375606402
100.492688938, 25.3702566387
100.54548778, 25.3029526372
100.587726853, 25.2548783504
100.651085464, 25.1395000622
100.735563611, 25.0241217739
100.820041758, 24.9664326298
100.893960137, 24.8991286283
100.978438284, 24.8318246268
101.052356663, 24.7741354826
101.084035968, 24.6972166238
101.179073883, 24.620297765
101.189633652, 24.5433789061
101.274111799, 24.4953046193
101.348030178, 24.4472303326
101.40082902, 24.3414669016
101.46418763, 24.2741629001
101.52754624, 24.2068588987
101.569785314, 24.1491697545
101.612024388, 24.081865753
101.685942766, 24.0145617515
101.770420914, 23.9664874648
101.833779524, 23.8703388912
101.897138134, 23.8222646044
101.99217605, 23.7645754603
102.129453039, 23.6684268867
102.182251881, 23.6107377426
102.25617026, 23.5722783132
102.361767944, 23.5530485985
102.446246091, 23.5242040264
102.52016447, 23.5049743117
102.594082848, 23.4761297396
102.668001227, 23.4472851676
102.731359838, 23.4280554528
102.794718448, 23.4376703102
102.868636827, 23.3799811661
102.9108759, 23.3319068793
103.027033353, 23.3126771646
103.079832195, 23.2549880204
103.164310342, 23.2069137337
103.259348257, 23.1780691616
103.37550571, 23.1588394469
103.43886432, 23.081920588
103.533902236, 23.0146165865
103.607820614, 22.9280828703
 NAN NAN
102.228441424, 29.1119611725
102.186084426, 29.0637526703
102.175495177, 28.9866190668
102.11195968, 28.9191271638
102.069602682, 28.8998437629
102.059013432, 28.8227101594
102.059013432, 28.7359348554
102.006067185, 28.6491595514
101.963710187, 28.5720259479
101.910763939, 28.4756089435
101.836639192, 28.4563255426
101.836639192, 28.3695502387
101.783692945, 28.2827749347
101.751925196, 28.2056413312
101.698978949, 28.1477911286
101.656621951, 28.0320907233
101.603675703, 27.9645988202
101.593086454, 27.8778235163
101.540140206, 27.8296150141
101.45542621, 27.7717648114
101.391890713, 27.6946312079
101.317765966, 27.6657061066
101.264819719, 27.6367810053
101.201284222, 27.5982142035
101.105980976, 27.5403640009
101.02126698, 27.4728720978
100.968320732, 27.3957384943
100.904785235, 27.3571716925
100.862428237, 27.2993214899
100.79889274, 27.2318295868
100.745946492, 27.1643376837
100.682410995, 27.1546959833
100.629464748, 27.0968457807
100.5765185, 27.0197121771
100.555340001, 26.9715036749
100.491804504, 26.9232951727
100.438858257, 26.8654449701
100.343555011, 26.7690279657
100.280019514, 26.7015360626
100.227073266, 26.5954773578
100.205894767, 26.4701352521
100.184716268, 26.3833599481
100.131770021, 26.2965846442
100.089413023, 26.2676595429
100.025877525, 26.1905259393
 NAN NAN
102.378259695, 29.0820405197
102.449567773, 29.0387556692
102.473337132, 28.9630071809
102.508991171, 28.8547950548
102.54464521, 28.735761716
102.556529889, 28.6491920151
102.580299248, 28.5301586763
102.639722646, 28.4760526132
102.675376685, 28.3570192745
102.722915403, 28.2704495736
102.794223481, 28.1622374474
102.877416238, 28.0215616834
102.889300918, 27.8808859194
102.913070277, 27.7510313681
102.948724316, 27.6644616671
102.996263034, 27.5346071158
103.008147714, 27.4047525644
103.008147714, 27.2532555878
103.008147714, 27.1991495247
 NAN NAN
103.036254097, 26.395417912
103.058301346, 26.325157467
103.091372219, 26.2147481964
103.091372219, 26.1043389258
103.091372219, 26.0039668616
103.091372219, 25.8734831781
103.135466716, 25.7128878754
103.124443092, 25.5723669855
103.102395843, 25.4117716827
103.102395843, 25.2913252057
103.058301346, 25.1909531415
103.036254097, 25.0303578387
102.981135976, 24.9199485681
102.937041479, 24.8296137103
102.892946981, 24.7493160589
102.881923357, 24.6589812011
102.83782886, 24.5686463434
 NAN NAN
104.381136261, 25.9638180359
104.370112637, 25.9035947974
104.359089013, 25.8132599396
104.314994516, 25.7630739075
104.259876394, 25.632590224
104.226805521, 25.562329779
104.182711024, 25.5121437469
104.149640151, 25.4318460956
104.083498405, 25.3515484442
104.050427532, 25.2812879993
103.984285787, 25.2311019671
103.918144041, 25.180915935
103.896096792, 25.1206926965
103.852002295, 25.0905810773
103.818931422, 25.0303578387
103.763813301, 24.9801718066
103.697671555, 24.9199485681
103.675624306, 24.8195765039
103.620506185, 24.7593532654
103.587435312, 24.6589812011
103.510269942, 24.608795169
103.45515182, 24.5786835498
103.422080948, 24.5184603113
103.37798645, 24.4481998663
103.333891953, 24.418088247
103.289797456, 24.3578650085
103.22365571, 24.2876045636
103.212632086, 24.2374185315
103.168537589, 24.1872324994
103.113419467, 24.1470836737
103.091372219, 24.0868604351
103.025230473, 24.0065627838
102.981135976, 23.9262651324
102.970112351, 23.845967481
102.903970606, 23.7556326233
102.870899733, 23.6853721783
 NAN NAN
102.011057038, 28.2322266871
102.033104286, 28.1619662421
102.033104286, 28.0816685907
102.055151535, 28.0013709394
102.066175159, 27.9009988752
102.099246032, 27.8106640174
102.099246032, 27.6801803339
102.088222408, 27.5798082697
102.077198784, 27.4392873798
102.044127911, 27.3288781092
102.044127911, 27.2586176642
102.044127911, 27.1482083936
102.022080662, 27.0377991229
102.000033413, 26.9173526459
102.022080662, 26.8069433753
102.000033413, 26.7366829303
101.966962541, 26.6262736597
101.977986165, 26.5459760083
101.944915292, 26.4355667377
101.944915292, 26.325157467
101.955938916, 26.2247854028
101.955938916, 26.1846365772
101.944915292, 26.0742273065
101.944915292, 25.9939296552
101.933891668, 25.8835203845
101.944915292, 25.8132599396
101.966962541, 25.7329622882
101.977986165, 25.6024786047
102.000033413, 25.5121437469
101.966962541, 25.4017344763
101.955938916, 25.2913252057
101.955938916, 25.2311019671
101.977986165, 25.1407671094
101.989009789, 25.0403950451
102.011057038, 24.9199485681
102.011057038, 24.8797997424
102.044127911, 24.7794276782
102.022080662, 24.6489439947
102.099246032, 24.5786835498
 NAN NAN
103.097213019, 24.8710160347
103.076967611, 24.7880639155
103.036476797, 24.7235456006
103.026354093, 24.6313765793
103.036476797, 24.5576413622
103.056722204, 24.4654723409
103.066844908, 24.3733033196
103.107335722, 24.2903512004
103.117458426, 24.2350497876
103.117458426, 24.1428807663
 NAN NAN
100.890463619, 25.4055963583
100.92083173, 25.3687287498
100.971445248, 25.3318611412
101.052426878, 25.3042104349
101.1131631, 25.2857766306
101.184022025, 25.2212583157
101.254880951, 25.175173805
101.33586258, 25.1659569029
101.426966913, 25.1198723922
101.477580432, 25.0737878816
101.538316654, 25.0184864688
101.599052876, 24.9816188603
101.659789098, 24.9171005453
101.750893431, 24.8802329368
101.841997764, 24.8341484262
101.902733986, 24.7880639155
101.933102097, 24.7143286984
102.034329134, 24.6682441878
102.105188059, 24.5945089707
102.155801578, 24.5668582643
102.176046985, 24.4839061452
102.246905911, 24.3640864175
102.226660503, 24.2811342983
102.246905911, 24.1797483748
102.287396725, 24.0875793535
102.368378355, 24.0230610386
102.398746466, 23.9401089194
102.43923728, 23.8848075066
102.510096206, 23.8479398981
102.591077835, 23.7834215832
102.672059465, 23.7281201704
102.783409205, 23.7281201704
102.945372464, 23.7096863661
 NAN NAN
102.975740575, 24.4654723409
102.965617871, 24.4193878302
102.925127056, 24.3364357111
102.874513538, 24.262700494
102.864390834, 24.188965277
102.803654612, 24.124446962
102.763163798, 24.0414948429
102.712550279, 23.9216751151
102.722672983, 23.8663737024
102.702427576, 23.8018553874
 NAN NAN
97.9143887402, 29.2766952535
97.9548795549, 29.1937431343
98.0358611842, 29.1200079172
 NAN NAN
98.531873664, 29.313562862
98.5521190713, 29.2306107428
98.592609886, 29.1107910151
 NAN NAN
99.1999721062, 29.2859121556
99.2303402172, 29.2029600364
99.2505856245, 29.0923572109
 NAN NAN
102.317764836, 29.2582614492
102.277274022, 29.2121769386
102.246905911, 29.1107910151
 NAN NAN
102.297519429, 29.2121769386
102.348132947, 29.1660924279
102.398746466, 29.0647065045
 NAN NAN
