97.000000 27.000000 3.411500
97.000000 26.750000 3.411500
97.000000 26.500000 3.411500
97.000000 26.250000 3.411500
97.000000 26.000000 3.411500
97.000000 25.750000 3.411500
97.000000 25.500000 3.411500
97.000000 25.250000 3.411500
97.000000 25.000000 3.411500
97.000000 24.750000 3.411500
97.000000 24.500000 3.411500
97.000000 24.250000 3.411500
97.000000 24.000000 3.411500
97.000000 23.750000 3.411500
97.000000 23.500000 3.411500
97.000000 23.250000 3.411500
97.000000 23.000000 3.411500
97.000000 22.750000 3.411500
97.000000 22.500000 3.411500
97.000000 22.250000 3.411500
97.000000 22.000000 3.411500
97.250000 27.000000 3.411500
97.250000 26.750000 3.411499
97.250000 26.500000 3.411109
97.250000 26.250000 3.410258
97.250000 26.000000 3.408289
97.250000 25.750000 3.404882
97.250000 25.500000 3.400719
97.250000 25.250000 3.397778
97.250000 25.000000 3.396363
97.250000 24.750000 3.378861
97.250000 24.500000 3.365829
97.250000 24.250000 3.383328
97.250000 24.000000 3.385174
97.250000 23.750000 3.394318
97.250000 23.500000 3.402511
97.250000 23.250000 3.406944
97.250000 23.000000 3.409589
97.250000 22.750000 3.410990
97.250000 22.500000 3.411470
97.250000 22.250000 3.411500
97.250000 22.000000 3.411500
97.500000 27.000000 3.411500
97.500000 26.750000 3.411108
97.500000 26.500000 3.402289
97.500000 26.250000 3.386589
97.500000 26.000000 3.359590
97.500000 25.750000 3.323114
97.500000 25.500000 3.287258
97.500000 25.250000 3.263968
97.500000 25.000000 3.248718
97.500000 24.750000 3.207686
97.500000 24.500000 3.190936
97.500000 24.250000 3.237481
97.500000 24.000000 3.256360
97.500000 23.750000 3.276962
97.500000 23.500000 3.303828
97.500000 23.250000 3.331982
97.500000 23.000000 3.358097
97.500000 22.750000 3.379829
97.500000 22.500000 3.397050
97.500000 22.250000 3.411470
97.500000 22.000000 3.411500
97.750000 27.000000 3.411500
97.750000 26.750000 3.411327
97.750000 26.500000 3.399010
97.750000 26.250000 3.373074
97.750000 26.000000 3.322516
97.750000 25.750000 3.249690
97.750000 25.500000 3.179574
97.750000 25.250000 3.145637
97.750000 25.000000 3.149942
97.750000 24.750000 3.103604
97.750000 24.500000 3.095466
97.750000 24.250000 3.184790
97.750000 24.000000 3.179660
97.750000 23.750000 3.179000
97.750000 23.500000 3.210620
97.750000 23.250000 3.259880
97.750000 23.000000 3.309199
97.750000 22.750000 3.350739
97.750000 22.500000 3.383709
97.750000 22.250000 3.411300
97.750000 22.000000 3.411500
98.000000 27.000000 3.411500
98.000000 26.750000 3.412600
98.000000 26.500000 3.405224
98.000000 26.250000 3.378806
98.000000 26.000000 3.310371
98.000000 25.750000 3.197362
98.000000 25.500000 3.090989
98.000000 25.250000 3.065013
98.000000 25.000000 3.120801
98.000000 24.750000 3.112162
98.000000 24.500000 3.148070
98.000000 24.250000 3.228550
98.000000 24.000000 3.158379
98.000000 23.750000 3.098051
98.000000 23.500000 3.122600
98.000000 23.250000 3.194291
98.000000 23.000000 3.267220
98.000000 22.750000 3.326819
98.000000 22.500000 3.372939
98.000000 22.250000 3.410990
98.000000 22.000000 3.411500
98.250000 27.000000 3.411500
98.250000 26.750000 3.415108
98.250000 26.500000 3.418232
98.250000 26.250000 3.407105
98.250000 26.000000 3.336246
98.250000 25.750000 3.183604
98.250000 25.500000 3.057933
98.250000 25.250000 3.088449
98.250000 25.000000 3.169007
98.250000 24.750000 3.178821
98.250000 24.500000 3.227001
98.250000 24.250000 3.239140
98.250000 24.000000 3.096129
98.250000 23.750000 3.001081
98.250000 23.500000 3.045161
98.250000 23.250000 3.147625
98.250000 23.000000 3.241271
98.250000 22.750000 3.313199
98.250000 22.500000 3.366989
98.250000 22.250000 3.410780
98.250000 22.000000 3.411500
98.500000 27.000000 3.411500
98.500000 26.750000 3.416595
98.500000 26.500000 3.417999
98.500000 26.250000 3.440091
98.500000 26.000000 3.397288
98.500000 25.750000 3.199045
98.500000 25.500000 3.056047
98.500000 25.250000 3.173106
98.500000 25.000000 3.270295
98.500000 24.750000 3.295974
98.500000 24.500000 3.262561
98.500000 24.250000 3.195830
98.500000 24.000000 3.032421
98.500000 23.750000 2.959550
98.500000 23.500000 3.032771
98.500000 23.250000 3.148167
98.500000 23.000000 3.243521
98.500000 22.750000 3.314380
98.500000 22.500000 3.367340
98.500000 22.250000 3.410890
98.500000 22.000000 3.411500
98.750000 27.000000 3.411500
98.750000 26.750000 3.402002
98.750000 26.500000 3.351566
98.750000 26.250000 3.402531
98.750000 26.000000 3.430345
98.750000 25.750000 3.208935
98.750000 25.500000 3.076309
98.750000 25.250000 3.315417
98.750000 25.000000 3.377125
98.750000 24.750000 3.419043
98.750000 24.500000 3.348070
98.750000 24.250000 3.204328
98.750000 24.000000 3.077715
98.750000 23.750000 3.073563
98.750000 23.500000 3.135867
98.750000 23.250000 3.206604
98.750000 23.000000 3.272161
98.750000 22.750000 3.327120
98.750000 22.500000 3.372140
98.750000 22.250000 3.411300
98.750000 22.000000 3.411500
99.000000 27.000000 3.411500
99.000000 26.750000 3.335652
99.000000 26.500000 3.175563
99.000000 26.250000 3.180819
99.000000 26.000000 3.325784
99.000000 25.750000 3.212100
99.000000 25.500000 3.155865
99.000000 25.250000 3.369932
99.000000 25.000000 3.444623
99.000000 24.750000 3.477813
99.000000 24.500000 3.413031
99.000000 24.250000 3.305792
99.000000 24.000000 3.207068
99.000000 23.750000 3.196343
99.000000 23.500000 3.226980
99.000000 23.250000 3.254990
99.000000 23.000000 3.295260
99.000000 22.750000 3.337250
99.000000 22.500000 3.375850
99.000000 22.250000 3.411560
99.000000 22.000000 3.411500
99.250000 27.000000 3.411500
99.250000 26.750000 3.316888
99.250000 26.500000 3.063310
99.250000 26.250000 3.005240
99.250000 26.000000 3.168124
99.250000 25.750000 3.209419
99.250000 25.500000 3.283956
99.250000 25.250000 3.476912
99.250000 25.000000 3.545305
99.250000 24.750000 3.519420
99.250000 24.500000 3.407879
99.250000 24.250000 3.257700
99.250000 24.000000 3.115109
99.250000 23.750000 3.091530
99.250000 23.500000 3.166642
99.250000 23.250000 3.232641
99.250000 23.000000 3.287530
99.250000 22.750000 3.334160
99.250000 22.500000 3.374560
99.250000 22.250000 3.411240
99.250000 22.000000 3.411500
99.500000 27.000000 3.411500
99.500000 26.750000 3.336322
99.500000 26.500000 3.046460
99.500000 26.250000 2.966345
99.500000 26.000000 3.050775
99.500000 25.750000 3.118932
99.500000 25.500000 3.294055
99.500000 25.250000 3.611232
99.500000 25.000000 3.736718
99.500000 24.750000 3.584280
99.500000 24.500000 3.350290
99.500000 24.250000 3.170670
99.500000 24.000000 3.129520
99.500000 23.750000 3.125870
99.500000 23.500000 3.145751
99.500000 23.250000 3.204871
99.500000 23.000000 3.268760
99.500000 22.750000 3.323850
99.500000 22.500000 3.369900
99.500000 22.250000 3.410660
99.500000 22.000000 3.411500
99.750000 27.000000 3.411500
99.750000 26.750000 3.326018
99.750000 26.500000 3.020830
99.750000 26.250000 2.870044
99.750000 26.000000 2.947309
99.750000 25.750000 3.132846
99.750000 25.500000 3.311031
99.750000 25.250000 3.573796
99.750000 25.000000 3.682141
99.750000 24.750000 3.512451
99.750000 24.500000 3.305877
99.750000 24.250000 3.151581
99.750000 24.000000 3.158901
99.750000 23.750000 3.110260
99.750000 23.500000 3.103733
99.750000 23.250000 3.174281
99.750000 23.000000 3.250830
99.750000 22.750000 3.314400
99.750000 22.500000 3.365760
99.750000 22.250000 3.410110
99.750000 22.000000 3.411500
100.000000 27.000000 3.411500
100.000000 26.750000 3.351423
100.000000 26.500000 3.087432
100.000000 26.250000 2.965927
100.000000 26.000000 3.024692
100.000000 25.750000 3.141397
100.000000 25.500000 3.246376
100.000000 25.250000 3.384567
100.000000 25.000000 3.508572
100.000000 24.750000 3.468662
100.000000 24.500000 3.320116
100.000000 24.250000 3.148311
100.000000 24.000000 3.155099
100.000000 23.750000 3.119249
100.000000 23.500000 3.097880
100.000000 23.250000 3.173540
100.000000 23.000000 3.251440
100.000000 22.750000 3.314810
100.000000 22.500000 3.365830
100.000000 22.250000 3.409970
100.000000 22.000000 3.411500
100.250000 27.000000 3.411500
100.250000 26.750000 3.375899
100.250000 26.500000 3.160073
100.250000 26.250000 3.068833
100.250000 26.000000 3.119574
100.250000 25.750000 3.114062
100.250000 25.500000 3.097698
100.250000 25.250000 3.101468
100.250000 25.000000 3.262340
100.250000 24.750000 3.393720
100.250000 24.500000 3.333723
100.250000 24.250000 3.192420
100.250000 24.000000 3.211750
100.250000 23.750000 3.239796
100.250000 23.500000 3.200750
100.250000 23.250000 3.228751
100.250000 23.000000 3.278940
100.250000 22.750000 3.328100
100.250000 22.500000 3.371360
100.250000 22.250000 3.410360
100.250000 22.000000 3.411500
100.500000 27.000000 3.411500
100.500000 26.750000 3.358551
100.500000 26.500000 3.169525
100.500000 26.250000 3.054799
100.500000 26.000000 3.104331
100.500000 25.750000 3.098681
100.500000 25.500000 3.084263
100.500000 25.250000 3.011261
100.500000 25.000000 3.028030
100.500000 24.750000 3.164609
100.500000 24.500000 3.170961
100.500000 24.250000 3.071540
100.500000 24.000000 3.123290
100.500000 23.750000 3.213429
100.500000 23.500000 3.245960
100.500000 23.250000 3.274580
100.500000 23.000000 3.309730
100.500000 22.750000 3.345750
100.500000 22.500000 3.379420
100.500000 22.250000 3.410910
100.500000 22.000000 3.411500
100.750000 27.000000 3.411500
100.750000 26.750000 3.388700
100.750000 26.500000 3.243339
100.750000 26.250000 3.149250
100.750000 26.000000 3.098381
100.750000 25.750000 3.019850
100.750000 25.500000 2.976402
100.750000 25.250000 2.937201
100.750000 25.000000 3.006792
100.750000 24.750000 3.173754
100.750000 24.500000 3.222072
100.750000 24.250000 3.151451
100.750000 24.000000 3.161069
100.750000 23.750000 3.228499
100.750000 23.500000 3.274610
100.750000 23.250000 3.306660
100.750000 23.000000 3.335220
100.750000 22.750000 3.362260
100.750000 22.500000 3.387490
100.750000 22.250000 3.411340
100.750000 22.000000 3.411500
101.000000 27.000000 3.411500
101.000000 26.750000 3.401174
101.000000 26.500000 3.299715
101.000000 26.250000 3.215672
101.000000 26.000000 3.135490
101.000000 25.750000 3.055711
101.000000 25.500000 2.996170
101.000000 25.250000 2.973739
101.000000 25.000000 3.064053
101.000000 24.750000 3.219970
101.000000 24.500000 3.296692
101.000000 24.250000 3.275641
101.000000 24.000000 3.261631
101.000000 23.750000 3.284449
101.000000 23.500000 3.311980
101.000000 23.250000 3.335800
101.000000 23.000000 3.357060
101.000000 22.750000 3.376640
101.000000 22.500000 3.394640
101.000000 22.250000 3.411580
101.000000 22.000000 3.411500
101.250000 27.000000 3.411500
101.250000 26.750000 3.406549
101.250000 26.500000 3.341671
101.250000 26.250000 3.281163
101.250000 26.000000 3.220805
101.250000 25.750000 3.164378
101.250000 25.500000 3.124069
101.250000 25.250000 3.119678
101.250000 25.000000 3.181628
101.250000 24.750000 3.277239
101.250000 24.500000 3.335190
101.250000 24.250000 3.339081
101.250000 24.000000 3.331390
101.250000 23.750000 3.336770
101.250000 23.500000 3.349240
101.250000 23.250000 3.363090
101.250000 23.000000 3.376600
101.250000 22.750000 3.389280
101.250000 22.500000 3.400860
101.250000 22.250000 3.411670
101.250000 22.000000 3.411500
101.500000 27.000000 3.411500
101.500000 26.750000 3.409450
101.500000 26.500000 3.376938
101.500000 26.250000 3.345257
101.500000 26.000000 3.313587
101.500000 25.750000 3.284778
101.500000 25.500000 3.265559
101.500000 25.250000 3.266468
101.500000 25.000000 3.297168
101.500000 24.750000 3.342229
101.500000 24.500000 3.372430
101.500000 24.250000 3.378870
101.500000 24.000000 3.376389
101.500000 23.750000 3.377099
101.500000 23.500000 3.381619
101.500000 23.250000 3.387830
101.500000 23.000000 3.394450
101.500000 22.750000 3.400730
101.500000 22.500000 3.406410
101.500000 22.250000 3.411640
101.500000 22.000000 3.411500
101.750000 27.000000 3.411500
101.750000 26.750000 3.411500
101.750000 26.500000 3.409450
101.750000 26.250000 3.407210
101.750000 26.000000 3.404290
101.750000 25.750000 3.401210
101.750000 25.500000 3.398630
101.750000 25.250000 3.397950
101.750000 25.000000 3.401880
101.750000 24.750000 3.408000
101.750000 24.500000 3.411380
101.750000 24.250000 3.411040
101.750000 24.000000 3.409910
101.750000 23.750000 3.409790
101.750000 23.500000 3.410240
101.750000 23.250000 3.410800
101.750000 23.000000 3.411280
101.750000 22.750000 3.411570
101.750000 22.500000 3.411640
101.750000 22.250000 3.411500
101.750000 22.000000 3.411500
102.000000 27.000000 3.411500
102.000000 26.750000 3.411500
102.000000 26.500000 3.411500
102.000000 26.250000 3.411500
102.000000 26.000000 3.411500
102.000000 25.750000 3.411500
102.000000 25.500000 3.411500
102.000000 25.250000 3.411500
102.000000 25.000000 3.411500
102.000000 24.750000 3.411500
102.000000 24.500000 3.411500
102.000000 24.250000 3.411500
102.000000 24.000000 3.411500
102.000000 23.750000 3.411500
102.000000 23.500000 3.411500
102.000000 23.250000 3.411500
102.000000 23.000000 3.411500
102.000000 22.750000 3.411500
102.000000 22.500000 3.411500
102.000000 22.250000 3.411500
102.000000 22.000000 3.411500
