0.0 2.0 4.0 6.0 8.0 10.0 15.0 20.0 25.0 30.0 35.0 40.0 45.0 50.0 55.0 60.0 
2.5000 2.5000 2.5000 2.5000 2.5000 2.5000 2.5000 2.5000 2.5000 2.5000 2.5000 2.5000 2.5000 2.5000 2.5000 2.5000 2.5000 2.5000 2.5000 2.5000 2.5000 
2.5000 2.5000 2.5000 2.5000 2.5000 2.5000 2.5000 2.5000 2.5000 2.5000 2.5000 2.5000 2.5000 2.5000 2.5000 2.5000 2.5000 2.5000 2.5000 2.5000 2.5000 
2.5000 2.5000 2.5000 2.5000 2.5000 2.5000 2.5000 2.5000 2.5000 2.5000 2.5000 2.5000 2.5000 2.5000 2.5000 2.5000 2.5000 2.5000 2.5000 2.5000 2.5000 
2.5000 2.5000 2.5000 2.5000 2.5000 2.5000 2.5000 2.5000 2.5000 2.5000 2.5000 2.5000 2.5000 2.5000 2.5000 2.5000 2.5000 2.5000 2.5000 2.5000 2.5000 
2.5000 2.5000 2.5000 2.5000 2.5000 2.5000 2.5000 2.5000 2.5000 2.5000 2.5000 2.5000 2.5000 2.5000 2.5000 2.5000 2.5000 2.5000 2.5000 2.5000 2.5000 
2.5000 2.5000 2.5000 2.5000 2.5000 2.5000 2.5000 2.5000 2.5000 2.5000 2.5000 2.5000 2.5000 2.5000 2.5000 2.5000 2.5000 2.5000 2.5000 2.5000 2.5000 
2.5000 2.5000 2.5000 2.5000 2.5000 2.5000 2.5000 2.5000 2.5000 2.5000 2.5000 2.5000 2.5000 2.5000 2.5000 2.5000 2.5000 2.5000 2.5000 2.5000 2.5000 
2.5000 2.5000 2.5000 2.5000 2.5000 2.5000 2.5000 2.5000 2.5000 2.5000 2.5000 2.5000 2.5000 2.5000 2.5000 2.5000 2.5000 2.5000 2.5000 2.5000 2.5000 
2.5000 2.5000 2.5000 2.5000 2.5000 2.5000 2.5000 2.5000 2.5000 2.5000 2.5000 2.5000 2.5000 2.5000 2.5000 2.5000 2.5000 2.5000 2.5000 2.5000 2.5000 
2.5000 2.5000 2.5000 2.5000 2.5000 2.5000 2.5000 2.5000 2.5000 2.5000 2.5000 2.5000 2.5000 2.5000 2.5000 2.5000 2.5000 2.5000 2.5000 2.5000 2.5000 
2.5000 2.5000 2.5000 2.5000 2.5000 2.5000 2.5000 2.5000 2.5000 2.5000 2.5000 2.5000 2.5000 2.5000 2.5000 2.5000 2.5000 2.5000 2.5000 2.5000 2.5000 
2.5000 2.5000 2.5000 2.5000 2.5000 2.5000 2.5000 2.5000 2.5000 2.5000 2.5000 2.5000 2.5000 2.5000 2.5000 2.5000 2.5000 2.5000 2.5000 2.5000 2.5000 
2.5000 2.5000 2.5000 2.5000 2.5000 2.5000 2.5000 2.5000 2.5000 2.5000 2.5000 2.5000 2.5000 2.5000 2.5000 2.5000 2.5000 2.5000 2.5000 2.5000 2.5000 
2.5000 2.5000 2.5000 2.5000 2.5000 2.5000 2.5000 2.5000 2.5000 2.5000 2.5000 2.5000 2.5000 2.5000 2.5000 2.5000 2.5000 2.5000 2.5000 2.5000 2.5000 
2.5000 2.5000 2.5000 2.5000 2.5000 2.5000 2.5000 2.5000 2.5000 2.5000 2.5000 2.5000 2.5000 2.5000 2.5000 2.5000 2.5000 2.5000 2.5000 2.5000 2.5000 
2.5000 2.5000 2.5000 2.5000 2.5000 2.5000 2.5000 2.5000 2.5000 2.5000 2.5000 2.5000 2.5000 2.5000 2.5000 2.5000 2.5000 2.5000 2.5000 2.5000 2.5000 
2.5000 2.5000 2.5000 2.5000 2.5000 2.5000 2.5000 2.5000 2.5000 2.5000 2.5000 2.5000 2.5000 2.5000 2.5000 2.5000 2.5000 2.5000 2.5000 2.5000 2.5000 
2.5000 2.5000 2.5000 2.5000 2.5000 2.5000 2.5000 2.5000 2.5000 2.5000 2.5000 2.5000 2.5000 2.5000 2.5000 2.5000 2.5000 2.5000 2.5000 2.5000 2.5000 
2.5000 2.5000 2.5000 2.5000 2.5000 2.5000 2.5000 2.5000 2.5000 2.5000 2.5000 2.5000 2.5000 2.5000 2.5000 2.5000 2.5000 2.5000 2.5000 2.5000 2.5000 
2.5000 2.5000 2.5000 2.5000 2.5000 2.5000 2.5000 2.5000 2.5000 2.5000 2.5000 2.5000 2.5000 2.5000 2.5000 2.5000 2.5000 2.5000 2.5000 2.5000 2.5000 
2.5000 2.5000 2.5000 2.5000 2.5000 2.5000 2.5000 2.5000 2.5000 2.5000 2.5000 2.5000 2.5000 2.5000 2.5000 2.5000 2.5000 2.5000 2.5000 2.5000 2.5000 
2.5400 2.5400 2.5400 2.5400 2.5400 2.5400 2.5400 2.5400 2.5400 2.5400 2.5400 2.5400 2.5400 2.5400 2.5400 2.5400 2.5400 2.5400 2.5400 2.5400 2.5400 
2.5400 2.5400 2.5400 2.5400 2.5400 2.5400 2.5400 2.5400 2.5400 2.5400 2.5400 2.5400 2.5400 2.5400 2.5400 2.5400 2.5400 2.5400 2.5400 2.5400 2.5400 
2.5400 2.5400 2.5400 2.5400 2.5400 2.5400 2.5400 2.5400 2.5400 2.5400 2.5400 2.5400 2.5400 2.5400 2.5400 2.5400 2.5400 2.5400 2.5400 2.5400 2.5400 
2.5400 2.5400 2.5400 2.5400 2.5400 2.5400 2.5400 2.5400 2.5400 2.5400 2.5400 2.5400 2.5400 2.5400 2.5400 2.5400 2.5400 2.5400 2.5400 2.5400 2.5400 
2.5400 2.5400 2.5400 2.5400 2.5400 2.5400 2.5400 2.5400 2.5400 2.5400 2.5400 2.5400 2.5400 2.5400 2.5400 2.5400 2.5400 2.5400 2.5400 2.5400 2.5400 
2.5400 2.5400 2.5400 2.5400 2.5400 2.5400 2.5400 2.5400 2.5400 2.5400 2.5400 2.5400 2.5400 2.5400 2.5400 2.5400 2.5400 2.5400 2.5400 2.5400 2.5400 
2.5400 2.5400 2.5400 2.5400 2.5400 2.5400 2.5400 2.5400 2.5400 2.5400 2.5400 2.5400 2.5400 2.5400 2.5400 2.5400 2.5400 2.5400 2.5400 2.5400 2.5400 
2.5400 2.5400 2.5400 2.5400 2.5400 2.5400 2.5400 2.5400 2.5400 2.5400 2.5400 2.5400 2.5400 2.5400 2.5400 2.5400 2.5400 2.5400 2.5400 2.5400 2.5400 
2.5400 2.5400 2.5400 2.5400 2.5400 2.5400 2.5400 2.5400 2.5400 2.5400 2.5400 2.5400 2.5400 2.5400 2.5400 2.5400 2.5400 2.5400 2.5400 2.5400 2.5400 
2.5400 2.5400 2.5400 2.5400 2.5400 2.5400 2.5400 2.5400 2.5400 2.5400 2.5400 2.5400 2.5400 2.5400 2.5400 2.5400 2.5400 2.5400 2.5400 2.5400 2.5400 
2.5400 2.5400 2.5400 2.5400 2.5400 2.5400 2.5400 2.5400 2.5400 2.5400 2.5400 2.5400 2.5400 2.5400 2.5400 2.5400 2.5400 2.5400 2.5400 2.5400 2.5400 
2.5400 2.5400 2.5400 2.5400 2.5400 2.5400 2.5400 2.5400 2.5400 2.5400 2.5400 2.5400 2.5400 2.5400 2.5400 2.5400 2.5400 2.5400 2.5400 2.5400 2.5400 
2.5400 2.5400 2.5400 2.5400 2.5400 2.5400 2.5400 2.5400 2.5400 2.5400 2.5400 2.5400 2.5400 2.5400 2.5400 2.5400 2.5400 2.5400 2.5400 2.5400 2.5400 
2.5400 2.5400 2.5400 2.5400 2.5400 2.5400 2.5400 2.5400 2.5400 2.5400 2.5400 2.5400 2.5400 2.5400 2.5400 2.5400 2.5400 2.5400 2.5400 2.5400 2.5400 
2.5400 2.5400 2.5400 2.5400 2.5400 2.5400 2.5400 2.5400 2.5400 2.5400 2.5400 2.5400 2.5400 2.5400 2.5400 2.5400 2.5400 2.5400 2.5400 2.5400 2.5400 
2.5400 2.5400 2.5400 2.5400 2.5400 2.5400 2.5400 2.5400 2.5400 2.5400 2.5400 2.5400 2.5400 2.5400 2.5400 2.5400 2.5400 2.5400 2.5400 2.5400 2.5400 
2.5400 2.5400 2.5400 2.5400 2.5400 2.5400 2.5400 2.5400 2.5400 2.5400 2.5400 2.5400 2.5400 2.5400 2.5400 2.5400 2.5400 2.5400 2.5400 2.5400 2.5400 
2.5400 2.5400 2.5400 2.5400 2.5400 2.5400 2.5400 2.5400 2.5400 2.5400 2.5400 2.5400 2.5400 2.5400 2.5400 2.5400 2.5400 2.5400 2.5400 2.5400 2.5400 
2.5400 2.5400 2.5400 2.5400 2.5400 2.5400 2.5400 2.5400 2.5400 2.5400 2.5400 2.5400 2.5400 2.5400 2.5400 2.5400 2.5400 2.5400 2.5400 2.5400 2.5400 
2.5400 2.5400 2.5400 2.5400 2.5400 2.5400 2.5400 2.5400 2.5400 2.5400 2.5400 2.5400 2.5400 2.5400 2.5400 2.5400 2.5400 2.5400 2.5400 2.5400 2.5400 
2.5400 2.5400 2.5400 2.5400 2.5400 2.5400 2.5400 2.5400 2.5400 2.5400 2.5400 2.5400 2.5400 2.5400 2.5400 2.5400 2.5400 2.5400 2.5400 2.5400 2.5400 
2.5800 2.5800 2.5800 2.5800 2.5800 2.5800 2.5800 2.5800 2.5800 2.5800 2.5800 2.5800 2.5800 2.5800 2.5800 2.5800 2.5800 2.5800 2.5800 2.5800 2.5800 
2.5800 2.5800 2.5800 2.5800 2.5800 2.5800 2.5800 2.5800 2.5800 2.5800 2.5800 2.5800 2.5800 2.5800 2.5800 2.5800 2.5800 2.5800 2.5800 2.5800 2.5800 
2.5800 2.5800 2.5800 2.5800 2.5800 2.5800 2.5800 2.5800 2.5800 2.5800 2.5800 2.5800 2.5800 2.5800 2.5800 2.5800 2.5800 2.5800 2.5800 2.5800 2.5800 
2.5800 2.5800 2.5800 2.5800 2.5800 2.5800 2.5800 2.5800 2.5800 2.5800 2.5800 2.5800 2.5800 2.5800 2.5800 2.5800 2.5800 2.5800 2.5800 2.5800 2.5800 
2.5800 2.5800 2.5800 2.5800 2.5800 2.5800 2.5800 2.5800 2.5800 2.5800 2.5800 2.5800 2.5800 2.5800 2.5800 2.5800 2.5800 2.5800 2.5800 2.5800 2.5800 
2.5800 2.5800 2.5800 2.5800 2.5800 2.5800 2.5800 2.5800 2.5800 2.5800 2.5800 2.5800 2.5800 2.5800 2.5800 2.5800 2.5800 2.5800 2.5800 2.5800 2.5800 
2.5800 2.5800 2.5800 2.5800 2.5800 2.5800 2.5800 2.5800 2.5800 2.5800 2.5800 2.5800 2.5800 2.5800 2.5800 2.5800 2.5800 2.5800 2.5800 2.5800 2.5800 
2.5800 2.5800 2.5800 2.5800 2.5800 2.5800 2.5800 2.5800 2.5800 2.5800 2.5800 2.5800 2.5800 2.5800 2.5800 2.5800 2.5800 2.5800 2.5800 2.5800 2.5800 
2.5800 2.5800 2.5800 2.5800 2.5800 2.5800 2.5800 2.5800 2.5800 2.5800 2.5800 2.5800 2.5800 2.5800 2.5800 2.5800 2.5800 2.5800 2.5800 2.5800 2.5800 
2.5800 2.5800 2.5800 2.5800 2.5800 2.5800 2.5800 2.5800 2.5800 2.5800 2.5800 2.5800 2.5800 2.5800 2.5800 2.5800 2.5800 2.5800 2.5800 2.5800 2.5800 
2.5800 2.5800 2.5800 2.5800 2.5800 2.5800 2.5800 2.5800 2.5800 2.5800 2.5800 2.5800 2.5800 2.5800 2.5800 2.5800 2.5800 2.5800 2.5800 2.5800 2.5800 
2.5800 2.5800 2.5800 2.5800 2.5800 2.5800 2.5800 2.5800 2.5800 2.5800 2.5800 2.5800 2.5800 2.5800 2.5800 2.5800 2.5800 2.5800 2.5800 2.5800 2.5800 
2.5800 2.5800 2.5800 2.5800 2.5800 2.5800 2.5800 2.5800 2.5800 2.5800 2.5800 2.5800 2.5800 2.5800 2.5800 2.5800 2.5800 2.5800 2.5800 2.5800 2.5800 
2.5800 2.5800 2.5800 2.5800 2.5800 2.5800 2.5800 2.5800 2.5800 2.5800 2.5800 2.5800 2.5800 2.5800 2.5800 2.5800 2.5800 2.5800 2.5800 2.5800 2.5800 
2.5800 2.5800 2.5800 2.5800 2.5800 2.5800 2.5800 2.5800 2.5800 2.5800 2.5800 2.5800 2.5800 2.5800 2.5800 2.5800 2.5800 2.5800 2.5800 2.5800 2.5800 
2.5800 2.5800 2.5800 2.5800 2.5800 2.5800 2.5800 2.5800 2.5800 2.5800 2.5800 2.5800 2.5800 2.5800 2.5800 2.5800 2.5800 2.5800 2.5800 2.5800 2.5800 
2.5800 2.5800 2.5800 2.5800 2.5800 2.5800 2.5800 2.5800 2.5800 2.5800 2.5800 2.5800 2.5800 2.5800 2.5800 2.5800 2.5800 2.5800 2.5800 2.5800 2.5800 
2.5800 2.5800 2.5800 2.5800 2.5800 2.5800 2.5800 2.5800 2.5800 2.5800 2.5800 2.5800 2.5800 2.5800 2.5800 2.5800 2.5800 2.5800 2.5800 2.5800 2.5800 
2.5800 2.5800 2.5800 2.5800 2.5800 2.5800 2.5800 2.5800 2.5800 2.5800 2.5800 2.5800 2.5800 2.5800 2.5800 2.5800 2.5800 2.5800 2.5800 2.5800 2.5800 
2.5800 2.5800 2.5800 2.5800 2.5800 2.5800 2.5800 2.5800 2.5800 2.5800 2.5800 2.5800 2.5800 2.5800 2.5800 2.5800 2.5800 2.5800 2.5800 2.5800 2.5800 
2.5800 2.5800 2.5800 2.5800 2.5800 2.5800 2.5800 2.5800 2.5800 2.5800 2.5800 2.5800 2.5800 2.5800 2.5800 2.5800 2.5800 2.5800 2.5800 2.5800 2.5800 
2.6200 2.6200 2.6200 2.6200 2.6200 2.6200 2.6200 2.6200 2.6200 2.6200 2.6200 2.6200 2.6200 2.6200 2.6200 2.6200 2.6200 2.6200 2.6200 2.6200 2.6200 
2.6200 2.6200 2.6200 2.6200 2.6200 2.6200 2.6200 2.6200 2.6200 2.6200 2.6200 2.6200 2.6200 2.6200 2.6200 2.6200 2.6200 2.6200 2.6200 2.6200 2.6200 
2.6200 2.6200 2.6200 2.6200 2.6200 2.6200 2.6200 2.6200 2.6200 2.6200 2.6200 2.6200 2.6200 2.6200 2.6200 2.6200 2.6200 2.6200 2.6200 2.6200 2.6200 
2.6200 2.6200 2.6200 2.6200 2.6200 2.6200 2.6200 2.6200 2.6200 2.6200 2.6200 2.6200 2.6200 2.6200 2.6200 2.6200 2.6200 2.6200 2.6200 2.6200 2.6200 
2.6200 2.6200 2.6200 2.6200 2.6200 2.6200 2.6200 2.6200 2.6200 2.6200 2.6200 2.6200 2.6200 2.6200 2.6200 2.6200 2.6200 2.6200 2.6200 2.6200 2.6200 
2.6200 2.6200 2.6200 2.6200 2.6200 2.6200 2.6200 2.6200 2.6200 2.6200 2.6200 2.6200 2.6200 2.6200 2.6200 2.6200 2.6200 2.6200 2.6200 2.6200 2.6200 
2.6200 2.6200 2.6200 2.6200 2.6200 2.6200 2.6200 2.6200 2.6200 2.6200 2.6200 2.6200 2.6200 2.6200 2.6200 2.6200 2.6200 2.6200 2.6200 2.6200 2.6200 
2.6200 2.6200 2.6200 2.6200 2.6200 2.6200 2.6200 2.6200 2.6200 2.6200 2.6200 2.6200 2.6200 2.6200 2.6200 2.6200 2.6200 2.6200 2.6200 2.6200 2.6200 
2.6200 2.6200 2.6200 2.6200 2.6200 2.6200 2.6200 2.6200 2.6200 2.6200 2.6200 2.6200 2.6200 2.6200 2.6200 2.6200 2.6200 2.6200 2.6200 2.6200 2.6200 
2.6200 2.6200 2.6200 2.6200 2.6200 2.6200 2.6200 2.6200 2.6200 2.6200 2.6200 2.6200 2.6200 2.6200 2.6200 2.6200 2.6200 2.6200 2.6200 2.6200 2.6200 
2.6200 2.6200 2.6200 2.6200 2.6200 2.6200 2.6200 2.6200 2.6200 2.6200 2.6200 2.6200 2.6200 2.6200 2.6200 2.6200 2.6200 2.6200 2.6200 2.6200 2.6200 
2.6200 2.6200 2.6200 2.6200 2.6200 2.6200 2.6200 2.6200 2.6200 2.6200 2.6200 2.6200 2.6200 2.6200 2.6200 2.6200 2.6200 2.6200 2.6200 2.6200 2.6200 
2.6200 2.6200 2.6200 2.6200 2.6200 2.6200 2.6200 2.6200 2.6200 2.6200 2.6200 2.6200 2.6200 2.6200 2.6200 2.6200 2.6200 2.6200 2.6200 2.6200 2.6200 
2.6200 2.6200 2.6200 2.6200 2.6200 2.6200 2.6200 2.6200 2.6200 2.6200 2.6200 2.6200 2.6200 2.6200 2.6200 2.6200 2.6200 2.6200 2.6200 2.6200 2.6200 
2.6200 2.6200 2.6200 2.6200 2.6200 2.6200 2.6200 2.6200 2.6200 2.6200 2.6200 2.6200 2.6200 2.6200 2.6200 2.6200 2.6200 2.6200 2.6200 2.6200 2.6200 
2.6200 2.6200 2.6200 2.6200 2.6200 2.6200 2.6200 2.6200 2.6200 2.6200 2.6200 2.6200 2.6200 2.6200 2.6200 2.6200 2.6200 2.6200 2.6200 2.6200 2.6200 
2.6200 2.6200 2.6200 2.6200 2.6200 2.6200 2.6200 2.6200 2.6200 2.6200 2.6200 2.6200 2.6200 2.6200 2.6200 2.6200 2.6200 2.6200 2.6200 2.6200 2.6200 
2.6200 2.6200 2.6200 2.6200 2.6200 2.6200 2.6200 2.6200 2.6200 2.6200 2.6200 2.6200 2.6200 2.6200 2.6200 2.6200 2.6200 2.6200 2.6200 2.6200 2.6200 
2.6200 2.6200 2.6200 2.6200 2.6200 2.6200 2.6200 2.6200 2.6200 2.6200 2.6200 2.6200 2.6200 2.6200 2.6200 2.6200 2.6200 2.6200 2.6200 2.6200 2.6200 
2.6200 2.6200 2.6200 2.6200 2.6200 2.6200 2.6200 2.6200 2.6200 2.6200 2.6200 2.6200 2.6200 2.6200 2.6200 2.6200 2.6200 2.6200 2.6200 2.6200 2.6200 
2.6200 2.6200 2.6200 2.6200 2.6200 2.6200 2.6200 2.6200 2.6200 2.6200 2.6200 2.6200 2.6200 2.6200 2.6200 2.6200 2.6200 2.6200 2.6200 2.6200 2.6200 
2.6600 2.6600 2.6600 2.6600 2.6600 2.6600 2.6600 2.6600 2.6600 2.6600 2.6600 2.6600 2.6600 2.6600 2.6600 2.6600 2.6600 2.6600 2.6600 2.6600 2.6600 
2.6600 2.6600 2.6600 2.6600 2.6600 2.6600 2.6600 2.6600 2.6600 2.6600 2.6600 2.6600 2.6600 2.6600 2.6600 2.6600 2.6600 2.6600 2.6600 2.6600 2.6600 
2.6600 2.6600 2.6600 2.6600 2.6600 2.6600 2.6600 2.6600 2.6600 2.6600 2.6600 2.6600 2.6600 2.6600 2.6600 2.6600 2.6600 2.6600 2.6600 2.6600 2.6600 
2.6600 2.6600 2.6600 2.6600 2.6600 2.6600 2.6600 2.6600 2.6600 2.6600 2.6600 2.6600 2.6600 2.6600 2.6600 2.6600 2.6600 2.6600 2.6600 2.6600 2.6600 
2.6600 2.6600 2.6600 2.6600 2.6600 2.6600 2.6600 2.6600 2.6600 2.6600 2.6600 2.6600 2.6600 2.6600 2.6600 2.6600 2.6600 2.6600 2.6600 2.6600 2.6600 
2.6600 2.6600 2.6600 2.6600 2.6600 2.6600 2.6600 2.6600 2.6600 2.6600 2.6600 2.6600 2.6600 2.6600 2.6600 2.6600 2.6600 2.6600 2.6600 2.6600 2.6600 
2.6600 2.6600 2.6600 2.6600 2.6600 2.6600 2.6600 2.6600 2.6600 2.6600 2.6600 2.6600 2.6600 2.6600 2.6600 2.6600 2.6600 2.6600 2.6600 2.6600 2.6600 
2.6600 2.6600 2.6600 2.6600 2.6600 2.6600 2.6600 2.6600 2.6600 2.6600 2.6600 2.6600 2.6600 2.6600 2.6600 2.6600 2.6600 2.6600 2.6600 2.6600 2.6600 
2.6600 2.6600 2.6600 2.6600 2.6600 2.6600 2.6600 2.6600 2.6600 2.6600 2.6600 2.6600 2.6600 2.6600 2.6600 2.6600 2.6600 2.6600 2.6600 2.6600 2.6600 
2.6600 2.6600 2.6600 2.6600 2.6600 2.6600 2.6600 2.6600 2.6600 2.6600 2.6600 2.6600 2.6600 2.6600 2.6600 2.6600 2.6600 2.6600 2.6600 2.6600 2.6600 
2.6600 2.6600 2.6600 2.6600 2.6600 2.6600 2.6600 2.6600 2.6600 2.6600 2.6600 2.6600 2.6600 2.6600 2.6600 2.6600 2.6600 2.6600 2.6600 2.6600 2.6600 
2.6600 2.6600 2.6600 2.6600 2.6600 2.6600 2.6600 2.6600 2.6600 2.6600 2.6600 2.6600 2.6600 2.6600 2.6600 2.6600 2.6600 2.6600 2.6600 2.6600 2.6600 
2.6600 2.6600 2.6600 2.6600 2.6600 2.6600 2.6600 2.6600 2.6600 2.6600 2.6600 2.6600 2.6600 2.6600 2.6600 2.6600 2.6600 2.6600 2.6600 2.6600 2.6600 
2.6600 2.6600 2.6600 2.6600 2.6600 2.6600 2.6600 2.6600 2.6600 2.6600 2.6600 2.6600 2.6600 2.6600 2.6600 2.6600 2.6600 2.6600 2.6600 2.6600 2.6600 
2.6600 2.6600 2.6600 2.6600 2.6600 2.6600 2.6600 2.6600 2.6600 2.6600 2.6600 2.6600 2.6600 2.6600 2.6600 2.6600 2.6600 2.6600 2.6600 2.6600 2.6600 
2.6600 2.6600 2.6600 2.6600 2.6600 2.6600 2.6600 2.6600 2.6600 2.6600 2.6600 2.6600 2.6600 2.6600 2.6600 2.6600 2.6600 2.6600 2.6600 2.6600 2.6600 
2.6600 2.6600 2.6600 2.6600 2.6600 2.6600 2.6600 2.6600 2.6600 2.6600 2.6600 2.6600 2.6600 2.6600 2.6600 2.6600 2.6600 2.6600 2.6600 2.6600 2.6600 
2.6600 2.6600 2.6600 2.6600 2.6600 2.6600 2.6600 2.6600 2.6600 2.6600 2.6600 2.6600 2.6600 2.6600 2.6600 2.6600 2.6600 2.6600 2.6600 2.6600 2.6600 
2.6600 2.6600 2.6600 2.6600 2.6600 2.6600 2.6600 2.6600 2.6600 2.6600 2.6600 2.6600 2.6600 2.6600 2.6600 2.6600 2.6600 2.6600 2.6600 2.6600 2.6600 
2.6600 2.6600 2.6600 2.6600 2.6600 2.6600 2.6600 2.6600 2.6600 2.6600 2.6600 2.6600 2.6600 2.6600 2.6600 2.6600 2.6600 2.6600 2.6600 2.6600 2.6600 
2.6600 2.6600 2.6600 2.6600 2.6600 2.6600 2.6600 2.6600 2.6600 2.6600 2.6600 2.6600 2.6600 2.6600 2.6600 2.6600 2.6600 2.6600 2.6600 2.6600 2.6600 
2.7000 2.7000 2.7000 2.7000 2.7000 2.7000 2.7000 2.7000 2.7000 2.7000 2.7000 2.7000 2.7000 2.7000 2.7000 2.7000 2.7000 2.7000 2.7000 2.7000 2.7000 
2.7000 2.7000 2.7000 2.7000 2.7000 2.7000 2.7000 2.7000 2.7000 2.7000 2.7000 2.7000 2.7000 2.7000 2.7000 2.7000 2.7000 2.7000 2.7000 2.7000 2.7000 
2.7000 2.7000 2.7000 2.7000 2.7000 2.7000 2.7000 2.7000 2.7000 2.7000 2.7000 2.7000 2.7000 2.7000 2.7000 2.7000 2.7000 2.7000 2.7000 2.7000 2.7000 
2.7000 2.7000 2.7000 2.7000 2.7000 2.7000 2.7000 2.7000 2.7000 2.7000 2.7000 2.7000 2.7000 2.7000 2.7000 2.7000 2.7000 2.7000 2.7000 2.7000 2.7000 
2.7000 2.7000 2.7000 2.7000 2.7000 2.7000 2.7000 2.7000 2.7000 2.7000 2.7000 2.7000 2.7000 2.7000 2.7000 2.7000 2.7000 2.7000 2.7000 2.7000 2.7000 
2.7000 2.7000 2.7000 2.7000 2.7000 2.7000 2.7000 2.7000 2.7000 2.7000 2.7000 2.7000 2.7000 2.7000 2.7000 2.7000 2.7000 2.7000 2.7000 2.7000 2.7000 
2.7000 2.7000 2.7000 2.7000 2.7000 2.7000 2.7000 2.7000 2.7000 2.7000 2.7000 2.7000 2.7000 2.7000 2.7000 2.7000 2.7000 2.7000 2.7000 2.7000 2.7000 
2.7000 2.7000 2.7000 2.7000 2.7000 2.7000 2.7000 2.7000 2.7000 2.7000 2.7000 2.7000 2.7000 2.7000 2.7000 2.7000 2.7000 2.7000 2.7000 2.7000 2.7000 
2.7000 2.7000 2.7000 2.7000 2.7000 2.7000 2.7000 2.7000 2.7000 2.7000 2.7000 2.7000 2.7000 2.7000 2.7000 2.7000 2.7000 2.7000 2.7000 2.7000 2.7000 
2.7000 2.7000 2.7000 2.7000 2.7000 2.7000 2.7000 2.7000 2.7000 2.7000 2.7000 2.7000 2.7000 2.7000 2.7000 2.7000 2.7000 2.7000 2.7000 2.7000 2.7000 
2.7000 2.7000 2.7000 2.7000 2.7000 2.7000 2.7000 2.7000 2.7000 2.7000 2.7000 2.7000 2.7000 2.7000 2.7000 2.7000 2.7000 2.7000 2.7000 2.7000 2.7000 
2.7000 2.7000 2.7000 2.7000 2.7000 2.7000 2.7000 2.7000 2.7000 2.7000 2.7000 2.7000 2.7000 2.7000 2.7000 2.7000 2.7000 2.7000 2.7000 2.7000 2.7000 
2.7000 2.7000 2.7000 2.7000 2.7000 2.7000 2.7000 2.7000 2.7000 2.7000 2.7000 2.7000 2.7000 2.7000 2.7000 2.7000 2.7000 2.7000 2.7000 2.7000 2.7000 
2.7000 2.7000 2.7000 2.7000 2.7000 2.7000 2.7000 2.7000 2.7000 2.7000 2.7000 2.7000 2.7000 2.7000 2.7000 2.7000 2.7000 2.7000 2.7000 2.7000 2.7000 
2.7000 2.7000 2.7000 2.7000 2.7000 2.7000 2.7000 2.7000 2.7000 2.7000 2.7000 2.7000 2.7000 2.7000 2.7000 2.7000 2.7000 2.7000 2.7000 2.7000 2.7000 
2.7000 2.7000 2.7000 2.7000 2.7000 2.7000 2.7000 2.7000 2.7000 2.7000 2.7000 2.7000 2.7000 2.7000 2.7000 2.7000 2.7000 2.7000 2.7000 2.7000 2.7000 
2.7000 2.7000 2.7000 2.7000 2.7000 2.7000 2.7000 2.7000 2.7000 2.7000 2.7000 2.7000 2.7000 2.7000 2.7000 2.7000 2.7000 2.7000 2.7000 2.7000 2.7000 
2.7000 2.7000 2.7000 2.7000 2.7000 2.7000 2.7000 2.7000 2.7000 2.7000 2.7000 2.7000 2.7000 2.7000 2.7000 2.7000 2.7000 2.7000 2.7000 2.7000 2.7000 
2.7000 2.7000 2.7000 2.7000 2.7000 2.7000 2.7000 2.7000 2.7000 2.7000 2.7000 2.7000 2.7000 2.7000 2.7000 2.7000 2.7000 2.7000 2.7000 2.7000 2.7000 
2.7000 2.7000 2.7000 2.7000 2.7000 2.7000 2.7000 2.7000 2.7000 2.7000 2.7000 2.7000 2.7000 2.7000 2.7000 2.7000 2.7000 2.7000 2.7000 2.7000 2.7000 
2.7000 2.7000 2.7000 2.7000 2.7000 2.7000 2.7000 2.7000 2.7000 2.7000 2.7000 2.7000 2.7000 2.7000 2.7000 2.7000 2.7000 2.7000 2.7000 2.7000 2.7000 
2.8000 2.8000 2.8000 2.8000 2.8000 2.8000 2.8000 2.8000 2.8000 2.8000 2.8000 2.8000 2.8000 2.8000 2.8000 2.8000 2.8000 2.8000 2.8000 2.8000 2.8000 
2.8000 2.8000 2.8000 2.8000 2.8000 2.8000 2.8000 2.8000 2.8000 2.8000 2.8000 2.8000 2.8000 2.8000 2.8000 2.8000 2.8000 2.8000 2.8000 2.8000 2.8000 
2.8000 2.8000 2.8000 2.8000 2.8000 2.8000 2.8000 2.8000 2.8000 2.8000 2.8000 2.8000 2.8000 2.8000 2.8000 2.8000 2.8000 2.8000 2.8000 2.8000 2.8000 
2.8000 2.8000 2.8000 2.8000 2.8000 2.8000 2.8000 2.8000 2.8000 2.8000 2.8000 2.8000 2.8000 2.8000 2.8000 2.8000 2.8000 2.8000 2.8000 2.8000 2.8000 
2.8000 2.8000 2.8000 2.8000 2.8000 2.8000 2.8000 2.8000 2.8000 2.8000 2.8000 2.8000 2.8000 2.8000 2.8000 2.8000 2.8000 2.8000 2.8000 2.8000 2.8000 
2.8000 2.8000 2.8000 2.8000 2.8000 2.8000 2.8000 2.8000 2.8000 2.8000 2.8000 2.8000 2.8000 2.8000 2.8000 2.8000 2.8000 2.8000 2.8000 2.8000 2.8000 
2.8000 2.8000 2.8000 2.8000 2.8000 2.8000 2.8000 2.8000 2.8000 2.8000 2.8000 2.8000 2.8000 2.8000 2.8000 2.8000 2.8000 2.8000 2.8000 2.8000 2.8000 
2.8000 2.8000 2.8000 2.8000 2.8000 2.8000 2.8000 2.8000 2.8000 2.8000 2.8000 2.8000 2.8000 2.8000 2.8000 2.8000 2.8000 2.8000 2.8000 2.8000 2.8000 
2.8000 2.8000 2.8000 2.8000 2.8000 2.8000 2.8000 2.8000 2.8000 2.8000 2.8000 2.8000 2.8000 2.8000 2.8000 2.8000 2.8000 2.8000 2.8000 2.8000 2.8000 
2.8000 2.8000 2.8000 2.8000 2.8000 2.8000 2.8000 2.8000 2.8000 2.8000 2.8000 2.8000 2.8000 2.8000 2.8000 2.8000 2.8000 2.8000 2.8000 2.8000 2.8000 
2.8000 2.8000 2.8000 2.8000 2.8000 2.8000 2.8000 2.8000 2.8000 2.8000 2.8000 2.8000 2.8000 2.8000 2.8000 2.8000 2.8000 2.8000 2.8000 2.8000 2.8000 
2.8000 2.8000 2.8000 2.8000 2.8000 2.8000 2.8000 2.8000 2.8000 2.8000 2.8000 2.8000 2.8000 2.8000 2.8000 2.8000 2.8000 2.8000 2.8000 2.8000 2.8000 
2.8000 2.8000 2.8000 2.8000 2.8000 2.8000 2.8000 2.8000 2.8000 2.8000 2.8000 2.8000 2.8000 2.8000 2.8000 2.8000 2.8000 2.8000 2.8000 2.8000 2.8000 
2.8000 2.8000 2.8000 2.8000 2.8000 2.8000 2.8000 2.8000 2.8000 2.8000 2.8000 2.8000 2.8000 2.8000 2.8000 2.8000 2.8000 2.8000 2.8000 2.8000 2.8000 
2.8000 2.8000 2.8000 2.8000 2.8000 2.8000 2.8000 2.8000 2.8000 2.8000 2.8000 2.8000 2.8000 2.8000 2.8000 2.8000 2.8000 2.8000 2.8000 2.8000 2.8000 
2.8000 2.8000 2.8000 2.8000 2.8000 2.8000 2.8000 2.8000 2.8000 2.8000 2.8000 2.8000 2.8000 2.8000 2.8000 2.8000 2.8000 2.8000 2.8000 2.8000 2.8000 
2.8000 2.8000 2.8000 2.8000 2.8000 2.8000 2.8000 2.8000 2.8000 2.8000 2.8000 2.8000 2.8000 2.8000 2.8000 2.8000 2.8000 2.8000 2.8000 2.8000 2.8000 
2.8000 2.8000 2.8000 2.8000 2.8000 2.8000 2.8000 2.8000 2.8000 2.8000 2.8000 2.8000 2.8000 2.8000 2.8000 2.8000 2.8000 2.8000 2.8000 2.8000 2.8000 
2.8000 2.8000 2.8000 2.8000 2.8000 2.8000 2.8000 2.8000 2.8000 2.8000 2.8000 2.8000 2.8000 2.8000 2.8000 2.8000 2.8000 2.8000 2.8000 2.8000 2.8000 
2.8000 2.8000 2.8000 2.8000 2.8000 2.8000 2.8000 2.8000 2.8000 2.8000 2.8000 2.8000 2.8000 2.8000 2.8000 2.8000 2.8000 2.8000 2.8000 2.8000 2.8000 
2.8000 2.8000 2.8000 2.8000 2.8000 2.8000 2.8000 2.8000 2.8000 2.8000 2.8000 2.8000 2.8000 2.8000 2.8000 2.8000 2.8000 2.8000 2.8000 2.8000 2.8000 
2.9000 2.9000 2.9000 2.9000 2.9000 2.9000 2.9000 2.9000 2.9000 2.9000 2.9000 2.9000 2.9000 2.9000 2.9000 2.9000 2.9000 2.9000 2.9000 2.9000 2.9000 
2.9000 2.9000 2.9000 2.9000 2.9000 2.9000 2.9000 2.9000 2.9000 2.9000 2.9000 2.9000 2.9000 2.9000 2.9000 2.9000 2.9000 2.9000 2.9000 2.9000 2.9000 
2.9000 2.9000 2.9000 2.9000 2.9000 2.9000 2.9000 2.9000 2.9000 2.9000 2.9000 2.9000 2.9000 2.9000 2.9000 2.9000 2.9000 2.9000 2.9000 2.9000 2.9000 
2.9000 2.9000 2.9000 2.9000 2.9000 2.9000 2.9000 2.9000 2.9000 2.9000 2.9000 2.9000 2.9000 2.9000 2.9000 2.9000 2.9000 2.9000 2.9000 2.9000 2.9000 
2.9000 2.9000 2.9000 2.9000 2.9000 2.9000 2.9000 2.9000 2.9000 2.9000 2.9000 2.9000 2.9000 2.9000 2.9000 2.9000 2.9000 2.9000 2.9000 2.9000 2.9000 
2.9000 2.9000 2.9000 2.9000 2.9000 2.9000 2.9000 2.9000 2.9000 2.9000 2.9000 2.9000 2.9000 2.9000 2.9000 2.9000 2.9000 2.9000 2.9000 2.9000 2.9000 
2.9000 2.9000 2.9000 2.9000 2.9000 2.9000 2.9000 2.9000 2.9000 2.9000 2.9000 2.9000 2.9000 2.9000 2.9000 2.9000 2.9000 2.9000 2.9000 2.9000 2.9000 
2.9000 2.9000 2.9000 2.9000 2.9000 2.9000 2.9000 2.9000 2.9000 2.9000 2.9000 2.9000 2.9000 2.9000 2.9000 2.9000 2.9000 2.9000 2.9000 2.9000 2.9000 
2.9000 2.9000 2.9000 2.9000 2.9000 2.9000 2.9000 2.9000 2.9000 2.9000 2.9000 2.9000 2.9000 2.9000 2.9000 2.9000 2.9000 2.9000 2.9000 2.9000 2.9000 
2.9000 2.9000 2.9000 2.9000 2.9000 2.9000 2.9000 2.9000 2.9000 2.9000 2.9000 2.9000 2.9000 2.9000 2.9000 2.9000 2.9000 2.9000 2.9000 2.9000 2.9000 
2.9000 2.9000 2.9000 2.9000 2.9000 2.9000 2.9000 2.9000 2.9000 2.9000 2.9000 2.9000 2.9000 2.9000 2.9000 2.9000 2.9000 2.9000 2.9000 2.9000 2.9000 
2.9000 2.9000 2.9000 2.9000 2.9000 2.9000 2.9000 2.9000 2.9000 2.9000 2.9000 2.9000 2.9000 2.9000 2.9000 2.9000 2.9000 2.9000 2.9000 2.9000 2.9000 
2.9000 2.9000 2.9000 2.9000 2.9000 2.9000 2.9000 2.9000 2.9000 2.9000 2.9000 2.9000 2.9000 2.9000 2.9000 2.9000 2.9000 2.9000 2.9000 2.9000 2.9000 
2.9000 2.9000 2.9000 2.9000 2.9000 2.9000 2.9000 2.9000 2.9000 2.9000 2.9000 2.9000 2.9000 2.9000 2.9000 2.9000 2.9000 2.9000 2.9000 2.9000 2.9000 
2.9000 2.9000 2.9000 2.9000 2.9000 2.9000 2.9000 2.9000 2.9000 2.9000 2.9000 2.9000 2.9000 2.9000 2.9000 2.9000 2.9000 2.9000 2.9000 2.9000 2.9000 
2.9000 2.9000 2.9000 2.9000 2.9000 2.9000 2.9000 2.9000 2.9000 2.9000 2.9000 2.9000 2.9000 2.9000 2.9000 2.9000 2.9000 2.9000 2.9000 2.9000 2.9000 
2.9000 2.9000 2.9000 2.9000 2.9000 2.9000 2.9000 2.9000 2.9000 2.9000 2.9000 2.9000 2.9000 2.9000 2.9000 2.9000 2.9000 2.9000 2.9000 2.9000 2.9000 
2.9000 2.9000 2.9000 2.9000 2.9000 2.9000 2.9000 2.9000 2.9000 2.9000 2.9000 2.9000 2.9000 2.9000 2.9000 2.9000 2.9000 2.9000 2.9000 2.9000 2.9000 
2.9000 2.9000 2.9000 2.9000 2.9000 2.9000 2.9000 2.9000 2.9000 2.9000 2.9000 2.9000 2.9000 2.9000 2.9000 2.9000 2.9000 2.9000 2.9000 2.9000 2.9000 
2.9000 2.9000 2.9000 2.9000 2.9000 2.9000 2.9000 2.9000 2.9000 2.9000 2.9000 2.9000 2.9000 2.9000 2.9000 2.9000 2.9000 2.9000 2.9000 2.9000 2.9000 
2.9000 2.9000 2.9000 2.9000 2.9000 2.9000 2.9000 2.9000 2.9000 2.9000 2.9000 2.9000 2.9000 2.9000 2.9000 2.9000 2.9000 2.9000 2.9000 2.9000 2.9000 
3.0000 3.0000 3.0000 3.0000 3.0000 3.0000 3.0000 3.0000 3.0000 3.0000 3.0000 3.0000 3.0000 3.0000 3.0000 3.0000 3.0000 3.0000 3.0000 3.0000 3.0000 
3.0000 3.0000 3.0000 3.0000 3.0000 3.0000 3.0000 3.0000 3.0000 3.0000 3.0000 3.0000 3.0000 3.0000 3.0000 3.0000 3.0000 3.0000 3.0000 3.0000 3.0000 
3.0000 3.0000 3.0000 3.0000 3.0000 3.0000 3.0000 3.0000 3.0000 3.0000 3.0000 3.0000 3.0000 3.0000 3.0000 3.0000 3.0000 3.0000 3.0000 3.0000 3.0000 
3.0000 3.0000 3.0000 3.0000 3.0000 3.0000 3.0000 3.0000 3.0000 3.0000 3.0000 3.0000 3.0000 3.0000 3.0000 3.0000 3.0000 3.0000 3.0000 3.0000 3.0000 
3.0000 3.0000 3.0000 3.0000 3.0000 3.0000 3.0000 3.0000 3.0000 3.0000 3.0000 3.0000 3.0000 3.0000 3.0000 3.0000 3.0000 3.0000 3.0000 3.0000 3.0000 
3.0000 3.0000 3.0000 3.0000 3.0000 3.0000 3.0000 3.0000 3.0000 3.0000 3.0000 3.0000 3.0000 3.0000 3.0000 3.0000 3.0000 3.0000 3.0000 3.0000 3.0000 
3.0000 3.0000 3.0000 3.0000 3.0000 3.0000 3.0000 3.0000 3.0000 3.0000 3.0000 3.0000 3.0000 3.0000 3.0000 3.0000 3.0000 3.0000 3.0000 3.0000 3.0000 
3.0000 3.0000 3.0000 3.0000 3.0000 3.0000 3.0000 3.0000 3.0000 3.0000 3.0000 3.0000 3.0000 3.0000 3.0000 3.0000 3.0000 3.0000 3.0000 3.0000 3.0000 
3.0000 3.0000 3.0000 3.0000 3.0000 3.0000 3.0000 3.0000 3.0000 3.0000 3.0000 3.0000 3.0000 3.0000 3.0000 3.0000 3.0000 3.0000 3.0000 3.0000 3.0000 
3.0000 3.0000 3.0000 3.0000 3.0000 3.0000 3.0000 3.0000 3.0000 3.0000 3.0000 3.0000 3.0000 3.0000 3.0000 3.0000 3.0000 3.0000 3.0000 3.0000 3.0000 
3.0000 3.0000 3.0000 3.0000 3.0000 3.0000 3.0000 3.0000 3.0000 3.0000 3.0000 3.0000 3.0000 3.0000 3.0000 3.0000 3.0000 3.0000 3.0000 3.0000 3.0000 
3.0000 3.0000 3.0000 3.0000 3.0000 3.0000 3.0000 3.0000 3.0000 3.0000 3.0000 3.0000 3.0000 3.0000 3.0000 3.0000 3.0000 3.0000 3.0000 3.0000 3.0000 
3.0000 3.0000 3.0000 3.0000 3.0000 3.0000 3.0000 3.0000 3.0000 3.0000 3.0000 3.0000 3.0000 3.0000 3.0000 3.0000 3.0000 3.0000 3.0000 3.0000 3.0000 
3.0000 3.0000 3.0000 3.0000 3.0000 3.0000 3.0000 3.0000 3.0000 3.0000 3.0000 3.0000 3.0000 3.0000 3.0000 3.0000 3.0000 3.0000 3.0000 3.0000 3.0000 
3.0000 3.0000 3.0000 3.0000 3.0000 3.0000 3.0000 3.0000 3.0000 3.0000 3.0000 3.0000 3.0000 3.0000 3.0000 3.0000 3.0000 3.0000 3.0000 3.0000 3.0000 
3.0000 3.0000 3.0000 3.0000 3.0000 3.0000 3.0000 3.0000 3.0000 3.0000 3.0000 3.0000 3.0000 3.0000 3.0000 3.0000 3.0000 3.0000 3.0000 3.0000 3.0000 
3.0000 3.0000 3.0000 3.0000 3.0000 3.0000 3.0000 3.0000 3.0000 3.0000 3.0000 3.0000 3.0000 3.0000 3.0000 3.0000 3.0000 3.0000 3.0000 3.0000 3.0000 
3.0000 3.0000 3.0000 3.0000 3.0000 3.0000 3.0000 3.0000 3.0000 3.0000 3.0000 3.0000 3.0000 3.0000 3.0000 3.0000 3.0000 3.0000 3.0000 3.0000 3.0000 
3.0000 3.0000 3.0000 3.0000 3.0000 3.0000 3.0000 3.0000 3.0000 3.0000 3.0000 3.0000 3.0000 3.0000 3.0000 3.0000 3.0000 3.0000 3.0000 3.0000 3.0000 
3.0000 3.0000 3.0000 3.0000 3.0000 3.0000 3.0000 3.0000 3.0000 3.0000 3.0000 3.0000 3.0000 3.0000 3.0000 3.0000 3.0000 3.0000 3.0000 3.0000 3.0000 
3.0000 3.0000 3.0000 3.0000 3.0000 3.0000 3.0000 3.0000 3.0000 3.0000 3.0000 3.0000 3.0000 3.0000 3.0000 3.0000 3.0000 3.0000 3.0000 3.0000 3.0000 
3.1000 3.1000 3.1000 3.1000 3.1000 3.1000 3.1000 3.1000 3.1000 3.1000 3.1000 3.1000 3.1000 3.1000 3.1000 3.1000 3.1000 3.1000 3.1000 3.1000 3.1000 
3.1000 3.1000 3.1000 3.1000 3.1000 3.1000 3.1000 3.1000 3.1000 3.1000 3.1000 3.1000 3.1000 3.1000 3.1000 3.1000 3.1000 3.1000 3.1000 3.1000 3.1000 
3.1000 3.1000 3.1000 3.1000 3.1000 3.1000 3.1000 3.1000 3.1000 3.1000 3.1000 3.1000 3.1000 3.1000 3.1000 3.1000 3.1000 3.1000 3.1000 3.1000 3.1000 
3.1000 3.1000 3.1000 3.1000 3.1000 3.1000 3.1000 3.1000 3.1000 3.1000 3.1000 3.1000 3.1000 3.1000 3.1000 3.1000 3.1000 3.1000 3.1000 3.1000 3.1000 
3.1000 3.1000 3.1000 3.1000 3.1000 3.1000 3.1000 3.1000 3.1000 3.1000 3.1000 3.1000 3.1000 3.1000 3.1000 3.1000 3.1000 3.1000 3.1000 3.1000 3.1000 
3.1000 3.1000 3.1000 3.1000 3.1000 3.1000 3.1000 3.1000 3.1000 3.1000 3.1000 3.1000 3.1000 3.1000 3.1000 3.1000 3.1000 3.1000 3.1000 3.1000 3.1000 
3.1000 3.1000 3.1000 3.1000 3.1000 3.1000 3.1000 3.1000 3.1000 3.1000 3.1000 3.1000 3.1000 3.1000 3.1000 3.1000 3.1000 3.1000 3.1000 3.1000 3.1000 
3.1000 3.1000 3.1000 3.1000 3.1000 3.1000 3.1000 3.1000 3.1000 3.1000 3.1000 3.1000 3.1000 3.1000 3.1000 3.1000 3.1000 3.1000 3.1000 3.1000 3.1000 
3.1000 3.1000 3.1000 3.1000 3.1000 3.1000 3.1000 3.1000 3.1000 3.1000 3.1000 3.1000 3.1000 3.1000 3.1000 3.1000 3.1000 3.1000 3.1000 3.1000 3.1000 
3.1000 3.1000 3.1000 3.1000 3.1000 3.1000 3.1000 3.1000 3.1000 3.1000 3.1000 3.1000 3.1000 3.1000 3.1000 3.1000 3.1000 3.1000 3.1000 3.1000 3.1000 
3.1000 3.1000 3.1000 3.1000 3.1000 3.1000 3.1000 3.1000 3.1000 3.1000 3.1000 3.1000 3.1000 3.1000 3.1000 3.1000 3.1000 3.1000 3.1000 3.1000 3.1000 
3.1000 3.1000 3.1000 3.1000 3.1000 3.1000 3.1000 3.1000 3.1000 3.1000 3.1000 3.1000 3.1000 3.1000 3.1000 3.1000 3.1000 3.1000 3.1000 3.1000 3.1000 
3.1000 3.1000 3.1000 3.1000 3.1000 3.1000 3.1000 3.1000 3.1000 3.1000 3.1000 3.1000 3.1000 3.1000 3.1000 3.1000 3.1000 3.1000 3.1000 3.1000 3.1000 
3.1000 3.1000 3.1000 3.1000 3.1000 3.1000 3.1000 3.1000 3.1000 3.1000 3.1000 3.1000 3.1000 3.1000 3.1000 3.1000 3.1000 3.1000 3.1000 3.1000 3.1000 
3.1000 3.1000 3.1000 3.1000 3.1000 3.1000 3.1000 3.1000 3.1000 3.1000 3.1000 3.1000 3.1000 3.1000 3.1000 3.1000 3.1000 3.1000 3.1000 3.1000 3.1000 
3.1000 3.1000 3.1000 3.1000 3.1000 3.1000 3.1000 3.1000 3.1000 3.1000 3.1000 3.1000 3.1000 3.1000 3.1000 3.1000 3.1000 3.1000 3.1000 3.1000 3.1000 
3.1000 3.1000 3.1000 3.1000 3.1000 3.1000 3.1000 3.1000 3.1000 3.1000 3.1000 3.1000 3.1000 3.1000 3.1000 3.1000 3.1000 3.1000 3.1000 3.1000 3.1000 
3.1000 3.1000 3.1000 3.1000 3.1000 3.1000 3.1000 3.1000 3.1000 3.1000 3.1000 3.1000 3.1000 3.1000 3.1000 3.1000 3.1000 3.1000 3.1000 3.1000 3.1000 
3.1000 3.1000 3.1000 3.1000 3.1000 3.1000 3.1000 3.1000 3.1000 3.1000 3.1000 3.1000 3.1000 3.1000 3.1000 3.1000 3.1000 3.1000 3.1000 3.1000 3.1000 
3.1000 3.1000 3.1000 3.1000 3.1000 3.1000 3.1000 3.1000 3.1000 3.1000 3.1000 3.1000 3.1000 3.1000 3.1000 3.1000 3.1000 3.1000 3.1000 3.1000 3.1000 
3.1000 3.1000 3.1000 3.1000 3.1000 3.1000 3.1000 3.1000 3.1000 3.1000 3.1000 3.1000 3.1000 3.1000 3.1000 3.1000 3.1000 3.1000 3.1000 3.1000 3.1000 
3.2000 3.2000 3.2000 3.2000 3.2000 3.2000 3.2000 3.2000 3.2000 3.2000 3.2000 3.2000 3.2000 3.2000 3.2000 3.2000 3.2000 3.2000 3.2000 3.2000 3.2000 
3.2000 3.2000 3.2000 3.2000 3.2000 3.2000 3.2000 3.2000 3.2000 3.2000 3.2000 3.2000 3.2000 3.2000 3.2000 3.2000 3.2000 3.2000 3.2000 3.2000 3.2000 
3.2000 3.2000 3.2000 3.2000 3.2000 3.2000 3.2000 3.2000 3.2000 3.2000 3.2000 3.2000 3.2000 3.2000 3.2000 3.2000 3.2000 3.2000 3.2000 3.2000 3.2000 
3.2000 3.2000 3.2000 3.2000 3.2000 3.2000 3.2000 3.2000 3.2000 3.2000 3.2000 3.2000 3.2000 3.2000 3.2000 3.2000 3.2000 3.2000 3.2000 3.2000 3.2000 
3.2000 3.2000 3.2000 3.2000 3.2000 3.2000 3.2000 3.2000 3.2000 3.2000 3.2000 3.2000 3.2000 3.2000 3.2000 3.2000 3.2000 3.2000 3.2000 3.2000 3.2000 
3.2000 3.2000 3.2000 3.2000 3.2000 3.2000 3.2000 3.2000 3.2000 3.2000 3.2000 3.2000 3.2000 3.2000 3.2000 3.2000 3.2000 3.2000 3.2000 3.2000 3.2000 
3.2000 3.2000 3.2000 3.2000 3.2000 3.2000 3.2000 3.2000 3.2000 3.2000 3.2000 3.2000 3.2000 3.2000 3.2000 3.2000 3.2000 3.2000 3.2000 3.2000 3.2000 
3.2000 3.2000 3.2000 3.2000 3.2000 3.2000 3.2000 3.2000 3.2000 3.2000 3.2000 3.2000 3.2000 3.2000 3.2000 3.2000 3.2000 3.2000 3.2000 3.2000 3.2000 
3.2000 3.2000 3.2000 3.2000 3.2000 3.2000 3.2000 3.2000 3.2000 3.2000 3.2000 3.2000 3.2000 3.2000 3.2000 3.2000 3.2000 3.2000 3.2000 3.2000 3.2000 
3.2000 3.2000 3.2000 3.2000 3.2000 3.2000 3.2000 3.2000 3.2000 3.2000 3.2000 3.2000 3.2000 3.2000 3.2000 3.2000 3.2000 3.2000 3.2000 3.2000 3.2000 
3.2000 3.2000 3.2000 3.2000 3.2000 3.2000 3.2000 3.2000 3.2000 3.2000 3.2000 3.2000 3.2000 3.2000 3.2000 3.2000 3.2000 3.2000 3.2000 3.2000 3.2000 
3.2000 3.2000 3.2000 3.2000 3.2000 3.2000 3.2000 3.2000 3.2000 3.2000 3.2000 3.2000 3.2000 3.2000 3.2000 3.2000 3.2000 3.2000 3.2000 3.2000 3.2000 
3.2000 3.2000 3.2000 3.2000 3.2000 3.2000 3.2000 3.2000 3.2000 3.2000 3.2000 3.2000 3.2000 3.2000 3.2000 3.2000 3.2000 3.2000 3.2000 3.2000 3.2000 
3.2000 3.2000 3.2000 3.2000 3.2000 3.2000 3.2000 3.2000 3.2000 3.2000 3.2000 3.2000 3.2000 3.2000 3.2000 3.2000 3.2000 3.2000 3.2000 3.2000 3.2000 
3.2000 3.2000 3.2000 3.2000 3.2000 3.2000 3.2000 3.2000 3.2000 3.2000 3.2000 3.2000 3.2000 3.2000 3.2000 3.2000 3.2000 3.2000 3.2000 3.2000 3.2000 
3.2000 3.2000 3.2000 3.2000 3.2000 3.2000 3.2000 3.2000 3.2000 3.2000 3.2000 3.2000 3.2000 3.2000 3.2000 3.2000 3.2000 3.2000 3.2000 3.2000 3.2000 
3.2000 3.2000 3.2000 3.2000 3.2000 3.2000 3.2000 3.2000 3.2000 3.2000 3.2000 3.2000 3.2000 3.2000 3.2000 3.2000 3.2000 3.2000 3.2000 3.2000 3.2000 
3.2000 3.2000 3.2000 3.2000 3.2000 3.2000 3.2000 3.2000 3.2000 3.2000 3.2000 3.2000 3.2000 3.2000 3.2000 3.2000 3.2000 3.2000 3.2000 3.2000 3.2000 
3.2000 3.2000 3.2000 3.2000 3.2000 3.2000 3.2000 3.2000 3.2000 3.2000 3.2000 3.2000 3.2000 3.2000 3.2000 3.2000 3.2000 3.2000 3.2000 3.2000 3.2000 
3.2000 3.2000 3.2000 3.2000 3.2000 3.2000 3.2000 3.2000 3.2000 3.2000 3.2000 3.2000 3.2000 3.2000 3.2000 3.2000 3.2000 3.2000 3.2000 3.2000 3.2000 
3.2000 3.2000 3.2000 3.2000 3.2000 3.2000 3.2000 3.2000 3.2000 3.2000 3.2000 3.2000 3.2000 3.2000 3.2000 3.2000 3.2000 3.2000 3.2000 3.2000 3.2000 
3.3000 3.3000 3.3000 3.3000 3.3000 3.3000 3.3000 3.3000 3.3000 3.3000 3.3000 3.3000 3.3000 3.3000 3.3000 3.3000 3.3000 3.3000 3.3000 3.3000 3.3000 
3.3000 3.3000 3.3000 3.3000 3.3000 3.3000 3.3000 3.3000 3.3000 3.3000 3.3000 3.3000 3.3000 3.3000 3.3000 3.3000 3.3000 3.3000 3.3000 3.3000 3.3000 
3.3000 3.3000 3.3000 3.3000 3.3000 3.3000 3.3000 3.3000 3.3000 3.3000 3.3000 3.3000 3.3000 3.3000 3.3000 3.3000 3.3000 3.3000 3.3000 3.3000 3.3000 
3.3000 3.3000 3.3000 3.3000 3.3000 3.3000 3.3000 3.3000 3.3000 3.3000 3.3000 3.3000 3.3000 3.3000 3.3000 3.3000 3.3000 3.3000 3.3000 3.3000 3.3000 
3.3000 3.3000 3.3000 3.3000 3.3000 3.3000 3.3000 3.3000 3.3000 3.3000 3.3000 3.3000 3.3000 3.3000 3.3000 3.3000 3.3000 3.3000 3.3000 3.3000 3.3000 
3.3000 3.3000 3.3000 3.3000 3.3000 3.3000 3.3000 3.3000 3.3000 3.3000 3.3000 3.3000 3.3000 3.3000 3.3000 3.3000 3.3000 3.3000 3.3000 3.3000 3.3000 
3.3000 3.3000 3.3000 3.3000 3.3000 3.3000 3.3000 3.3000 3.3000 3.3000 3.3000 3.3000 3.3000 3.3000 3.3000 3.3000 3.3000 3.3000 3.3000 3.3000 3.3000 
3.3000 3.3000 3.3000 3.3000 3.3000 3.3000 3.3000 3.3000 3.3000 3.3000 3.3000 3.3000 3.3000 3.3000 3.3000 3.3000 3.3000 3.3000 3.3000 3.3000 3.3000 
3.3000 3.3000 3.3000 3.3000 3.3000 3.3000 3.3000 3.3000 3.3000 3.3000 3.3000 3.3000 3.3000 3.3000 3.3000 3.3000 3.3000 3.3000 3.3000 3.3000 3.3000 
3.3000 3.3000 3.3000 3.3000 3.3000 3.3000 3.3000 3.3000 3.3000 3.3000 3.3000 3.3000 3.3000 3.3000 3.3000 3.3000 3.3000 3.3000 3.3000 3.3000 3.3000 
3.3000 3.3000 3.3000 3.3000 3.3000 3.3000 3.3000 3.3000 3.3000 3.3000 3.3000 3.3000 3.3000 3.3000 3.3000 3.3000 3.3000 3.3000 3.3000 3.3000 3.3000 
3.3000 3.3000 3.3000 3.3000 3.3000 3.3000 3.3000 3.3000 3.3000 3.3000 3.3000 3.3000 3.3000 3.3000 3.3000 3.3000 3.3000 3.3000 3.3000 3.3000 3.3000 
3.3000 3.3000 3.3000 3.3000 3.3000 3.3000 3.3000 3.3000 3.3000 3.3000 3.3000 3.3000 3.3000 3.3000 3.3000 3.3000 3.3000 3.3000 3.3000 3.3000 3.3000 
3.3000 3.3000 3.3000 3.3000 3.3000 3.3000 3.3000 3.3000 3.3000 3.3000 3.3000 3.3000 3.3000 3.3000 3.3000 3.3000 3.3000 3.3000 3.3000 3.3000 3.3000 
3.3000 3.3000 3.3000 3.3000 3.3000 3.3000 3.3000 3.3000 3.3000 3.3000 3.3000 3.3000 3.3000 3.3000 3.3000 3.3000 3.3000 3.3000 3.3000 3.3000 3.3000 
3.3000 3.3000 3.3000 3.3000 3.3000 3.3000 3.3000 3.3000 3.3000 3.3000 3.3000 3.3000 3.3000 3.3000 3.3000 3.3000 3.3000 3.3000 3.3000 3.3000 3.3000 
3.3000 3.3000 3.3000 3.3000 3.3000 3.3000 3.3000 3.3000 3.3000 3.3000 3.3000 3.3000 3.3000 3.3000 3.3000 3.3000 3.3000 3.3000 3.3000 3.3000 3.3000 
3.3000 3.3000 3.3000 3.3000 3.3000 3.3000 3.3000 3.3000 3.3000 3.3000 3.3000 3.3000 3.3000 3.3000 3.3000 3.3000 3.3000 3.3000 3.3000 3.3000 3.3000 
3.3000 3.3000 3.3000 3.3000 3.3000 3.3000 3.3000 3.3000 3.3000 3.3000 3.3000 3.3000 3.3000 3.3000 3.3000 3.3000 3.3000 3.3000 3.3000 3.3000 3.3000 
3.3000 3.3000 3.3000 3.3000 3.3000 3.3000 3.3000 3.3000 3.3000 3.3000 3.3000 3.3000 3.3000 3.3000 3.3000 3.3000 3.3000 3.3000 3.3000 3.3000 3.3000 
3.3000 3.3000 3.3000 3.3000 3.3000 3.3000 3.3000 3.3000 3.3000 3.3000 3.3000 3.3000 3.3000 3.3000 3.3000 3.3000 3.3000 3.3000 3.3000 3.3000 3.3000 
3.4000 3.4000 3.4000 3.4000 3.4000 3.4000 3.4000 3.4000 3.4000 3.4000 3.4000 3.4000 3.4000 3.4000 3.4000 3.4000 3.4000 3.4000 3.4000 3.4000 3.4000 
3.4000 3.4000 3.4000 3.4000 3.4000 3.4000 3.4000 3.4000 3.4000 3.4000 3.4000 3.4000 3.4000 3.4000 3.4000 3.4000 3.4000 3.4000 3.4000 3.4000 3.4000 
3.4000 3.4000 3.4000 3.4000 3.4000 3.4000 3.4000 3.4000 3.4000 3.4000 3.4000 3.4000 3.4000 3.4000 3.4000 3.4000 3.4000 3.4000 3.4000 3.4000 3.4000 
3.4000 3.4000 3.4000 3.4000 3.4000 3.4000 3.4000 3.4000 3.4000 3.4000 3.4000 3.4000 3.4000 3.4000 3.4000 3.4000 3.4000 3.4000 3.4000 3.4000 3.4000 
3.4000 3.4000 3.4000 3.4000 3.4000 3.4000 3.4000 3.4000 3.4000 3.4000 3.4000 3.4000 3.4000 3.4000 3.4000 3.4000 3.4000 3.4000 3.4000 3.4000 3.4000 
3.4000 3.4000 3.4000 3.4000 3.4000 3.4000 3.4000 3.4000 3.4000 3.4000 3.4000 3.4000 3.4000 3.4000 3.4000 3.4000 3.4000 3.4000 3.4000 3.4000 3.4000 
3.4000 3.4000 3.4000 3.4000 3.4000 3.4000 3.4000 3.4000 3.4000 3.4000 3.4000 3.4000 3.4000 3.4000 3.4000 3.4000 3.4000 3.4000 3.4000 3.4000 3.4000 
3.4000 3.4000 3.4000 3.4000 3.4000 3.4000 3.4000 3.4000 3.4000 3.4000 3.4000 3.4000 3.4000 3.4000 3.4000 3.4000 3.4000 3.4000 3.4000 3.4000 3.4000 
3.4000 3.4000 3.4000 3.4000 3.4000 3.4000 3.4000 3.4000 3.4000 3.4000 3.4000 3.4000 3.4000 3.4000 3.4000 3.4000 3.4000 3.4000 3.4000 3.4000 3.4000 
3.4000 3.4000 3.4000 3.4000 3.4000 3.4000 3.4000 3.4000 3.4000 3.4000 3.4000 3.4000 3.4000 3.4000 3.4000 3.4000 3.4000 3.4000 3.4000 3.4000 3.4000 
3.4000 3.4000 3.4000 3.4000 3.4000 3.4000 3.4000 3.4000 3.4000 3.4000 3.4000 3.4000 3.4000 3.4000 3.4000 3.4000 3.4000 3.4000 3.4000 3.4000 3.4000 
3.4000 3.4000 3.4000 3.4000 3.4000 3.4000 3.4000 3.4000 3.4000 3.4000 3.4000 3.4000 3.4000 3.4000 3.4000 3.4000 3.4000 3.4000 3.4000 3.4000 3.4000 
3.4000 3.4000 3.4000 3.4000 3.4000 3.4000 3.4000 3.4000 3.4000 3.4000 3.4000 3.4000 3.4000 3.4000 3.4000 3.4000 3.4000 3.4000 3.4000 3.4000 3.4000 
3.4000 3.4000 3.4000 3.4000 3.4000 3.4000 3.4000 3.4000 3.4000 3.4000 3.4000 3.4000 3.4000 3.4000 3.4000 3.4000 3.4000 3.4000 3.4000 3.4000 3.4000 
3.4000 3.4000 3.4000 3.4000 3.4000 3.4000 3.4000 3.4000 3.4000 3.4000 3.4000 3.4000 3.4000 3.4000 3.4000 3.4000 3.4000 3.4000 3.4000 3.4000 3.4000 
3.4000 3.4000 3.4000 3.4000 3.4000 3.4000 3.4000 3.4000 3.4000 3.4000 3.4000 3.4000 3.4000 3.4000 3.4000 3.4000 3.4000 3.4000 3.4000 3.4000 3.4000 
3.4000 3.4000 3.4000 3.4000 3.4000 3.4000 3.4000 3.4000 3.4000 3.4000 3.4000 3.4000 3.4000 3.4000 3.4000 3.4000 3.4000 3.4000 3.4000 3.4000 3.4000 
3.4000 3.4000 3.4000 3.4000 3.4000 3.4000 3.4000 3.4000 3.4000 3.4000 3.4000 3.4000 3.4000 3.4000 3.4000 3.4000 3.4000 3.4000 3.4000 3.4000 3.4000 
3.4000 3.4000 3.4000 3.4000 3.4000 3.4000 3.4000 3.4000 3.4000 3.4000 3.4000 3.4000 3.4000 3.4000 3.4000 3.4000 3.4000 3.4000 3.4000 3.4000 3.4000 
3.4000 3.4000 3.4000 3.4000 3.4000 3.4000 3.4000 3.4000 3.4000 3.4000 3.4000 3.4000 3.4000 3.4000 3.4000 3.4000 3.4000 3.4000 3.4000 3.4000 3.4000 
3.4000 3.4000 3.4000 3.4000 3.4000 3.4000 3.4000 3.4000 3.4000 3.4000 3.4000 3.4000 3.4000 3.4000 3.4000 3.4000 3.4000 3.4000 3.4000 3.4000 3.4000 
3.5000 3.5000 3.5000 3.5000 3.5000 3.5000 3.5000 3.5000 3.5000 3.5000 3.5000 3.5000 3.5000 3.5000 3.5000 3.5000 3.5000 3.5000 3.5000 3.5000 3.5000 
3.5000 3.5000 3.5000 3.5000 3.5000 3.5000 3.5000 3.5000 3.5000 3.5000 3.5000 3.5000 3.5000 3.5000 3.5000 3.5000 3.5000 3.5000 3.5000 3.5000 3.5000 
3.5000 3.5000 3.5000 3.5000 3.5000 3.5000 3.5000 3.5000 3.5000 3.5000 3.5000 3.5000 3.5000 3.5000 3.5000 3.5000 3.5000 3.5000 3.5000 3.5000 3.5000 
3.5000 3.5000 3.5000 3.5000 3.5000 3.5000 3.5000 3.5000 3.5000 3.5000 3.5000 3.5000 3.5000 3.5000 3.5000 3.5000 3.5000 3.5000 3.5000 3.5000 3.5000 
3.5000 3.5000 3.5000 3.5000 3.5000 3.5000 3.5000 3.5000 3.5000 3.5000 3.5000 3.5000 3.5000 3.5000 3.5000 3.5000 3.5000 3.5000 3.5000 3.5000 3.5000 
3.5000 3.5000 3.5000 3.5000 3.5000 3.5000 3.5000 3.5000 3.5000 3.5000 3.5000 3.5000 3.5000 3.5000 3.5000 3.5000 3.5000 3.5000 3.5000 3.5000 3.5000 
3.5000 3.5000 3.5000 3.5000 3.5000 3.5000 3.5000 3.5000 3.5000 3.5000 3.5000 3.5000 3.5000 3.5000 3.5000 3.5000 3.5000 3.5000 3.5000 3.5000 3.5000 
3.5000 3.5000 3.5000 3.5000 3.5000 3.5000 3.5000 3.5000 3.5000 3.5000 3.5000 3.5000 3.5000 3.5000 3.5000 3.5000 3.5000 3.5000 3.5000 3.5000 3.5000 
3.5000 3.5000 3.5000 3.5000 3.5000 3.5000 3.5000 3.5000 3.5000 3.5000 3.5000 3.5000 3.5000 3.5000 3.5000 3.5000 3.5000 3.5000 3.5000 3.5000 3.5000 
3.5000 3.5000 3.5000 3.5000 3.5000 3.5000 3.5000 3.5000 3.5000 3.5000 3.5000 3.5000 3.5000 3.5000 3.5000 3.5000 3.5000 3.5000 3.5000 3.5000 3.5000 
3.5000 3.5000 3.5000 3.5000 3.5000 3.5000 3.5000 3.5000 3.5000 3.5000 3.5000 3.5000 3.5000 3.5000 3.5000 3.5000 3.5000 3.5000 3.5000 3.5000 3.5000 
3.5000 3.5000 3.5000 3.5000 3.5000 3.5000 3.5000 3.5000 3.5000 3.5000 3.5000 3.5000 3.5000 3.5000 3.5000 3.5000 3.5000 3.5000 3.5000 3.5000 3.5000 
3.5000 3.5000 3.5000 3.5000 3.5000 3.5000 3.5000 3.5000 3.5000 3.5000 3.5000 3.5000 3.5000 3.5000 3.5000 3.5000 3.5000 3.5000 3.5000 3.5000 3.5000 
3.5000 3.5000 3.5000 3.5000 3.5000 3.5000 3.5000 3.5000 3.5000 3.5000 3.5000 3.5000 3.5000 3.5000 3.5000 3.5000 3.5000 3.5000 3.5000 3.5000 3.5000 
3.5000 3.5000 3.5000 3.5000 3.5000 3.5000 3.5000 3.5000 3.5000 3.5000 3.5000 3.5000 3.5000 3.5000 3.5000 3.5000 3.5000 3.5000 3.5000 3.5000 3.5000 
3.5000 3.5000 3.5000 3.5000 3.5000 3.5000 3.5000 3.5000 3.5000 3.5000 3.5000 3.5000 3.5000 3.5000 3.5000 3.5000 3.5000 3.5000 3.5000 3.5000 3.5000 
3.5000 3.5000 3.5000 3.5000 3.5000 3.5000 3.5000 3.5000 3.5000 3.5000 3.5000 3.5000 3.5000 3.5000 3.5000 3.5000 3.5000 3.5000 3.5000 3.5000 3.5000 
3.5000 3.5000 3.5000 3.5000 3.5000 3.5000 3.5000 3.5000 3.5000 3.5000 3.5000 3.5000 3.5000 3.5000 3.5000 3.5000 3.5000 3.5000 3.5000 3.5000 3.5000 
3.5000 3.5000 3.5000 3.5000 3.5000 3.5000 3.5000 3.5000 3.5000 3.5000 3.5000 3.5000 3.5000 3.5000 3.5000 3.5000 3.5000 3.5000 3.5000 3.5000 3.5000 
3.5000 3.5000 3.5000 3.5000 3.5000 3.5000 3.5000 3.5000 3.5000 3.5000 3.5000 3.5000 3.5000 3.5000 3.5000 3.5000 3.5000 3.5000 3.5000 3.5000 3.5000 
3.5000 3.5000 3.5000 3.5000 3.5000 3.5000 3.5000 3.5000 3.5000 3.5000 3.5000 3.5000 3.5000 3.5000 3.5000 3.5000 3.5000 3.5000 3.5000 3.5000 3.5000 
3.6000 3.6000 3.6000 3.6000 3.6000 3.6000 3.6000 3.6000 3.6000 3.6000 3.6000 3.6000 3.6000 3.6000 3.6000 3.6000 3.6000 3.6000 3.6000 3.6000 3.6000 
3.6000 3.6000 3.6000 3.6000 3.6000 3.6000 3.6000 3.6000 3.6000 3.6000 3.6000 3.6000 3.6000 3.6000 3.6000 3.6000 3.6000 3.6000 3.6000 3.6000 3.6000 
3.6000 3.6000 3.6000 3.6000 3.6000 3.6000 3.6000 3.6000 3.6000 3.6000 3.6000 3.6000 3.6000 3.6000 3.6000 3.6000 3.6000 3.6000 3.6000 3.6000 3.6000 
3.6000 3.6000 3.6000 3.6000 3.6000 3.6000 3.6000 3.6000 3.6000 3.6000 3.6000 3.6000 3.6000 3.6000 3.6000 3.6000 3.6000 3.6000 3.6000 3.6000 3.6000 
3.6000 3.6000 3.6000 3.6000 3.6000 3.6000 3.6000 3.6000 3.6000 3.6000 3.6000 3.6000 3.6000 3.6000 3.6000 3.6000 3.6000 3.6000 3.6000 3.6000 3.6000 
3.6000 3.6000 3.6000 3.6000 3.6000 3.6000 3.6000 3.6000 3.6000 3.6000 3.6000 3.6000 3.6000 3.6000 3.6000 3.6000 3.6000 3.6000 3.6000 3.6000 3.6000 
3.6000 3.6000 3.6000 3.6000 3.6000 3.6000 3.6000 3.6000 3.6000 3.6000 3.6000 3.6000 3.6000 3.6000 3.6000 3.6000 3.6000 3.6000 3.6000 3.6000 3.6000 
3.6000 3.6000 3.6000 3.6000 3.6000 3.6000 3.6000 3.6000 3.6000 3.6000 3.6000 3.6000 3.6000 3.6000 3.6000 3.6000 3.6000 3.6000 3.6000 3.6000 3.6000 
3.6000 3.6000 3.6000 3.6000 3.6000 3.6000 3.6000 3.6000 3.6000 3.6000 3.6000 3.6000 3.6000 3.6000 3.6000 3.6000 3.6000 3.6000 3.6000 3.6000 3.6000 
3.6000 3.6000 3.6000 3.6000 3.6000 3.6000 3.6000 3.6000 3.6000 3.6000 3.6000 3.6000 3.6000 3.6000 3.6000 3.6000 3.6000 3.6000 3.6000 3.6000 3.6000 
3.6000 3.6000 3.6000 3.6000 3.6000 3.6000 3.6000 3.6000 3.6000 3.6000 3.6000 3.6000 3.6000 3.6000 3.6000 3.6000 3.6000 3.6000 3.6000 3.6000 3.6000 
3.6000 3.6000 3.6000 3.6000 3.6000 3.6000 3.6000 3.6000 3.6000 3.6000 3.6000 3.6000 3.6000 3.6000 3.6000 3.6000 3.6000 3.6000 3.6000 3.6000 3.6000 
3.6000 3.6000 3.6000 3.6000 3.6000 3.6000 3.6000 3.6000 3.6000 3.6000 3.6000 3.6000 3.6000 3.6000 3.6000 3.6000 3.6000 3.6000 3.6000 3.6000 3.6000 
3.6000 3.6000 3.6000 3.6000 3.6000 3.6000 3.6000 3.6000 3.6000 3.6000 3.6000 3.6000 3.6000 3.6000 3.6000 3.6000 3.6000 3.6000 3.6000 3.6000 3.6000 
3.6000 3.6000 3.6000 3.6000 3.6000 3.6000 3.6000 3.6000 3.6000 3.6000 3.6000 3.6000 3.6000 3.6000 3.6000 3.6000 3.6000 3.6000 3.6000 3.6000 3.6000 
3.6000 3.6000 3.6000 3.6000 3.6000 3.6000 3.6000 3.6000 3.6000 3.6000 3.6000 3.6000 3.6000 3.6000 3.6000 3.6000 3.6000 3.6000 3.6000 3.6000 3.6000 
3.6000 3.6000 3.6000 3.6000 3.6000 3.6000 3.6000 3.6000 3.6000 3.6000 3.6000 3.6000 3.6000 3.6000 3.6000 3.6000 3.6000 3.6000 3.6000 3.6000 3.6000 
3.6000 3.6000 3.6000 3.6000 3.6000 3.6000 3.6000 3.6000 3.6000 3.6000 3.6000 3.6000 3.6000 3.6000 3.6000 3.6000 3.6000 3.6000 3.6000 3.6000 3.6000 
3.6000 3.6000 3.6000 3.6000 3.6000 3.6000 3.6000 3.6000 3.6000 3.6000 3.6000 3.6000 3.6000 3.6000 3.6000 3.6000 3.6000 3.6000 3.6000 3.6000 3.6000 
3.6000 3.6000 3.6000 3.6000 3.6000 3.6000 3.6000 3.6000 3.6000 3.6000 3.6000 3.6000 3.6000 3.6000 3.6000 3.6000 3.6000 3.6000 3.6000 3.6000 3.6000 
3.6000 3.6000 3.6000 3.6000 3.6000 3.6000 3.6000 3.6000 3.6000 3.6000 3.6000 3.6000 3.6000 3.6000 3.6000 3.6000 3.6000 3.6000 3.6000 3.6000 3.6000 
3.7000 3.7000 3.7000 3.7000 3.7000 3.7000 3.7000 3.7000 3.7000 3.7000 3.7000 3.7000 3.7000 3.7000 3.7000 3.7000 3.7000 3.7000 3.7000 3.7000 3.7000 
3.7000 3.7000 3.7000 3.7000 3.7000 3.7000 3.7000 3.7000 3.7000 3.7000 3.7000 3.7000 3.7000 3.7000 3.7000 3.7000 3.7000 3.7000 3.7000 3.7000 3.7000 
3.7000 3.7000 3.7000 3.7000 3.7000 3.7000 3.7000 3.7000 3.7000 3.7000 3.7000 3.7000 3.7000 3.7000 3.7000 3.7000 3.7000 3.7000 3.7000 3.7000 3.7000 
3.7000 3.7000 3.7000 3.7000 3.7000 3.7000 3.7000 3.7000 3.7000 3.7000 3.7000 3.7000 3.7000 3.7000 3.7000 3.7000 3.7000 3.7000 3.7000 3.7000 3.7000 
3.7000 3.7000 3.7000 3.7000 3.7000 3.7000 3.7000 3.7000 3.7000 3.7000 3.7000 3.7000 3.7000 3.7000 3.7000 3.7000 3.7000 3.7000 3.7000 3.7000 3.7000 
3.7000 3.7000 3.7000 3.7000 3.7000 3.7000 3.7000 3.7000 3.7000 3.7000 3.7000 3.7000 3.7000 3.7000 3.7000 3.7000 3.7000 3.7000 3.7000 3.7000 3.7000 
3.7000 3.7000 3.7000 3.7000 3.7000 3.7000 3.7000 3.7000 3.7000 3.7000 3.7000 3.7000 3.7000 3.7000 3.7000 3.7000 3.7000 3.7000 3.7000 3.7000 3.7000 
3.7000 3.7000 3.7000 3.7000 3.7000 3.7000 3.7000 3.7000 3.7000 3.7000 3.7000 3.7000 3.7000 3.7000 3.7000 3.7000 3.7000 3.7000 3.7000 3.7000 3.7000 
3.7000 3.7000 3.7000 3.7000 3.7000 3.7000 3.7000 3.7000 3.7000 3.7000 3.7000 3.7000 3.7000 3.7000 3.7000 3.7000 3.7000 3.7000 3.7000 3.7000 3.7000 
3.7000 3.7000 3.7000 3.7000 3.7000 3.7000 3.7000 3.7000 3.7000 3.7000 3.7000 3.7000 3.7000 3.7000 3.7000 3.7000 3.7000 3.7000 3.7000 3.7000 3.7000 
3.7000 3.7000 3.7000 3.7000 3.7000 3.7000 3.7000 3.7000 3.7000 3.7000 3.7000 3.7000 3.7000 3.7000 3.7000 3.7000 3.7000 3.7000 3.7000 3.7000 3.7000 
3.7000 3.7000 3.7000 3.7000 3.7000 3.7000 3.7000 3.7000 3.7000 3.7000 3.7000 3.7000 3.7000 3.7000 3.7000 3.7000 3.7000 3.7000 3.7000 3.7000 3.7000 
3.7000 3.7000 3.7000 3.7000 3.7000 3.7000 3.7000 3.7000 3.7000 3.7000 3.7000 3.7000 3.7000 3.7000 3.7000 3.7000 3.7000 3.7000 3.7000 3.7000 3.7000 
3.7000 3.7000 3.7000 3.7000 3.7000 3.7000 3.7000 3.7000 3.7000 3.7000 3.7000 3.7000 3.7000 3.7000 3.7000 3.7000 3.7000 3.7000 3.7000 3.7000 3.7000 
3.7000 3.7000 3.7000 3.7000 3.7000 3.7000 3.7000 3.7000 3.7000 3.7000 3.7000 3.7000 3.7000 3.7000 3.7000 3.7000 3.7000 3.7000 3.7000 3.7000 3.7000 
3.7000 3.7000 3.7000 3.7000 3.7000 3.7000 3.7000 3.7000 3.7000 3.7000 3.7000 3.7000 3.7000 3.7000 3.7000 3.7000 3.7000 3.7000 3.7000 3.7000 3.7000 
3.7000 3.7000 3.7000 3.7000 3.7000 3.7000 3.7000 3.7000 3.7000 3.7000 3.7000 3.7000 3.7000 3.7000 3.7000 3.7000 3.7000 3.7000 3.7000 3.7000 3.7000 
3.7000 3.7000 3.7000 3.7000 3.7000 3.7000 3.7000 3.7000 3.7000 3.7000 3.7000 3.7000 3.7000 3.7000 3.7000 3.7000 3.7000 3.7000 3.7000 3.7000 3.7000 
3.7000 3.7000 3.7000 3.7000 3.7000 3.7000 3.7000 3.7000 3.7000 3.7000 3.7000 3.7000 3.7000 3.7000 3.7000 3.7000 3.7000 3.7000 3.7000 3.7000 3.7000 
3.7000 3.7000 3.7000 3.7000 3.7000 3.7000 3.7000 3.7000 3.7000 3.7000 3.7000 3.7000 3.7000 3.7000 3.7000 3.7000 3.7000 3.7000 3.7000 3.7000 3.7000 
3.7000 3.7000 3.7000 3.7000 3.7000 3.7000 3.7000 3.7000 3.7000 3.7000 3.7000 3.7000 3.7000 3.7000 3.7000 3.7000 3.7000 3.7000 3.7000 3.7000 3.7000 
