2.0000 3.3717
2.0000 3.3810
2.0000 3.4115
2.0000 3.4495
2.0000 3.4819
2.0000 3.5086
2.0000 3.5365
2.0000 3.5733
2.0000 3.6237
2.0000 3.6886
2.0000 3.7662
2.0000 3.8527
2.0000 3.9436
2.0000 4.0345
2.0000 4.1218
2.0000 4.1832
2.0000 4.2435
2.0000 4.3028
2.0000 4.3615
2.0000 4.4196
2.0000 4.4322
2.0000 4.4438
2.0000 4.4550
2.0000 4.4660
2.0000 4.4769
2.0000 4.4875
2.0000 4.4878
2.0000 4.4879
2.0000 4.4880
2.0000 4.4883
2.0000 4.4886
5.0000 4.4929
5.0000 4.4952
5.0000 4.5012
5.0000 4.5070
5.0000 4.5130
5.0000 4.5171
5.0000 4.5280
5.0000 4.5459
5.0000 4.5640
5.0000 4.5820
5.0000 4.6001
5.0000 4.6180
5.0000 4.6361
