2.5
2.5
2.5
2.5
2.5
2.5
2.5
2.5
2.5
2.5
2.5
2.5
2.5
2.5
2.5
2.5
2.5
2.5
2.5
2.5
2.5
2.5
2.5
2.5
2.5
2.5
2.5
2.5
2.5
2.5
2.50057
2.50062
2.49962
2.49956
2.49969
2.5
2.5
2.5
2.5
2.5
2.5
2.5
2.5
2.5
2.49895
2.49817
2.49796
2.49833
2.49932
2.50222
2.51753
2.59838
2.54027
2.40816
2.52221
2.53277
2.50399
2.50096
2.50014
2.50005
2.50005
2.5
2.5
2.5
2.5
2.4975
2.49563
2.49505
2.49521
2.49182
2.45762
2.51819
2.87539
2.52428
2.03972
2.67836
2.58677
2.50295
2.50053
2.49999
2.49998
2.50005
2.5
2.5
2.5
2.5
2.49507
2.49133
2.49005
2.4846
2.44547
2.40343
2.57234
2.5673
2.37463
2.37305
2.64282
2.44842
2.48696
2.49735
2.49916
2.49974
2.50006
2.5
2.5
2.5
2.5
2.49035
2.48166
2.46773
2.42542
2.49789
2.88215
2.58106
2
2.60895
3.06989
2.43569
2.31446
2.46756
2.49556
2.49906
2.49988
2.50008
2.5
2.5
2.5
2.49999
2.47776
2.42411
2.36752
2.5233
2.68316
2.64349
2.39327
2.32105
2.72895
2.5337
2.47866
2.38987
2.46696
2.50037
2.501
2.50056
2.5003
2.5
2.5
2.5
2.49901
2.42454
2.22394
2.51447
3.04103
2.46389
2
2.54235
3.34518
2.3376
2
2.54796
2.81441
2.6207
2.51458
2.50384
2.50132
2.50042
2.5
2.5
2.5
2.4995
2.48696
2.48145
2.71613
2.5621
2.39277
2.41867
2.70104
2.53925
2.43111
2.39322
2.65599
2.60765
2.54843
2.50746
2.50208
2.50095
2.50038
2.5
2.5
2.5
2.50063
2.56782
2.90723
2.55499
2
2.51759
3.32228
2.3968
2
2.59701
3.25578
2.39124
2
2.38736
2.49236
2.49885
2.50014
2.50022
2.5
2.5
2.5
2.50038
2.50563
2.47398
2.4649
2.41169
2.67231
2.56412
2.43109
2.42735
2.68278
2.57235
2.43259
2.44274
2.49801
2.50273
2.50084
2.50057
2.50022
2.5
2.5
2.5
2.49996
2.4471
2.10296
2.39555
3.31586
2.4412
2
2.54355
3.33042
2.34698
2
2.63694
2.98365
2.59778
2.51358
2.50321
2.50092
2.50019
2.5
2.5
2.5
2.49981
2.46054
2.40864
2.69797
2.49925
2.42637
2.43891
2.69105
2.51808
2.44632
2.50162
2.53602
2.5451
2.52585
2.50436
2.5006
2.49988
2.49988
2.5
2.5
2.5
2.50104
2.57381
2.90993
2.61789
2
2.49301
3.3343
2.38836
2
2.61091
3.14915
2.38436
2.13431
2.40448
2.48858
2.4962
2.49844
2.49936
2.5
2.5
2.5
2.50002
2.51671
2.48977
2.28117
2.4998
2.76331
2.45209
2.40237
2.57429
2.51746
2.52795
2.62607
2.51791
2.47807
2.49061
2.49559
2.49787
2.49911
2.5
2.5
2.5
2.49967
2.47786
2.3381
2.47088
2.97073
2.41372
2
2.58074
3.00541
2.44602
2.12665
2.50715
2.52499
2.49451
2.49423
2.49641
2.49802
2.49906
2.5
2.5
2.5
2.5
2.49703
2.49309
2.5609
2.63227
2.45287
2.37949
2.56103
2.59866
2.49421
2.40943
2.4768
2.4935
2.49456
2.49597
2.4973
2.4984
2.49922
2.5
2.5
2.5
2.5
2.50013
2.50214
2.51067
2.51532
2.49682
2.48748
2.5044
2.51193
2.50032
2.48893
2.49145
2.4947
2.49629
2.49736
2.49822
2.4989
2.49945
2.5
2.5
2.5
2.5
2.50046
2.50151
2.50359
2.50395
2.49972
2.49725
2.50067
2.50274
2.49998
2.49673
2.49668
2.49749
2.49817
2.49872
2.49915
2.49946
2.49974
2.5
2.5
2.5
2.5
2.5
2.5
2.5
2.5
2.5
2.5
2.5
2.5
2.5
2.5
2.5
2.5
2.5
2.5
2.5
2.5
2.5
2.5
2.5
2.5
2.5
2.5
2.5
2.5
2.5
2.5
2.5
2.5
2.5
2.5
2.5
2.5
2.5
2.5
2.5
2.5
2.5
2.5
2.5
2.5
2.54
2.54
2.54
2.54
2.54
2.54
2.54
2.54
2.54
2.54
2.54
2.54
2.54
2.54
2.54
2.54
2.54
2.54
2.54
2.54
2.54
2.54
2.54
2.53895
2.53816
2.53795
2.53833
2.53932
2.54265
2.55575
2.58088
2.55091
2.50628
2.54592
2.55229
2.54389
2.54093
2.54014
2.54005
2.54005
2.54
2.54
2.54
2.53892
2.52643
2.5189
2.51915
2.52777
2.54377
2.57139
2.62078
2.66673
2.57178
2.46234
2.55152
2.57643
2.55765
2.54617
2.54144
2.54001
2.53983
2.54005
2.54
2.54
2.53748
2.51188
2.49651
2.49876
2.51346
2.53749
2.5682
2.6443
2.72925
2.54412
2.35937
2.58473
2.59205
2.55516
2.54255
2.53929
2.53902
2.53946
2.54005
2.54
2.54
2.53507
2.49309
2.46996
2.47575
2.50421
2.53727
2.57142
2.59282
2.51554
2.48053
2.49872
2.5923
2.52232
2.51959
2.52889
2.53498
2.53801
2.53935
2.54006
2.54
2.54
2.5303
2.46983
2.43635
2.45668
2.51881
2.60497
2.69649
2.51193
2.20203
2.53988
2.72862
2.55781
2.45652
2.4963
2.52575
2.53692
2.54012
2.54051
2.54008
2.54
2.54
2.52115
2.44347
2.39766
2.46209
2.60758
2.63075
2.54208
2.47131
2.45352
2.57268
2.52113
2.5204
2.51336
2.54172
2.5521
2.55019
2.54638
2.54302
2.5403
2.54
2.54
2.50827
2.43938
2.39334
2.56617
2.74436
2.48973
2.18157
2.52108
2.78599
2.44592
2.21083
2.50876
2.67308
2.64299
2.58892
2.56353
2.55155
2.54501
2.54042
2.54
2.54
2.53872
2.53724
2.56741
2.63131
2.53203
2.46751
2.47565
2.56813
2.50695
2.47137
2.47572
2.5724
2.56917
2.57214
2.56159
2.55433
2.54883
2.54433
2.54037
2.54
2.54
2.57018
2.61536
2.70245
2.52831
2.20269
2.51972
2.79195
2.45561
2.1282
2.53065
2.78767
2.5108
2.30606
2.43282
2.51402
2.53844
2.54342
2.54255
2.54022
2.54
2.54
2.54022
2.53528
2.52081
2.50845
2.48536
2.56703
2.51579
2.46954
2.45055
2.56872
2.53859
2.50234
2.49718
2.52918
2.54307
2.54498
2.54365
2.54189
2.54022
2.54
2.54
2.51111
2.45946
2.36814
2.5423
2.79691
2.4753
2.13278
2.50972
2.78307
2.4493
2.18501
2.54232
2.74052
2.6459
2.57888
2.55216
2.54284
2.54034
2.54019
2.54
2.54
2.52947
2.51864
2.52027
2.60163
2.52344
2.47641
2.47447
2.56329
2.5147
2.4832
2.49839
2.55586
2.57635
2.55921
2.53958
2.53227
2.53223
2.53543
2.53988
2.54
2.54
2.57112
2.6216
2.70158
2.5277
2.20806
2.52772
2.79391
2.46452
2.16703
2.53122
2.76949
2.52866
2.36628
2.41857
2.47434
2.50148
2.51745
2.52917
2.53936
2.54
2.54
2.54683
2.57036
2.55559
2.46216
2.49277
2.60933
2.53067
2.47945
2.50441
2.55121
2.57837
2.54808
2.45185
2.43502
2.46194
2.48859
2.50914
2.52522
2.53911
2.54
2.54
2.5299
2.52365
2.49272
2.57321
2.72758
2.50282
2.26707
2.5411
2.7417
2.53565
2.36285
2.44911
2.45893
2.45463
2.46966
2.48979
2.50846
2.52456
2.53906
2.54
2.54
2.53729
2.53988
2.55417
2.62556
2.67177
2.5129
2.40464
2.55933
2.65104
2.53389
2.41377
2.43484
2.45636
2.46809
2.48209
2.49784
2.51287
2.5265
2.53923
2.54
2.54
2.54013
2.54813
2.56573
2.59781
2.60402
2.5374
2.4974
2.54797
2.57917
2.53202
2.47502
2.46814
2.47723
2.48763
2.4986
2.50976
2.52034
2.53013
2.53945
2.54
2.54
2.54046
2.54654
2.55649
2.56871
2.56764
2.54345
2.52881
2.54312
2.55201
2.53414
2.51081
2.504
2.50669
2.5121
2.51802
2.52396
2.5295
2.53472
2.53974
2.54
2.54
2.54
2.54046
2.54151
2.54359
2.54395
2.53972
2.53725
2.54068
2.54274
2.53998
2.53673
2.53668
2.53749
2.53817
2.53872
2.53914
2.53946
2.53974
2.54
2.54
2.54
2.54
2.54
2.54
2.54
2.54
2.54
2.54
2.54
2.54
2.54
2.54
2.54
2.54
2.54
2.54
2.54
2.54
2.54
2.54
2.54
2.58
2.58
2.58
2.58
2.58
2.58
2.58
2.58
2.58
2.58
2.58
2.58
2.58
2.58
2.58
2.58
2.58
2.58
2.58
2.58
2.58
2.58
2.58
2.57802
2.57663
2.5763
2.5773
2.57983
2.58667
2.60639
2.63627
2.59566
2.54073
2.58778
2.59586
2.58573
2.58159
2.58023
2.58004
2.58003
2.58
2.58
2.58
2.57801
2.55528
2.54166
2.54271
2.55912
2.58998
2.63806
2.70506
2.74153
2.62485
2.50813
2.59166
2.62256
2.60456
2.58911
2.58191
2.57971
2.57954
2.58003
2.58
2.58
2.57537
2.52939
2.50281
2.50709
2.53933
2.59021
2.65528
2.74118
2.77906
2.59805
2.44542
2.61358
2.63187
2.59964
2.5831
2.57802
2.57769
2.57867
2.57998
2.58
2.58
2.57118
2.49827
2.45942
2.4744
2.53248
2.60387
2.66487
2.66181
2.55867
2.53383
2.56532
2.63301
2.57155
2.55746
2.5641
2.57133
2.57589
2.57837
2.57984
2.58
2.58
2.56363
2.46314
2.41418
2.45792
2.56766
2.67694
2.73049
2.54978
2.29605
2.56625
2.73921
2.62643
2.5209
2.53642
2.56256
2.57526
2.57957
2.58035
2.57999
2.58
2.58
2.55042
2.43334
2.38255
2.48853
2.66455
2.68382
2.57584
2.52216
2.51952
2.606
2.56474
2.57495
2.5803
2.59988
2.60299
2.59683
2.59009
2.58478
2.58037
2.58
2.58
2.53687
2.4502
2.42633
2.60951
2.75727
2.54128
2.29188
2.57401
2.7837
2.51755
2.30372
2.538
2.70469
2.7012
2.65006
2.61684
2.59877
2.58825
2.58076
2.58
2.58
2.58108
2.57823
2.62018
2.67234
2.57254
2.51318
2.53895
2.61365
2.55446
2.52419
2.53194
2.60372
2.6083
2.61914
2.6125
2.60318
2.59467
2.58726
2.58069
2.58
2.58
2.61963
2.66288
2.72179
2.56978
2.31245
2.56918
2.79414
2.51844
2.23889
2.57161
2.78922
2.5779
2.38586
2.47024
2.54978
2.5798
2.58613
2.58434
2.58039
2.58
2.58
2.57896
2.57305
2.56111
2.55871
2.55237
2.61194
2.56424
2.52419
2.52683
2.61318
2.58962
2.5574
2.54555
2.57081
2.58633
2.58852
2.58611
2.58311
2.58047
2.58
2.58
2.54197
2.49252
2.4435
2.61807
2.7962
2.52375
2.24088
2.56125
2.79106
2.51876
2.28946
2.57596
2.7639
2.70321
2.6329
2.59766
2.58406
2.58032
2.58048
2.58
2.58
2.5685
2.56686
2.58142
2.64486
2.57632
2.5278
2.52942
2.60718
2.56653
2.5342
2.54663
2.61306
2.63292
2.60377
2.57596
2.5653
2.56589
2.57182
2.57979
2.58
2.58
2.62055
2.67407
2.72196
2.5546
2.30717
2.58503
2.79959
2.52443
2.27457
2.5702
2.78404
2.59722
2.41509
2.42715
2.47832
2.5149
2.54062
2.56087
2.5789
2.58
2.58
2.59118
2.62504
2.61529
2.52788
2.5364
2.64312
2.59191
2.53432
2.54904
2.60884
2.63252
2.55871
2.43438
2.41234
2.44943
2.49138
2.52589
2.55389
2.57838
2.58
2.58
2.56891
2.57548
2.57145
2.64983
2.75894
2.55851
2.34668
2.58074
2.76908
2.59904
2.41359
2.43341
2.42979
2.43102
2.45768
2.49213
2.52442
2.55271
2.57836
2.58
2.58
2.57714
2.58798
2.61902
2.70452
2.74278
2.56156
2.43241
2.59891
2.71162
2.57944
2.42098
2.41434
2.43457
2.45371
2.47837
2.50575
2.53207
2.55614
2.5786
2.58
2.58
2.58059
2.5964
2.62696
2.67315
2.6769
2.58431
2.52596
2.59211
2.63572
2.56821
2.48057
2.46044
2.47107
2.48805
2.50713
2.52662
2.54516
2.56249
2.57902
2.58
2.58
2.58079
2.59193
2.60913
2.62846
2.62575
2.58845
2.56527
2.58584
2.59871
2.57013
2.53171
2.5182
2.52172
2.53082
2.54119
2.55158
2.56136
2.57064
2.5795
2.58
2.58
2.58
2.58079
2.58277
2.58632
2.58677
2.57971
2.57559
2.58119
2.58476
2.58021
2.57455
2.57414
2.57551
2.57676
2.57774
2.57843
2.579
2.5795
2.58
2.58
2.58
2.58
2.58
2.58
2.58
2.58
2.58
2.58
2.58
2.58
2.58
2.58
2.58
2.58
2.58
2.58
2.58
2.58
2.58
2.58
2.58
2.62
2.62
2.62
2.62
2.62
2.62
2.62
2.62
2.62
2.62
2.62
2.62
2.62
2.62
2.62
2.62
2.62
2.62
2.62
2.62
2.62
2.62
2.62
2.61728
2.61537
2.61495
2.6163
2.61997
2.62933
2.65439
2.6898
2.63919
2.57322
2.62924
2.63934
2.62722
2.62202
2.62041
2.62002
2.61999
2.62
2.62
2.62
2.61728
2.5857
2.56652
2.56711
2.58868
2.62997
2.69316
2.77601
2.81511
2.67437
2.53873
2.63295
2.67009
2.64968
2.63067
2.62162
2.61892
2.61901
2.61999
2.62
2.62
2.61373
2.55047
2.5136
2.51816
2.5615
2.6311
2.71977
2.82473
2.86031
2.64919
2.48079
2.66229
2.68185
2.6433
2.62218
2.61563
2.61558
2.61755
2.61982
2.62
2.62
2.6081
2.5095
2.45654
2.47605
2.55434
2.65237
2.73623
2.73594
2.61503
2.58632
2.62881
2.69645
2.6181
2.5938
2.59799
2.60623
2.61255
2.6167
2.61972
2.62
2.62
2.59839
2.46463
2.40048
2.45788
2.60113
2.74194
2.80639
2.60759
2.33121
2.63553
2.82955
2.69883
2.56559
2.57035
2.5959
2.61053
2.61672
2.61902
2.61986
2.62
2.62
2.58177
2.42935
2.36596
2.49806
2.7182
2.75623
2.63624
2.58401
2.59816
2.69576
2.63765
2.63669
2.63319
2.64635
2.6456
2.6375
2.63012
2.62467
2.62038
2.62
2.62
2.56509
2.45387
2.42585
2.64529
2.82526
2.59813
2.3311
2.65811
2.90093
2.6027
2.34377
2.58819
2.76965
2.7636
2.70276
2.66291
2.64149
2.6293
2.62092
2.62
2.62
2.62012
2.61094
2.66121
2.72898
2.62434
2.56837
2.61949
2.71408
2.64478
2.60058
2.5989
2.66821
2.66442
2.66953
2.65888
2.64718
2.63704
2.62846
2.62087
2.62
2.62
2.66751
2.71408
2.78134
2.61829
2.34306
2.64257
2.91146
2.60519
2.28791
2.65331
2.88991
2.64688
2.4173
2.49843
2.58501
2.61938
2.62705
2.62516
2.62048
2.62
2.62
2.61861
2.61299
2.60582
2.6153
2.62286
2.69851
2.65111
2.60486
2.61392
2.70349
2.66459
2.61559
2.59143
2.61356
2.62882
2.63061
2.6275
2.62382
2.62062
2.62
2.62
2.57488
2.52303
2.48258
2.69554
2.90026
2.59564
2.28185
2.65005
2.9142
2.5992
2.32324
2.63029
2.83758
2.76751
2.68453
2.6418
2.62499
2.6204
2.62063
2.62
2.62
2.60735
2.61039
2.63644
2.71763
2.64699
2.59401
2.6061
2.70168
2.65541
2.60743
2.61068
2.67754
2.69223
2.65002
2.6144
2.6011
2.60197
2.6096
2.61972
2.62
2.62
2.66957
2.73249
2.78641
2.60033
2.33033
2.65766
2.9097
2.60106
2.31595
2.64031
2.8769
2.65823
2.43619
2.43828
2.49421
2.53796
2.56994
2.59566
2.61859
2.62
2.62
2.63474
2.67639
2.66881
2.5702
2.5789
2.71198
2.66524
2.59957
2.61326
2.67696
2.6966
2.59688
2.44408
2.41405
2.45719
2.50834
2.55147
2.58683
2.61797
2.62
2.62
2.60751
2.61882
2.6221
2.71488
2.83594
2.61114
2.37183
2.64051
2.85575
2.65662
2.43202
2.44119
2.43334
2.43465
2.46696
2.50942
2.54976
2.58542
2.61795
2.62
2.62
2.61676
2.63126
2.67303
2.77774
2.82238
2.60864
2.45668
2.65267
2.78472
2.62391
2.42828
2.41377
2.43761
2.4618
2.49258
2.52663
2.5595
2.58979
2.61826
2.62
2.62
2.62081
2.64069
2.68012
2.73867
2.74332
2.63124
2.56027
2.63999
2.69136
2.60583
2.49506
2.46838
2.48211
2.50415
2.5283
2.55272
2.57603
2.59787
2.61872
2.62
2.62
2.62096
2.63494
2.65716
2.68209
2.67924
2.63312
2.6044
2.62959
2.64456
2.60735
2.55795
2.54072
2.54571
2.55772
2.57105
2.58415
2.59649
2.60813
2.61932
2.62
2.62
2.62
2.62096
2.62361
2.62833
2.62891
2.61994
2.6147
2.62186
2.62637
2.62039
2.61297
2.61243
2.61432
2.61596
2.61716
2.61808
2.61869
2.61932
2.62
2.62
2.62
2.62
2.62
2.62
2.62
2.62
2.62
2.62
2.62
2.62
2.62
2.62
2.62
2.62
2.62
2.62
2.62
2.62
2.62
2.62
2.62
2.66
2.66
2.66
2.66
2.66
2.66
2.66
2.66
2.66
2.66
2.66
2.66
2.66
2.66
2.66
2.66
2.66
2.66
2.66
2.66
2.66
2.66
2.66
2.65676
2.65436
2.65361
2.65474
2.65845
2.6689
2.69808
2.73896
2.67785
2.60051
2.66877
2.68283
2.66871
2.66248
2.66044
2.65995
2.65996
2.66
2.66
2.66
2.65674
2.61814
2.59347
2.5912
2.61271
2.65724
2.72863
2.82583
2.87332
2.70686
2.5485
2.66648
2.71585
2.69323
2.67101
2.66054
2.65775
2.6583
2.65996
2.66
2.66
2.65244
2.57549
2.52856
2.52877
2.57336
2.64908
2.75018
2.87586
2.92408
2.67728
2.48161
2.70287
2.73015
2.68425
2.65896
2.65177
2.65263
2.65596
2.65982
2.66
2.66
2.64571
2.52663
2.45983
2.47625
2.56145
2.6721
2.77179
2.78159
2.65737
2.62494
2.6721
2.75262
2.65581
2.62269
2.62701
2.63809
2.64747
2.65425
2.65954
2.66
2.66
2.63404
2.47305
2.39252
2.45336
2.61662
2.78287
2.86783
2.65326
2.35399
2.70218
2.9203
2.7574
2.5887
2.58871
2.61974
2.64013
2.65072
2.6562
2.65963
2.66
2.66
2.61417
2.42951
2.34932
2.49731
2.75439
2.80886
2.68563
2.63464
2.6597
2.77686
2.70375
2.68329
2.66178
2.67219
2.67435
2.66975
2.66539
2.66241
2.66025
2.66
2.66
2.59355
2.45357
2.41251
2.66497
2.88419
2.64007
2.34811
2.72471
3.01022
2.67305
2.37087
2.63624
2.82565
2.81079
2.74203
2.69991
2.67894
2.66803
2.66096
2.66
2.66
2.65569
2.63399
2.68278
2.76451
2.66368
2.61842
2.68168
2.79488
2.72225
2.66371
2.65364
2.72691
2.7101
2.70782
2.69527
2.68416
2.67524
2.66767
2.66091
2.66
2.66
2.71356
2.76232
2.83793
2.65349
2.35122
2.70119
3.01586
2.67366
2.32229
2.71941
2.97942
2.69397
2.42686
2.51528
2.61409
2.65494
2.66535
2.66461
2.66052
2.66
2.66
2.65867
2.65081
2.64579
2.66206
2.67685
2.76694
2.7202
2.66826
2.68002
2.77222
2.71915
2.65586
2.62634
2.65012
2.66755
2.67027
2.6675
2.6639
2.66067
2.66
2.66
2.60761
2.54554
2.50152
2.75378
3.00061
2.65926
2.31113
2.72088
3.02354
2.66104
2.33827
2.67178
2.90565
2.82619
2.73272
2.68482
2.66601
2.66066
2.6607
2.66
2.66
2.64474
2.64492
2.67543
2.77603
2.70614
2.65005
2.66842
2.7771
2.72681
2.66652
2.65682
2.71729
2.73211
2.68885
2.65323
2.63997
2.64113
2.64911
2.65973
2.66
2.66
2.71713
2.78679
2.84985
2.64223
2.34083
2.713
3.00977
2.66248
2.34048
2.69691
2.95431
2.69654
2.44847
2.45565
2.52172
2.57147
2.60657
2.63416
2.65847
2.66
2.66
2.67594
2.71739
2.70551
2.59557
2.61203
2.76477
2.71988
2.65117
2.66201
2.72242
2.74159
2.63965
2.47812
2.44338
2.48794
2.54195
2.58753
2.62496
2.65786
2.66
2.66
2.64365
2.64779
2.64587
2.75498
2.90226
2.64608
2.38108
2.69103
2.93189
2.68947
2.43622
2.46769
2.47018
2.47057
2.50187
2.54484
2.58649
2.62374
2.65794
2.66
2.66
2.6549
2.66372
2.70725
2.83034
2.88867
2.64648
2.4793
2.70412
2.84936
2.65525
2.43484
2.43304
2.46921
2.49724
2.52877
2.56325
2.59697
2.62843
2.65828
2.66
2.66
2.66022
2.67774
2.72025
2.78902
2.79845
2.67339
2.59579
2.6871
2.74199
2.63961
2.51503
2.49213
2.51322
2.53931
2.5651
2.59021
2.6142
2.63687
2.65864
2.66
2.66
2.66082
2.67425
2.69829
2.72766
2.72629
2.67542
2.64426
2.67304
2.68832
2.64396
2.58854
2.57202
2.58025
2.59462
2.60913
2.62275
2.63547
2.64756
2.65925
2.66
2.66
2.66
2.66082
2.6638
2.66939
2.67035
2.66014
2.65433
2.66259
2.66746
2.66008
2.65159
2.65142
2.65392
2.65588
2.65714
2.65808
2.65873
2.65925
2.66
2.66
2.66
2.66
2.66
2.66
2.66
2.66
2.66
2.66
2.66
2.66
2.66
2.66
2.66
2.66
2.66
2.66
2.66
2.66
2.66
2.66
2.66
2.7
2.7
2.7
2.7
2.7
2.7
2.7
2.7
2.7
2.7
2.7
2.7
2.7
2.7
2.7
2.7
2.7
2.7
2.7
2.7
2.7
2.7
2.7
2.69643
2.69362
2.69223
2.69233
2.69465
2.70395
2.73796
2.79414
2.71557
2.61113
2.70805
2.72937
2.71061
2.70292
2.70049
2.7
2.69992
2.7
2.7
2.7
2.69634
2.65338
2.62413
2.61655
2.63221
2.67111
2.74122
2.85038
2.91706
2.72322
2.53342
2.69235
2.7602
2.73495
2.71016
2.69895
2.69642
2.69759
2.69992
2.7
2.7
2.6917
2.60648
2.55103
2.54198
2.57627
2.64179
2.73906
2.88691
2.9733
2.67929
2.43159
2.73334
2.77579
2.72165
2.69359
2.68689
2.68926
2.69426
2.69974
2.7
2.7
2.68425
2.55332
2.47462
2.47934
2.55383
2.65685
2.76096
2.78963
2.67862
2.63701
2.67732
2.79097
2.6766
2.64204
2.65166
2.66799
2.68148
2.69144
2.69937
2.7
2.7
2.67087
2.49397
2.39808
2.44911
2.6119
2.79323
2.91367
2.67677
2.33284
2.74726
3.00247
2.78444
2.57667
2.58801
2.63455
2.66531
2.6825
2.69252
2.69939
2.7
2.7
2.6462
2.44038
2.34099
2.49008
2.77318
2.83774
2.71627
2.65525
2.67371
2.8231
2.74075
2.69895
2.65527
2.67343
2.68912
2.69441
2.69677
2.69855
2.70004
2.7
2.7
2.61435
2.45443
2.39047
2.67519
2.94495
2.6584
2.30927
2.74836
3.09799
2.69294
2.34902
2.67158
2.87269
2.84236
2.76744
2.72823
2.71176
2.70471
2.70087
2.7
2.7
2.68618
2.65172
2.69014
2.78533
2.68938
2.65019
2.69871
2.82481
2.7551
2.68349
2.67491
2.76865
2.73855
2.73154
2.72138
2.71471
2.70975
2.70517
2.70077
2.7
2.7
2.76673
2.81294
2.90216
2.67411
2.31166
2.72686
3.09789
2.68961
2.29519
2.7472
3.05391
2.70123
2.39488
2.51617
2.63772
2.68751
2.70183
2.70313
2.70043
2.7
2.7
2.70003
2.68664
2.67666
2.68715
2.69512
2.79514
2.74419
2.6837
2.69482
2.79525
2.73716
2.66716
2.64587
2.68064
2.70339
2.70833
2.70661
2.70356
2.70066
2.7
2.7
2.63235
2.55459
2.48145
2.77248
3.09414
2.69088
2.28835
2.74547
3.10566
2.67473
2.30558
2.69793
2.97748
2.8819
2.77813
2.72711
2.70731
2.70131
2.70074
2.7
2.7
2.67551
2.66519
2.68685
2.8084
2.7377
2.67526
2.69145
2.80484
2.75043
2.68778
2.6706
2.72432
2.75071
2.72102
2.6935
2.68276
2.68368
2.69052
2.69981
2.7
2.7
2.77225
2.8379
2.9174
2.67835
2.31747
2.73676
3.09591
2.68031
2.31001
2.72516
3.0162
2.70092
2.44252
2.47922
2.56292
2.61671
2.65098
2.67654
2.69858
2.7
2.7
2.7157
2.74677
2.72246
2.59841
2.63418
2.79551
2.73865
2.66935
2.68206
2.73288
2.75942
2.68613
2.53862
2.50298
2.54369
2.59312
2.63447
2.66832
2.69814
2.7
2.7
2.67347
2.65988
2.63577
2.76459
2.96242
2.65477
2.35613
2.72459
2.99847
2.68928
2.41703
2.51512
2.54385
2.54072
2.5633
2.59863
2.63453
2.66751
2.69824
2.7
2.7
2.69064
2.68384
2.71788
2.85742
2.93885
2.67058
2.49658
2.75034
2.90181
2.66995
2.44032
2.47526
2.53171
2.56097
2.58707
2.61548
2.64424
2.67183
2.69851
2.7
2.7
2.6986
2.70679
2.74509
2.82036
2.83851
2.70901
2.63238
2.73152
2.78446
2.66868
2.54244
2.53433
2.56589
2.59402
2.61733
2.63885
2.65946
2.67939
2.6988
2.7
2.7
2.70027
2.70942
2.73161
2.76309
2.76508
2.71453
2.6847
2.71526
2.72871
2.6799
2.62447
2.61338
2.62602
2.64165
2.65523
2.66721
2.67825
2.68891
2.69943
2.7
2.7
2.7
2.70028
2.7031
2.70934
2.711
2.70012
2.69435
2.70332
2.70796
2.69927
2.69038
2.69124
2.69442
2.69656
2.69772
2.69841
2.69893
2.69943
2.7
2.7
2.7
2.7
2.7
2.7
2.7
2.7
2.7
2.7
2.7
2.7
2.7
2.7
2.7
2.7
2.7
2.7
2.7
2.7
2.7
2.7
2.7
2.8
2.8
2.8
2.8
2.8
2.8
2.8
2.8
2.8
2.8
2.8
2.8
2.8
2.8
2.8
2.8
2.8
2.8
2.8
2.8
2.8
2.8
2.8
2.79646
2.79351
2.79158
2.79036
2.79053
2.7962
2.8269
2.88534
2.80817
2.70046
2.80433
2.83013
2.8108
2.80296
2.80048
2.79998
2.79988
2.8
2.8
2.8
2.79636
2.753
2.72144
2.70835
2.71484
2.74122
2.79825
2.90125
2.97729
2.79354
2.6055
2.77637
2.85417
2.83163
2.80793
2.79741
2.79544
2.79708
2.79988
2.8
2.8
2.7919
2.70687
2.6478
2.62855
2.64563
2.68885
2.76429
2.90694
3.02259
2.74389
2.48401
2.80707
2.86448
2.81394
2.7879
2.78299
2.78679
2.79305
2.79968
2.8
2.8
2.78501
2.65682
2.57459
2.56434
2.61442
2.69045
2.77765
2.82218
2.76723
2.72099
2.72318
2.85123
2.7515
2.72481
2.73983
2.76025
2.77681
2.78929
2.79929
2.8
2.8
2.77262
2.60266
2.50481
2.53689
2.66872
2.82763
2.96318
2.76239
2.4629
2.8256
3.05416
2.83058
2.63143
2.65618
2.71367
2.75248
2.77526
2.78921
2.79918
2.8
2.8
2.74994
2.55348
2.45427
2.57812
2.82667
2.88222
2.80274
2.74171
2.72173
2.8613
2.80759
2.75764
2.70091
2.72842
2.75982
2.77708
2.78738
2.79436
2.79979
2.8
2.8
2.71879
2.56369
2.49421
2.74775
3.00898
2.7448
2.4259
2.7923
3.10882
2.74056
2.46503
2.77268
2.93513
2.89781
2.83706
2.81048
2.80234
2.80054
2.8006
2.8
2.8
2.78071
2.74108
2.75707
2.83812
2.78121
2.75817
2.74724
2.83675
2.80536
2.74651
2.74775
2.84081
2.80512
2.80064
2.8009
2.80238
2.80291
2.80214
2.80061
2.8
2.8
2.86606
2.90643
2.9885
2.7631
2.43038
2.78912
3.10277
2.73993
2.43069
2.80284
3.07746
2.74001
2.47854
2.61025
2.73218
2.78279
2.79871
2.80162
2.80036
2.8
2.8
2.80341
2.78728
2.77351
2.76692
2.75293
2.8244
2.78898
2.74511
2.74463
2.82163
2.78716
2.73724
2.73953
2.77955
2.80213
2.80726
2.80604
2.80331
2.80061
2.8
2.8
2.7322
2.64668
2.55245
2.80127
3.12292
2.76831
2.43648
2.79124
3.10281
2.72927
2.43931
2.79091
3.05543
2.9684
2.8743
2.82769
2.80885
2.8024
2.80074
2.8
2.8
2.7705
2.74615
2.7442
2.8472
2.80082
2.75546
2.75652
2.82618
2.78825
2.75476
2.742
2.77385
2.81198
2.80949
2.79689
2.78961
2.78935
2.79356
2.79998
2.8
2.8
2.87029
2.92058
2.99672
2.78175
2.45995
2.79107
3.11099
2.73893
2.43765
2.79707
3.04207
2.74635
2.55007
2.60778
2.68898
2.73547
2.76266
2.78219
2.79897
2.8
2.8
2.8098
2.82258
2.78862
2.68658
2.73923
2.8439
2.78515
2.74156
2.75799
2.7814
2.80699
2.79039
2.69703
2.66289
2.68666
2.72073
2.75062
2.77593
2.79873
2.8
2.8
2.76692
2.7326
2.68741
2.80947
3.01684
2.72368
2.4747
2.8067
3.04693
2.73716
2.51415
2.66119
2.71013
2.70058
2.70708
2.72734
2.7515
2.77556
2.79886
2.8
2.8
2.78692
2.76131
2.77685
2.90542
2.99553
2.76055
2.62401
2.84668
2.96768
2.74098
2.55092
2.61699
2.68341
2.70761
2.72257
2.73962
2.75886
2.77888
2.79903
2.8
2.8
2.79673
2.79175
2.81814
2.8872
2.9125
2.80476
2.74596
2.83203
2.87019
2.75897
2.65329
2.66189
2.69918
2.72469
2.74149
2.75575
2.76995
2.78448
2.79918
2.8
2.8
2.79952
2.80181
2.81824
2.84718
2.85302
2.81238
2.78982
2.81619
2.82409
2.77762
2.73076
2.72707
2.74241
2.75697
2.76755
2.77598
2.78376
2.79159
2.79952
2.8
2.8
2.8
2.79953
2.80153
2.80729
2.80943
2.80027
2.79595
2.80364
2.80692
2.79834
2.7908
2.79262
2.79596
2.79777
2.7986
2.799
2.79924
2.79952
2.8
2.8
2.8
2.8
2.8
2.8
2.8
2.8
2.8
2.8
2.8
2.8
2.8
2.8
2.8
2.8
2.8
2.8
2.8
2.8
2.8
2.8
2.8
2.9
2.9
2.9
2.9
2.9
2.9
2.9
2.9
2.9
2.9
2.9
2.9
2.9
2.9
2.9
2.9
2.9
2.9
2.9
2.9
2.9
2.9
2.9
2.89688
2.89423
2.89217
2.8902
2.88864
2.89048
2.91042
2.95229
2.90226
2.82663
2.90152
2.92291
2.90892
2.90256
2.90051
2.89994
2.89999
2.9
2.9
2.9
2.89686
2.85746
2.82708
2.81071
2.80873
2.822
2.8606
2.94013
3.00823
2.88076
2.73884
2.87262
2.94038
2.92491
2.90557
2.89674
2.89524
2.89704
2.89999
2.9
2.9
2.89317
2.81769
2.76206
2.73657
2.73773
2.75867
2.80773
2.91907
3.03451
2.8483
2.64085
2.88326
2.94118
2.90577
2.88556
2.8822
2.88643
2.89294
2.89972
2.9
2.9
2.88809
2.7783
2.70402
2.6837
2.70765
2.75251
2.81476
2.86898
2.88894
2.85211
2.80076
2.89756
2.83989
2.8244
2.83939
2.85913
2.87575
2.88865
2.89926
2.9
2.9
2.87994
2.74097
2.65875
2.67209
2.7561
2.8643
2.98374
2.87935
2.70809
2.91073
3.03724
2.87338
2.73289
2.75797
2.81033
2.84833
2.87222
2.88764
2.89912
2.9
2.9
2.86667
2.71374
2.63875
2.72111
2.884
2.92043
2.91045
2.87211
2.80901
2.88934
2.8817
2.83926
2.78293
2.80724
2.84261
2.86611
2.88126
2.89159
2.89959
2.9
2.9
2.85103
2.73127
2.68288
2.84774
3.031
2.8679
2.67296
2.85857
3.03363
2.81854
2.68959
2.89169
2.97264
2.93925
2.90537
2.89469
2.89457
2.89721
2.90033
2.9
2.9
2.88731
2.8559
2.85366
2.89826
2.89753
2.89758
2.82717
2.85237
2.87262
2.84788
2.85092
2.90878
2.87673
2.87691
2.8861
2.89357
2.89793
2.8998
2.90042
2.9
2.9
2.94813
2.98369
3.03786
2.87939
2.67254
2.87155
3.02445
2.83149
2.6975
2.8814
3.03053
2.80496
2.65708
2.75674
2.84616
2.88499
2.89805
2.90086
2.90032
2.9
2.9
2.90705
2.89651
2.88536
2.86367
2.83193
2.85955
2.85683
2.85556
2.83778
2.8658
2.8626
2.84529
2.86487
2.89417
2.90736
2.90889
2.90652
2.90343
2.90054
2.9
2.9
2.85312
2.77831
2.69289
2.82858
3.04797
2.86705
2.70824
2.86288
3.01684
2.82471
2.70152
2.91359
3.08549
3.02955
2.96306
2.92693
2.9105
2.90357
2.90069
2.9
2.9
2.87681
2.84522
2.82215
2.87209
2.86601
2.86425
2.85119
2.85887
2.84819
2.85904
2.85608
2.85931
2.89253
2.90853
2.90589
2.8997
2.89682
2.8975
2.90006
2.9
2.9
2.94745
2.97845
3.02833
2.89556
2.70868
2.85871
3.03404
2.83306
2.69269
2.89374
3.01593
2.8285
2.73641
2.78502
2.83638
2.86353
2.8786
2.88958
2.89939
2.9
2.9
2.90172
2.89767
2.86665
2.82019
2.87487
2.89143
2.85058
2.85278
2.87055
2.86316
2.87353
2.90474
2.8757
2.84524
2.84477
2.85704
2.87142
2.88557
2.89937
2.9
2.9
2.87088
2.82318
2.7741
2.8617
3.01958
2.82837
2.70018
2.90379
3.04277
2.82322
2.70069
2.83734
2.88597
2.8705
2.85988
2.86247
2.87244
2.88543
2.89953
2.9
2.9
2.88648
2.84751
2.84427
2.93454
3.01173
2.87168
2.80522
2.94158
3.00271
2.83556
2.72175
2.7915
2.84912
2.86309
2.86473
2.8686
2.87659
2.8874
2.89959
2.9
2.9
2.89548
2.87878
2.88995
2.94088
2.96882
2.90644
2.87728
2.93183
2.94658
2.86043
2.79174
2.81006
2.84418
2.86253
2.87047
2.87609
2.88259
2.89059
2.89956
2.9
2.9
2.89882
2.89425
2.90285
2.92501
2.93415
2.91124
2.89975
2.91682
2.91728
2.88023
2.84827
2.85048
2.86526
2.87637
2.88252
2.88656
2.89044
2.8948
2.89965
2.9
2.9
2.9
2.89882
2.89972
2.90385
2.90601
2.9008
2.89877
2.90344
2.90462
2.89808
2.8933
2.89531
2.89801
2.89924
2.89955
2.89963
2.89961
2.89965
2.9
2.9
2.9
2.9
2.9
2.9
2.9
2.9
2.9
2.9
2.9
2.9
2.9
2.9
2.9
2.9
2.9
2.9
2.9
2.9
2.9
2.9
2.9
3
3
3
3
3
3
3
3
3
3
3
3
3
3
3
3
3
3
3
3
3
3
3
2.99762
2.99548
2.99353
2.9915
2.98929
2.98887
3.00018
3.02843
3.00343
2.95653
3.00341
3.01728
3.00714
3.00224
3.00055
3.00006
3.00005
3
3
3
2.99761
2.9654
2.93939
2.92281
2.91581
2.91969
2.94321
2.99985
3.05859
2.9903
2.8979
2.98648
3.03373
3.02142
3.00556
2.99778
2.99622
2.99757
3.00005
3
3
2.99497
2.93513
2.8888
2.86263
2.85414
2.86015
2.89039
2.97282
3.08005
2.98454
2.83638
2.98869
3.03184
3.0061
2.98931
2.98562
2.98859
2.9939
2.99978
3
3
2.99197
2.90932
2.85089
2.82785
2.83323
2.85585
2.90177
2.96286
3.02995
3.00853
2.92559
2.98027
2.95139
2.94141
2.95104
2.96556
2.97887
2.9899
2.99934
3
3
2.98805
2.89115
2.83275
2.83416
2.87806
2.94438
3.0464
3.02163
2.94478
3.03096
3.06821
2.9571
2.86878
2.88664
2.92456
2.95438
2.97453
2.9884
2.99917
3
3
2.9831
2.88597
2.84149
2.88898
2.97783
3.00184
3.04303
3.03168
2.94984
2.98204
2.99341
2.9574
2.90486
2.91746
2.94486
2.96592
2.98062
2.99116
2.99952
3
3
2.97885
2.90901
2.88676
2.9782
3.088
3.01168
2.91914
2.98558
3.04447
2.95133
2.91466
3.02467
3.04357
3.01074
2.99125
2.9883
2.99152
2.99591
3.00016
3
3
2.99657
2.98439
2.97954
2.99821
3.03009
3.04947
2.96271
2.95469
2.99752
2.99488
2.98709
3.01037
2.9822
2.9795
2.98628
2.99253
2.99665
2.99897
3.00027
3
3
3.03368
3.06817
3.10467
3.01151
2.90652
2.99755
3.0357
2.98046
2.9569
3.01217
3.05315
2.92199
2.85563
2.91784
2.96984
2.9923
2.9997
3.00102
3.00026
3
3
3.00997
3.01158
3.00837
2.98429
2.95162
2.96385
2.9849
3.01866
2.99071
2.98549
2.99015
2.98718
3.00418
3.01561
3.0162
3.0122
3.00771
3.00378
3.0005
3
3
2.97335
2.92329
2.8587
2.90927
3.03485
2.99855
2.96206
2.99695
3.02975
2.97457
2.9553
3.05699
3.13724
3.09812
3.05301
3.02576
3.01163
3.00449
3.00054
3
3
2.98606
2.96081
2.9342
2.94769
2.9654
3.00241
2.99013
2.9732
2.97646
3.0108
3.0099
2.99184
3.00474
3.01921
3.01715
3.00939
3.00363
3.00093
3.00012
3
3
3.02958
3.04724
3.07986
3.01802
2.93278
2.96959
3.03511
2.97793
2.94604
3.03142
3.05795
2.95899
2.93156
2.96123
2.9821
2.99005
2.99342
2.9964
2.99978
3
3
2.99789
2.98601
2.96604
2.96471
3.01791
2.9893
2.96767
3.00283
3.01892
2.99521
2.99001
3.0385
3.04376
3.01517
2.99603
2.98992
2.99058
2.99448
2.99988
3
3
2.97752
2.92851
2.88552
2.94326
3.05486
2.9631
2.92512
3.0269
3.08256
2.95306
2.90597
3.01214
3.04886
3.02826
3.00521
2.99374
2.99151
2.99457
3.00006
3
3
2.988
2.9445
2.92916
2.98385
3.0468
2.99439
2.9831
3.04655
3.05917
2.95613
2.90644
2.96656
3.00784
3.01089
3.00155
2.9945
2.99281
2.99528
2.99999
3
3
2.99518
2.97146
2.97025
3.00284
3.03158
3.01202
3.0081
3.03415
3.03035
2.97351
2.9391
2.96066
2.98683
2.99672
2.99653
2.99444
2.99419
2.9963
2.99985
3
3
2.99843
2.98898
2.99065
3.00551
3.01703
3.011
3.00958
3.01783
3.01276
2.9872
2.96986
2.97565
2.98764
2.99445
2.99627
2.99626
2.99658
2.99781
2.99977
3
3
3
2.99843
2.99838
3.00088
3.00296
3.00127
3.00118
3.00314
3.00276
2.99852
2.99626
2.99811
2.9999
3.00048
3.00035
3.00008
2.99987
2.99977
3
3
3
3
3
3
3
3
3
3
3
3
3
3
3
3
3
3
3
3
3
3
3
3.1
3.1
3.1
3.1
3.1
3.1
3.1
3.1
3.1
3.1
3.1
3.1
3.1
3.1
3.1
3.1
3.1
3.1
3.1
3.1
3.1
3.1
3.1
3.09835
3.09681
3.0953
3.09356
3.09149
3.09036
3.09647
3.11562
3.10595
3.07823
3.10684
3.1142
3.10613
3.10219
3.10067
3.1001
3.10008
3.1
3.1
3.1
3.09835
3.07459
3.05455
3.04019
3.03173
3.0308
3.04453
3.08377
3.13297
3.10618
3.05201
3.10759
3.13535
3.12259
3.10808
3.1004
3.09809
3.09849
3.10008
3.1
3.1
3.09678
3.05411
3.01964
2.99715
2.98533
2.98425
3.00329
3.06318
3.15506
3.12007
3.02251
3.11297
3.13795
3.11472
3.09803
3.09216
3.09263
3.09579
3.09986
3.1
3.1
3.09538
3.04042
2.99991
2.97967
2.97589
2.98655
3.02222
3.07947
3.15727
3.15243
3.07026
3.0961
3.07921
3.06823
3.06982
3.07685
3.08489
3.09251
3.09948
3.1
3.1
3.09439
3.03659
3.00144
2.99841
3.01755
3.05672
3.14023
3.15466
3.12466
3.15831
3.15016
3.07529
3.01943
3.02733
3.0488
3.06727
3.0809
3.09103
3.09932
3.1
3.1
3.09421
3.04492
3.02584
3.0519
3.09349
3.10791
3.16918
3.17856
3.10186
3.11117
3.12156
3.0913
3.04594
3.04661
3.06119
3.07449
3.08478
3.09283
3.0996
3.1
3.1
3.09549
3.06771
3.06514
3.11177
3.16998
3.14211
3.11099
3.13301
3.13186
3.10201
3.09807
3.15357
3.14363
3.11085
3.09426
3.09101
3.09314
3.09654
3.10007
3.1
3.1
3.10291
3.10868
3.10739
3.11105
3.15069
3.18326
3.11359
3.10207
3.14151
3.14517
3.12588
3.1299
3.10679
3.09816
3.09658
3.09723
3.09842
3.09947
3.10023
3.1
3.1
3.12393
3.15887
3.18602
3.13488
3.08896
3.13567
3.12445
3.13927
3.15491
3.15312
3.13578
3.06199
3.03482
3.06785
3.09146
3.10019
3.10215
3.10159
3.10023
3.1
3.1
3.11108
3.12495
3.13083
3.11345
3.09002
3.10409
3.13176
3.18032
3.15134
3.13305
3.1302
3.12689
3.13227
3.12943
3.12159
3.11402
3.10814
3.10384
3.10033
3.1
3.1
3.08753
3.06437
3.02474
3.03625
3.10148
3.13702
3.15367
3.14842
3.12482
3.13287
3.14693
3.18444
3.2045
3.17288
3.14208
3.12237
3.11101
3.10455
3.10032
3.1
3.1
3.09454
3.08384
3.06765
3.06699
3.08825
3.14198
3.13723
3.12458
3.12999
3.16349
3.15632
3.12688
3.11876
3.12452
3.12139
3.11364
3.10698
3.10274
3.10002
3.1
3.1
3.11954
3.13366
3.15979
3.13891
3.10538
3.09968
3.11297
3.13321
3.14383
3.16876
3.14671
3.0967
3.09231
3.10575
3.10913
3.10623
3.10289
3.1009
3.09997
3.1
3.1
3.09748
3.08649
3.07807
3.09963
3.14861
3.11368
3.10552
3.15083
3.16032
3.13359
3.12038
3.1649
3.17842
3.152
3.1258
3.11059
3.10329
3.10061
3.10015
3.1
3.1
3.08391
3.04178
3.0088
3.04761
3.12777
3.10006
3.10541
3.14904
3.15804
3.08986
3.08249
3.15854
3.18194
3.15968
3.13228
3.11392
3.10452
3.101
3.10036
3.1
3.1
3.09031
3.04949
3.02991
3.06129
3.11247
3.11311
3.12933
3.15008
3.13737
3.08118
3.06988
3.11751
3.14416
3.13989
3.12485
3.11181
3.1041
3.10095
3.10028
3.1
3.1
3.0955
3.06999
3.06187
3.08123
3.10853
3.11566
3.12566
3.13395
3.12127
3.08809
3.07682
3.09772
3.11609
3.11941
3.114
3.10724
3.10254
3.10051
3.10001
3.1
3.1
3.0983
3.08668
3.08397
3.0932
3.10529
3.11008
3.11456
3.11716
3.10991
3.09436
3.08763
3.09496
3.10381
3.10701
3.10582
3.10311
3.10102
3.10008
3.09986
3.1
3.1
3.1
3.0983
3.09781
3.09915
3.10102
3.10145
3.10228
3.10269
3.10156
3.09916
3.09855
3.10004
3.10108
3.10115
3.10073
3.10034
3.10004
3.09986
3.1
3.1
3.1
3.1
3.1
3.1
3.1
3.1
3.1
3.1
3.1
3.1
3.1
3.1
3.1
3.1
3.1
3.1
3.1
3.1
3.1
3.1
3.1
3.2
3.2
3.2
3.2
3.2
3.2
3.2
3.2
3.2
3.2
3.2
3.2
3.2
3.2
3.2
3.2
3.2
3.2
3.2
3.2
3.2
3.2
3.2
3.19905
3.19804
3.197
3.19567
3.19406
3.19283
3.1959
3.20841
3.20619
3.19056
3.20914
3.21235
3.20554
3.20219
3.20077
3.2002
3.2001
3.2
3.2
3.2
3.19906
3.18304
3.16903
3.15802
3.15012
3.14715
3.15427
3.17968
3.21762
3.21358
3.18661
3.22412
3.23893
3.22521
3.21128
3.20331
3.20012
3.19956
3.2001
3.2
3.2
3.19818
3.17071
3.14749
3.1304
3.11889
3.11466
3.1253
3.16452
3.23435
3.23183
3.17609
3.23535
3.24777
3.22502
3.20749
3.19924
3.19706
3.1979
3.19996
3.2
3.2
3.19781
3.1653
3.14019
3.12489
3.11758
3.12081
3.14533
3.18618
3.24953
3.25881
3.20111
3.21809
3.2071
3.19402
3.18872
3.18891
3.19175
3.1956
3.19968
3.2
3.2
3.19825
3.16912
3.15121
3.14732
3.15211
3.17192
3.23177
3.25144
3.237
3.25835
3.24339
3.19815
3.16375
3.16475
3.17338
3.18169
3.18857
3.19436
3.19954
3.2
3.2
3.20004
3.18186
3.17795
3.19095
3.20367
3.20555
3.26132
3.27971
3.21957
3.2248
3.23252
3.21336
3.18108
3.17647
3.1808
3.18601
3.19096
3.19553
3.19975
3.2
3.2
3.20274
3.19942
3.20515
3.22452
3.24721
3.23548
3.23295
3.24903
3.22797
3.22358
3.22585
3.25967
3.24743
3.21978
3.20335
3.19752
3.1969
3.19819
3.20012
3.2
3.2
3.20483
3.21841
3.21651
3.20789
3.23906
3.27496
3.2311
3.22679
3.25205
3.25551
3.23455
3.2372
3.22439
3.21441
3.20688
3.20274
3.20099
3.20041
3.20023
3.2
3.2
3.21649
3.24748
3.26492
3.23211
3.21269
3.24538
3.2204
3.25454
3.27173
3.25647
3.22384
3.1861
3.17736
3.19484
3.20358
3.2048
3.20354
3.20191
3.20022
3.2
3.2
3.21008
3.23
3.24
3.22856
3.21269
3.22599
3.24364
3.28824
3.2637
3.24666
3.23746
3.23309
3.23243
3.22639
3.21849
3.21179
3.2068
3.20317
3.2002
3.2
3.2
3.19578
3.1926
3.17348
3.17261
3.19998
3.24695
3.26889
3.25954
3.22233
3.24744
3.26073
3.26995
3.26459
3.24311
3.22615
3.21505
3.20801
3.20346
3.20008
3.2
3.2
3.20035
3.20349
3.19979
3.19496
3.20472
3.25083
3.24824
3.24622
3.24804
3.26873
3.25541
3.22625
3.2091
3.21249
3.2137
3.21033
3.20616
3.2027
3.19991
3.2
3.2
3.21402
3.22901
3.25167
3.24587
3.22854
3.21239
3.20569
3.25035
3.26453
3.2632
3.2276
3.20358
3.20504
3.21276
3.21349
3.20983
3.20571
3.20251
3.19993
3.2
3.2
3.19815
3.1913
3.18967
3.21489
3.25408
3.22581
3.22148
3.25832
3.25803
3.23551
3.22371
3.26005
3.27326
3.25375
3.2318
3.21706
3.20832
3.20336
3.20023
3.2
3.2
3.18893
3.15626
3.13224
3.15799
3.2148
3.21542
3.23055
3.24345
3.23216
3.20008
3.2108
3.26575
3.28118
3.26286
3.23903
3.22124
3.21028
3.20413
3.20047
3.2
3.2
3.19263
3.1582
3.13917
3.15641
3.1957
3.21672
3.23837
3.23822
3.21754
3.1906
3.19836
3.23602
3.25379
3.24772
3.23279
3.21907
3.20959
3.20391
3.20037
3.2
3.2
3.19622
3.17267
3.16193
3.17262
3.19563
3.21277
3.22606
3.22537
3.21114
3.1942
3.1959
3.21495
3.228
3.22828
3.22129
3.21316
3.20681
3.20274
3.20012
3.2
3.2
3.19845
3.18689
3.18211
3.18733
3.19812
3.20696
3.2131
3.2128
3.20578
3.19755
3.19721
3.20492
3.21151
3.21275
3.21019
3.20652
3.20341
3.20132
3.19996
3.2
3.2
3.2
3.19845
3.19775
3.19843
3.19987
3.20112
3.20212
3.20184
3.20065
3.19949
3.19965
3.20089
3.20147
3.2013
3.20082
3.20038
3.20007
3.19996
3.2
3.2
3.2
3.2
3.2
3.2
3.2
3.2
3.2
3.2
3.2
3.2
3.2
3.2
3.2
3.2
3.2
3.2
3.2
3.2
3.2
3.2
3.2
3.3
3.3
3.3
3.3
3.3
3.3
3.3
3.3
3.3
3.3
3.3
3.3
3.3
3.3
3.3
3.3
3.3
3.3
3.3
3.3
3.3
3.3
3.3
3.29952
3.29892
3.2983
3.29738
3.29616
3.29503
3.29608
3.30354
3.30403
3.29605
3.30946
3.31061
3.30489
3.30204
3.30087
3.30027
3.30005
3.3
3.3
3.3
3.29952
3.28972
3.28075
3.27296
3.26647
3.2625
3.26452
3.27826
3.30381
3.30947
3.30093
3.33055
3.33887
3.32573
3.31295
3.30523
3.30161
3.30032
3.30005
3.3
3.3
3.29916
3.28303
3.2687
3.25674
3.24675
3.24052
3.24307
3.26256
3.30752
3.31884
3.29625
3.34423
3.35143
3.33063
3.31365
3.30436
3.30048
3.29964
3.29999
3.3
3.3
3.29921
3.28203
3.26787
3.25692
3.24824
3.2453
3.2561
3.27369
3.31189
3.3309
3.30619
3.32825
3.32334
3.31079
3.30207
3.29812
3.2973
3.29823
3.29983
3.3
3.3
3.30003
3.28795
3.28008
3.27568
3.27143
3.27511
3.3083
3.31445
3.30034
3.3261
3.3252
3.30717
3.2902
3.28963
3.29131
3.29306
3.29506
3.29737
3.29976
3.3
3.3
3.30196
3.29901
3.30064
3.30403
3.29796
3.28461
3.32076
3.33768
3.29561
3.30573
3.31595
3.31293
3.29829
3.29563
3.29531
3.29548
3.2964
3.29802
3.29996
3.3
3.3
3.30423
3.30912
3.3132
3.31387
3.31094
3.29637
3.30108
3.32188
3.30061
3.30465
3.30817
3.34073
3.34069
3.32353
3.3097
3.30276
3.30018
3.29973
3.30017
3.3
3.3
3.30356
3.31443
3.30565
3.28453
3.29965
3.32947
3.30546
3.30739
3.31778
3.32111
3.30855
3.32193
3.32399
3.31902
3.31119
3.30567
3.30261
3.30111
3.30024
3.3
3.3
3.31017
3.33134
3.33589
3.30554
3.29271
3.31828
3.2911
3.31809
3.32426
3.31545
3.29293
3.28208
3.28616
3.3003
3.30531
3.30499
3.30337
3.30174
3.30018
3.3
3.3
3.3076
3.32557
3.33276
3.32189
3.30703
3.31107
3.30891
3.33862
3.32049
3.31233
3.30455
3.30515
3.30831
3.30938
3.30827
3.30619
3.30398
3.30198
3.30009
3.3
3.3
3.29959
3.30596
3.2985
3.29377
3.29469
3.32005
3.32349
3.31815
3.28664
3.31016
3.31572
3.3201
3.31463
3.30879
3.3069
3.30535
3.30359
3.30175
3.29993
3.3
3.3
3.30316
3.31372
3.3173
3.30912
3.30017
3.32337
3.31447
3.31812
3.31491
3.32215
3.30834
3.28975
3.27739
3.28737
3.2981
3.3022
3.30254
3.30143
3.29981
3.3
3.3
3.31041
3.32507
3.34243
3.33572
3.31545
3.29593
3.28037
3.31947
3.32217
3.31247
3.2833
3.2771
3.28323
3.29492
3.30286
3.3048
3.30382
3.302
3.29989
3.3
3.3
3.29873
3.29492
3.29426
3.31134
3.33573
3.31239
3.30367
3.32282
3.31282
3.29756
3.2941
3.32645
3.34079
3.33252
3.32163
3.31337
3.30759
3.30345
3.30028
3.3
3.3
3.29249
3.26827
3.24999
3.26454
3.30095
3.30591
3.31357
3.30953
3.29213
3.28028
3.29944
3.34285
3.3567
3.34661
3.33138
3.31892
3.31028
3.30464
3.30049
3.3
3.3
3.29469
3.2676
3.25088
3.25881
3.28512
3.30571
3.32079
3.31158
3.29204
3.28197
3.29792
3.32914
3.34337
3.33968
3.32892
3.31825
3.31015
3.30459
3.30043
3.3
3.3
3.29705
3.27751
3.26683
3.27168
3.28798
3.30393
3.31416
3.3095
3.29752
3.29063
3.29852
3.31557
3.3259
3.32598
3.32025
3.3134
3.30764
3.30341
3.30015
3.3
3.3
3.29872
3.28871
3.28357
3.286
3.29389
3.30202
3.30702
3.30537
3.29985
3.29638
3.29935
3.30671
3.31191
3.31264
3.31026
3.30697
3.30397
3.30172
3.30005
3.3
3.3
3.3
3.29872
3.29803
3.29831
3.29931
3.30047
3.30127
3.30076
3.29981
3.29936
3.29991
3.30088
3.30127
3.3011
3.30072
3.30032
3.3001
3.30005
3.3
3.3
3.3
3.3
3.3
3.3
3.3
3.3
3.3
3.3
3.3
3.3
3.3
3.3
3.3
3.3
3.3
3.3
3.3
3.3
3.3
3.3
3.3
3.4
3.4
3.4
3.4
3.4
3.4
3.4
3.4
3.4
3.4
3.4
3.4
3.4
3.4
3.4
3.4
3.4
3.4
3.4
3.4
3.4
3.4
3.4
3.39979
3.39949
3.39917
3.39859
3.39773
3.39669
3.39651
3.40026
3.40119
3.39785
3.40817
3.40837
3.40386
3.40169
3.4007
3.40031
3.39999
3.4
3.4
3.4
3.39982
3.39439
3.38922
3.38424
3.3794
3.37527
3.37383
3.37857
3.39269
3.40028
3.40222
3.42799
3.4334
3.42223
3.41179
3.40534
3.4021
3.40069
3.39999
3.4
3.4
3.39966
3.39117
3.38317
3.37539
3.36755
3.36049
3.35663
3.36002
3.38266
3.39661
3.39582
3.44047
3.44607
3.42874
3.41446
3.40614
3.4021
3.40051
3.39997
3.4
3.4
3.3998
3.39176
3.38446
3.37702
3.36849
3.36132
3.3601
3.35627
3.36965
3.39266
3.39559
3.42568
3.42609
3.41615
3.40772
3.40272
3.4004
3.39979
3.39995
3.4
3.4
3.40051
3.39662
3.39353
3.38896
3.38
3.37243
3.38282
3.37116
3.35201
3.38507
3.4012
3.40343
3.39951
3.40079
3.40038
3.39943
3.39902
3.39926
3.39991
3.4
3.4
3.40192
3.40366
3.40549
3.40273
3.38623
3.36003
3.37483
3.38563
3.35833
3.3746
3.38821
3.39945
3.40034
3.40275
3.40212
3.40056
3.39969
3.39962
3.40001
3.4
3.4
3.40314
3.4071
3.40589
3.39515
3.37628
3.35294
3.35496
3.38089
3.36565
3.37115
3.37455
3.41222
3.42614
3.4198
3.41053
3.40467
3.40176
3.40062
3.40018
3.4
3.4
3.40123
3.40469
3.3877
3.35723
3.35796
3.3787
3.36659
3.37131
3.37013
3.37392
3.37229
3.39801
3.41297
3.4146
3.40972
3.4054
3.40269
3.40122
3.40021
3.4
3.4
3.40512
3.41479
3.40723
3.37392
3.3601
3.38075
3.3542
3.36602
3.36049
3.36356
3.3587
3.36666
3.37939
3.39537
3.40174
3.40278
3.40215
3.40117
3.40016
3.4
3.4
3.40463
3.41599
3.41722
3.40466
3.38841
3.38128
3.35962
3.37299
3.36134
3.3638
3.36163
3.36966
3.3805
3.39116
3.39774
3.40056
3.40116
3.4008
3.40001
3.4
3.4
3.40061
3.40825
3.40495
3.39938
3.38374
3.38067
3.3615
3.36042
3.34046
3.35826
3.3577
3.3678
3.37256
3.38181
3.39179
3.39754
3.39981
3.40031
3.39989
3.4
3.4
3.40355
3.41505
3.42039
3.40948
3.38407
3.38364
3.36625
3.37132
3.36462
3.3627
3.3529
3.34854
3.34652
3.36544
3.38477
3.39495
3.39902
3.40006
3.39993
3.4
3.4
3.40739
3.41928
3.43025
3.41713
3.38883
3.36827
3.34861
3.37243
3.36223
3.35321
3.33765
3.34463
3.35553
3.37405
3.39026
3.39812
3.40073
3.40083
3.39997
3.4
3.4
3.39906
3.39635
3.39359
3.39952
3.40976
3.38853
3.37336
3.37532
3.35883
3.35116
3.35753
3.3887
3.40499
3.40737
3.40738
3.40628
3.40443
3.40235
3.40027
3.4
3.4
3.39498
3.37766
3.3629
3.36835
3.38797
3.38703
3.38327
3.37073
3.35433
3.35334
3.3756
3.41229
3.42667
3.42458
3.41822
3.41215
3.40728
3.40356
3.40045
3.4
3.4
3.39635
3.37682
3.36327
3.365
3.37932
3.39118
3.39688
3.38506
3.37024
3.36908
3.38672
3.4126
3.42519
3.42497
3.41937
3.41303
3.40776
3.40373
3.40043
3.4
3.4
3.39791
3.38356
3.37459
3.37573
3.38503
3.39512
3.40028
3.39467
3.38625
3.38485
3.39425
3.40848
3.41696
3.41794
3.41459
3.4101
3.4061
3.40286
3.40023
3.4
3.4
3.39907
3.39154
3.38717
3.38778
3.39251
3.39785
3.40064
3.39867
3.39496
3.39411
3.39803
3.40427
3.40842
3.40922
3.4077
3.40543
3.40327
3.40151
3.40008
3.4
3.4
3.4
3.39907
3.39856
3.39859
3.39919
3.39992
3.40031
3.39988
3.39922
3.39916
3.39974
3.40047
3.40082
3.40073
3.40049
3.40024
3.40015
3.40008
3.4
3.4
3.4
3.4
3.4
3.4
3.4
3.4
3.4
3.4
3.4
3.4
3.4
3.4
3.4
3.4
3.4
3.4
3.4
3.4
3.4
3.4
3.4
3.5
3.5
3.5
3.5
3.5
3.5
3.5
3.5
3.5
3.5
3.5
3.5
3.5
3.5
3.5
3.5
3.5
3.5
3.5
3.5
3.5
3.5
3.5
3.49989
3.4998
3.49961
3.49938
3.49892
3.49824
3.49769
3.49907
3.49957
3.49852
3.50537
3.50526
3.50229
3.50099
3.50039
3.50025
3.5
3.5
3.5
3.5
3.49989
3.49756
3.49517
3.49265
3.48988
3.48693
3.48448
3.48423
3.49001
3.49499
3.49909
3.52041
3.52307
3.51436
3.50755
3.50354
3.50152
3.50051
3.5
3.5
3.5
3.49995
3.49631
3.49274
3.48879
3.48404
3.47859
3.47271
3.46693
3.4742
3.48317
3.48818
3.53282
3.53431
3.51962
3.50989
3.50451
3.5018
3.50058
3.49999
3.5
3.5
3.49998
3.49701
3.49395
3.49002
3.48429
3.47765
3.47188
3.45451
3.4489
3.47025
3.48576
3.52
3.51946
3.51217
3.50646
3.50291
3.50104
3.50024
3.49999
3.5
3.5
3.50034
3.49973
3.49899
3.49625
3.48883
3.47909
3.4791
3.45216
3.42292
3.46567
3.49084
3.49776
3.49837
3.50218
3.50218
3.5011
3.50032
3.5
3.5
3.5
3.5
3.50112
3.50321
3.50496
3.50279
3.48645
3.45215
3.45419
3.46197
3.44336
3.46406
3.47357
3.48871
3.49601
3.5022
3.50275
3.50158
3.50061
3.50017
3.50002
3.5
3.5
3.50157
3.50335
3.50075
3.48946
3.46532
3.43273
3.43005
3.46784
3.45709
3.45898
3.45253
3.49514
3.51555
3.51345
3.50739
3.50351
3.50159
3.50061
3.50008
3.5
3.5
3.49979
3.49812
3.47707
3.443
3.44006
3.45951
3.45501
3.46128
3.4508
3.4534
3.45607
3.48769
3.50633
3.50914
3.50591
3.50328
3.50175
3.50079
3.50014
3.5
3.5
3.50189
3.50432
3.49203
3.4566
3.44249
3.47061
3.4442
3.44468
3.42624
3.44223
3.45067
3.46487
3.4761
3.49244
3.49908
3.50077
3.5009
3.50057
3.5001
3.5
3.5
3.50214
3.50745
3.5055
3.49559
3.48346
3.47235
3.43688
3.44213
3.4365
3.44777
3.44764
3.45752
3.47089
3.48535
3.49418
3.49822
3.49977
3.50015
3.49998
3.5
3.5
3.50042
3.50491
3.50161
3.50276
3.48339
3.46203
3.42576
3.43482
3.42506
3.44027
3.43022
3.44819
3.45974
3.47528
3.48849
3.49548
3.49855
3.4997
3.4999
3.5
3.5
3.50243
3.51082
3.51698
3.50891
3.47492
3.46526
3.4447
3.4539
3.4474
3.43832
3.43307
3.43861
3.4401
3.46256
3.48336
3.49364
3.49803
3.49955
3.49983
3.5
3.5
3.50434
3.51307
3.52133
3.50301
3.4686
3.45621
3.43795
3.45444
3.4321
3.42946
3.42426
3.43759
3.44714
3.46795
3.48692
3.49575
3.49915
3.50004
3.50003
3.5
3.5
3.49925
3.49711
3.49232
3.49125
3.49739
3.47933
3.46241
3.45446
3.43523
3.43409
3.44636
3.47481
3.48825
3.494
3.49901
3.50123
3.50164
3.5011
3.50018
3.5
3.5
3.49717
3.48629
3.47443
3.47488
3.48557
3.47823
3.46757
3.45391
3.44288
3.44687
3.46682
3.49644
3.50734
3.50842
3.50721
3.50546
3.50363
3.50195
3.50033
3.5
3.5
3.49807
3.48665
3.47757
3.47631
3.48185
3.48572
3.48619
3.47627
3.46725
3.46942
3.48313
3.50142
3.51015
3.51128
3.50928
3.50664
3.50419
3.50213
3.50029
3.5
3.5
3.49889
3.49067
3.48508
3.48449
3.48848
3.49286
3.49456
3.49018
3.48542
3.48608
3.49304
3.50237
3.50778
3.50887
3.50753
3.50539
3.50337
3.50168
3.50019
3.5
3.5
3.49948
3.49524
3.49256
3.49243
3.49449
3.49698
3.49804
3.49654
3.49458
3.49474
3.49759
3.50158
3.50413
3.50473
3.50408
3.50296
3.50185
3.5009
3.49994
3.5
3.5
3.5
3.49948
3.4992
3.49921
3.4994
3.49972
3.49986
3.49961
3.49934
3.49935
3.49966
3.50015
3.50036
3.50037
3.50026
3.50016
3.5001
3.49994
3.5
3.5
3.5
3.5
3.5
3.5
3.5
3.5
3.5
3.5
3.5
3.5
3.5
3.5
3.5
3.5
3.5
3.5
3.5
3.5
3.5
3.5
3.5
3.6
3.6
3.6
3.6
3.6
3.6
3.6
3.6
3.6
3.6
3.6
3.6
3.6
3.6
3.6
3.6
3.6
3.6
3.6
3.6
3.6
3.6
3.6
3.6
3.6
3.6
3.6
3.6
3.6
3.6
3.60001
3.60003
3.6
3.59999
3.6
3.6
3.6
3.6
3.6
3.6
3.6
3.6
3.6
3.6
3.59989
3.59984
3.59961
3.59939
3.59894
3.5982
3.59737
3.59907
3.59982
3.59596
3.61237
3.60958
3.60228
3.60099
3.60039
3.60022
3.6
3.6
3.6
3.6
3.6
3.59995
3.59977
3.59957
3.59901
3.59796
3.59438
3.58551
3.5915
3.58759
3.56425
3.64502
3.62476
3.6037
3.60139
3.60049
3.60029
3.59999
3.6
3.6
3.6
3.6
3.59998
3.60006
3.59999
3.59922
3.59838
3.60047
3.57513
3.55357
3.57042
3.57649
3.6296
3.60779
3.602
3.60079
3.60028
3.60002
3.59999
3.6
3.6
3.6
3.6
3.60032
3.60102
3.60161
3.60349
3.60751
3.62497
3.56418
3.48278
3.58665
3.61774
3.59256
3.58811
3.59947
3.60001
3.60006
3.60003
3.6
3.6
3.6
3.6
3.6
3.60136
3.60568
3.61611
3.61731
3.55631
3.56486
3.58366
3.55854
3.59597
3.58111
3.58556
3.58485
3.59803
3.60024
3.6002
3.60008
3.60002
3.6
3.6
3.6
3.59996
3.60291
3.61117
3.62071
3.59168
3.52164
3.50356
3.61943
3.59265
3.58767
3.52316
3.60588
3.62562
3.60963
3.60179
3.60056
3.60023
3.60008
3.6
3.6
3.6
3.6
3.60055
3.57279
3.52326
3.54289
3.59455
3.59713
3.60122
3.57538
3.57289
3.5651
3.60604
3.61852
3.60878
3.60161
3.6005
3.60026
3.60015
3.6
3.6
3.6
3.60005
3.60458
3.60241
3.54896
3.52048
3.62402
3.56704
3.57307
3.50553
3.56334
3.58222
3.58633
3.57318
3.59628
3.59992
3.60006
3.60012
3.6001
3.6
3.6
3.6
3.60003
3.60347
3.60653
3.60966
3.6165
3.60993
3.54539
3.56496
3.568
3.59032
3.57923
3.57673
3.58676
3.5967
3.59928
3.59975
3.59996
3.59998
3.6
3.6
3.6
3.60002
3.59948
3.5829
3.61872
3.60782
3.57455
3.50026
3.55992
3.54109
3.58383
3.52346
3.57284
3.58228
3.59204
3.59818
3.59927
3.59976
3.5999
3.6
3.6
3.6
3.59997
3.60291
3.61611
3.62766
3.57196
3.58821
3.56672
3.5951
3.59891
3.56123
3.56684
3.57578
3.55344
3.58062
3.5965
3.59882
3.5996
3.59984
3.6
3.6
3.6
3.60007
3.6088
3.63305
3.60045
3.53715
3.56734
3.54339
3.59757
3.52783
3.55608
3.54376
3.56096
3.55386
3.57747
3.59666
3.59902
3.59974
3.60003
3.6
3.6
3.6
3.59997
3.59809
3.5875
3.58671
3.62581
3.6018
3.58978
3.5754
3.54986
3.55594
3.57031
3.60031
3.60187
3.59743
3.5993
3.59987
3.60013
3.60018
3.6
3.6
3.6
3.59998
3.59591
3.58219
3.58198
3.59994
3.58293
3.56956
3.55921
3.56039
3.5669
3.58032
3.60743
3.60404
3.60128
3.6006
3.60044
3.6004
3.60033
3.6
3.6
3.6
3.6
3.59805
3.59566
3.59301
3.59105
3.59319
3.59919
3.59234
3.58774
3.5897
3.59409
3.60081
3.60163
3.60122
3.60076
3.60054
3.60044
3.6003
3.6
3.6
3.6
3.6
3.59891
3.59805
3.59781
3.5983
3.59918
3.60012
3.59868
3.59766
3.59787
3.59904
3.60036
3.60086
3.60077
3.60054
3.60037
3.60027
3.6002
3.6
3.6
3.6
3.6
3.59947
3.59919
3.59922
3.5994
3.59971
3.59986
3.59961
3.59933
3.59936
3.59968
3.60017
3.60037
3.60037
3.60026
3.60016
3.60011
3.59994
3.6
3.6
3.6
3.6
3.6
3.6
3.6
3.6
3.6
3.6
3.6
3.6
3.6
3.6
3.6
3.6
3.6
3.6
3.6
3.6
3.6
3.6
3.6
3.6
3.6
3.6
3.6
3.6
3.6
3.6
3.6
3.6
3.6
3.6
3.6
3.6
3.6
3.6
3.6
3.6
3.6
3.6
3.6
3.6
3.7
3.7
3.7
3.7
3.7
3.7
3.7
3.7
3.7
3.7
3.7
3.7
3.7
3.7
3.7
3.7
3.7
3.7
3.7
3.7
3.7
3.7
3.7
3.7
3.7
3.7
3.7
3.7
3.7
3.7
3.7
3.7
3.7
3.7
3.7
3.7
3.7
3.7
3.7
3.7
3.7
3.7
3.7
3.7
3.7
3.7
3.7
3.7
3.7
3.7
3.7
3.7
3.7
3.7
3.7
3.7
3.7
3.7
3.7
3.7
3.7
3.7
3.7
3.7
3.7
3.7
3.7
3.7
3.7
3.7
3.7
3.7
3.7
3.7
3.7
3.7
3.7
3.7
3.7
3.7
3.7
3.7
3.7
3.7
3.7
3.7
3.7
3.7
3.7
3.7
3.7
3.7
3.7
3.7
3.7
3.7
3.7
3.7
3.7
3.7
3.7
3.7
3.7
3.7
3.7
3.7
3.7
3.7
3.7
3.7
3.7
3.7
3.7
3.7
3.7
3.7
3.7
3.7
3.7
3.7
3.7
3.7
3.7
3.7
3.7
3.7
3.7
3.7
3.7
3.7
3.7
3.7
3.7
3.7
3.7
3.7
3.7
3.7
3.7
3.7
3.7
3.7
3.7
3.7
3.7
3.7
3.7
3.7
3.7
3.7
3.7
3.7
3.7
3.7
3.7
3.7
3.7
3.7
3.7
3.7
3.7
3.7
3.7
3.7
3.7
3.7
3.7
3.7
3.7
3.7
3.7
3.7
3.7
3.7
3.7
3.7
3.7
3.7
3.7
3.7
3.7
3.7
3.7
3.7
3.7
3.7
3.7
3.7
3.7
3.7
3.7
3.7
3.7
3.7
3.7
3.7
3.7
3.7
3.7
3.7
3.7
3.7
3.7
3.7
3.7
3.7
3.7
3.7
3.7
3.7
3.7
3.7
3.7
3.7
3.7
3.7
3.7
3.7
3.7
3.7
3.7
3.7
3.7
3.7
3.7
3.7
3.7
3.7
3.7
3.7
3.7
3.7
3.7
3.7
3.7
3.7
3.7
3.7
3.7
3.7
3.7
3.7
3.7
3.7
3.7
3.7
3.7
3.7
3.7
3.7
3.7
3.7
3.7
3.7
3.7
3.7
3.7
3.7
3.7
3.7
3.7
3.7
3.7
3.7
3.7
3.7
3.7
3.7
3.7
3.7
3.7
3.7
3.7
3.7
3.7
3.7
3.7
3.7
3.7
3.7
3.7
3.7
3.7
3.7
3.7
3.7
3.7
3.7
3.7
3.7
3.7
3.7
3.7
3.7
3.7
3.7
3.7
3.7
3.7
3.7
3.7
3.7
3.7
3.7
3.7
3.7
3.7
3.7
3.7
3.7
3.7
3.7
3.7
3.7
3.7
3.7
3.7
3.7
3.7
3.7
3.7
3.7
3.7
3.7
3.7
3.7
3.7
3.7
3.7
3.7
3.7
3.7
3.7
3.7
3.7
3.7
3.7
3.7
3.7
3.7
3.7
3.7
3.7
3.7
3.7
3.7
3.7
3.7
3.7
3.7
3.7
3.7
3.7
3.7
3.7
3.7
3.7
3.7
3.7
3.7
3.7
3.7
3.7
3.7
3.7
3.7
3.7
3.7
3.7
3.7
3.7
3.7
3.7
3.7
3.7
3.7
3.7
3.7
3.7
3.7
3.7
3.7
3.7
3.7
3.7
3.7
3.7
3.7
3.7
3.7
3.7
3.7
3.7
3.7
3.7
3.7
3.7
3.7
3.7
3.7
3.7
3.7
3.7
3.7
3.7
3.7
3.7
3.7
3.7
3.7
3.7
3.7
3.7
3.7
3.7
3.7
3.7
3.7
3.7
3.7
3.7
3.7
3.7
3.7
3.7
3.7
3.7
3.7
3.7
3.7
3.7
3.7
3.7
3.7
3.7
3.7
3.7
3.7
3.7
3.7
3.7
