 52      珠海市    113.353986    21.924979    
 53      广州市    113.480637    23.125178    
 54      湛江市    110.264977    21.274898    
 55      茂名市    110.919229    21.659751    
 56      阳江市    111.825107    21.859222    
 57      云浮市    112.044439    22.629801    
 58      肇庆市    112.472529    23.051546    
 59      江门市    112.894942    22.090431    
 60      中山市    113.382391    22.321113    
 61      佛山市    113.022717    22.828762    
 62      清远市    113.051227    23.685022    
 63      韶关市    113.591544    24.501322    
 64      河源市    114.897802    23.746266    
 65      梅州市    116.117582    24.099112    
 66      潮州市    116.692301    23.661701    
 67      揭阳市    116.255733    23.143778    
 68      汕头市    116.708463    22.87102    
 69      汕尾市    115.364238    22.774485    
 70      深圳市    114.085947    22.347    
 71      东莞市    113.746262    22.746237    
 72      惠州市    114.412599    23.079404    
