25826	Shenzhen	114.6665 	22.4085 
25827	Shenzhen	114.6674 	22.4082 
25828	Shenzhen	114.6676 	22.4079 
25829	Shenzhen	114.6676 	22.4076 
25830	Shenzhen	114.6676 	22.4068 
25831	Shenzhen	114.6676 	22.4054 
25832	Shenzhen	114.6674 	22.4038 
25833	Shenzhen	114.6668 	22.4035 
25834	Shenzhen	114.6663 	22.4032 
25835	Shenzhen	114.6657 	22.4032 
25836	Shenzhen	114.6649 	22.4032 
25837	Shenzhen	114.6612 	22.4046 
25838	Shenzhen	114.6612 	22.4054 
25839	Shenzhen	114.6615 	22.4057 
25840	Shenzhen	114.6637 	22.4065 
25841	Shenzhen	114.6643 	22.4074 
25842	Shenzhen	114.6646 	22.4076 
25843	Shenzhen	114.6660 	22.4085 
25844	Shenzhen	114.6665 	22.4085 
25845	Shenzhen	114.6665 	22.4085 
25846	Shenzhen	113.7979 	22.4260 
25847	Shenzhen	113.7982 	22.4251 
25848	Shenzhen	113.7988 	22.4221 
25849	Shenzhen	113.7990 	22.4215 
25850	Shenzhen	113.7993 	22.4212 
25851	Shenzhen	113.7999 	22.4210 
25852	Shenzhen	113.8015 	22.4207 
25853	Shenzhen	113.8046 	22.4207 
25854	Shenzhen	113.8051 	22.4210 
25855	Shenzhen	113.8054 	22.4212 
25856	Shenzhen	113.8057 	22.4215 
25857	Shenzhen	113.8060 	22.4221 
25858	Shenzhen	113.8060 	22.4226 
25859	Shenzhen	113.8076 	22.4226 
25860	Shenzhen	113.8082 	22.4224 
25861	Shenzhen	113.8118 	22.4188 
25862	Shenzhen	113.8121 	22.4182 
25863	Shenzhen	113.8126 	22.4168 
25864	Shenzhen	113.8129 	22.4154 
25865	Shenzhen	113.8129 	22.4138 
25866	Shenzhen	113.8132 	22.4129 
25867	Shenzhen	113.8138 	22.4112 
25868	Shenzhen	113.8140 	22.4110 
25869	Shenzhen	113.8154 	22.4099 
25870	Shenzhen	113.8165 	22.4099 
25871	Shenzhen	113.8171 	22.4096 
25872	Shenzhen	113.8174 	22.4093 
25873	Shenzhen	113.8176 	22.4090 
25874	Shenzhen	113.8179 	22.4085 
25875	Shenzhen	113.8187 	22.4063 
25876	Shenzhen	113.8187 	22.4014 
25877	Shenzhen	113.8187 	22.4004 
25878	Shenzhen	113.8182 	22.3999 
25879	Shenzhen	113.8165 	22.3999 
25880	Shenzhen	113.8162 	22.3999 
25881	Shenzhen	113.8157 	22.3999 
25882	Shenzhen	113.8126 	22.4007 
25883	Shenzhen	113.8124 	22.4010 
25884	Shenzhen	113.8124 	22.4013 
25885	Shenzhen	113.8118 	22.4015 
25886	Shenzhen	113.8096 	22.4015 
25887	Shenzhen	113.8068 	22.4018 
25888	Shenzhen	113.8052 	22.4026 
25889	Shenzhen	113.8035 	22.4035 
25890	Shenzhen	113.8029 	22.4035 
25891	Shenzhen	113.8026 	22.4035 
25892	Shenzhen	113.8024 	22.4035 
25893	Shenzhen	113.7976 	22.4065 
25894	Shenzhen	113.7976 	22.4072 
25895	Shenzhen	113.7976 	22.4101 
25896	Shenzhen	113.7965 	22.4107 
25897	Shenzhen	113.7954 	22.4110 
25898	Shenzhen	113.7949 	22.4112 
25899	Shenzhen	113.7946 	22.4115 
25900	Shenzhen	113.7946 	22.4121 
25901	Shenzhen	113.7943 	22.4124 
25902	Shenzhen	113.7915 	22.4135 
25903	Shenzhen	113.7907 	22.4135 
25904	Shenzhen	113.7893 	22.4140 
25905	Shenzhen	113.7882 	22.4146 
25906	Shenzhen	113.7876 	22.4149 
25907	Shenzhen	113.7876 	22.4151 
25908	Shenzhen	113.7871 	22.4154 
25909	Shenzhen	113.7857 	22.4157 
25910	Shenzhen	113.7840 	22.4160 
25911	Shenzhen	113.7824 	22.4160 
25912	Shenzhen	113.7821 	22.4163 
25913	Shenzhen	113.7818 	22.4168 
25914	Shenzhen	113.7815 	22.4176 
25915	Shenzhen	113.7815 	22.4186 
25916	Shenzhen	113.7815 	22.4190 
25917	Shenzhen	113.7826 	22.4201 
25918	Shenzhen	113.7865 	22.4215 
25919	Shenzhen	113.7868 	22.4215 
25920	Shenzhen	113.7874 	22.4212 
25921	Shenzhen	113.7879 	22.4210 
25922	Shenzhen	113.7882 	22.4207 
25923	Shenzhen	113.7887 	22.4196 
25924	Shenzhen	113.7890 	22.4190 
25925	Shenzhen	113.7896 	22.4185 
25926	Shenzhen	113.7907 	22.4185 
25927	Shenzhen	113.7929 	22.4199 
25928	Shenzhen	113.7937 	22.4204 
25929	Shenzhen	113.7940 	22.4210 
25930	Shenzhen	113.7943 	22.4215 
25931	Shenzhen	113.7946 	22.4224 
25932	Shenzhen	113.7946 	22.4232 
25933	Shenzhen	113.7943 	22.4232 
25934	Shenzhen	113.7943 	22.4243 
25935	Shenzhen	113.7946 	22.4251 
25936	Shenzhen	113.7954 	22.4257 
25937	Shenzhen	113.7960 	22.4260 
25938	Shenzhen	113.7979 	22.4260 
25939	Shenzhen	113.7979 	22.4260 
25940	Shenzhen	114.6504 	22.4476 
25941	Shenzhen	114.6504 	22.4474 
25942	Shenzhen	114.6515 	22.4471 
25943	Shenzhen	114.6524 	22.4471 
25944	Shenzhen	114.6532 	22.4471 
25945	Shenzhen	114.6546 	22.4471 
25946	Shenzhen	114.6549 	22.4468 
25947	Shenzhen	114.6551 	22.4465 
25948	Shenzhen	114.6551 	22.4463 
25949	Shenzhen	114.6549 	22.4454 
25950	Shenzhen	114.6540 	22.4429 
25951	Shenzhen	114.6535 	22.4424 
25952	Shenzhen	114.6521 	22.4413 
25953	Shenzhen	114.6513 	22.4413 
25954	Shenzhen	114.6507 	22.4410 
25955	Shenzhen	114.6499 	22.4401 
25956	Shenzhen	114.6496 	22.4399 
25957	Shenzhen	114.6496 	22.4389 
25958	Shenzhen	114.6496 	22.4385 
25959	Shenzhen	114.6504 	22.4382 
25960	Shenzhen	114.6506 	22.4382 
25961	Shenzhen	114.6513 	22.4382 
25962	Shenzhen	114.6513 	22.4368 
25963	Shenzhen	114.6507 	22.4363 
25964	Shenzhen	114.6482 	22.4343 
25965	Shenzhen	114.6465 	22.4326 
25966	Shenzhen	114.6460 	22.4321 
25967	Shenzhen	114.6454 	22.4321 
25968	Shenzhen	114.6451 	22.4321 
25969	Shenzhen	114.6446 	22.4321 
25970	Shenzhen	114.6443 	22.4324 
25971	Shenzhen	114.6440 	22.4326 
25972	Shenzhen	114.6440 	22.4329 
25973	Shenzhen	114.6422 	22.4329 
25974	Shenzhen	114.6421 	22.4329 
25975	Shenzhen	114.6415 	22.4324 
25976	Shenzhen	114.6401 	22.4312 
25977	Shenzhen	114.6382 	22.4312 
25978	Shenzhen	114.6376 	22.4315 
25979	Shenzhen	114.6374 	22.4318 
25980	Shenzhen	114.6374 	22.4329 
25981	Shenzhen	114.6376 	22.4335 
25982	Shenzhen	114.6385 	22.4346 
25983	Shenzhen	114.6396 	22.4357 
25984	Shenzhen	114.6413 	22.4379 
25985	Shenzhen	114.6418 	22.4393 
25986	Shenzhen	114.6429 	22.4407 
25987	Shenzhen	114.6438 	22.4407 
25988	Shenzhen	114.6440 	22.4410 
25989	Shenzhen	114.6449 	22.4426 
25990	Shenzhen	114.6454 	22.4440 
25991	Shenzhen	114.6457 	22.4446 
25992	Shenzhen	114.6482 	22.4468 
25993	Shenzhen	114.6490 	22.4474 
25994	Shenzhen	114.6499 	22.4476 
25995	Shenzhen	114.6504 	22.4476 
25996	Shenzhen	114.6504 	22.4476 
25997	Shenzhen	114.6449 	22.6407 
25998	Shenzhen	114.6449 	22.6404 
25999	Shenzhen	114.6446 	22.6399 
26000	Shenzhen	114.6443 	22.6396 
26001	Shenzhen	114.6440 	22.6396 
26002	Shenzhen	114.6438 	22.6393 
26003	Shenzhen	114.6435 	22.6387 
26004	Shenzhen	114.6435 	22.6374 
26005	Shenzhen	114.6438 	22.6371 
26006	Shenzhen	114.6446 	22.6368 
26007	Shenzhen	114.6451 	22.6349 
26008	Shenzhen	114.6446 	22.6313 
26009	Shenzhen	114.6438 	22.6313 
26010	Shenzhen	114.6418 	22.6321 
26011	Shenzhen	114.6413 	22.6324 
26012	Shenzhen	114.6410 	22.6326 
26013	Shenzhen	114.6407 	22.6332 
26014	Shenzhen	114.6404 	22.6340 
26015	Shenzhen	114.6404 	22.6349 
26016	Shenzhen	114.6407 	22.6351 
26017	Shenzhen	114.6410 	22.6351 
26018	Shenzhen	114.6413 	22.6354 
26019	Shenzhen	114.6421 	22.6365 
26020	Shenzhen	114.6424 	22.6374 
26021	Shenzhen	114.6426 	22.6385 
26022	Shenzhen	114.6426 	22.6399 
26023	Shenzhen	114.6438 	22.6407 
26024	Shenzhen	114.6449 	22.6407 
26025	Shenzhen	114.6449 	22.6407 
26026	Shenzhen	114.6360 	22.6596 
26027	Shenzhen	114.6360 	22.6593 
26028	Shenzhen	114.6363 	22.6590 
26029	Shenzhen	114.6371 	22.6590 
26030	Shenzhen	114.6376 	22.6585 
26031	Shenzhen	114.6376 	22.6576 
26032	Shenzhen	114.6374 	22.6574 
26033	Shenzhen	114.6365 	22.6574 
26034	Shenzhen	114.6354 	22.6585 
26035	Shenzhen	114.6349 	22.6590 
26036	Shenzhen	114.6349 	22.6593 
26037	Shenzhen	114.6351 	22.6596 
26038	Shenzhen	114.6360 	22.6596 
26039	Shenzhen	114.6360 	22.6596 
26040	Shenzhen	114.6068 	22.6751 
26041	Shenzhen	114.6068 	22.6749 
26042	Shenzhen	114.6071 	22.6746 
26043	Shenzhen	114.6079 	22.6740 
26044	Shenzhen	114.6090 	22.6735 
26045	Shenzhen	114.6113 	22.6732 
26046	Shenzhen	114.6126 	22.6732 
26047	Shenzhen	114.6132 	22.6729 
26048	Shenzhen	114.6135 	22.6726 
26049	Shenzhen	114.6137 	22.6718 
26050	Shenzhen	114.6137 	22.6707 
26051	Shenzhen	114.6135 	22.6704 
26052	Shenzhen	114.6121 	22.6699 
26053	Shenzhen	114.6110 	22.6696 
26054	Shenzhen	114.6107 	22.6693 
26055	Shenzhen	114.6093 	22.6662 
26056	Shenzhen	114.6093 	22.6651 
26057	Shenzhen	114.6090 	22.6646 
26058	Shenzhen	114.6087 	22.6643 
26059	Shenzhen	114.6085 	22.6640 
26060	Shenzhen	114.6079 	22.6635 
26061	Shenzhen	114.6049 	22.6626 
26062	Shenzhen	114.6032 	22.6626 
26063	Shenzhen	114.6012 	22.6632 
26064	Shenzhen	114.6010 	22.6643 
26065	Shenzhen	114.6012 	22.6665 
26066	Shenzhen	114.6015 	22.6671 
26067	Shenzhen	114.6018 	22.6676 
26068	Shenzhen	114.6024 	22.6682 
26069	Shenzhen	114.6026 	22.6685 
26070	Shenzhen	114.6035 	22.6696 
26071	Shenzhen	114.6051 	22.6726 
26072	Shenzhen	114.6057 	22.6749 
26073	Shenzhen	114.6060 	22.6751 
26074	Shenzhen	114.6068 	22.6751 
26075	Shenzhen	114.6068 	22.6751 
26076	Shenzhen	114.6460 	22.6629 
26077	Shenzhen	114.6460 	22.6626 
26078	Shenzhen	114.6462 	22.6624 
26079	Shenzhen	114.6468 	22.6621 
26080	Shenzhen	114.6474 	22.6621 
26081	Shenzhen	114.6479 	22.6618 
26082	Shenzhen	114.6485 	22.6615 
26083	Shenzhen	114.6485 	22.6604 
26084	Shenzhen	114.6479 	22.6588 
26085	Shenzhen	114.6476 	22.6582 
26086	Shenzhen	114.6471 	22.6582 
26087	Shenzhen	114.6460 	22.6588 
26088	Shenzhen	114.6457 	22.6590 
26089	Shenzhen	114.6451 	22.6596 
26090	Shenzhen	114.6446 	22.6604 
26091	Shenzhen	114.6443 	22.6610 
26092	Shenzhen	114.6443 	22.6613 
26093	Shenzhen	114.6449 	22.6624 
26094	Shenzhen	114.6451 	22.6629 
26095	Shenzhen	114.6460 	22.6629 
26096	Shenzhen	114.6460 	22.6629 
26097	Shenzhen	114.6254 	22.6649 
26098	Shenzhen	114.6265 	22.6646 
26099	Shenzhen	114.6265 	22.6618 
26100	Shenzhen	114.6263 	22.6615 
26101	Shenzhen	114.6245 	22.6615 
26102	Shenzhen	114.6235 	22.6615 
26103	Shenzhen	114.6210 	22.6626 
26104	Shenzhen	114.6207 	22.6640 
26105	Shenzhen	114.6207 	22.6646 
26106	Shenzhen	114.6212 	22.6649 
26107	Shenzhen	114.6221 	22.6649 
26108	Shenzhen	114.6240 	22.6649 
26109	Shenzhen	114.6254 	22.6649 
26110	Shenzhen	114.6254 	22.6649 
26111	Shenzhen	114.6432 	22.6835 
26112	Shenzhen	114.6432 	22.6832 
26113	Shenzhen	114.6435 	22.6829 
26114	Shenzhen	114.6440 	22.6829 
26115	Shenzhen	114.6440 	22.6832 
26116	Shenzhen	114.6449 	22.6832 
26117	Shenzhen	114.6454 	22.6829 
26118	Shenzhen	114.6457 	22.6824 
26119	Shenzhen	114.6460 	22.6815 
26120	Shenzhen	114.6460 	22.6813 
26121	Shenzhen	114.6451 	22.6807 
26122	Shenzhen	114.6432 	22.6807 
26123	Shenzhen	114.6429 	22.6810 
26124	Shenzhen	114.6424 	22.6815 
26125	Shenzhen	114.6424 	22.6829 
26126	Shenzhen	114.6426 	22.6835 
26127	Shenzhen	114.6432 	22.6835 
26128	Shenzhen	114.6432 	22.6835 
26129	Shenzhen	114.6465 	22.6771 
26130	Shenzhen	114.6465 	22.6765 
26131	Shenzhen	114.6468 	22.6743 
26132	Shenzhen	114.6474 	22.6732 
26133	Shenzhen	114.6479 	22.6726 
26134	Shenzhen	114.6484 	22.6726 
26135	Shenzhen	114.6485 	22.6726 
26136	Shenzhen	114.6488 	22.6721 
26137	Shenzhen	114.6496 	22.6688 
26138	Shenzhen	114.6496 	22.6676 
26139	Shenzhen	114.6493 	22.6671 
26140	Shenzhen	114.6488 	22.6668 
26141	Shenzhen	114.6485 	22.6668 
26142	Shenzhen	114.6460 	22.6671 
26143	Shenzhen	114.6438 	22.6674 
26144	Shenzhen	114.6432 	22.6682 
26145	Shenzhen	114.6426 	22.6699 
26146	Shenzhen	114.6426 	22.6707 
26147	Shenzhen	114.6443 	22.6726 
26148	Shenzhen	114.6460 	22.6735 
26149	Shenzhen	114.6462 	22.6740 
26150	Shenzhen	114.6462 	22.6749 
26151	Shenzhen	114.6460 	22.6751 
26152	Shenzhen	114.6457 	22.6751 
26153	Shenzhen	114.6454 	22.6757 
26154	Shenzhen	114.6454 	22.6765 
26155	Shenzhen	114.6457 	22.6771 
26156	Shenzhen	114.6460 	22.6771 
26157	Shenzhen	114.6465 	22.6771 
26158	Shenzhen	114.6465 	22.6771 
26159	Shenzhen	114.6101 	22.6776 
26160	Shenzhen	114.6104 	22.6774 
26161	Shenzhen	114.6107 	22.6765 
26162	Shenzhen	114.6107 	22.6760 
26163	Shenzhen	114.6104 	22.6757 
26164	Shenzhen	114.6093 	22.6757 
26165	Shenzhen	114.6090 	22.6760 
26166	Shenzhen	114.6087 	22.6763 
26167	Shenzhen	114.6087 	22.6771 
26168	Shenzhen	114.6090 	22.6776 
26169	Shenzhen	114.6101 	22.6776 
26170	Shenzhen	114.6101 	22.6776 
26171	Shenzhen	114.6424 	22.4549 
26172	Shenzhen	114.6424 	22.4546 
26173	Shenzhen	114.6432 	22.4543 
26174	Shenzhen	114.6446 	22.4543 
26175	Shenzhen	114.6451 	22.4538 
26176	Shenzhen	114.6460 	22.4521 
26177	Shenzhen	114.6460 	22.4515 
26178	Shenzhen	114.6440 	22.4490 
26179	Shenzhen	114.6429 	22.4490 
26180	Shenzhen	114.6413 	22.4496 
26181	Shenzhen	114.6410 	22.4499 
26182	Shenzhen	114.6410 	22.4510 
26183	Shenzhen	114.6413 	22.4543 
26184	Shenzhen	114.6415 	22.4546 
26185	Shenzhen	114.6421 	22.4549 
26186	Shenzhen	114.6424 	22.4549 
26187	Shenzhen	114.6424 	22.4549 
26188	Shenzhen	114.6379 	22.4537 
26189	Shenzhen	114.6387 	22.4535 
26190	Shenzhen	114.6393 	22.4529 
26191	Shenzhen	114.6393 	22.4526 
26192	Shenzhen	114.6390 	22.4521 
26193	Shenzhen	114.6387 	22.4515 
26194	Shenzhen	114.6382 	22.4510 
26195	Shenzhen	114.6374 	22.4510 
26196	Shenzhen	114.6357 	22.4524 
26197	Shenzhen	114.6354 	22.4532 
26198	Shenzhen	114.6354 	22.4535 
26199	Shenzhen	114.6360 	22.4540 
26200	Shenzhen	114.6368 	22.4540 
26201	Shenzhen	114.6379 	22.4537 
26202	Shenzhen	114.6379 	22.4537 
26203	Shenzhen	113.8401 	22.5199 
26204	Shenzhen	113.8410 	22.5193 
26205	Shenzhen	113.8421 	22.5171 
26206	Shenzhen	113.8424 	22.5163 
26207	Shenzhen	113.8426 	22.5160 
26208	Shenzhen	113.8460 	22.5146 
26209	Shenzhen	113.8482 	22.5135 
26210	Shenzhen	113.8493 	22.5132 
26211	Shenzhen	113.8504 	22.5132 
26212	Shenzhen	113.8510 	22.5129 
26213	Shenzhen	113.8518 	22.5118 
26214	Shenzhen	113.8518 	22.5103 
26215	Shenzhen	113.8518 	22.5085 
26216	Shenzhen	113.8518 	22.5082 
26217	Shenzhen	113.8518 	22.5076 
26218	Shenzhen	113.8518 	22.5074 
26219	Shenzhen	113.8518 	22.5065 
26220	Shenzhen	113.8515 	22.5062 
26221	Shenzhen	113.8510 	22.5060 
26222	Shenzhen	113.8496 	22.5057 
26223	Shenzhen	113.8490 	22.5057 
26224	Shenzhen	113.8485 	22.5060 
26225	Shenzhen	113.8485 	22.5065 
26226	Shenzhen	113.8482 	22.5068 
26227	Shenzhen	113.8468 	22.5079 
26228	Shenzhen	113.8449 	22.5079 
26229	Shenzhen	113.8435 	22.5096 
26230	Shenzhen	113.8432 	22.5101 
26231	Shenzhen	113.8429 	22.5107 
26232	Shenzhen	113.8429 	22.5120 
26233	Shenzhen	113.8426 	22.5126 
26234	Shenzhen	113.8410 	22.5129 
26235	Shenzhen	113.8393 	22.5132 
26236	Shenzhen	113.8385 	22.5149 
26237	Shenzhen	113.8376 	22.5168 
26238	Shenzhen	113.8376 	22.5174 
26239	Shenzhen	113.8382 	22.5185 
26240	Shenzhen	113.8388 	22.5193 
26241	Shenzhen	113.8393 	22.5199 
26242	Shenzhen	113.8401 	22.5199 
26243	Shenzhen	113.8401 	22.5199 
26244	Shenzhen	113.8440 	22.5007 
26245	Shenzhen	113.8443 	22.5004 
26246	Shenzhen	113.8451 	22.4996 
26247	Shenzhen	113.8457 	22.4985 
26248	Shenzhen	113.8457 	22.4979 
26249	Shenzhen	113.8449 	22.4976 
26250	Shenzhen	113.8435 	22.4976 
26251	Shenzhen	113.8426 	22.4985 
26252	Shenzhen	113.8421 	22.4990 
26253	Shenzhen	113.8421 	22.5004 
26254	Shenzhen	113.8426 	22.5007 
26255	Shenzhen	113.8440 	22.5007 
26256	Shenzhen	113.8440 	22.5007 
26257	Shenzhen	113.8379 	22.5040 
26258	Shenzhen	113.8379 	22.5037 
26259	Shenzhen	113.8382 	22.5035 
26260	Shenzhen	113.8388 	22.5035 
26261	Shenzhen	113.8388 	22.5037 
26262	Shenzhen	113.8401 	22.5037 
26263	Shenzhen	113.8410 	22.5035 
26264	Shenzhen	113.8412 	22.5032 
26265	Shenzhen	113.8412 	22.5026 
26266	Shenzhen	113.8407 	22.5013 
26267	Shenzhen	113.8401 	22.5007 
26268	Shenzhen	113.8385 	22.5007 
26269	Shenzhen	113.8379 	22.5013 
26270	Shenzhen	113.8376 	22.5018 
26271	Shenzhen	113.8374 	22.5029 
26272	Shenzhen	113.8374 	22.5040 
26273	Shenzhen	113.8379 	22.5040 
26274	Shenzhen	113.8379 	22.5040 
26275	Shenzhen	114.6335 	22.5724 
26276	Shenzhen	114.6329 	22.5710 
26277	Shenzhen	114.6329 	22.5690 
26278	Shenzhen	114.6332 	22.5688 
26279	Shenzhen	114.6338 	22.5688 
26280	Shenzhen	114.6340 	22.5685 
26281	Shenzhen	114.6340 	22.5671 
26282	Shenzhen	114.6338 	22.5665 
26283	Shenzhen	114.6332 	22.5665 
26284	Shenzhen	114.6326 	22.5668 
26285	Shenzhen	114.6321 	22.5674 
26286	Shenzhen	114.6315 	22.5679 
26287	Shenzhen	114.6312 	22.5693 
26288	Shenzhen	114.6312 	22.5710 
26289	Shenzhen	114.6315 	22.5718 
26290	Shenzhen	114.6321 	22.5724 
26291	Shenzhen	114.6335 	22.5724 
26292	Shenzhen	114.6335 	22.5724 
26293	Shenzhen	114.1861 	22.5562 
26294	Shenzhen	114.1834 	22.5558 
26295	Shenzhen	114.1809 	22.5558 
26296	Shenzhen	114.1792 	22.5566 
26297	Shenzhen	114.1791 	22.5576 
26298	Shenzhen	114.1788 	22.5596 
26299	Shenzhen	114.1773 	22.5611 
26300	Shenzhen	114.1771 	22.5613 
26301	Shenzhen	114.1771 	22.5612 
26302	Shenzhen	114.1754 	22.5604 
26303	Shenzhen	114.1725 	22.5604 
26304	Shenzhen	114.1708 	22.5608 
26305	Shenzhen	114.1700 	22.5617 
26306	Shenzhen	114.1674 	22.5617 
26307	Shenzhen	114.1658 	22.5600 
26308	Shenzhen	114.1645 	22.5600 
26309	Shenzhen	114.1632 	22.5617 
26310	Shenzhen	114.1616 	22.5621 
26311	Shenzhen	114.1588 	22.5597 
26312	Shenzhen	114.1586 	22.5596 
26313	Shenzhen	114.1578 	22.5571 
26314	Shenzhen	114.1578 	22.5554 
26315	Shenzhen	114.1565 	22.5545 
26316	Shenzhen	114.1552 	22.5554 
26317	Shenzhen	114.1531 	22.5549 
26318	Shenzhen	114.1531 	22.5542 
26319	Shenzhen	114.1531 	22.5528 
26320	Shenzhen	114.1523 	22.5511 
26321	Shenzhen	114.1521 	22.5510 
26322	Shenzhen	114.1510 	22.5503 
26323	Shenzhen	114.1531 	22.5495 
26324	Shenzhen	114.1536 	22.5478 
26325	Shenzhen	114.1523 	22.5465 
26326	Shenzhen	114.1493 	22.5448 
26327	Shenzhen	114.1502 	22.5440 
26328	Shenzhen	114.1493 	22.5427 
26329	Shenzhen	114.1456 	22.5419 
26330	Shenzhen	114.1439 	22.5427 
26331	Shenzhen	114.1413 	22.5444 
26332	Shenzhen	114.1401 	22.5436 
26333	Shenzhen	114.1371 	22.5436 
26334	Shenzhen	114.1338 	22.5427 
26335	Shenzhen	114.1312 	22.5423 
26336	Shenzhen	114.1291 	22.5402 
26337	Shenzhen	114.1279 	22.5402 
26338	Shenzhen	114.1262 	22.5402 
26339	Shenzhen	114.1245 	22.5394 
26340	Shenzhen	114.1232 	22.5385 
26341	Shenzhen	114.1224 	22.5368 
26342	Shenzhen	114.1216 	22.5351 
26343	Shenzhen	114.1173 	22.5351 
26344	Shenzhen	114.1173 	22.5330 
26345	Shenzhen	114.1157 	22.5309 
26346	Shenzhen	114.1140 	22.5301 
26347	Shenzhen	114.1115 	22.5309 
26348	Shenzhen	114.1102 	22.5330 
26349	Shenzhen	114.1101 	22.5341 
26350	Shenzhen	114.1099 	22.5359 
26351	Shenzhen	114.1098 	22.5368 
26352	Shenzhen	114.1068 	22.5351 
26353	Shenzhen	114.1062 	22.5345 
26354	Shenzhen	114.1060 	22.5343 
26355	Shenzhen	114.1057 	22.5334 
26356	Shenzhen	114.1056 	22.5330 
26357	Shenzhen	114.1039 	22.5322 
26358	Shenzhen	114.1026 	22.5326 
26359	Shenzhen	114.1032 	22.5336 
26360	Shenzhen	114.1035 	22.5339 
26361	Shenzhen	114.1033 	22.5345 
26362	Shenzhen	114.1030 	22.5356 
26363	Shenzhen	114.1013 	22.5356 
26364	Shenzhen	114.0981 	22.5348 
26365	Shenzhen	114.0979 	22.5347 
26366	Shenzhen	114.0963 	22.5356 
26367	Shenzhen	114.0942 	22.5377 
26368	Shenzhen	114.0912 	22.5377 
26369	Shenzhen	114.0896 	22.5364 
26370	Shenzhen	114.0894 	22.5360 
26371	Shenzhen	114.0891 	22.5351 
26372	Shenzhen	114.0879 	22.5339 
26373	Shenzhen	114.0854 	22.5330 
26374	Shenzhen	114.0838 	22.5325 
26375	Shenzhen	114.0807 	22.5314 
26376	Shenzhen	114.0811 	22.5301 
26377	Shenzhen	114.0837 	22.5280 
26378	Shenzhen	114.0849 	22.5276 
26379	Shenzhen	114.0866 	22.5259 
26380	Shenzhen	114.0870 	22.5242 
26381	Shenzhen	114.0866 	22.5235 
26382	Shenzhen	114.0854 	22.5215 
26383	Shenzhen	114.0845 	22.5200 
26384	Shenzhen	114.0828 	22.5191 
26385	Shenzhen	114.0795 	22.5166 
26386	Shenzhen	114.0782 	22.5162 
26387	Shenzhen	114.0757 	22.5175 
26388	Shenzhen	114.0736 	22.5191 
26389	Shenzhen	114.0694 	22.5187 
26390	Shenzhen	114.0677 	22.5183 
26391	Shenzhen	114.0639 	22.5170 
26392	Shenzhen	114.0597 	22.5137 
26393	Shenzhen	114.0588 	22.5120 
26394	Shenzhen	114.0584 	22.5103 
26395	Shenzhen	114.0584 	22.5074 
26396	Shenzhen	114.0555 	22.5044 
26397	Shenzhen	114.0521 	22.5040 
26398	Shenzhen	114.0483 	22.5040 
26399	Shenzhen	114.0466 	22.5048 
26400	Shenzhen	114.0445 	22.5053 
26401	Shenzhen	114.0420 	22.5057 
26402	Shenzhen	114.0403 	22.5040 
26403	Shenzhen	114.0386 	22.5044 
26404	Shenzhen	114.0374 	22.5027 
26405	Shenzhen	114.0336 	22.4989 
26406	Shenzhen	114.0319 	22.4985 
26407	Shenzhen	114.0310 	22.4973 
26408	Shenzhen	114.0297 	22.4957 
26409	Shenzhen	114.0279 	22.4979 
26410	Shenzhen	114.0279 	22.4988 
26411	Shenzhen	114.0287 	22.4993 
26412	Shenzhen	114.0293 	22.4993 
26413	Shenzhen	114.0301 	22.4999 
26414	Shenzhen	114.0310 	22.5007 
26415	Shenzhen	114.0313 	22.5010 
26416	Shenzhen	114.0315 	22.5013 
26417	Shenzhen	114.0324 	22.5024 
26418	Shenzhen	114.0326 	22.5029 
26419	Shenzhen	114.0343 	22.5037 
26420	Shenzhen	114.0357 	22.5049 
26421	Shenzhen	114.0357 	22.5062 
26422	Shenzhen	114.0346 	22.5082 
26423	Shenzhen	114.0326 	22.5082 
26424	Shenzhen	114.0321 	22.5079 
26425	Shenzhen	114.0321 	22.5076 
26426	Shenzhen	114.0318 	22.5076 
26427	Shenzhen	114.0315 	22.5079 
26428	Shenzhen	114.0313 	22.5088 
26429	Shenzhen	114.0307 	22.5107 
26430	Shenzhen	114.0299 	22.5129 
26431	Shenzhen	114.0296 	22.5132 
26432	Shenzhen	114.0290 	22.5132 
26433	Shenzhen	114.0287 	22.5135 
26434	Shenzhen	114.0276 	22.5146 
26435	Shenzhen	114.0271 	22.5154 
26436	Shenzhen	114.0265 	22.5163 
26437	Shenzhen	114.0263 	22.5165 
26438	Shenzhen	114.0254 	22.5174 
26439	Shenzhen	114.0238 	22.5185 
26440	Shenzhen	114.0221 	22.5204 
26441	Shenzhen	114.0218 	22.5207 
26442	Shenzhen	114.0210 	22.5213 
26443	Shenzhen	114.0204 	22.5215 
26444	Shenzhen	114.0196 	22.5218 
26445	Shenzhen	114.0168 	22.5224 
26446	Shenzhen	114.0151 	22.5224 
26447	Shenzhen	114.0143 	22.5226 
26448	Shenzhen	114.0137 	22.5232 
26449	Shenzhen	114.0135 	22.5235 
26450	Shenzhen	114.0118 	22.5243 
26451	Shenzhen	114.0107 	22.5249 
26452	Shenzhen	114.0099 	22.5249 
26453	Shenzhen	114.0088 	22.5254 
26454	Shenzhen	114.0082 	22.5260 
26455	Shenzhen	114.0079 	22.5263 
26456	Shenzhen	114.0079 	22.5265 
26457	Shenzhen	114.0076 	22.5268 
26458	Shenzhen	114.0065 	22.5274 
26459	Shenzhen	114.0060 	22.5276 
26460	Shenzhen	114.0049 	22.5279 
26461	Shenzhen	114.0010 	22.5282 
26462	Shenzhen	114.0001 	22.5282 
26463	Shenzhen	113.9999 	22.5282 
26464	Shenzhen	113.9982 	22.5282 
26465	Shenzhen	113.9979 	22.5279 
26466	Shenzhen	113.9979 	22.5263 
26467	Shenzhen	113.9982 	22.5254 
26468	Shenzhen	113.9974 	22.5243 
26469	Shenzhen	113.9962 	22.5232 
26470	Shenzhen	113.9951 	22.5229 
26471	Shenzhen	113.9924 	22.5229 
26472	Shenzhen	113.9907 	22.5232 
26473	Shenzhen	113.9887 	22.5221 
26474	Shenzhen	113.9871 	22.5221 
26475	Shenzhen	113.9865 	22.5221 
26476	Shenzhen	113.9832 	22.5218 
26477	Shenzhen	113.9827 	22.5215 
26478	Shenzhen	113.9818 	22.5215 
26479	Shenzhen	113.9799 	22.5215 
26480	Shenzhen	113.9790 	22.5215 
26481	Shenzhen	113.9785 	22.5218 
26482	Shenzhen	113.9757 	22.5221 
26483	Shenzhen	113.9715 	22.5221 
26484	Shenzhen	113.9688 	22.5218 
26485	Shenzhen	113.9676 	22.5215 
26486	Shenzhen	113.9568 	22.5215 
26487	Shenzhen	113.9546 	22.5218 
26488	Shenzhen	113.9543 	22.5221 
26489	Shenzhen	113.9543 	22.5224 
26490	Shenzhen	113.9540 	22.5226 
26491	Shenzhen	113.9518 	22.5226 
26492	Shenzhen	113.9512 	22.5224 
26493	Shenzhen	113.9501 	22.5221 
26494	Shenzhen	113.9488 	22.5221 
26495	Shenzhen	113.9474 	22.5221 
26496	Shenzhen	113.9468 	22.5224 
26497	Shenzhen	113.9463 	22.5229 
26498	Shenzhen	113.9463 	22.5238 
26499	Shenzhen	113.9446 	22.5238 
26500	Shenzhen	113.9415 	22.5235 
26501	Shenzhen	113.9407 	22.5232 
26502	Shenzhen	113.9401 	22.5232 
26503	Shenzhen	113.9396 	22.5235 
26504	Shenzhen	113.9390 	22.5238 
26505	Shenzhen	113.9371 	22.5238 
26506	Shenzhen	113.9365 	22.5232 
26507	Shenzhen	113.9362 	22.5226 
26508	Shenzhen	113.9360 	22.5221 
26509	Shenzhen	113.9360 	22.5190 
26510	Shenzhen	113.9354 	22.5174 
26511	Shenzhen	113.9351 	22.5171 
26512	Shenzhen	113.9349 	22.5168 
26513	Shenzhen	113.9340 	22.5168 
26514	Shenzhen	113.9340 	22.5174 
26515	Shenzhen	113.9337 	22.5176 
26516	Shenzhen	113.9324 	22.5176 
26517	Shenzhen	113.9318 	22.5165 
26518	Shenzhen	113.9318 	22.5160 
26519	Shenzhen	113.9313 	22.5154 
26520	Shenzhen	113.9301 	22.5149 
26521	Shenzhen	113.9296 	22.5146 
26522	Shenzhen	113.9279 	22.5146 
26523	Shenzhen	113.9276 	22.5138 
26524	Shenzhen	113.9276 	22.5129 
26525	Shenzhen	113.9293 	22.5121 
26526	Shenzhen	113.9307 	22.5121 
26527	Shenzhen	113.9310 	22.5115 
26528	Shenzhen	113.9313 	22.5104 
26529	Shenzhen	113.9313 	22.5099 
26530	Shenzhen	113.9313 	22.5093 
26531	Shenzhen	113.9313 	22.5085 
26532	Shenzhen	113.9307 	22.5068 
26533	Shenzhen	113.9299 	22.5018 
26534	Shenzhen	113.9299 	22.4976 
26535	Shenzhen	113.9299 	22.4943 
26536	Shenzhen	113.9318 	22.4901 
26537	Shenzhen	113.9321 	22.4899 
26538	Shenzhen	113.9329 	22.4899 
26539	Shenzhen	113.9343 	22.4904 
26540	Shenzhen	113.9349 	22.4907 
26541	Shenzhen	113.9368 	22.4888 
26542	Shenzhen	113.9374 	22.4882 
26543	Shenzhen	113.9379 	22.4874 
26544	Shenzhen	113.9379 	22.4865 
26545	Shenzhen	113.9376 	22.4865 
26546	Shenzhen	113.9371 	22.4871 
26547	Shenzhen	113.9371 	22.4874 
26548	Shenzhen	113.9362 	22.4874 
26549	Shenzhen	113.9357 	22.4868 
26550	Shenzhen	113.9351 	22.4860 
26551	Shenzhen	113.9351 	22.4851 
26552	Shenzhen	113.9340 	22.4849 
26553	Shenzhen	113.9324 	22.4846 
26554	Shenzhen	113.9310 	22.4846 
26555	Shenzhen	113.9301 	22.4849 
26556	Shenzhen	113.9268 	22.4857 
26557	Shenzhen	113.9257 	22.4857 
26558	Shenzhen	113.9224 	22.4868 
26559	Shenzhen	113.9221 	22.4871 
26560	Shenzhen	113.9221 	22.4874 
26561	Shenzhen	113.9218 	22.4876 
26562	Shenzhen	113.9199 	22.4885 
26563	Shenzhen	113.9182 	22.4885 
26564	Shenzhen	113.9168 	22.4882 
26565	Shenzhen	113.9149 	22.4874 
26566	Shenzhen	113.9112 	22.4860 
26567	Shenzhen	113.9107 	22.4860 
26568	Shenzhen	113.9104 	22.4857 
26569	Shenzhen	113.9096 	22.4835 
26570	Shenzhen	113.9096 	22.4832 
26571	Shenzhen	113.9099 	22.4824 
26572	Shenzhen	113.9101 	22.4821 
26573	Shenzhen	113.9107 	22.4821 
26574	Shenzhen	113.9110 	22.4818 
26575	Shenzhen	113.9112 	22.4813 
26576	Shenzhen	113.9112 	22.4801 
26577	Shenzhen	113.9104 	22.4776 
26578	Shenzhen	113.9099 	22.4771 
26579	Shenzhen	113.9096 	22.4771 
26580	Shenzhen	113.9090 	22.4776 
26581	Shenzhen	113.9082 	22.4776 
26582	Shenzhen	113.9076 	22.4774 
26583	Shenzhen	113.9065 	22.4765 
26584	Shenzhen	113.9063 	22.4762 
26585	Shenzhen	113.9063 	22.4760 
26586	Shenzhen	113.9065 	22.4754 
26587	Shenzhen	113.9068 	22.4754 
26588	Shenzhen	113.9071 	22.4749 
26589	Shenzhen	113.9074 	22.4738 
26590	Shenzhen	113.9074 	22.4729 
26591	Shenzhen	113.9068 	22.4724 
26592	Shenzhen	113.9054 	22.4724 
26593	Shenzhen	113.9054 	22.4726 
26594	Shenzhen	113.9046 	22.4732 
26595	Shenzhen	113.9032 	22.4732 
26596	Shenzhen	113.9029 	22.4729 
26597	Shenzhen	113.9029 	22.4718 
26598	Shenzhen	113.9032 	22.4713 
26599	Shenzhen	113.9035 	22.4710 
26600	Shenzhen	113.9037 	22.4707 
26601	Shenzhen	113.9043 	22.4707 
26602	Shenzhen	113.9043 	22.4699 
26603	Shenzhen	113.9043 	22.4696 
26604	Shenzhen	113.9029 	22.4671 
26605	Shenzhen	113.9026 	22.4668 
26606	Shenzhen	113.9015 	22.4668 
26607	Shenzhen	113.9010 	22.4668 
26608	Shenzhen	113.9004 	22.4668 
26609	Shenzhen	113.8999 	22.4671 
26610	Shenzhen	113.8990 	22.4676 
26611	Shenzhen	113.8979 	22.4674 
26612	Shenzhen	113.8960 	22.4668 
26613	Shenzhen	113.8949 	22.4663 
26614	Shenzhen	113.8949 	22.4657 
26615	Shenzhen	113.8954 	22.4629 
26616	Shenzhen	113.8960 	22.4621 
26617	Shenzhen	113.8962 	22.4618 
26618	Shenzhen	113.8965 	22.4618 
26619	Shenzhen	113.8965 	22.4613 
26620	Shenzhen	113.8962 	22.4607 
26621	Shenzhen	113.8960 	22.4604 
26622	Shenzhen	113.8940 	22.4585 
26623	Shenzhen	113.8924 	22.4585 
26624	Shenzhen	113.8921 	22.4587 
26625	Shenzhen	113.8921 	22.4590 
26626	Shenzhen	113.8910 	22.4593 
26627	Shenzhen	113.8901 	22.4593 
26628	Shenzhen	113.8901 	22.4582 
26629	Shenzhen	113.8899 	22.4579 
26630	Shenzhen	113.8890 	22.4576 
26631	Shenzhen	113.8882 	22.4574 
26632	Shenzhen	113.8871 	22.4571 
26633	Shenzhen	113.8865 	22.4571 
26634	Shenzhen	113.8865 	22.4582 
26635	Shenzhen	113.8865 	22.4585 
26636	Shenzhen	113.8865 	22.4607 
26637	Shenzhen	113.8865 	22.4626 
26638	Shenzhen	113.8871 	22.4629 
26639	Shenzhen	113.8874 	22.4632 
26640	Shenzhen	113.8876 	22.4635 
26641	Shenzhen	113.8879 	22.4640 
26642	Shenzhen	113.8879 	22.4654 
26643	Shenzhen	113.8871 	22.4663 
26644	Shenzhen	113.8854 	22.4662 
26645	Shenzhen	113.8849 	22.4665 
26646	Shenzhen	113.8829 	22.4682 
26647	Shenzhen	113.8826 	22.4685 
26648	Shenzhen	113.8826 	22.4701 
26649	Shenzhen	113.8832 	22.4724 
26650	Shenzhen	113.8843 	22.4743 
26651	Shenzhen	113.8849 	22.4751 
26652	Shenzhen	113.8851 	22.4757 
26653	Shenzhen	113.8851 	22.4760 
26654	Shenzhen	113.8810 	22.4776 
26655	Shenzhen	113.8787 	22.4776 
26656	Shenzhen	113.8774 	22.4754 
26657	Shenzhen	113.8774 	22.4751 
26658	Shenzhen	113.8779 	22.4743 
26659	Shenzhen	113.8787 	22.4735 
26660	Shenzhen	113.8793 	22.4729 
26661	Shenzhen	113.8799 	22.4726 
26662	Shenzhen	113.8810 	22.4718 
26663	Shenzhen	113.8812 	22.4701 
26664	Shenzhen	113.8812 	22.4690 
26665	Shenzhen	113.8807 	22.4682 
26666	Shenzhen	113.8801 	22.4679 
26667	Shenzhen	113.8790 	22.4679 
26668	Shenzhen	113.8787 	22.4676 
26669	Shenzhen	113.8785 	22.4674 
26670	Shenzhen	113.8782 	22.4671 
26671	Shenzhen	113.8782 	22.4657 
26672	Shenzhen	113.8779 	22.4654 
26673	Shenzhen	113.8768 	22.4646 
26674	Shenzhen	113.8765 	22.4646 
26675	Shenzhen	113.8760 	22.4651 
26676	Shenzhen	113.8754 	22.4657 
26677	Shenzhen	113.8735 	22.4696 
26678	Shenzhen	113.8735 	22.4707 
26679	Shenzhen	113.8707 	22.4757 
26680	Shenzhen	113.8704 	22.4757 
26681	Shenzhen	113.8701 	22.4762 
26682	Shenzhen	113.8699 	22.4771 
26683	Shenzhen	113.8696 	22.4779 
26684	Shenzhen	113.8693 	22.4793 
26685	Shenzhen	113.8693 	22.4796 
26686	Shenzhen	113.8701 	22.4824 
26687	Shenzhen	113.8710 	22.4829 
26688	Shenzhen	113.8713 	22.4829 
26689	Shenzhen	113.8718 	22.4843 
26690	Shenzhen	113.8712 	22.4854 
26691	Shenzhen	113.8710 	22.4862 
26692	Shenzhen	113.8710 	22.4882 
26693	Shenzhen	113.8707 	22.4893 
26694	Shenzhen	113.8701 	22.4901 
26695	Shenzhen	113.8682 	22.4918 
26696	Shenzhen	113.8657 	22.4918 
26697	Shenzhen	113.8651 	22.4921 
26698	Shenzhen	113.8649 	22.4924 
26699	Shenzhen	113.8635 	22.4943 
26700	Shenzhen	113.8629 	22.4974 
26701	Shenzhen	113.8629 	22.4982 
26702	Shenzhen	113.8640 	22.4990 
26703	Shenzhen	113.8649 	22.4990 
26704	Shenzhen	113.8671 	22.4993 
26705	Shenzhen	113.8674 	22.4999 
26706	Shenzhen	113.8693 	22.5010 
26707	Shenzhen	113.8704 	22.5010 
26708	Shenzhen	113.8704 	22.5007 
26709	Shenzhen	113.8718 	22.5007 
26710	Shenzhen	113.8729 	22.5013 
26711	Shenzhen	113.8735 	22.5015 
26712	Shenzhen	113.8751 	22.5015 
26713	Shenzhen	113.8751 	22.5007 
26714	Shenzhen	113.8751 	22.4999 
26715	Shenzhen	113.8763 	22.4993 
26716	Shenzhen	113.8774 	22.4993 
26717	Shenzhen	113.8782 	22.4999 
26718	Shenzhen	113.8782 	22.5004 
26719	Shenzhen	113.8804 	22.5007 
26720	Shenzhen	113.8807 	22.5007 
26721	Shenzhen	113.8812 	22.5007 
26722	Shenzhen	113.8826 	22.5013 
26723	Shenzhen	113.8826 	22.5024 
26724	Shenzhen	113.8838 	22.5029 
26725	Shenzhen	113.8846 	22.5032 
26726	Shenzhen	113.8849 	22.5035 
26727	Shenzhen	113.8849 	22.5049 
26728	Shenzhen	113.8865 	22.5057 
26729	Shenzhen	113.8885 	22.5071 
26730	Shenzhen	113.8887 	22.5076 
26731	Shenzhen	113.8887 	22.5082 
26732	Shenzhen	113.8885 	22.5088 
26733	Shenzhen	113.8882 	22.5090 
26734	Shenzhen	113.8879 	22.5090 
26735	Shenzhen	113.8876 	22.5093 
26736	Shenzhen	113.8876 	22.5107 
26737	Shenzhen	113.8885 	22.5115 
26738	Shenzhen	113.8904 	22.5154 
26739	Shenzhen	113.8907 	22.5160 
26740	Shenzhen	113.8913 	22.5165 
26741	Shenzhen	113.8938 	22.5187 
26742	Shenzhen	113.8946 	22.5187 
26743	Shenzhen	113.8946 	22.5185 
26744	Shenzhen	113.8957 	22.5174 
26745	Shenzhen	113.8965 	22.5174 
26746	Shenzhen	113.8971 	22.5179 
26747	Shenzhen	113.8974 	22.5185 
26748	Shenzhen	113.8974 	22.5199 
26749	Shenzhen	113.8974 	22.5201 
26750	Shenzhen	113.8974 	22.5207 
26751	Shenzhen	113.8982 	22.5215 
26752	Shenzhen	113.8985 	22.5215 
26753	Shenzhen	113.8990 	22.5213 
26754	Shenzhen	113.8990 	22.5210 
26755	Shenzhen	113.8996 	22.5210 
26756	Shenzhen	113.9001 	22.5213 
26757	Shenzhen	113.9004 	22.5215 
26758	Shenzhen	113.9012 	22.5229 
26759	Shenzhen	113.9012 	22.5265 
26760	Shenzhen	113.9015 	22.5279 
26761	Shenzhen	113.9015 	22.5285 
26762	Shenzhen	113.9015 	22.5287 
26763	Shenzhen	113.9015 	22.5295 
26764	Shenzhen	113.9015 	22.5304 
26765	Shenzhen	113.9015 	22.5310 
26766	Shenzhen	113.9015 	22.5318 
26767	Shenzhen	113.9013 	22.5321 
26768	Shenzhen	113.8979 	22.5332 
26769	Shenzhen	113.8968 	22.5332 
26770	Shenzhen	113.8965 	22.5340 
26771	Shenzhen	113.8965 	22.5371 
26772	Shenzhen	113.8951 	22.5371 
26773	Shenzhen	113.8946 	22.5374 
26774	Shenzhen	113.8940 	22.5376 
26775	Shenzhen	113.8924 	22.5407 
26776	Shenzhen	113.8921 	22.5421 
26777	Shenzhen	113.8921 	22.5432 
26778	Shenzhen	113.8915 	22.5446 
26779	Shenzhen	113.8893 	22.5446 
26780	Shenzhen	113.8874 	22.5446 
26781	Shenzhen	113.8871 	22.5443 
26782	Shenzhen	113.8868 	22.5440 
26783	Shenzhen	113.8860 	22.5438 
26784	Shenzhen	113.8857 	22.5438 
26785	Shenzhen	113.8846 	22.5443 
26786	Shenzhen	113.8843 	22.5446 
26787	Shenzhen	113.8843 	22.5451 
26788	Shenzhen	113.8840 	22.5457 
26789	Shenzhen	113.8838 	22.5460 
26790	Shenzhen	113.8826 	22.5465 
26791	Shenzhen	113.8821 	22.5468 
26792	Shenzhen	113.8810 	22.5471 
26793	Shenzhen	113.8774 	22.5479 
26794	Shenzhen	113.8760 	22.5479 
26795	Shenzhen	113.8749 	22.5482 
26796	Shenzhen	113.8726 	22.5490 
26797	Shenzhen	113.8721 	22.5493 
26798	Shenzhen	113.8718 	22.5496 
26799	Shenzhen	113.8710 	22.5504 
26800	Shenzhen	113.8690 	22.5504 
26801	Shenzhen	113.8685 	22.5504 
26802	Shenzhen	113.8676 	22.5510 
26803	Shenzhen	113.8674 	22.5518 
26804	Shenzhen	113.8674 	22.5521 
26805	Shenzhen	113.8674 	22.5529 
26806	Shenzhen	113.8671 	22.5538 
26807	Shenzhen	113.8665 	22.5543 
26808	Shenzhen	113.8662 	22.5546 
26809	Shenzhen	113.8651 	22.5546 
26810	Shenzhen	113.8646 	22.5549 
26811	Shenzhen	113.8637 	22.5557 
26812	Shenzhen	113.8635 	22.5562 
26813	Shenzhen	113.8626 	22.5565 
26814	Shenzhen	113.8615 	22.5565 
26815	Shenzhen	113.8610 	22.5560 
26816	Shenzhen	113.8600 	22.5554 
26817	Shenzhen	113.8574 	22.5554 
26818	Shenzhen	113.8485 	22.5562 
26819	Shenzhen	113.8465 	22.5574 
26820	Shenzhen	113.8463 	22.5576 
26821	Shenzhen	113.8463 	22.5587 
26822	Shenzhen	113.8474 	22.5604 
26823	Shenzhen	113.8479 	22.5613 
26824	Shenzhen	113.8476 	22.5621 
26825	Shenzhen	113.8463 	22.5651 
26826	Shenzhen	113.8457 	22.5662 
26827	Shenzhen	113.8451 	22.5674 
26828	Shenzhen	113.8440 	22.5674 
26829	Shenzhen	113.8429 	22.5688 
26830	Shenzhen	113.8432 	22.5704 
26831	Shenzhen	113.8421 	22.5724 
26832	Shenzhen	113.8410 	22.5740 
26833	Shenzhen	113.8393 	22.5768 
26834	Shenzhen	113.8382 	22.5788 
26835	Shenzhen	113.8376 	22.5799 
26836	Shenzhen	113.8368 	22.5821 
26837	Shenzhen	113.8365 	22.5826 
26838	Shenzhen	113.8360 	22.5832 
26839	Shenzhen	113.8354 	22.5832 
26840	Shenzhen	113.8346 	22.5846 
26841	Shenzhen	113.8332 	22.5871 
26842	Shenzhen	113.8304 	22.5918 
26843	Shenzhen	113.8296 	22.5932 
26844	Shenzhen	113.8290 	22.5943 
26845	Shenzhen	113.8288 	22.5949 
26846	Shenzhen	113.8288 	22.5954 
26847	Shenzhen	113.8285 	22.5960 
26848	Shenzhen	113.8260 	22.6010 
26849	Shenzhen	113.8257 	22.6010 
26850	Shenzhen	113.8243 	22.6038 
26851	Shenzhen	113.8238 	22.6054 
26852	Shenzhen	113.8232 	22.6071 
26853	Shenzhen	113.8224 	22.6071 
26854	Shenzhen	113.8215 	22.6079 
26855	Shenzhen	113.8210 	22.6096 
26856	Shenzhen	113.8207 	22.6099 
26857	Shenzhen	113.8196 	22.6099 
26858	Shenzhen	113.8196 	22.6096 
26859	Shenzhen	113.8193 	22.6093 
26860	Shenzhen	113.8182 	22.6093 
26861	Shenzhen	113.8165 	22.6101 
26862	Shenzhen	113.8163 	22.6104 
26863	Shenzhen	113.8138 	22.6143 
26864	Shenzhen	113.8154 	22.6151 
26865	Shenzhen	113.8129 	22.6201 
26866	Shenzhen	113.8124 	22.6213 
26867	Shenzhen	113.8121 	22.6218 
26868	Shenzhen	113.8112 	22.6232 
26869	Shenzhen	113.8099 	22.6254 
26870	Shenzhen	113.8093 	22.6265 
26871	Shenzhen	113.8090 	22.6271 
26872	Shenzhen	113.8082 	22.6293 
26873	Shenzhen	113.8082 	22.6301 
26874	Shenzhen	113.8068 	22.6329 
26875	Shenzhen	113.8065 	22.6329 
26876	Shenzhen	113.8057 	22.6346 
26877	Shenzhen	113.8043 	22.6376 
26878	Shenzhen	113.8043 	22.6385 
26879	Shenzhen	113.8040 	22.6390 
26880	Shenzhen	113.8029 	22.6404 
26881	Shenzhen	113.8018 	22.6404 
26882	Shenzhen	113.8015 	22.6415 
26883	Shenzhen	113.8004 	22.6443 
26884	Shenzhen	113.7999 	22.6449 
26885	Shenzhen	113.7993 	22.6449 
26886	Shenzhen	113.7990 	22.6454 
26887	Shenzhen	113.7982 	22.6471 
26888	Shenzhen	113.7979 	22.6476 
26889	Shenzhen	113.7976 	22.6488 
26890	Shenzhen	113.7971 	22.6499 
26891	Shenzhen	113.7962 	22.6510 
26892	Shenzhen	113.7952 	22.6510 
26893	Shenzhen	113.7949 	22.6510 
26894	Shenzhen	113.7935 	22.6529 
26895	Shenzhen	113.7929 	22.6543 
26896	Shenzhen	113.7929 	22.6554 
26897	Shenzhen	113.7932 	22.6565 
26898	Shenzhen	113.7935 	22.6574 
26899	Shenzhen	113.7935 	22.6588 
26900	Shenzhen	113.7924 	22.6588 
26901	Shenzhen	113.7921 	22.6585 
26902	Shenzhen	113.7921 	22.6583 
26903	Shenzhen	113.7842 	22.6731 
26904	Shenzhen	113.7814 	22.6780 
26905	Shenzhen	113.7792 	22.6839 
26906	Shenzhen	113.7780 	22.6922 
26907	Shenzhen	113.7753 	22.6980 
26908	Shenzhen	113.7764 	22.7005 
26909	Shenzhen	113.7756 	22.7056 
26910	Shenzhen	113.7708 	22.7164 
26911	Shenzhen	113.7726 	22.7218 
26912	Shenzhen	113.7726 	22.7294 
26913	Shenzhen	113.7678 	22.7395 
26914	Shenzhen	113.7704 	22.7409 
26915	Shenzhen	113.7735 	22.7425 
26916	Shenzhen	113.7806 	22.7479 
26917	Shenzhen	113.7853 	22.7549 
26918	Shenzhen	113.7857 	22.7626 
26919	Shenzhen	113.7843 	22.7751 
26920	Shenzhen	113.7889 	22.7855 
26921	Shenzhen	113.7964 	22.7897 
26922	Shenzhen	113.8014 	22.7898 
26923	Shenzhen	113.8088 	22.7901 
26924	Shenzhen	113.8173 	22.7915 
26925	Shenzhen	113.8275 	22.8011 
26926	Shenzhen	113.8312 	22.8077 
26927	Shenzhen	113.8344 	22.8156 
26928	Shenzhen	113.8350 	22.8197 
26929	Shenzhen	113.8340 	22.8278 
26930	Shenzhen	113.8354 	22.8333 
26931	Shenzhen	113.8435 	22.8379 
26932	Shenzhen	113.8504 	22.8379 
26933	Shenzhen	113.8541 	22.8367 
26934	Shenzhen	113.8589 	22.8377 
26935	Shenzhen	113.8650 	22.8440 
26936	Shenzhen	113.8684 	22.8508 
26937	Shenzhen	113.8757 	22.8531 
26938	Shenzhen	113.8816 	22.8521 
26939	Shenzhen	113.8918 	22.8438 
26940	Shenzhen	113.9014 	22.8403 
26941	Shenzhen	113.9132 	22.8474 
26942	Shenzhen	113.9193 	22.8511 
26943	Shenzhen	113.9283 	22.8518 
26944	Shenzhen	113.9353 	22.8477 
26945	Shenzhen	113.9376 	22.8412 
26946	Shenzhen	113.9350 	22.8376 
26947	Shenzhen	113.9339 	22.8331 
26948	Shenzhen	113.9355 	22.8298 
26949	Shenzhen	113.9454 	22.8266 
26950	Shenzhen	113.9505 	22.8253 
26951	Shenzhen	113.9609 	22.8237 
26952	Shenzhen	113.9702 	22.8193 
26953	Shenzhen	113.9775 	22.8122 
26954	Shenzhen	113.9839 	22.8052 
26955	Shenzhen	113.9894 	22.7970 
26956	Shenzhen	113.9935 	22.7857 
26957	Shenzhen	113.9960 	22.7780 
26958	Shenzhen	114.0000 	22.7668 
26959	Shenzhen	114.0074 	22.7641 
26960	Shenzhen	114.0218 	22.7626 
26961	Shenzhen	114.0347 	22.7642 
26962	Shenzhen	114.0464 	22.7648 
26963	Shenzhen	114.0552 	22.7601 
26964	Shenzhen	114.0636 	22.7530 
26965	Shenzhen	114.0728 	22.7499 
26966	Shenzhen	114.0810 	22.7492 
26967	Shenzhen	114.0913 	22.7425 
26968	Shenzhen	114.0992 	22.7342 
26969	Shenzhen	114.1051 	22.7300 
26970	Shenzhen	114.1113 	22.7245 
26971	Shenzhen	114.1172 	22.7201 
26972	Shenzhen	114.1234 	22.7178 
26973	Shenzhen	114.1305 	22.7156 
26974	Shenzhen	114.1379 	22.7103 
26975	Shenzhen	114.1438 	22.7027 
26976	Shenzhen	114.1490 	22.6958 
26977	Shenzhen	114.1523 	22.6848 
26978	Shenzhen	114.1516 	22.6788 
26979	Shenzhen	114.1505 	22.6717 
26980	Shenzhen	114.1495 	22.6678 
26981	Shenzhen	114.1509 	22.6589 
26982	Shenzhen	114.1566 	22.6554 
26983	Shenzhen	114.1623 	22.6597 
26984	Shenzhen	114.1665 	22.6636 
26985	Shenzhen	114.1700 	22.6659 
26986	Shenzhen	114.1770 	22.6709 
26987	Shenzhen	114.1850 	22.6809 
26988	Shenzhen	114.1861 	22.6878 
26989	Shenzhen	114.1882 	22.6976 
26990	Shenzhen	114.1913 	22.7111 
26991	Shenzhen	114.1928 	22.7161 
26992	Shenzhen	114.1978 	22.7278 
26993	Shenzhen	114.2013 	22.7337 
26994	Shenzhen	114.2059 	22.7415 
26995	Shenzhen	114.2030 	22.7530 
26996	Shenzhen	114.1939 	22.7613 
26997	Shenzhen	114.1900 	22.7670 
26998	Shenzhen	114.1798 	22.7689 
26999	Shenzhen	114.1717 	22.7791 
27000	Shenzhen	114.1733 	22.7860 
27001	Shenzhen	114.1817 	22.7900 
27002	Shenzhen	114.1909 	22.7902 
27003	Shenzhen	114.1989 	22.7915 
27004	Shenzhen	114.2071 	22.7965 
27005	Shenzhen	114.2111 	22.8006 
27006	Shenzhen	114.2169 	22.8061 
27007	Shenzhen	114.2221 	22.8076 
27008	Shenzhen	114.2253 	22.8083 
27009	Shenzhen	114.2320 	22.8037 
27010	Shenzhen	114.2373 	22.7926 
27011	Shenzhen	114.2440 	22.7864 
27012	Shenzhen	114.2514 	22.7838 
27013	Shenzhen	114.2608 	22.7837 
27014	Shenzhen	114.2710 	22.7878 
27015	Shenzhen	114.2813 	22.7937 
27016	Shenzhen	114.2932 	22.7991 
27017	Shenzhen	114.2982 	22.8011 
27018	Shenzhen	114.3079 	22.8058 
27019	Shenzhen	114.3161 	22.8097 
27020	Shenzhen	114.3243 	22.8112 
27021	Shenzhen	114.3345 	22.8104 
27022	Shenzhen	114.3414 	22.8044 
27023	Shenzhen	114.3409 	22.7987 
27024	Shenzhen	114.3376 	22.7932 
27025	Shenzhen	114.3345 	22.7857 
27026	Shenzhen	114.3350 	22.7797 
27027	Shenzhen	114.3372 	22.7779 
27028	Shenzhen	114.3404 	22.7769 
27029	Shenzhen	114.3501 	22.7757 
27030	Shenzhen	114.3548 	22.7738 
27031	Shenzhen	114.3577 	22.7720 
27032	Shenzhen	114.3631 	22.7692 
27033	Shenzhen	114.3661 	22.7676 
27034	Shenzhen	114.3730 	22.7631 
27035	Shenzhen	114.3797 	22.7633 
27036	Shenzhen	114.3862 	22.7683 
27037	Shenzhen	114.3883 	22.7765 
27038	Shenzhen	114.3918 	22.7825 
27039	Shenzhen	114.3965 	22.7838 
27040	Shenzhen	114.4035 	22.7824 
27041	Shenzhen	114.4079 	22.7784 
27042	Shenzhen	114.4147 	22.7676 
27043	Shenzhen	114.4156 	22.7610 
27044	Shenzhen	114.4163 	22.7532 
27045	Shenzhen	114.4153 	22.7474 
27046	Shenzhen	114.4120 	22.7433 
27047	Shenzhen	114.4045 	22.7377 
27048	Shenzhen	114.3995 	22.7343 
27049	Shenzhen	114.3950 	22.7283 
27050	Shenzhen	114.3939 	22.7226 
27051	Shenzhen	114.3963 	22.7162 
27052	Shenzhen	114.3998 	22.7118 
27053	Shenzhen	114.4059 	22.7088 
27054	Shenzhen	114.4104 	22.7090 
27055	Shenzhen	114.4178 	22.7055 
27056	Shenzhen	114.4294 	22.7038 
27057	Shenzhen	114.4349 	22.6991 
27058	Shenzhen	114.4355 	22.6948 
27059	Shenzhen	114.4333 	22.6900 
27060	Shenzhen	114.4268 	22.6850 
27061	Shenzhen	114.4228 	22.6809 
27062	Shenzhen	114.4213 	22.6786 
27063	Shenzhen	114.4210 	22.6763 
27064	Shenzhen	114.4242 	22.6712 
27065	Shenzhen	114.4333 	22.6686 
27066	Shenzhen	114.4501 	22.6685 
27067	Shenzhen	114.4583 	22.6675 
27068	Shenzhen	114.4692 	22.6674 
27069	Shenzhen	114.4821 	22.6708 
27070	Shenzhen	114.4861 	22.6728 
27071	Shenzhen	114.4951 	22.6741 
27072	Shenzhen	114.5067 	22.6728 
27073	Shenzhen	114.5074 	22.6724 
27074	Shenzhen	114.5020 	22.6628 
27075	Shenzhen	114.4971 	22.6552 
27076	Shenzhen	114.4969 	22.6549 
27077	Shenzhen	114.4968 	22.6549 
27078	Shenzhen	114.4965 	22.6546 
27079	Shenzhen	114.4965 	22.6543 
27080	Shenzhen	114.4965 	22.6532 
27081	Shenzhen	114.4990 	22.6515 
27082	Shenzhen	114.4993 	22.6513 
27083	Shenzhen	114.4996 	22.6510 
27084	Shenzhen	114.4996 	22.6499 
27085	Shenzhen	114.5007 	22.6488 
27086	Shenzhen	114.5018 	22.6482 
27087	Shenzhen	114.5026 	22.6485 
27088	Shenzhen	114.5046 	22.6485 
27089	Shenzhen	114.5049 	22.6479 
27090	Shenzhen	114.5049 	22.6471 
27091	Shenzhen	114.5051 	22.6468 
27092	Shenzhen	114.5068 	22.6462 
27093	Shenzhen	114.5090 	22.6462 
27094	Shenzhen	114.5096 	22.6465 
27095	Shenzhen	114.5099 	22.6471 
27096	Shenzhen	114.5099 	22.6479 
27097	Shenzhen	114.5096 	22.6485 
27098	Shenzhen	114.5093 	22.6488 
27099	Shenzhen	114.5096 	22.6510 
27100	Shenzhen	114.5137 	22.6510 
27101	Shenzhen	114.5188 	22.6518 
27102	Shenzhen	114.5188 	22.6526 
27103	Shenzhen	114.5188 	22.6529 
27104	Shenzhen	114.5188 	22.6532 
27105	Shenzhen	114.5201 	22.6540 
27106	Shenzhen	114.5207 	22.6543 
27107	Shenzhen	114.5243 	22.6557 
27108	Shenzhen	114.5260 	22.6557 
27109	Shenzhen	114.5276 	22.6554 
27110	Shenzhen	114.5276 	22.6549 
27111	Shenzhen	114.5279 	22.6546 
27112	Shenzhen	114.5293 	22.6543 
27113	Shenzhen	114.5321 	22.6543 
27114	Shenzhen	114.5321 	22.6532 
27115	Shenzhen	114.5304 	22.6532 
27116	Shenzhen	114.5304 	22.6521 
27117	Shenzhen	114.5310 	22.6518 
27118	Shenzhen	114.5340 	22.6513 
27119	Shenzhen	114.5354 	22.6513 
27120	Shenzhen	114.5362 	22.6518 
27121	Shenzhen	114.5362 	22.6529 
27122	Shenzhen	114.5365 	22.6532 
27123	Shenzhen	114.5376 	22.6532 
27124	Shenzhen	114.5379 	22.6529 
27125	Shenzhen	114.5382 	22.6524 
27126	Shenzhen	114.5399 	22.6513 
27127	Shenzhen	114.5401 	22.6515 
27128	Shenzhen	114.5413 	22.6524 
27129	Shenzhen	114.5424 	22.6526 
27130	Shenzhen	114.5429 	22.6526 
27131	Shenzhen	114.5432 	22.6526 
27132	Shenzhen	114.5437 	22.6526 
27133	Shenzhen	114.5468 	22.6518 
27134	Shenzhen	114.5507 	22.6510 
27135	Shenzhen	114.5515 	22.6510 
27136	Shenzhen	114.5524 	22.6513 
27137	Shenzhen	114.5524 	22.6515 
27138	Shenzhen	114.5532 	22.6524 
27139	Shenzhen	114.5540 	22.6526 
27140	Shenzhen	114.5549 	22.6526 
27141	Shenzhen	114.5557 	22.6524 
27142	Shenzhen	114.5557 	22.6521 
27143	Shenzhen	114.5560 	22.6518 
27144	Shenzhen	114.5574 	22.6515 
27145	Shenzhen	114.5582 	22.6515 
27146	Shenzhen	114.5582 	22.6521 
27147	Shenzhen	114.5579 	22.6521 
27148	Shenzhen	114.5576 	22.6529 
27149	Shenzhen	114.5576 	22.6538 
27150	Shenzhen	114.5579 	22.6540 
27151	Shenzhen	114.5587 	22.6543 
27152	Shenzhen	114.5599 	22.6543 
27153	Shenzhen	114.5607 	22.6540 
27154	Shenzhen	114.5612 	22.6535 
27155	Shenzhen	114.5612 	22.6529 
27156	Shenzhen	114.5615 	22.6526 
27157	Shenzhen	114.5621 	22.6524 
27158	Shenzhen	114.5632 	22.6524 
27159	Shenzhen	114.5657 	22.6529 
27160	Shenzhen	114.5668 	22.6529 
27161	Shenzhen	114.5674 	22.6524 
27162	Shenzhen	114.5685 	22.6524 
27163	Shenzhen	114.5713 	22.6535 
27164	Shenzhen	114.5718 	22.6538 
27165	Shenzhen	114.5718 	22.6546 
27166	Shenzhen	114.5718 	22.6560 
27167	Shenzhen	114.5718 	22.6563 
27168	Shenzhen	114.5718 	22.6576 
27169	Shenzhen	114.5721 	22.6579 
27170	Shenzhen	114.5726 	22.6582 
27171	Shenzhen	114.5740 	22.6582 
27172	Shenzhen	114.5740 	22.6599 
27173	Shenzhen	114.5740 	22.6604 
27174	Shenzhen	114.5743 	22.6610 
27175	Shenzhen	114.5762 	22.6610 
27176	Shenzhen	114.5765 	22.6604 
27177	Shenzhen	114.5765 	22.6602 
27178	Shenzhen	114.5765 	22.6582 
27179	Shenzhen	114.5771 	22.6576 
27180	Shenzhen	114.5782 	22.6571 
27181	Shenzhen	114.5807 	22.6571 
27182	Shenzhen	114.5810 	22.6574 
27183	Shenzhen	114.5810 	22.6579 
27184	Shenzhen	114.5813 	22.6585 
27185	Shenzhen	114.5826 	22.6604 
27186	Shenzhen	114.5832 	22.6604 
27187	Shenzhen	114.5837 	22.6601 
27188	Shenzhen	114.5857 	22.6585 
27189	Shenzhen	114.5860 	22.6582 
27190	Shenzhen	114.5863 	22.6579 
27191	Shenzhen	114.5865 	22.6576 
27192	Shenzhen	114.5865 	22.6571 
27193	Shenzhen	114.5871 	22.6565 
27194	Shenzhen	114.5882 	22.6557 
27195	Shenzhen	114.5893 	22.6557 
27196	Shenzhen	114.5910 	22.6565 
27197	Shenzhen	114.5918 	22.6571 
27198	Shenzhen	114.5929 	22.6571 
27199	Shenzhen	114.5935 	22.6565 
27200	Shenzhen	114.5935 	22.6560 
27201	Shenzhen	114.5932 	22.6560 
27202	Shenzhen	114.5929 	22.6554 
27203	Shenzhen	114.5929 	22.6543 
27204	Shenzhen	114.5935 	22.6535 
27205	Shenzhen	114.5938 	22.6532 
27206	Shenzhen	114.5940 	22.6532 
27207	Shenzhen	114.5943 	22.6535 
27208	Shenzhen	114.5946 	22.6538 
27209	Shenzhen	114.5946 	22.6543 
27210	Shenzhen	114.5957 	22.6543 
27211	Shenzhen	114.5957 	22.6540 
27212	Shenzhen	114.5954 	22.6526 
27213	Shenzhen	114.5943 	22.6513 
27214	Shenzhen	114.5935 	22.6510 
27215	Shenzhen	114.5926 	22.6510 
27216	Shenzhen	114.5918 	22.6507 
27217	Shenzhen	114.5915 	22.6504 
27218	Shenzhen	114.5910 	22.6496 
27219	Shenzhen	114.5907 	22.6490 
27220	Shenzhen	114.5904 	22.6460 
27221	Shenzhen	114.5904 	22.6440 
27222	Shenzhen	114.5901 	22.6432 
27223	Shenzhen	114.5899 	22.6426 
27224	Shenzhen	114.5885 	22.6404 
27225	Shenzhen	114.5879 	22.6404 
27226	Shenzhen	114.5876 	22.6404 
27227	Shenzhen	114.5870 	22.6404 
27228	Shenzhen	114.5857 	22.6404 
27229	Shenzhen	114.5840 	22.6399 
27230	Shenzhen	114.5829 	22.6393 
27231	Shenzhen	114.5824 	22.6390 
27232	Shenzhen	114.5821 	22.6387 
27233	Shenzhen	114.5804 	22.6365 
27234	Shenzhen	114.5801 	22.6351 
27235	Shenzhen	114.5801 	22.6337 
27236	Shenzhen	114.5801 	22.6326 
27237	Shenzhen	114.5799 	22.6318 
27238	Shenzhen	114.5793 	22.6310 
27239	Shenzhen	114.5790 	22.6310 
27240	Shenzhen	114.5788 	22.6307 
27241	Shenzhen	114.5785 	22.6304 
27242	Shenzhen	114.5782 	22.6299 
27243	Shenzhen	114.5782 	22.6296 
27244	Shenzhen	114.5782 	22.6293 
27245	Shenzhen	114.5782 	22.6288 
27246	Shenzhen	114.5790 	22.6274 
27247	Shenzhen	114.5793 	22.6271 
27248	Shenzhen	114.5799 	22.6265 
27249	Shenzhen	114.5801 	22.6262 
27250	Shenzhen	114.5804 	22.6260 
27251	Shenzhen	114.5804 	22.6257 
27252	Shenzhen	114.5796 	22.6240 
27253	Shenzhen	114.5796 	22.6221 
27254	Shenzhen	114.5790 	22.6210 
27255	Shenzhen	114.5779 	22.6193 
27256	Shenzhen	114.5768 	22.6182 
27257	Shenzhen	114.5751 	22.6171 
27258	Shenzhen	114.5724 	22.6165 
27259	Shenzhen	114.5699 	22.6143 
27260	Shenzhen	114.5693 	22.6138 
27261	Shenzhen	114.5679 	22.6124 
27262	Shenzhen	114.5640 	22.6093 
27263	Shenzhen	114.5632 	22.6087 
27264	Shenzhen	114.5626 	22.6085 
27265	Shenzhen	114.5621 	22.6082 
27266	Shenzhen	114.5610 	22.6063 
27267	Shenzhen	114.5607 	22.6060 
27268	Shenzhen	114.5596 	22.6060 
27269	Shenzhen	114.5593 	22.6057 
27270	Shenzhen	114.5587 	22.6046 
27271	Shenzhen	114.5585 	22.6038 
27272	Shenzhen	114.5582 	22.6035 
27273	Shenzhen	114.5579 	22.6032 
27274	Shenzhen	114.5574 	22.6032 
27275	Shenzhen	114.5568 	22.6029 
27276	Shenzhen	114.5546 	22.6010 
27277	Shenzhen	114.5537 	22.6001 
27278	Shenzhen	114.5535 	22.5999 
27279	Shenzhen	114.5529 	22.5990 
27280	Shenzhen	114.5529 	22.5968 
27281	Shenzhen	114.5526 	22.5963 
27282	Shenzhen	114.5524 	22.5963 
27283	Shenzhen	114.5518 	22.5974 
27284	Shenzhen	114.5518 	22.5979 
27285	Shenzhen	114.5518 	22.5982 
27286	Shenzhen	114.5518 	22.5988 
27287	Shenzhen	114.5515 	22.5990 
27288	Shenzhen	114.5510 	22.5990 
27289	Shenzhen	114.5493 	22.5979 
27290	Shenzhen	114.5482 	22.5971 
27291	Shenzhen	114.5476 	22.5943 
27292	Shenzhen	114.5474 	22.5921 
27293	Shenzhen	114.5474 	22.5907 
27294	Shenzhen	114.5465 	22.5896 
27295	Shenzhen	114.5462 	22.5893 
27296	Shenzhen	114.5460 	22.5890 
27297	Shenzhen	114.5454 	22.5890 
27298	Shenzhen	114.5451 	22.5893 
27299	Shenzhen	114.5451 	22.5899 
27300	Shenzhen	114.5454 	22.5899 
27301	Shenzhen	114.5454 	22.5921 
27302	Shenzhen	114.5449 	22.5929 
27303	Shenzhen	114.5446 	22.5932 
27304	Shenzhen	114.5435 	22.5932 
27305	Shenzhen	114.5426 	22.5929 
27306	Shenzhen	114.5387 	22.5935 
27307	Shenzhen	114.5374 	22.5943 
27308	Shenzhen	114.5360 	22.5943 
27309	Shenzhen	114.5354 	22.5940 
27310	Shenzhen	114.5343 	22.5932 
27311	Shenzhen	114.5329 	22.5915 
27312	Shenzhen	114.5329 	22.5910 
27313	Shenzhen	114.5329 	22.5907 
27314	Shenzhen	114.5329 	22.5904 
27315	Shenzhen	114.5318 	22.5904 
27316	Shenzhen	114.5296 	22.5910 
27317	Shenzhen	114.5290 	22.5912 
27318	Shenzhen	114.5290 	22.5915 
27319	Shenzhen	114.5285 	22.5921 
27320	Shenzhen	114.5279 	22.5924 
27321	Shenzhen	114.5271 	22.5924 
27322	Shenzhen	114.5246 	22.5915 
27323	Shenzhen	114.5229 	22.5907 
27324	Shenzhen	114.5210 	22.5904 
27325	Shenzhen	114.5193 	22.5904 
27326	Shenzhen	114.5151 	22.5932 
27327	Shenzhen	114.5137 	22.5943 
27328	Shenzhen	114.5135 	22.5949 
27329	Shenzhen	114.5132 	22.5951 
27330	Shenzhen	114.5121 	22.5951 
27331	Shenzhen	114.5107 	22.5946 
27332	Shenzhen	114.5088 	22.5929 
27333	Shenzhen	114.5076 	22.5918 
27334	Shenzhen	114.5068 	22.5910 
27335	Shenzhen	114.5068 	22.5907 
27336	Shenzhen	114.5037 	22.5874 
27337	Shenzhen	114.5032 	22.5868 
27338	Shenzhen	114.5021 	22.5857 
27339	Shenzhen	114.5010 	22.5837 
27340	Shenzhen	114.5004 	22.5818 
27341	Shenzhen	114.5001 	22.5810 
27342	Shenzhen	114.4999 	22.5807 
27343	Shenzhen	114.4996 	22.5807 
27344	Shenzhen	114.4996 	22.5757 
27345	Shenzhen	114.4999 	22.5757 
27346	Shenzhen	114.5004 	22.5735 
27347	Shenzhen	114.5004 	22.5713 
27348	Shenzhen	114.5007 	22.5707 
27349	Shenzhen	114.5010 	22.5704 
27350	Shenzhen	114.5013 	22.5704 
27351	Shenzhen	114.5015 	22.5693 
27352	Shenzhen	114.5015 	22.5674 
27353	Shenzhen	114.5013 	22.5671 
27354	Shenzhen	114.5010 	22.5671 
27355	Shenzhen	114.5007 	22.5665 
27356	Shenzhen	114.5001 	22.5649 
27357	Shenzhen	114.4993 	22.5604 
27358	Shenzhen	114.4993 	22.5593 
27359	Shenzhen	114.4993 	22.5585 
27360	Shenzhen	114.4987 	22.5585 
27361	Shenzhen	114.4985 	22.5576 
27362	Shenzhen	114.4985 	22.5571 
27363	Shenzhen	114.4987 	22.5546 
27364	Shenzhen	114.4996 	22.5546 
27365	Shenzhen	114.4999 	22.5546 
27366	Shenzhen	114.5015 	22.5526 
27367	Shenzhen	114.5026 	22.5513 
27368	Shenzhen	114.5026 	22.5504 
27369	Shenzhen	114.5029 	22.5499 
27370	Shenzhen	114.5040 	22.5479 
27371	Shenzhen	114.5043 	22.5479 
27372	Shenzhen	114.5046 	22.5482 
27373	Shenzhen	114.5049 	22.5490 
27374	Shenzhen	114.5046 	22.5493 
27375	Shenzhen	114.5040 	22.5496 
27376	Shenzhen	114.5037 	22.5501 
27377	Shenzhen	114.5037 	22.5518 
27378	Shenzhen	114.5040 	22.5518 
27379	Shenzhen	114.5051 	22.5510 
27380	Shenzhen	114.5057 	22.5504 
27381	Shenzhen	114.5057 	22.5496 
27382	Shenzhen	114.5076 	22.5488 
27383	Shenzhen	114.5082 	22.5488 
27384	Shenzhen	114.5096 	22.5490 
27385	Shenzhen	114.5104 	22.5493 
27386	Shenzhen	114.5110 	22.5496 
27387	Shenzhen	114.5124 	22.5507 
27388	Shenzhen	114.5126 	22.5510 
27389	Shenzhen	114.5135 	22.5518 
27390	Shenzhen	114.5137 	22.5524 
27391	Shenzhen	114.5137 	22.5532 
27392	Shenzhen	114.5140 	22.5535 
27393	Shenzhen	114.5146 	22.5535 
27394	Shenzhen	114.5171 	22.5529 
27395	Shenzhen	114.5188 	22.5524 
27396	Shenzhen	114.5193 	22.5529 
27397	Shenzhen	114.5193 	22.5549 
27398	Shenzhen	114.5193 	22.5551 
27399	Shenzhen	114.5193 	22.5557 
27400	Shenzhen	114.5201 	22.5574 
27401	Shenzhen	114.5207 	22.5576 
27402	Shenzhen	114.5215 	22.5579 
27403	Shenzhen	114.5238 	22.5582 
27404	Shenzhen	114.5257 	22.5596 
27405	Shenzhen	114.5260 	22.5599 
27406	Shenzhen	114.5263 	22.5601 
27407	Shenzhen	114.5265 	22.5610 
27408	Shenzhen	114.5265 	22.5615 
27409	Shenzhen	114.5265 	22.5618 
27410	Shenzhen	114.5263 	22.5629 
27411	Shenzhen	114.5257 	22.5629 
27412	Shenzhen	114.5254 	22.5635 
27413	Shenzhen	114.5246 	22.5662 
27414	Shenzhen	114.5246 	22.5671 
27415	Shenzhen	114.5251 	22.5676 
27416	Shenzhen	114.5263 	22.5682 
27417	Shenzhen	114.5268 	22.5685 
27418	Shenzhen	114.5282 	22.5688 
27419	Shenzhen	114.5293 	22.5688 
27420	Shenzhen	114.5310 	22.5668 
27421	Shenzhen	114.5324 	22.5654 
27422	Shenzhen	114.5326 	22.5651 
27423	Shenzhen	114.5338 	22.5646 
27424	Shenzhen	114.5351 	22.5646 
27425	Shenzhen	114.5354 	22.5649 
27426	Shenzhen	114.5354 	22.5657 
27427	Shenzhen	114.5351 	22.5668 
27428	Shenzhen	114.5349 	22.5668 
27429	Shenzhen	114.5349 	22.5690 
27430	Shenzhen	114.5351 	22.5696 
27431	Shenzhen	114.5354 	22.5699 
27432	Shenzhen	114.5371 	22.5707 
27433	Shenzhen	114.5376 	22.5707 
27434	Shenzhen	114.5379 	22.5707 
27435	Shenzhen	114.5385 	22.5707 
27436	Shenzhen	114.5390 	22.5701 
27437	Shenzhen	114.5390 	22.5696 
27438	Shenzhen	114.5407 	22.5688 
27439	Shenzhen	114.5418 	22.5688 
27440	Shenzhen	114.5421 	22.5690 
27441	Shenzhen	114.5424 	22.5699 
27442	Shenzhen	114.5424 	22.5713 
27443	Shenzhen	114.5440 	22.5715 
27444	Shenzhen	114.5451 	22.5715 
27445	Shenzhen	114.5471 	22.5707 
27446	Shenzhen	114.5476 	22.5704 
27447	Shenzhen	114.5490 	22.5696 
27448	Shenzhen	114.5493 	22.5690 
27449	Shenzhen	114.5496 	22.5685 
27450	Shenzhen	114.5499 	22.5657 
27451	Shenzhen	114.5499 	22.5649 
27452	Shenzhen	114.5496 	22.5640 
27453	Shenzhen	114.5493 	22.5638 
27454	Shenzhen	114.5493 	22.5618 
27455	Shenzhen	114.5510 	22.5587 
27456	Shenzhen	114.5521 	22.5582 
27457	Shenzhen	114.5543 	22.5579 
27458	Shenzhen	114.5549 	22.5579 
27459	Shenzhen	114.5554 	22.5582 
27460	Shenzhen	114.5560 	22.5585 
27461	Shenzhen	114.5565 	22.5585 
27462	Shenzhen	114.5574 	22.5579 
27463	Shenzhen	114.5585 	22.5571 
27464	Shenzhen	114.5590 	22.5565 
27465	Shenzhen	114.5593 	22.5562 
27466	Shenzhen	114.5601 	22.5551 
27467	Shenzhen	114.5601 	22.5546 
27468	Shenzhen	114.5604 	22.5540 
27469	Shenzhen	114.5624 	22.5515 
27470	Shenzhen	114.5635 	22.5501 
27471	Shenzhen	114.5646 	22.5493 
27472	Shenzhen	114.5660 	22.5488 
27473	Shenzhen	114.5671 	22.5488 
27474	Shenzhen	114.5687 	22.5488 
27475	Shenzhen	114.5699 	22.5482 
27476	Shenzhen	114.5721 	22.5479 
27477	Shenzhen	114.5734 	22.5479 
27478	Shenzhen	114.5746 	22.5479 
27479	Shenzhen	114.5757 	22.5476 
27480	Shenzhen	114.5757 	22.5474 
27481	Shenzhen	114.5765 	22.5468 
27482	Shenzhen	114.5796 	22.5449 
27483	Shenzhen	114.5810 	22.5449 
27484	Shenzhen	114.5818 	22.5449 
27485	Shenzhen	114.5865 	22.5440 
27486	Shenzhen	114.5876 	22.5435 
27487	Shenzhen	114.5876 	22.5432 
27488	Shenzhen	114.5879 	22.5429 
27489	Shenzhen	114.5899 	22.5426 
27490	Shenzhen	114.5943 	22.5424 
27491	Shenzhen	114.5965 	22.5424 
27492	Shenzhen	114.5985 	22.5413 
27493	Shenzhen	114.5993 	22.5415 
27494	Shenzhen	114.5999 	22.5424 
27495	Shenzhen	114.6001 	22.5429 
27496	Shenzhen	114.6007 	22.5435 
27497	Shenzhen	114.6035 	22.5446 
27498	Shenzhen	114.6049 	22.5449 
27499	Shenzhen	114.6060 	22.5449 
27500	Shenzhen	114.6062 	22.5446 
27501	Shenzhen	114.6068 	22.5404 
27502	Shenzhen	114.6068 	22.5399 
27503	Shenzhen	114.6068 	22.5387 
27504	Shenzhen	114.6060 	22.5379 
27505	Shenzhen	114.6051 	22.5374 
27506	Shenzhen	114.6046 	22.5371 
27507	Shenzhen	114.6043 	22.5368 
27508	Shenzhen	114.6040 	22.5365 
27509	Shenzhen	114.6032 	22.5349 
27510	Shenzhen	114.6032 	22.5335 
27511	Shenzhen	114.6035 	22.5324 
27512	Shenzhen	114.6040 	22.5315 
27513	Shenzhen	114.6049 	22.5307 
27514	Shenzhen	114.6051 	22.5304 
27515	Shenzhen	114.6065 	22.5296 
27516	Shenzhen	114.6124 	22.5263 
27517	Shenzhen	114.6129 	22.5260 
27518	Shenzhen	114.6130 	22.5260 
27519	Shenzhen	114.6135 	22.5260 
27520	Shenzhen	114.6140 	22.5257 
27521	Shenzhen	114.6160 	22.5246 
27522	Shenzhen	114.6162 	22.5243 
27523	Shenzhen	114.6182 	22.5221 
27524	Shenzhen	114.6190 	22.5207 
27525	Shenzhen	114.6199 	22.5193 
27526	Shenzhen	114.6204 	22.5190 
27527	Shenzhen	114.6210 	22.5187 
27528	Shenzhen	114.6212 	22.5185 
27529	Shenzhen	114.6218 	22.5176 
27530	Shenzhen	114.6235 	22.5135 
27531	Shenzhen	114.6235 	22.5124 
27532	Shenzhen	114.6221 	22.5101 
27533	Shenzhen	114.6215 	22.5093 
27534	Shenzhen	114.6210 	22.5090 
27535	Shenzhen	114.6199 	22.5085 
27536	Shenzhen	114.6195 	22.5085 
27537	Shenzhen	114.6184 	22.5085 
27538	Shenzhen	114.6179 	22.5085 
27539	Shenzhen	114.6176 	22.5082 
27540	Shenzhen	114.6171 	22.5062 
27541	Shenzhen	114.6165 	22.5040 
27542	Shenzhen	114.6154 	22.5029 
27543	Shenzhen	114.6143 	22.5021 
27544	Shenzhen	114.6121 	22.5018 
27545	Shenzhen	114.6108 	22.5018 
27546	Shenzhen	114.6090 	22.5018 
27547	Shenzhen	114.6085 	22.5013 
27548	Shenzhen	114.6085 	22.5004 
27549	Shenzhen	114.6093 	22.4999 
27550	Shenzhen	114.6104 	22.4999 
27551	Shenzhen	114.6110 	22.4993 
27552	Shenzhen	114.6110 	22.4982 
27553	Shenzhen	114.6104 	22.4976 
27554	Shenzhen	114.6101 	22.4974 
27555	Shenzhen	114.6096 	22.4974 
27556	Shenzhen	114.6093 	22.4974 
27557	Shenzhen	114.6074 	22.4974 
27558	Shenzhen	114.6074 	22.4976 
27559	Shenzhen	114.6060 	22.4982 
27560	Shenzhen	114.6046 	22.4982 
27561	Shenzhen	114.6035 	22.4979 
27562	Shenzhen	114.6021 	22.4974 
27563	Shenzhen	114.6015 	22.4971 
27564	Shenzhen	114.6012 	22.4968 
27565	Shenzhen	114.6012 	22.4962 
27566	Shenzhen	114.6004 	22.4960 
27567	Shenzhen	114.5993 	22.4960 
27568	Shenzhen	114.5987 	22.4962 
27569	Shenzhen	114.5987 	22.4965 
27570	Shenzhen	114.5982 	22.4968 
27571	Shenzhen	114.5943 	22.4968 
27572	Shenzhen	114.5938 	22.4965 
27573	Shenzhen	114.5935 	22.4960 
27574	Shenzhen	114.5932 	22.4949 
27575	Shenzhen	114.5932 	22.4935 
27576	Shenzhen	114.5932 	22.4932 
27577	Shenzhen	114.5932 	22.4929 
27578	Shenzhen	114.5926 	22.4921 
27579	Shenzhen	114.5921 	22.4918 
27580	Shenzhen	114.5912 	22.4918 
27581	Shenzhen	114.5899 	22.4921 
27582	Shenzhen	114.5893 	22.4924 
27583	Shenzhen	114.5890 	22.4926 
27584	Shenzhen	114.5863 	22.4929 
27585	Shenzhen	114.5837 	22.4929 
27586	Shenzhen	114.5832 	22.4935 
27587	Shenzhen	114.5832 	22.4938 
27588	Shenzhen	114.5818 	22.4938 
27589	Shenzhen	114.5804 	22.4932 
27590	Shenzhen	114.5801 	22.4929 
27591	Shenzhen	114.5799 	22.4926 
27592	Shenzhen	114.5793 	22.4904 
27593	Shenzhen	114.5793 	22.4896 
27594	Shenzhen	114.5801 	22.4890 
27595	Shenzhen	114.5807 	22.4890 
27596	Shenzhen	114.5813 	22.4888 
27597	Shenzhen	114.5821 	22.4876 
27598	Shenzhen	114.5824 	22.4868 
27599	Shenzhen	114.5824 	22.4862 
27600	Shenzhen	114.5813 	22.4862 
27601	Shenzhen	114.5807 	22.4862 
27602	Shenzhen	114.5779 	22.4868 
27603	Shenzhen	114.5768 	22.4862 
27604	Shenzhen	114.5749 	22.4862 
27605	Shenzhen	114.5729 	22.4865 
27606	Shenzhen	114.5726 	22.4865 
27607	Shenzhen	114.5715 	22.4862 
27608	Shenzhen	114.5693 	22.4854 
27609	Shenzhen	114.5690 	22.4851 
27610	Shenzhen	114.5674 	22.4840 
27611	Shenzhen	114.5654 	22.4840 
27612	Shenzhen	114.5646 	22.4837 
27613	Shenzhen	114.5632 	22.4826 
27614	Shenzhen	114.5604 	22.4804 
27615	Shenzhen	114.5599 	22.4796 
27616	Shenzhen	114.5593 	22.4782 
27617	Shenzhen	114.5590 	22.4776 
27618	Shenzhen	114.5587 	22.4771 
27619	Shenzhen	114.5579 	22.4771 
27620	Shenzhen	114.5574 	22.4774 
27621	Shenzhen	114.5574 	22.4779 
27622	Shenzhen	114.5571 	22.4782 
27623	Shenzhen	114.5568 	22.4785 
27624	Shenzhen	114.5554 	22.4785 
27625	Shenzhen	114.5532 	22.4787 
27626	Shenzhen	114.5526 	22.4790 
27627	Shenzhen	114.5515 	22.4804 
27628	Shenzhen	114.5507 	22.4815 
27629	Shenzhen	114.5471 	22.4843 
27630	Shenzhen	114.5449 	22.4846 
27631	Shenzhen	114.5443 	22.4846 
27632	Shenzhen	114.5440 	22.4846 
27633	Shenzhen	114.5426 	22.4846 
27634	Shenzhen	114.5418 	22.4843 
27635	Shenzhen	114.5401 	22.4832 
27636	Shenzhen	114.5368 	22.4815 
27637	Shenzhen	114.5343 	22.4799 
27638	Shenzhen	114.5321 	22.4782 
27639	Shenzhen	114.5301 	22.4762 
27640	Shenzhen	114.5287 	22.4746 
27641	Shenzhen	114.5268 	22.4729 
27642	Shenzhen	114.5265 	22.4726 
27643	Shenzhen	114.5263 	22.4721 
27644	Shenzhen	114.5257 	22.4679 
27645	Shenzhen	114.5260 	22.4668 
27646	Shenzhen	114.5282 	22.4671 
27647	Shenzhen	114.5295 	22.4671 
27648	Shenzhen	114.5296 	22.4670 
27649	Shenzhen	114.5299 	22.4665 
27650	Shenzhen	114.5299 	22.4656 
27651	Shenzhen	114.5299 	22.4651 
27652	Shenzhen	114.5296 	22.4646 
27653	Shenzhen	114.5285 	22.4629 
27654	Shenzhen	114.5282 	22.4626 
27655	Shenzhen	114.5276 	22.4626 
27656	Shenzhen	114.5276 	22.4629 
27657	Shenzhen	114.5260 	22.4629 
27658	Shenzhen	114.5257 	22.4626 
27659	Shenzhen	114.5252 	22.4618 
27660	Shenzhen	114.5232 	22.4601 
27661	Shenzhen	114.5212 	22.4590 
27662	Shenzhen	114.5199 	22.4579 
27663	Shenzhen	114.5193 	22.4568 
27664	Shenzhen	114.5192 	22.4543 
27665	Shenzhen	114.5190 	22.4535 
27666	Shenzhen	114.5181 	22.4535 
27667	Shenzhen	114.5168 	22.4535 
27668	Shenzhen	114.5165 	22.4532 
27669	Shenzhen	114.5163 	22.4526 
27670	Shenzhen	114.5163 	22.4521 
27671	Shenzhen	114.5163 	22.4518 
27672	Shenzhen	114.5160 	22.4516 
27673	Shenzhen	114.5155 	22.4515 
27674	Shenzhen	114.5121 	22.4515 
27675	Shenzhen	114.5121 	22.4518 
27676	Shenzhen	114.5115 	22.4521 
27677	Shenzhen	114.5110 	22.4521 
27678	Shenzhen	114.5101 	22.4515 
27679	Shenzhen	114.5099 	22.4513 
27680	Shenzhen	114.5096 	22.4510 
27681	Shenzhen	114.5096 	22.4504 
27682	Shenzhen	114.5090 	22.4501 
27683	Shenzhen	114.5074 	22.4501 
27684	Shenzhen	114.5038 	22.4504 
27685	Shenzhen	114.5015 	22.4504 
27686	Shenzhen	114.5013 	22.4507 
27687	Shenzhen	114.5004 	22.4515 
27688	Shenzhen	114.4999 	22.4521 
27689	Shenzhen	114.4982 	22.4521 
27690	Shenzhen	114.4954 	22.4546 
27691	Shenzhen	114.4951 	22.4549 
27692	Shenzhen	114.4951 	22.4554 
27693	Shenzhen	114.4951 	22.4557 
27694	Shenzhen	114.4951 	22.4563 
27695	Shenzhen	114.4951 	22.4574 
27696	Shenzhen	114.4954 	22.4576 
27697	Shenzhen	114.4960 	22.4587 
27698	Shenzhen	114.4962 	22.4629 
27699	Shenzhen	114.4962 	22.4660 
27700	Shenzhen	114.4954 	22.4665 
27701	Shenzhen	114.4924 	22.4679 
27702	Shenzhen	114.4890 	22.4685 
27703	Shenzhen	114.4881 	22.4685 
27704	Shenzhen	114.4863 	22.4685 
27705	Shenzhen	114.4863 	22.4682 
27706	Shenzhen	114.4849 	22.4682 
27707	Shenzhen	114.4843 	22.4685 
27708	Shenzhen	114.4826 	22.4693 
27709	Shenzhen	114.4824 	22.4696 
27710	Shenzhen	114.4821 	22.4699 
27711	Shenzhen	114.4821 	22.4707 
27712	Shenzhen	114.4821 	22.4713 
27713	Shenzhen	114.4826 	22.4729 
27714	Shenzhen	114.4824 	22.4768 
27715	Shenzhen	114.4824 	22.4771 
27716	Shenzhen	114.4824 	22.4774 
27717	Shenzhen	114.4824 	22.4787 
27718	Shenzhen	114.4826 	22.4796 
27719	Shenzhen	114.4829 	22.4799 
27720	Shenzhen	114.4835 	22.4799 
27721	Shenzhen	114.4837 	22.4801 
27722	Shenzhen	114.4840 	22.4804 
27723	Shenzhen	114.4843 	22.4812 
27724	Shenzhen	114.4846 	22.4824 
27725	Shenzhen	114.4846 	22.4826 
27726	Shenzhen	114.4840 	22.4835 
27727	Shenzhen	114.4837 	22.4837 
27728	Shenzhen	114.4832 	22.4837 
27729	Shenzhen	114.4826 	22.4846 
27730	Shenzhen	114.4824 	22.4851 
27731	Shenzhen	114.4824 	22.4860 
27732	Shenzhen	114.4826 	22.4865 
27733	Shenzhen	114.4837 	22.4868 
27734	Shenzhen	114.4849 	22.4868 
27735	Shenzhen	114.4863 	22.4882 
27736	Shenzhen	114.4865 	22.4885 
27737	Shenzhen	114.4868 	22.4890 
27738	Shenzhen	114.4868 	22.4904 
27739	Shenzhen	114.4865 	22.4907 
27740	Shenzhen	114.4846 	22.4915 
27741	Shenzhen	114.4824 	22.4918 
27742	Shenzhen	114.4801 	22.4926 
27743	Shenzhen	114.4788 	22.4935 
27744	Shenzhen	114.4785 	22.4938 
27745	Shenzhen	114.4782 	22.4940 
27746	Shenzhen	114.4782 	22.4951 
27747	Shenzhen	114.4793 	22.4971 
27748	Shenzhen	114.4801 	22.4985 
27749	Shenzhen	114.4804 	22.5001 
27750	Shenzhen	114.4810 	22.5040 
27751	Shenzhen	114.4810 	22.5046 
27752	Shenzhen	114.4807 	22.5051 
27753	Shenzhen	114.4804 	22.5054 
27754	Shenzhen	114.4796 	22.5060 
27755	Shenzhen	114.4789 	22.5060 
27756	Shenzhen	114.4785 	22.5060 
27757	Shenzhen	114.4779 	22.5062 
27758	Shenzhen	114.4762 	22.5079 
27759	Shenzhen	114.4760 	22.5082 
27760	Shenzhen	114.4760 	22.5099 
27761	Shenzhen	114.4763 	22.5110 
27762	Shenzhen	114.4760 	22.5118 
27763	Shenzhen	114.4757 	22.5129 
27764	Shenzhen	114.4754 	22.5140 
27765	Shenzhen	114.4754 	22.5143 
27766	Shenzhen	114.4760 	22.5146 
27767	Shenzhen	114.4765 	22.5146 
27768	Shenzhen	114.4765 	22.5143 
27769	Shenzhen	114.4779 	22.5143 
27770	Shenzhen	114.4782 	22.5143 
27771	Shenzhen	114.4788 	22.5143 
27772	Shenzhen	114.4793 	22.5146 
27773	Shenzhen	114.4799 	22.5149 
27774	Shenzhen	114.4801 	22.5151 
27775	Shenzhen	114.4818 	22.5174 
27776	Shenzhen	114.4818 	22.5182 
27777	Shenzhen	114.4818 	22.5187 
27778	Shenzhen	114.4818 	22.5196 
27779	Shenzhen	114.4815 	22.5196 
27780	Shenzhen	114.4815 	22.5212 
27781	Shenzhen	114.4815 	22.5221 
27782	Shenzhen	114.4818 	22.5224 
27783	Shenzhen	114.4821 	22.5226 
27784	Shenzhen	114.4835 	22.5232 
27785	Shenzhen	114.4849 	22.5235 
27786	Shenzhen	114.4854 	22.5240 
27787	Shenzhen	114.4857 	22.5246 
27788	Shenzhen	114.4860 	22.5263 
27789	Shenzhen	114.4854 	22.5299 
27790	Shenzhen	114.4851 	22.5304 
27791	Shenzhen	114.4849 	22.5307 
27792	Shenzhen	114.4846 	22.5307 
27793	Shenzhen	114.4843 	22.5312 
27794	Shenzhen	114.4843 	22.5318 
27795	Shenzhen	114.4846 	22.5326 
27796	Shenzhen	114.4851 	22.5351 
27797	Shenzhen	114.4843 	22.5360 
27798	Shenzhen	114.4840 	22.5363 
27799	Shenzhen	114.4835 	22.5374 
27800	Shenzhen	114.4832 	22.5379 
27801	Shenzhen	114.4832 	22.5385 
27802	Shenzhen	114.4829 	22.5390 
27803	Shenzhen	114.4821 	22.5393 
27804	Shenzhen	114.4804 	22.5393 
27805	Shenzhen	114.4796 	22.5396 
27806	Shenzhen	114.4779 	22.5413 
27807	Shenzhen	114.4779 	22.5429 
27808	Shenzhen	114.4783 	22.5429 
27809	Shenzhen	114.4790 	22.5429 
27810	Shenzhen	114.4793 	22.5432 
27811	Shenzhen	114.4796 	22.5440 
27812	Shenzhen	114.4793 	22.5446 
27813	Shenzhen	114.4788 	22.5451 
27814	Shenzhen	114.4785 	22.5454 
27815	Shenzhen	114.4779 	22.5465 
27816	Shenzhen	114.4771 	22.5482 
27817	Shenzhen	114.4771 	22.5488 
27818	Shenzhen	114.4768 	22.5490 
27819	Shenzhen	114.4762 	22.5493 
27820	Shenzhen	114.4746 	22.5499 
27821	Shenzhen	114.4734 	22.5499 
27822	Shenzhen	114.4721 	22.5499 
27823	Shenzhen	114.4715 	22.5496 
27824	Shenzhen	114.4715 	22.5490 
27825	Shenzhen	114.4713 	22.5488 
27826	Shenzhen	114.4699 	22.5488 
27827	Shenzhen	114.4685 	22.5493 
27828	Shenzhen	114.4679 	22.5515 
27829	Shenzhen	114.4657 	22.5551 
27830	Shenzhen	114.4654 	22.5554 
27831	Shenzhen	114.4651 	22.5557 
27832	Shenzhen	114.4640 	22.5557 
27833	Shenzhen	114.4624 	22.5574 
27834	Shenzhen	114.4618 	22.5587 
27835	Shenzhen	114.4618 	22.5601 
27836	Shenzhen	114.4619 	22.5601 
27837	Shenzhen	114.4621 	22.5601 
27838	Shenzhen	114.4621 	22.5610 
27839	Shenzhen	114.4621 	22.5615 
27840	Shenzhen	114.4618 	22.5624 
27841	Shenzhen	114.4615 	22.5632 
27842	Shenzhen	114.4610 	22.5640 
27843	Shenzhen	114.4601 	22.5643 
27844	Shenzhen	114.4593 	22.5649 
27845	Shenzhen	114.4593 	22.5690 
27846	Shenzhen	114.4587 	22.5699 
27847	Shenzhen	114.4585 	22.5701 
27848	Shenzhen	114.4556 	22.5701 
27849	Shenzhen	114.4554 	22.5701 
27850	Shenzhen	114.4526 	22.5707 
27851	Shenzhen	114.4496 	22.5710 
27852	Shenzhen	114.4443 	22.5710 
27853	Shenzhen	114.4407 	22.5710 
27854	Shenzhen	114.4407 	22.5707 
27855	Shenzhen	114.4399 	22.5704 
27856	Shenzhen	114.4385 	22.5701 
27857	Shenzhen	114.4379 	22.5701 
27858	Shenzhen	114.4379 	22.5713 
27859	Shenzhen	114.4382 	22.5718 
27860	Shenzhen	114.4385 	22.5724 
27861	Shenzhen	114.4385 	22.5738 
27862	Shenzhen	114.4376 	22.5751 
27863	Shenzhen	114.4368 	22.5757 
27864	Shenzhen	114.4340 	22.5774 
27865	Shenzhen	114.4340 	22.5788 
27866	Shenzhen	114.4346 	22.5788 
27867	Shenzhen	114.4368 	22.5799 
27868	Shenzhen	114.4371 	22.5804 
27869	Shenzhen	114.4371 	22.5813 
27870	Shenzhen	114.4368 	22.5832 
27871	Shenzhen	114.4362 	22.5851 
27872	Shenzhen	114.4354 	22.5868 
27873	Shenzhen	114.4346 	22.5885 
27874	Shenzhen	114.4340 	22.5885 
27875	Shenzhen	114.4329 	22.5896 
27876	Shenzhen	114.4326 	22.5901 
27877	Shenzhen	114.4326 	22.5910 
27878	Shenzhen	114.4324 	22.5915 
27879	Shenzhen	114.4310 	22.5938 
27880	Shenzhen	114.4304 	22.5946 
27881	Shenzhen	114.4299 	22.5951 
27882	Shenzhen	114.4296 	22.5954 
27883	Shenzhen	114.4290 	22.5960 
27884	Shenzhen	114.4285 	22.5968 
27885	Shenzhen	114.4282 	22.5974 
27886	Shenzhen	114.4274 	22.5993 
27887	Shenzhen	114.4268 	22.6013 
27888	Shenzhen	114.4265 	22.6018 
27889	Shenzhen	114.4260 	22.6021 
27890	Shenzhen	114.4254 	22.6024 
27891	Shenzhen	114.4210 	22.6043 
27892	Shenzhen	114.4190 	22.6046 
27893	Shenzhen	114.4160 	22.6046 
27894	Shenzhen	114.4143 	22.6043 
27895	Shenzhen	114.4140 	22.6043 
27896	Shenzhen	114.4135 	22.6046 
27897	Shenzhen	114.4132 	22.6049 
27898	Shenzhen	114.4132 	22.6068 
27899	Shenzhen	114.4132 	22.6071 
27900	Shenzhen	114.4132 	22.6074 
27901	Shenzhen	114.4115 	22.6096 
27902	Shenzhen	114.4112 	22.6099 
27903	Shenzhen	114.4093 	22.6115 
27904	Shenzhen	114.4085 	22.6118 
27905	Shenzhen	114.4079 	22.6118 
27906	Shenzhen	114.4076 	22.6115 
27907	Shenzhen	114.4076 	22.6112 
27908	Shenzhen	114.4071 	22.6107 
27909	Shenzhen	114.4060 	22.6107 
27910	Shenzhen	114.4032 	22.6101 
27911	Shenzhen	114.4029 	22.6099 
27912	Shenzhen	114.4024 	22.6096 
27913	Shenzhen	114.4018 	22.6096 
27914	Shenzhen	114.3999 	22.6099 
27915	Shenzhen	114.3993 	22.6101 
27916	Shenzhen	114.3990 	22.6104 
27917	Shenzhen	114.3988 	22.6110 
27918	Shenzhen	114.3988 	22.6121 
27919	Shenzhen	114.3985 	22.6126 
27920	Shenzhen	114.3962 	22.6138 
27921	Shenzhen	114.3954 	22.6138 
27922	Shenzhen	114.3954 	22.6135 
27923	Shenzhen	114.3929 	22.6135 
27924	Shenzhen	114.3904 	22.6138 
27925	Shenzhen	114.3885 	22.6143 
27926	Shenzhen	114.3876 	22.6143 
27927	Shenzhen	114.3887 	22.6118 
27928	Shenzhen	114.3901 	22.6085 
27929	Shenzhen	114.3901 	22.6079 
27930	Shenzhen	114.3893 	22.6079 
27931	Shenzhen	114.3890 	22.6082 
27932	Shenzhen	114.3885 	22.6093 
27933	Shenzhen	114.3882 	22.6101 
27934	Shenzhen	114.3879 	22.6110 
27935	Shenzhen	114.3879 	22.6118 
27936	Shenzhen	114.3871 	22.6140 
27937	Shenzhen	114.3868 	22.6146 
27938	Shenzhen	114.3849 	22.6146 
27939	Shenzhen	114.3846 	22.6140 
27940	Shenzhen	114.3840 	22.6129 
27941	Shenzhen	114.3840 	22.6124 
27942	Shenzhen	114.3846 	22.6112 
27943	Shenzhen	114.3849 	22.6110 
27944	Shenzhen	114.3851 	22.6110 
27945	Shenzhen	114.3854 	22.6107 
27946	Shenzhen	114.3857 	22.6101 
27947	Shenzhen	114.3857 	22.6096 
27948	Shenzhen	114.3851 	22.6093 
27949	Shenzhen	114.3849 	22.6093 
27950	Shenzhen	114.3835 	22.6112 
27951	Shenzhen	114.3829 	22.6124 
27952	Shenzhen	114.3829 	22.6129 
27953	Shenzhen	114.3804 	22.6129 
27954	Shenzhen	114.3799 	22.6126 
27955	Shenzhen	114.3796 	22.6121 
27956	Shenzhen	114.3796 	22.6112 
27957	Shenzhen	114.3799 	22.6101 
27958	Shenzhen	114.3807 	22.6076 
27959	Shenzhen	114.3810 	22.6076 
27960	Shenzhen	114.3810 	22.6068 
27961	Shenzhen	114.3807 	22.6063 
27962	Shenzhen	114.3801 	22.6063 
27963	Shenzhen	114.3790 	22.6076 
27964	Shenzhen	114.3788 	22.6085 
27965	Shenzhen	114.3785 	22.6096 
27966	Shenzhen	114.3785 	22.6110 
27967	Shenzhen	114.3782 	22.6115 
27968	Shenzhen	114.3776 	22.6124 
27969	Shenzhen	114.3751 	22.6126 
27970	Shenzhen	114.3735 	22.6118 
27971	Shenzhen	114.3699 	22.6101 
27972	Shenzhen	114.3685 	22.6101 
27973	Shenzhen	114.3676 	22.6096 
27974	Shenzhen	114.3674 	22.6093 
27975	Shenzhen	114.3674 	22.6087 
27976	Shenzhen	114.3660 	22.6074 
27977	Shenzhen	114.3657 	22.6071 
27978	Shenzhen	114.3651 	22.6068 
27979	Shenzhen	114.3649 	22.6068 
27980	Shenzhen	114.3646 	22.6071 
27981	Shenzhen	114.3632 	22.6085 
27982	Shenzhen	114.3593 	22.6110 
27983	Shenzhen	114.3585 	22.6110 
27984	Shenzhen	114.3562 	22.6096 
27985	Shenzhen	114.3562 	22.6082 
27986	Shenzhen	114.3565 	22.6082 
27987	Shenzhen	114.3568 	22.6079 
27988	Shenzhen	114.3568 	22.6068 
27989	Shenzhen	114.3560 	22.6029 
27990	Shenzhen	114.3551 	22.6024 
27991	Shenzhen	114.3543 	22.6021 
27992	Shenzhen	114.3501 	22.6021 
27993	Shenzhen	114.3501 	22.6018 
27994	Shenzhen	114.3487 	22.6010 
27995	Shenzhen	114.3479 	22.6007 
27996	Shenzhen	114.3468 	22.6007 
27997	Shenzhen	114.3463 	22.6004 
27998	Shenzhen	114.3460 	22.6001 
27999	Shenzhen	114.3451 	22.5993 
28000	Shenzhen	114.3421 	22.5974 
28001	Shenzhen	114.3415 	22.5971 
28002	Shenzhen	114.3410 	22.5968 
28003	Shenzhen	114.3396 	22.5968 
28004	Shenzhen	114.3390 	22.5965 
28005	Shenzhen	114.3382 	22.5954 
28006	Shenzhen	114.3382 	22.5949 
28007	Shenzhen	114.3382 	22.5943 
28008	Shenzhen	114.3379 	22.5940 
28009	Shenzhen	114.3374 	22.5938 
28010	Shenzhen	114.3363 	22.5935 
28011	Shenzhen	114.3360 	22.5935 
28012	Shenzhen	114.3357 	22.5938 
28013	Shenzhen	114.3357 	22.5949 
28014	Shenzhen	114.3360 	22.5949 
28015	Shenzhen	114.3363 	22.5951 
28016	Shenzhen	114.3363 	22.5963 
28017	Shenzhen	114.3357 	22.5990 
28018	Shenzhen	114.3351 	22.5999 
28019	Shenzhen	114.3349 	22.6001 
28020	Shenzhen	114.3346 	22.6004 
28021	Shenzhen	114.3335 	22.6015 
28022	Shenzhen	114.3321 	22.6024 
28023	Shenzhen	114.3304 	22.6032 
28024	Shenzhen	114.3293 	22.6038 
28025	Shenzhen	114.3285 	22.6040 
28026	Shenzhen	114.3271 	22.6043 
28027	Shenzhen	114.3235 	22.6035 
28028	Shenzhen	114.3224 	22.6029 
28029	Shenzhen	114.3218 	22.6026 
28030	Shenzhen	114.3213 	22.6018 
28031	Shenzhen	114.3213 	22.6007 
28032	Shenzhen	114.3215 	22.6004 
28033	Shenzhen	114.3221 	22.6001 
28034	Shenzhen	114.3226 	22.5999 
28035	Shenzhen	114.3229 	22.5996 
28036	Shenzhen	114.3232 	22.5988 
28037	Shenzhen	114.3232 	22.5982 
28038	Shenzhen	114.3190 	22.5971 
28039	Shenzhen	114.3179 	22.5971 
28040	Shenzhen	114.3168 	22.5974 
28041	Shenzhen	114.3168 	22.5979 
28042	Shenzhen	114.3162 	22.5988 
28043	Shenzhen	114.3138 	22.6007 
28044	Shenzhen	114.3129 	22.6010 
28045	Shenzhen	114.3118 	22.6010 
28046	Shenzhen	114.3107 	22.6004 
28047	Shenzhen	114.3079 	22.5988 
28048	Shenzhen	114.3071 	22.5982 
28049	Shenzhen	114.3043 	22.5957 
28050	Shenzhen	114.3040 	22.5951 
28051	Shenzhen	114.3040 	22.5943 
28052	Shenzhen	114.3035 	22.5940 
28053	Shenzhen	114.3018 	22.5932 
28054	Shenzhen	114.3004 	22.5921 
28055	Shenzhen	114.2999 	22.5915 
28056	Shenzhen	114.2999 	22.5893 
28057	Shenzhen	114.3001 	22.5888 
28058	Shenzhen	114.3004 	22.5885 
28059	Shenzhen	114.3010 	22.5879 
28060	Shenzhen	114.3015 	22.5879 
28061	Shenzhen	114.3024 	22.5871 
28062	Shenzhen	114.3024 	22.5837 
28063	Shenzhen	114.3015 	22.5832 
28064	Shenzhen	114.3001 	22.5832 
28065	Shenzhen	114.2996 	22.5835 
28066	Shenzhen	114.2985 	22.5840 
28067	Shenzhen	114.2976 	22.5846 
28068	Shenzhen	114.2976 	22.5849 
28069	Shenzhen	114.2971 	22.5849 
28070	Shenzhen	114.2968 	22.5849 
28071	Shenzhen	114.2960 	22.5849 
28072	Shenzhen	114.2937 	22.5849 
28073	Shenzhen	114.2921 	22.5843 
28074	Shenzhen	114.2921 	22.5832 
28075	Shenzhen	114.2915 	22.5818 
28076	Shenzhen	114.2901 	22.5818 
28077	Shenzhen	114.2901 	22.5824 
28078	Shenzhen	114.2904 	22.5826 
28079	Shenzhen	114.2910 	22.5826 
28080	Shenzhen	114.2913 	22.5835 
28081	Shenzhen	114.2913 	22.5840 
28082	Shenzhen	114.2910 	22.5846 
28083	Shenzhen	114.2907 	22.5849 
28084	Shenzhen	114.2896 	22.5854 
28085	Shenzhen	114.2871 	22.5860 
28086	Shenzhen	114.2860 	22.5860 
28087	Shenzhen	114.2854 	22.5854 
28088	Shenzhen	114.2854 	22.5846 
28089	Shenzhen	114.2857 	22.5840 
28090	Shenzhen	114.2862 	22.5835 
28091	Shenzhen	114.2871 	22.5835 
28092	Shenzhen	114.2879 	22.5826 
28093	Shenzhen	114.2879 	22.5821 
28094	Shenzhen	114.2874 	22.5818 
28095	Shenzhen	114.2866 	22.5818 
28096	Shenzhen	114.2860 	22.5818 
28097	Shenzhen	114.2835 	22.5826 
28098	Shenzhen	114.2832 	22.5829 
28099	Shenzhen	114.2832 	22.5832 
28100	Shenzhen	114.2835 	22.5843 
28101	Shenzhen	114.2840 	22.5865 
28102	Shenzhen	114.2843 	22.5871 
28103	Shenzhen	114.2846 	22.5871 
28104	Shenzhen	114.2846 	22.5879 
28105	Shenzhen	114.2846 	22.5885 
28106	Shenzhen	114.2826 	22.5885 
28107	Shenzhen	114.2818 	22.5882 
28108	Shenzhen	114.2815 	22.5879 
28109	Shenzhen	114.2813 	22.5876 
28110	Shenzhen	114.2813 	22.5874 
28111	Shenzhen	114.2810 	22.5871 
28112	Shenzhen	114.2807 	22.5868 
28113	Shenzhen	114.2799 	22.5868 
28114	Shenzhen	114.2796 	22.5871 
28115	Shenzhen	114.2793 	22.5876 
28116	Shenzhen	114.2790 	22.5882 
28117	Shenzhen	114.2790 	22.5886 
28118	Shenzhen	114.2790 	22.5888 
28119	Shenzhen	114.2768 	22.5890 
28120	Shenzhen	114.2763 	22.5890 
28121	Shenzhen	114.2751 	22.5890 
28122	Shenzhen	114.2729 	22.5871 
28123	Shenzhen	114.2726 	22.5868 
28124	Shenzhen	114.2726 	22.5862 
28125	Shenzhen	114.2724 	22.5860 
28126	Shenzhen	114.2721 	22.5857 
28127	Shenzhen	114.2718 	22.5854 
28128	Shenzhen	114.2712 	22.5851 
28129	Shenzhen	114.2707 	22.5851 
28130	Shenzhen	114.2704 	22.5851 
28131	Shenzhen	114.2696 	22.5851 
28132	Shenzhen	114.2685 	22.5840 
28133	Shenzhen	114.2682 	22.5837 
28134	Shenzhen	114.2679 	22.5832 
28135	Shenzhen	114.2679 	22.5818 
28136	Shenzhen	114.2682 	22.5812 
28137	Shenzhen	114.2696 	22.5796 
28138	Shenzhen	114.2699 	22.5793 
28139	Shenzhen	114.2707 	22.5793 
28140	Shenzhen	114.2710 	22.5793 
28141	Shenzhen	114.2718 	22.5793 
28142	Shenzhen	114.2721 	22.5793 
28143	Shenzhen	114.2732 	22.5793 
28144	Shenzhen	114.2738 	22.5790 
28145	Shenzhen	114.2749 	22.5776 
28146	Shenzhen	114.2754 	22.5768 
28147	Shenzhen	114.2779 	22.5743 
28148	Shenzhen	114.2796 	22.5743 
28149	Shenzhen	114.2807 	22.5740 
28150	Shenzhen	114.2813 	22.5738 
28151	Shenzhen	114.2815 	22.5735 
28152	Shenzhen	114.2815 	22.5721 
28153	Shenzhen	114.2813 	22.5721 
28154	Shenzhen	114.2810 	22.5715 
28155	Shenzhen	114.2807 	22.5701 
28156	Shenzhen	114.2807 	22.5688 
28157	Shenzhen	114.2804 	22.5679 
28158	Shenzhen	114.2790 	22.5668 
28159	Shenzhen	114.2785 	22.5665 
28160	Shenzhen	114.2760 	22.5668 
28161	Shenzhen	114.2751 	22.5674 
28162	Shenzhen	114.2743 	22.5679 
28163	Shenzhen	114.2738 	22.5685 
28164	Shenzhen	114.2738 	22.5690 
28165	Shenzhen	114.2735 	22.5696 
28166	Shenzhen	114.2732 	22.5701 
28167	Shenzhen	114.2729 	22.5704 
28168	Shenzhen	114.2718 	22.5715 
28169	Shenzhen	114.2685 	22.5743 
28170	Shenzhen	114.2674 	22.5751 
28171	Shenzhen	114.2668 	22.5754 
28172	Shenzhen	114.2657 	22.5754 
28173	Shenzhen	114.2629 	22.5738 
28174	Shenzhen	114.2621 	22.5732 
28175	Shenzhen	114.2618 	22.5726 
28176	Shenzhen	114.2618 	22.5721 
28177	Shenzhen	114.2615 	22.5715 
28178	Shenzhen	114.2613 	22.5713 
28179	Shenzhen	114.2599 	22.5710 
28180	Shenzhen	114.2585 	22.5704 
28181	Shenzhen	114.2579 	22.5701 
28182	Shenzhen	114.2576 	22.5699 
28183	Shenzhen	114.2574 	22.5696 
28184	Shenzhen	114.2574 	22.5690 
28185	Shenzhen	114.2560 	22.5674 
28186	Shenzhen	114.2554 	22.5668 
28187	Shenzhen	114.2551 	22.5665 
28188	Shenzhen	114.2549 	22.5662 
28189	Shenzhen	114.2543 	22.5662 
28190	Shenzhen	114.2540 	22.5662 
28191	Shenzhen	114.2535 	22.5662 
28192	Shenzhen	114.2524 	22.5671 
28193	Shenzhen	114.2510 	22.5682 
28194	Shenzhen	114.2507 	22.5685 
28195	Shenzhen	114.2507 	22.5688 
28196	Shenzhen	114.2504 	22.5690 
28197	Shenzhen	114.2499 	22.5693 
28198	Shenzhen	114.2485 	22.5693 
28199	Shenzhen	114.2482 	22.5682 
28200	Shenzhen	114.2482 	22.5674 
28201	Shenzhen	114.2485 	22.5674 
28202	Shenzhen	114.2490 	22.5668 
28203	Shenzhen	114.2499 	22.5660 
28204	Shenzhen	114.2501 	22.5654 
28205	Shenzhen	114.2507 	22.5637 
28206	Shenzhen	114.2507 	22.5635 
28207	Shenzhen	114.2493 	22.5618 
28208	Shenzhen	114.2485 	22.5618 
28209	Shenzhen	114.2485 	22.5624 
28210	Shenzhen	114.2476 	22.5629 
28211	Shenzhen	114.2465 	22.5635 
28212	Shenzhen	114.2451 	22.5635 
28213	Shenzhen	114.2449 	22.5635 
28214	Shenzhen	114.2443 	22.5635 
28215	Shenzhen	114.2435 	22.5629 
28216	Shenzhen	114.2432 	22.5626 
28217	Shenzhen	114.2429 	22.5624 
28218	Shenzhen	114.2429 	22.5610 
28219	Shenzhen	114.2426 	22.5604 
28220	Shenzhen	114.2424 	22.5601 
28221	Shenzhen	114.2421 	22.5599 
28222	Shenzhen	114.2407 	22.5593 
28223	Shenzhen	114.2399 	22.5585 
28224	Shenzhen	114.2385 	22.5568 
28225	Shenzhen	114.2360 	22.5537 
28226	Shenzhen	114.2351 	22.5526 
28227	Shenzhen	114.2332 	22.5501 
28228	Shenzhen	114.2318 	22.5488 
28229	Shenzhen	114.2315 	22.5485 
28230	Shenzhen	114.2310 	22.5476 
28231	Shenzhen	114.2304 	22.5457 
28232	Shenzhen	114.2301 	22.5446 
28233	Shenzhen	114.2296 	22.5443 
28234	Shenzhen	114.2271 	22.5435 
28235	Shenzhen	114.2268 	22.5435 
28236	Shenzhen	114.2268 	22.5453 
28237	Shenzhen	114.2284 	22.5476 
28238	Shenzhen	114.2285 	22.5478 
28239	Shenzhen	114.2251 	22.5511 
28240	Shenzhen	114.2230 	22.5516 
28241	Shenzhen	114.2212 	22.5528 
28242	Shenzhen	114.2201 	22.5536 
28243	Shenzhen	114.2176 	22.5554 
28244	Shenzhen	114.2158 	22.5554 
28245	Shenzhen	114.2146 	22.5554 
28246	Shenzhen	114.2128 	22.5557 
28247	Shenzhen	114.2095 	22.5562 
28248	Shenzhen	114.2083 	22.5566 
28249	Shenzhen	114.2079 	22.5567 
28250	Shenzhen	114.2062 	22.5570 
28251	Shenzhen	114.2055 	22.5566 
28252	Shenzhen	114.2049 	22.5562 
28253	Shenzhen	114.2037 	22.5566 
28254	Shenzhen	114.2036 	22.5567 
28255	Shenzhen	114.2020 	22.5579 
28256	Shenzhen	114.2009 	22.5575 
28257	Shenzhen	114.2007 	22.5575 
28258	Shenzhen	114.1954 	22.5561 
28259	Shenzhen	114.1906 	22.5554 
28260	Shenzhen	114.1864 	22.5562 
28261	Shenzhen	114.1861 	22.5562 
28262	Shenzhen	114.1861 	22.5562 
28263	Shenzhen	113.8332 	22.5501 
28264	Shenzhen	113.8332 	22.5499 
28265	Shenzhen	113.8351 	22.5488 
28266	Shenzhen	113.8363 	22.5488 
28267	Shenzhen	113.8363 	22.5490 
28268	Shenzhen	113.8371 	22.5493 
28269	Shenzhen	113.8390 	22.5493 
28270	Shenzhen	113.8399 	22.5488 
28271	Shenzhen	113.8399 	22.5485 
28272	Shenzhen	113.8396 	22.5482 
28273	Shenzhen	113.8374 	22.5465 
28274	Shenzhen	113.8368 	22.5462 
28275	Shenzhen	113.8365 	22.5462 
28276	Shenzhen	113.8360 	22.5462 
28277	Shenzhen	113.8354 	22.5460 
28278	Shenzhen	113.8346 	22.5454 
28279	Shenzhen	113.8340 	22.5446 
28280	Shenzhen	113.8340 	22.5440 
28281	Shenzhen	113.8337 	22.5440 
28282	Shenzhen	113.8335 	22.5443 
28283	Shenzhen	113.8332 	22.5449 
28284	Shenzhen	113.8326 	22.5471 
28285	Shenzhen	113.8326 	22.5485 
28286	Shenzhen	113.8329 	22.5501 
28287	Shenzhen	113.8332 	22.5501 
28288	Shenzhen	113.8332 	22.5501 
28289	Shenzhen	114.5362 	22.4671 
28290	Shenzhen	114.5374 	22.4663 
28291	Shenzhen	114.5376 	22.4660 
28292	Shenzhen	114.5376 	22.4657 
28293	Shenzhen	114.5374 	22.4651 
28294	Shenzhen	114.5354 	22.4651 
28295	Shenzhen	114.5346 	22.4654 
28296	Shenzhen	114.5343 	22.4657 
28297	Shenzhen	114.5340 	22.4663 
28298	Shenzhen	114.5340 	22.4671 
28299	Shenzhen	114.5362 	22.4671 
28300	Shenzhen	114.5362 	22.4671 
28301	Shenzhen	114.6118 	22.4704 
28302	Shenzhen	114.6126 	22.4701 
28303	Shenzhen	114.6135 	22.4696 
28304	Shenzhen	114.6137 	22.4693 
28305	Shenzhen	114.6137 	22.4688 
28306	Shenzhen	114.6132 	22.4685 
28307	Shenzhen	114.6126 	22.4682 
28308	Shenzhen	114.6110 	22.4682 
28309	Shenzhen	114.6107 	22.4685 
28310	Shenzhen	114.6107 	22.4690 
28311	Shenzhen	114.6107 	22.4699 
28312	Shenzhen	114.6110 	22.4701 
28313	Shenzhen	114.6115 	22.4704 
28314	Shenzhen	114.6118 	22.4704 
28315	Shenzhen	114.6118 	22.4704 
28316	Shenzhen	114.6312 	22.4749 
28317	Shenzhen	114.6318 	22.4746 
28318	Shenzhen	114.6329 	22.4735 
28319	Shenzhen	114.6332 	22.4732 
28320	Shenzhen	114.6335 	22.4726 
28321	Shenzhen	114.6346 	22.4707 
28322	Shenzhen	114.6349 	22.4707 
28323	Shenzhen	114.6351 	22.4707 
28324	Shenzhen	114.6354 	22.4707 
28325	Shenzhen	114.6357 	22.4704 
28326	Shenzhen	114.6363 	22.4699 
28327	Shenzhen	114.6365 	22.4696 
28328	Shenzhen	114.6379 	22.4679 
28329	Shenzhen	114.6379 	22.4668 
28330	Shenzhen	114.6376 	22.4660 
28331	Shenzhen	114.6374 	22.4660 
28332	Shenzhen	114.6374 	22.4649 
28333	Shenzhen	114.6379 	22.4649 
28334	Shenzhen	114.6390 	22.4651 
28335	Shenzhen	114.6396 	22.4657 
28336	Shenzhen	114.6396 	22.4663 
28337	Shenzhen	114.6390 	22.4682 
28338	Shenzhen	114.6387 	22.4696 
28339	Shenzhen	114.6401 	22.4690 
28340	Shenzhen	114.6404 	22.4676 
28341	Shenzhen	114.6404 	22.4674 
28342	Shenzhen	114.6407 	22.4671 
28343	Shenzhen	114.6418 	22.4668 
28344	Shenzhen	114.6449 	22.4682 
28345	Shenzhen	114.6457 	22.4688 
28346	Shenzhen	114.6462 	22.4693 
28347	Shenzhen	114.6468 	22.4696 
28348	Shenzhen	114.6499 	22.4699 
28349	Shenzhen	114.6510 	22.4696 
28350	Shenzhen	114.6518 	22.4685 
28351	Shenzhen	114.6524 	22.4665 
28352	Shenzhen	114.6524 	22.4654 
28353	Shenzhen	114.6518 	22.4649 
28354	Shenzhen	114.6490 	22.4626 
28355	Shenzhen	114.6462 	22.4613 
28356	Shenzhen	114.6460 	22.4610 
28357	Shenzhen	114.6460 	22.4604 
28358	Shenzhen	114.6460 	22.4599 
28359	Shenzhen	114.6465 	22.4596 
28360	Shenzhen	114.6471 	22.4593 
28361	Shenzhen	114.6474 	22.4590 
28362	Shenzhen	114.6476 	22.4587 
28363	Shenzhen	114.6476 	22.4576 
28364	Shenzhen	114.6474 	22.4571 
28365	Shenzhen	114.6468 	22.4571 
28366	Shenzhen	114.6421 	22.4574 
28367	Shenzhen	114.6413 	22.4576 
28368	Shenzhen	114.6413 	22.4579 
28369	Shenzhen	114.6410 	22.4582 
28370	Shenzhen	114.6399 	22.4582 
28371	Shenzhen	114.6379 	22.4576 
28372	Shenzhen	114.6374 	22.4574 
28373	Shenzhen	114.6374 	22.4571 
28374	Shenzhen	114.6371 	22.4568 
28375	Shenzhen	114.6354 	22.4568 
28376	Shenzhen	114.6349 	22.4571 
28377	Shenzhen	114.6349 	22.4574 
28378	Shenzhen	114.6329 	22.4574 
28379	Shenzhen	114.6324 	22.4565 
28380	Shenzhen	114.6324 	22.4560 
28381	Shenzhen	114.6321 	22.4554 
28382	Shenzhen	114.6318 	22.4551 
28383	Shenzhen	114.6310 	22.4543 
28384	Shenzhen	114.6279 	22.4521 
28385	Shenzhen	114.6274 	22.4521 
28386	Shenzhen	114.6254 	22.4521 
28387	Shenzhen	114.6251 	22.4518 
28388	Shenzhen	114.6251 	22.4513 
28389	Shenzhen	114.6245 	22.4513 
28390	Shenzhen	114.6243 	22.4513 
28391	Shenzhen	114.6240 	22.4515 
28392	Shenzhen	114.6207 	22.4560 
28393	Shenzhen	114.6204 	22.4565 
28394	Shenzhen	114.6204 	22.4576 
28395	Shenzhen	114.6204 	22.4582 
28396	Shenzhen	114.6204 	22.4596 
28397	Shenzhen	114.6204 	22.4613 
28398	Shenzhen	114.6201 	22.4615 
28399	Shenzhen	114.6193 	22.4624 
28400	Shenzhen	114.6182 	22.4624 
28401	Shenzhen	114.6182 	22.4618 
28402	Shenzhen	114.6176 	22.4618 
28403	Shenzhen	114.6174 	22.4618 
28404	Shenzhen	114.6165 	22.4621 
28405	Shenzhen	114.6165 	22.4629 
28406	Shenzhen	114.6176 	22.4646 
28407	Shenzhen	114.6165 	22.4657 
28408	Shenzhen	114.6162 	22.4662 
28409	Shenzhen	114.6160 	22.4682 
28410	Shenzhen	114.6165 	22.4690 
28411	Shenzhen	114.6174 	22.4699 
28412	Shenzhen	114.6185 	22.4704 
28413	Shenzhen	114.6199 	22.4704 
28414	Shenzhen	114.6210 	22.4710 
28415	Shenzhen	114.6212 	22.4713 
28416	Shenzhen	114.6212 	22.4715 
28417	Shenzhen	114.6215 	22.4718 
28418	Shenzhen	114.6246 	22.4718 
28419	Shenzhen	114.6251 	22.4715 
28420	Shenzhen	114.6254 	22.4713 
28421	Shenzhen	114.6254 	22.4710 
28422	Shenzhen	114.6257 	22.4707 
28423	Shenzhen	114.6260 	22.4704 
28424	Shenzhen	114.6271 	22.4704 
28425	Shenzhen	114.6276 	22.4710 
28426	Shenzhen	114.6282 	22.4715 
28427	Shenzhen	114.6285 	22.4718 
28428	Shenzhen	114.6285 	22.4724 
28429	Shenzhen	114.6290 	22.4732 
28430	Shenzhen	114.6299 	22.4743 
28431	Shenzhen	114.6301 	22.4746 
28432	Shenzhen	114.6310 	22.4751 
28433	Shenzhen	114.6314 	22.4751 
28434	Shenzhen	114.6315 	22.4751 
28435	Shenzhen	114.6315 	22.4749 
28436	Shenzhen	114.6312 	22.4749 
28437	Shenzhen	114.6312 	22.4749 
28438	Shenzhen	114.6582 	22.5774 
28439	Shenzhen	114.6588 	22.5768 
28440	Shenzhen	114.6590 	22.5760 
28441	Shenzhen	114.6590 	22.5740 
28442	Shenzhen	114.6590 	22.5729 
28443	Shenzhen	114.6588 	22.5715 
28444	Shenzhen	114.6585 	22.5713 
28445	Shenzhen	114.6576 	22.5707 
28446	Shenzhen	114.6563 	22.5707 
28447	Shenzhen	114.6560 	22.5710 
28448	Shenzhen	114.6554 	22.5718 
28449	Shenzhen	114.6551 	22.5724 
28450	Shenzhen	114.6549 	22.5729 
28451	Shenzhen	114.6549 	22.5740 
28452	Shenzhen	114.6549 	22.5743 
28453	Shenzhen	114.6549 	22.5751 
28454	Shenzhen	114.6551 	22.5754 
28455	Shenzhen	114.6574 	22.5774 
28456	Shenzhen	114.6582 	22.5774 
28457	Shenzhen	114.6582 	22.5774 
28458	Shenzhen	114.6296 	22.6338 
28459	Shenzhen	114.6304 	22.6318 
28460	Shenzhen	114.6304 	22.6307 
28461	Shenzhen	114.6288 	22.6307 
28462	Shenzhen	114.6285 	22.6310 
28463	Shenzhen	114.6282 	22.6329 
28464	Shenzhen	114.6282 	22.6332 
28465	Shenzhen	114.6282 	22.6338 
28466	Shenzhen	114.6296 	22.6338 
28467	Shenzhen	114.6296 	22.6338 
28468	Shenzhen	114.6321 	22.6163 
28469	Shenzhen	114.6329 	22.6160 
28470	Shenzhen	114.6335 	22.6157 
28471	Shenzhen	114.6343 	22.6151 
28472	Shenzhen	114.6346 	22.6149 
28473	Shenzhen	114.6346 	22.6143 
28474	Shenzhen	114.6340 	22.6140 
28475	Shenzhen	114.6324 	22.6140 
28476	Shenzhen	114.6315 	22.6138 
28477	Shenzhen	114.6301 	22.6129 
28478	Shenzhen	114.6301 	22.6126 
28479	Shenzhen	114.6290 	22.6121 
28480	Shenzhen	114.6268 	22.6121 
28481	Shenzhen	114.6265 	22.6124 
28482	Shenzhen	114.6260 	22.6129 
28483	Shenzhen	114.6257 	22.6138 
28484	Shenzhen	114.6257 	22.6143 
28485	Shenzhen	114.6263 	22.6151 
28486	Shenzhen	114.6265 	22.6154 
28487	Shenzhen	114.6271 	22.6160 
28488	Shenzhen	114.6276 	22.6160 
28489	Shenzhen	114.6276 	22.6157 
28490	Shenzhen	114.6282 	22.6154 
28491	Shenzhen	114.6290 	22.6154 
28492	Shenzhen	114.6310 	22.6157 
28493	Shenzhen	114.6321 	22.6163 
28494	Shenzhen	114.6321 	22.6163 
28495	Shenzhen	114.6390 	22.6235 
28496	Shenzhen	114.6396 	22.6224 
28497	Shenzhen	114.6396 	22.6218 
28498	Shenzhen	114.6382 	22.6213 
28499	Shenzhen	114.6376 	22.6213 
28500	Shenzhen	114.6374 	22.6218 
28501	Shenzhen	114.6374 	22.6229 
28502	Shenzhen	114.6379 	22.6235 
28503	Shenzhen	114.6390 	22.6235 
28504	Shenzhen	114.6390 	22.6235 
28505	Shenzhen	114.6415 	22.6268 
28506	Shenzhen	114.6421 	22.6262 
28507	Shenzhen	114.6424 	22.6257 
28508	Shenzhen	114.6424 	22.6243 
28509	Shenzhen	114.6421 	22.6238 
28510	Shenzhen	114.6415 	22.6238 
28511	Shenzhen	114.6407 	22.6246 
28512	Shenzhen	114.6404 	22.6251 
28513	Shenzhen	114.6404 	22.6257 
28514	Shenzhen	114.6407 	22.6265 
28515	Shenzhen	114.6410 	22.6268 
28516	Shenzhen	114.6415 	22.6268 
28517	Shenzhen	114.6415 	22.6268 
28518	Shenzhen	114.6424 	22.6293 
28519	Shenzhen	114.6426 	22.6290 
28520	Shenzhen	114.6432 	22.6276 
28521	Shenzhen	114.6432 	22.6265 
28522	Shenzhen	114.6424 	22.6265 
28523	Shenzhen	114.6415 	22.6271 
28524	Shenzhen	114.6415 	22.6279 
28525	Shenzhen	114.6415 	22.6282 
28526	Shenzhen	114.6415 	22.6290 
28527	Shenzhen	114.6418 	22.6293 
28528	Shenzhen	114.6424 	22.6293 
28529	Shenzhen	114.6424 	22.6293 
28530	Shenzhen	114.6465 	22.5940 
28531	Shenzhen	114.6471 	22.5935 
28532	Shenzhen	114.6474 	22.5926 
28533	Shenzhen	114.6474 	22.5921 
28534	Shenzhen	114.6471 	22.5918 
28535	Shenzhen	114.6451 	22.5904 
28536	Shenzhen	114.6443 	22.5904 
28537	Shenzhen	114.6438 	22.5907 
28538	Shenzhen	114.6435 	22.5910 
28539	Shenzhen	114.6432 	22.5912 
28540	Shenzhen	114.6432 	22.5929 
28541	Shenzhen	114.6435 	22.5932 
28542	Shenzhen	114.6438 	22.5935 
28543	Shenzhen	114.6460 	22.5940 
28544	Shenzhen	114.6465 	22.5940 
28545	Shenzhen	114.6465 	22.5940 
28546	Shenzhen	114.6413 	22.5715 
28547	Shenzhen	114.6413 	22.5710 
28548	Shenzhen	114.6393 	22.5699 
28549	Shenzhen	114.6388 	22.5699 
28550	Shenzhen	114.6379 	22.5704 
28551	Shenzhen	114.6376 	22.5715 
28552	Shenzhen	114.6376 	22.5726 
28553	Shenzhen	114.6410 	22.5726 
28554	Shenzhen	114.6418 	22.5726 
28555	Shenzhen	114.6418 	22.5721 
28556	Shenzhen	114.6415 	22.5715 
28557	Shenzhen	114.6413 	22.5715 
28558	Shenzhen	114.6413 	22.5715 
28559	Shenzhen	114.6388 	22.5901 
28560	Shenzhen	114.6387 	22.5899 
28561	Shenzhen	114.6393 	22.5893 
28562	Shenzhen	114.6396 	22.5890 
28563	Shenzhen	114.6401 	22.5890 
28564	Shenzhen	114.6404 	22.5888 
28565	Shenzhen	114.6407 	22.5885 
28566	Shenzhen	114.6418 	22.5868 
28567	Shenzhen	114.6418 	22.5862 
28568	Shenzhen	114.6415 	22.5860 
28569	Shenzhen	114.6407 	22.5860 
28570	Shenzhen	114.6401 	22.5857 
28571	Shenzhen	114.6399 	22.5854 
28572	Shenzhen	114.6399 	22.5846 
28573	Shenzhen	114.6401 	22.5840 
28574	Shenzhen	114.6404 	22.5837 
28575	Shenzhen	114.6415 	22.5829 
28576	Shenzhen	114.6421 	22.5826 
28577	Shenzhen	114.6426 	22.5826 
28578	Shenzhen	114.6426 	22.5829 
28579	Shenzhen	114.6429 	22.5832 
28580	Shenzhen	114.6435 	22.5832 
28581	Shenzhen	114.6440 	22.5829 
28582	Shenzhen	114.6451 	22.5818 
28583	Shenzhen	114.6462 	22.5807 
28584	Shenzhen	114.6465 	22.5804 
28585	Shenzhen	114.6482 	22.5796 
28586	Shenzhen	114.6501 	22.5796 
28587	Shenzhen	114.6513 	22.5793 
28588	Shenzhen	114.6532 	22.5785 
28589	Shenzhen	114.6532 	22.5774 
28590	Shenzhen	114.6526 	22.5774 
28591	Shenzhen	114.6515 	22.5768 
28592	Shenzhen	114.6513 	22.5765 
28593	Shenzhen	114.6513 	22.5760 
28594	Shenzhen	114.6524 	22.5751 
28595	Shenzhen	114.6535 	22.5735 
28596	Shenzhen	114.6546 	22.5713 
28597	Shenzhen	114.6554 	22.5688 
28598	Shenzhen	114.6554 	22.5682 
28599	Shenzhen	114.6551 	22.5679 
28600	Shenzhen	114.6546 	22.5676 
28601	Shenzhen	114.6546 	22.5644 
28602	Shenzhen	114.6546 	22.5640 
28603	Shenzhen	114.6542 	22.5635 
28604	Shenzhen	114.6535 	22.5635 
28605	Shenzhen	114.6529 	22.5638 
28606	Shenzhen	114.6504 	22.5660 
28607	Shenzhen	114.6499 	22.5665 
28608	Shenzhen	114.6499 	22.5676 
28609	Shenzhen	114.6499 	22.5688 
28610	Shenzhen	114.6499 	22.5699 
28611	Shenzhen	114.6501 	22.5699 
28612	Shenzhen	114.6504 	22.5701 
28613	Shenzhen	114.6504 	22.5713 
28614	Shenzhen	114.6501 	22.5718 
28615	Shenzhen	114.6499 	22.5721 
28616	Shenzhen	114.6496 	22.5724 
28617	Shenzhen	114.6493 	22.5724 
28618	Shenzhen	114.6493 	22.5721 
28619	Shenzhen	114.6488 	22.5718 
28620	Shenzhen	114.6482 	22.5718 
28621	Shenzhen	114.6479 	22.5721 
28622	Shenzhen	114.6474 	22.5732 
28623	Shenzhen	114.6474 	22.5740 
28624	Shenzhen	114.6479 	22.5746 
28625	Shenzhen	114.6482 	22.5751 
28626	Shenzhen	114.6482 	22.5757 
28627	Shenzhen	114.6479 	22.5763 
28628	Shenzhen	114.6474 	22.5768 
28629	Shenzhen	114.6471 	22.5771 
28630	Shenzhen	114.6468 	22.5774 
28631	Shenzhen	114.6462 	22.5777 
28632	Shenzhen	114.6451 	22.5779 
28633	Shenzhen	114.6435 	22.5779 
28634	Shenzhen	114.6426 	22.5777 
28635	Shenzhen	114.6421 	22.5774 
28636	Shenzhen	114.6407 	22.5768 
28637	Shenzhen	114.6396 	22.5765 
28638	Shenzhen	114.6371 	22.5765 
28639	Shenzhen	114.6371 	22.5768 
28640	Shenzhen	114.6365 	22.5790 
28641	Shenzhen	114.6354 	22.5821 
28642	Shenzhen	114.6351 	22.5826 
28643	Shenzhen	114.6346 	22.5832 
28644	Shenzhen	114.6343 	22.5849 
28645	Shenzhen	114.6354 	22.5879 
28646	Shenzhen	114.6365 	22.5876 
28647	Shenzhen	114.6371 	22.5876 
28648	Shenzhen	114.6371 	22.5888 
28649	Shenzhen	114.6374 	22.5899 
28650	Shenzhen	114.6376 	22.5901 
28651	Shenzhen	114.6381 	22.5901 
28652	Shenzhen	114.6388 	22.5901 
28653	Shenzhen	114.6388 	22.5901 
