2.6438
2.6438
2.6438
2.6438
2.6438
2.6438
2.6438
2.6438
2.6438
2.6438
2.6438
2.6438
2.6438
2.6438
2.6438
2.6438
2.6438
2.6438
2.6438
2.6438
2.6438
2.6438
2.64399
2.6454
2.64194
2.64503
2.6499
2.64538
2.64584
2.64773
2.64409
2.64598
2.64877
2.64701
2.64888
2.64788
2.64414
2.64381
2.6438
2.6438
2.6438
2.6438
2.6438
2.64507
2.63392
2.69586
3.39754
2.0876
2.54975
2.6009
3.05392
3.13673
3.07618
2.96654
2.95376
2.67785
2.90606
2.68225
2.65562
2.6481
2.64583
2.6438
2.6438
2.6438
2.64457
2.56361
2.30154
2.46553
2.56217
2.61524
2.17993
2.51047
1.75362
2.54876
2.52368
2.48279
2.74144
2.86006
2.66403
2.65349
2.64856
2.64635
2.6438
2.6438
2.6438
2.64515
2.68416
2.94906
2.50807
2.25615
3.02919
3.06254
2.62475
2.78079
2.46773
2.53737
2.97284
2.90105
2.71729
2.66647
2.65292
2.64834
2.64603
2.6438
2.6438
2.6438
2.64206
1.99026
1.5
2.97252
2.75935
2.73716
2.8656
3.15182
2.77984
2.70502
2.01614
2.77655
2.63421
2.1563
2.65275
2.64917
2.64627
2.64516
2.6438
2.6438
2.6438
2.64148
2.47924
2.74569
2.46884
2.7868
2.83059
2.09006
2.32056
2.77173
2.6364
2.76694
2.85116
3.27037
2.47462
2.65031
2.64537
2.64446
2.64388
2.6438
2.6438
2.6438
2.6423
3.15752
2.99971
2.34004
3.47554
3.39301
3.50981
3.45097
3.11766
2.79975
3.08127
2.57278
2.30288
2.74469
2.62335
2.63747
2.6414
2.64272
2.6438
2.6438
2.6438
2.64193
2.68393
2.66949
1.94405
2.40985
1.53509
2.13384
1.81289
2.37473
2.89391
2.63082
3.39174
2.46236
2.63456
2.63232
2.63742
2.64052
2.64203
2.6438
2.6438
2.6438
2.64333
2.00515
2.61903
2.92443
2.47421
3.12201
3.24146
3.08468
2.80817
2.82067
2.59754
2.99957
3.01683
2.54338
2.63269
2.63803
2.64113
2.64209
2.6438
2.6438
2.6438
2.64018
2.85867
2.65041
2.22422
2.34097
2.18513
2.2868
2.33904
2.10885
2.5276
2.43938
2.7822
2.39953
2.21228
2.63185
2.63907
2.64151
2.64209
2.6438
2.6438
2.6438
2.64306
2.81446
3.59521
3.08026
2.3019
2.44232
2.3501
2.58933
2.65732
2.6449
2.37957
2.20553
2.65482
2.32642
2.6455
2.64188
2.6422
2.64216
2.6438
2.6438
2.6438
2.64212
2.59558
2.37602
3.06468
3.13502
2.54816
2.56289
2.57087
2.64459
2.91726
2.99888
3.10158
3.05601
2.81596
2.62801
2.63922
2.64155
2.64201
2.6438
2.6438
2.6438
2.64272
2.96386
2.57719
1.7527
2.65442
2.95419
2.52312
2.48746
2.6294
2.56396
2.74084
2.44265
1.85044
2.66384
2.64374
2.64269
2.64245
2.64243
2.6438
2.6438
2.6438
2.64524
2.05
2.8994
3.08117
2.70431
2.76125
2.40952
2.5932
2.68536
2.65515
2.43256
2.53745
2.26302
2.69765
2.64271
2.64478
2.64325
2.64256
2.6438
2.6438
2.6438
2.64097
2.51955
1.95661
2.14221
2.76987
2.83683
2.77017
2.67647
2.71332
2.41663
2.96352
2.972
3.08428
2.56171
2.66435
2.65016
2.64545
2.64346
2.6438
2.6438
2.6438
2.6427
3.02362
2.75656
2.68935
2.29199
2.4465
2.62689
2.44116
2.74192
2.85012
2.78233
2.40263
3.09161
2.9469
2.66862
2.65256
2.64616
2.64431
2.6438
2.6438
2.6438
2.64381
2.66068
2.64808
2.63184
2.62497
2.616
2.61897
2.61943
2.64313
2.65069
2.66559
2.66616
2.67299
2.65992
2.65484
2.64952
2.64615
2.64462
2.6438
2.6438
2.6438
2.64381
2.64654
2.64432
2.64035
2.63753
2.63521
2.63524
2.63645
2.64258
2.64656
2.65077
2.65277
2.65332
2.65069
2.64816
2.64664
2.64479
2.64441
2.6438
2.6438
2.6438
2.6438
2.6438
2.64381
2.6438
2.64381
2.64379
2.64379
2.6438
2.6438
2.64381
2.6438
2.6438
2.6438
2.64381
2.64379
2.64381
2.6438
2.6438
2.6438
2.6438
2.6438
2.6438
2.6438
2.6438
2.6438
2.6438
2.6438
2.6438
2.6438
2.6438
2.6438
2.6438
2.6438
2.6438
2.6438
2.6438
2.6438
2.6438
2.6438
2.6438
2.6438
2.6438
2.6438
2.6438
2.6438
2.6438
2.6438
2.6438
2.6438
2.6438
2.6438
2.6438
2.6438
2.6438
2.6438
2.6438
2.6438
2.6438
2.6438
2.6438
2.6438
2.6438
2.6438
2.64546
2.75627
2.68231
2.73629
2.68456
2.72219
2.77064
2.83939
2.73994
2.75771
2.79477
2.75421
2.76353
2.79882
2.68482
2.65595
2.6483
2.64584
2.6438
2.6438
2.6438
2.75259
2.84132
2.80907
2.92584
2.67243
2.79563
2.8796
3.01775
2.97349
2.96599
2.98686
2.98583
2.949
2.99134
2.82416
2.73383
2.68987
2.6644
2.64572
2.6438
2.6438
2.66234
2.70749
2.66322
2.72791
2.63741
2.67971
2.58757
2.61944
2.64229
2.65833
2.70279
2.86462
2.89665
2.90835
2.81498
2.75085
2.7071
2.67445
2.64614
2.6438
2.6438
2.67659
2.63534
2.64229
2.66349
2.61542
2.71439
2.814
2.81972
2.73728
2.70672
2.70144
2.9038
2.92372
2.85791
2.79698
2.74814
2.70917
2.67646
2.64592
2.6438
2.6438
2.51898
2.34491
2.30848
2.64044
2.65937
2.70395
2.79667
2.82948
2.79982
2.69453
2.63308
2.84608
2.88002
2.67952
2.73855
2.72472
2.69831
2.67161
2.64505
2.6438
2.6438
2.58801
2.5123
2.54766
2.45665
2.5759
2.65214
2.59328
2.62247
2.85401
2.78907
2.78872
2.87065
2.87639
2.71026
2.70561
2.69381
2.67923
2.6622
2.64388
2.6438
2.6438
2.70475
2.75806
2.77573
2.63583
2.79517
2.83896
2.84714
2.90155
2.87429
2.87133
2.87637
2.86523
2.7415
2.64762
2.64188
2.65429
2.65704
2.65169
2.64272
2.6438
2.6438
2.59601
2.56264
2.69864
2.5472
2.51457
2.51083
2.51679
2.58664
2.6324
2.73649
2.83672
2.91953
2.7059
2.63914
2.6282
2.63786
2.64462
2.6451
2.64214
2.6438
2.6438
2.54942
2.33645
2.46562
2.46792
2.41086
2.56907
2.68291
2.72681
2.66378
2.73698
2.77494
2.8607
2.71484
2.59779
2.61714
2.63352
2.64151
2.6429
2.64209
2.6438
2.6438
2.52706
2.41513
2.35815
2.31326
2.34877
2.40237
2.46736
2.57238
2.52415
2.60901
2.69179
2.77558
2.64141
2.51183
2.60872
2.63644
2.64306
2.64307
2.6425
2.6438
2.6438
2.66878
2.55149
2.51903
2.54618
2.38529
2.3672
2.42257
2.45628
2.53994
2.65086
2.66307
2.63579
2.62256
2.58322
2.63888
2.64764
2.64706
2.6443
2.64248
2.6438
2.6438
2.5336
2.4271
2.39353
2.53428
2.52169
2.52907
2.55256
2.55939
2.59979
2.73576
2.80062
2.82757
2.71806
2.65942
2.64607
2.6507
2.64931
2.64523
2.64214
2.6438
2.6438
2.64574
2.60206
2.54434
2.38521
2.49083
2.58192
2.52577
2.5137
2.54522
2.66471
2.73516
2.60563
2.53005
2.69997
2.6861
2.67103
2.65849
2.64897
2.64254
2.6438
2.6438
2.67544
2.53013
2.68202
2.65395
2.52142
2.54898
2.50149
2.51338
2.62065
2.66944
2.66049
2.70064
2.68707
2.73341
2.71733
2.69331
2.67133
2.65473
2.64288
2.6438
2.6438
2.51821
2.44663
2.41529
2.41334
2.41786
2.53928
2.52051
2.55455
2.62404
2.65847
2.78211
2.8706
2.88806
2.82188
2.7726
2.72145
2.68512
2.66078
2.64367
2.6438
2.6438
2.68768
2.70434
2.59942
2.4525
2.31115
2.37345
2.43086
2.46114
2.6167
2.71434
2.79916
2.76399
2.92898
2.90765
2.79628
2.73102
2.68984
2.66336
2.64432
2.6438
2.6438
2.6596
2.66334
2.61222
2.53741
2.48035
2.47332
2.49147
2.52759
2.61406
2.68386
2.74562
2.76758
2.80813
2.79261
2.74952
2.71106
2.68125
2.6606
2.64462
2.6438
2.6438
2.64739
2.64755
2.62785
2.5988
2.57557
2.56539
2.56949
2.58873
2.62792
2.66502
2.69667
2.71437
2.72473
2.71584
2.698
2.68027
2.66462
2.65355
2.64441
2.6438
2.6438
2.6438
2.64654
2.64487
2.64023
2.63775
2.63498
2.63458
2.63655
2.64268
2.647
2.65098
2.65266
2.65363
2.65092
2.64805
2.64675
2.64479
2.64441
2.6438
2.6438
2.6438
2.6438
2.6438
2.6438
2.6438
2.6438
2.6438
2.6438
2.6438
2.6438
2.6438
2.6438
2.6438
2.6438
2.6438
2.6438
2.6438
2.6438
2.6438
2.6438
2.6438
2.6438
2.6438
2.6438
2.6438
2.6438
2.6438
2.6438
2.6438
2.6438
2.6438
2.6438
2.6438
2.6438
2.6438
2.6438
2.6438
2.6438
2.6438
2.6438
2.6438
2.6438
2.6438
2.64704
2.83761
2.64755
2.69516
2.81289
2.79251
2.85569
2.89651
2.70516
2.76186
2.87624
2.80157
2.84049
2.85703
2.70292
2.66219
2.65104
2.64726
2.6438
2.6438
2.6438
2.8303
2.98816
2.84418
2.87923
2.93175
2.98829
3.06419
3.07432
2.95735
2.95595
3.05896
3.06421
3.06038
3.06146
2.88997
2.78061
2.7195
2.68025
2.64714
2.6438
2.6438
2.70414
2.82747
2.78929
2.85734
2.79278
2.77024
2.69873
2.64423
2.87628
2.72855
2.76887
2.96024
2.89268
2.8909
2.86588
2.808
2.75042
2.6983
2.64796
2.6438
2.6438
2.66782
2.67569
2.64686
2.74957
2.7336
2.5712
2.67419
2.82255
2.73618
2.80347
2.7924
2.8742
2.87161
2.89556
2.86867
2.81627
2.75969
2.70379
2.64784
2.6438
2.6438
2.59411
2.55959
2.67216
2.59535
2.5694
2.58062
2.71668
2.70375
2.73394
2.71478
2.84356
2.88382
2.91868
2.86206
2.84314
2.798
2.7479
2.6979
2.64664
2.6438
2.6438
2.57339
2.50393
2.48516
2.39609
2.44985
2.51084
2.67139
2.62124
2.80338
2.77807
2.78039
2.82433
2.7773
2.80206
2.7771
2.74805
2.71711
2.68222
2.64462
2.6438
2.6438
2.60449
2.54445
2.63467
2.67368
2.51849
2.54577
2.57316
2.62916
2.67751
2.78262
2.73096
2.85912
2.86728
2.67091
2.67001
2.68208
2.67931
2.66423
2.64272
2.6438
2.6438
2.53494
2.45042
2.66455
2.72569
2.57746
2.71897
2.62338
2.74898
2.6675
2.62325
2.77399
2.74006
2.72893
2.66198
2.64554
2.65388
2.65803
2.65248
2.64164
2.6438
2.6438
2.61563
2.39896
2.46303
2.41161
2.41653
2.41241
2.48143
2.58772
2.5766
2.66902
2.80527
2.76643
2.62672
2.63726
2.64336
2.65087
2.65334
2.6488
2.64183
2.6438
2.6438
2.42196
2.21022
2.22386
2.31945
2.38616
2.49766
2.54938
2.66713
2.666
2.65489
2.75362
2.7683
2.73491
2.65323
2.66436
2.6634
2.65724
2.6492
2.64194
2.6438
2.6438
2.6377
2.3395
2.12075
2.32576
2.3689
2.37301
2.46901
2.42731
2.51506
2.6647
2.75359
2.75118
2.67225
2.72642
2.70047
2.67701
2.66161
2.64998
2.64211
2.6438
2.6438
2.47058
2.26801
2.32193
2.35039
2.29482
2.45247
2.50966
2.54945
2.5578
2.64219
2.70022
2.74043
2.63644
2.64653
2.66672
2.66905
2.66062
2.6498
2.64153
2.6438
2.6438
2.56522
2.45496
2.5175
2.52243
2.38012
2.41491
2.47837
2.50233
2.54634
2.66566
2.75779
2.69137
2.76995
2.79417
2.73288
2.69767
2.67348
2.65478
2.64182
2.6438
2.6438
2.7685
2.64036
2.60398
2.57214
2.45027
2.41687
2.46064
2.46591
2.59935
2.67846
2.78882
2.82924
2.87599
2.81709
2.77427
2.73148
2.69312
2.66395
2.64228
2.6438
2.6438
2.4535
2.40611
2.50824
2.48067
2.32206
2.41015
2.39804
2.4715
2.58482
2.71139
2.7494
2.83491
2.81218
2.88305
2.83701
2.77011
2.71425
2.67389
2.64383
2.6438
2.6438
2.65059
2.5947
2.53154
2.40397
2.31277
2.3176
2.33942
2.41626
2.57104
2.68441
2.78718
2.83392
2.88785
2.91213
2.85341
2.78073
2.72089
2.67802
2.64482
2.6438
2.6438
2.65924
2.63496
2.57749
2.50468
2.45393
2.4219
2.42751
2.48008
2.59381
2.69072
2.77818
2.83123
2.85665
2.83951
2.80059
2.7518
2.70725
2.67286
2.64503
2.6438
2.6438
2.6479
2.64102
2.61563
2.5846
2.55963
2.5379
2.53645
2.56304
2.6199
2.6755
2.72452
2.75634
2.76514
2.7509
2.72878
2.70344
2.6797
2.66064
2.64481
2.6438
2.6438
2.6438
2.64712
2.64472
2.64089
2.64017
2.63336
2.63077
2.63363
2.64283
2.64917
2.65528
2.65958
2.65874
2.65357
2.65027
2.64845
2.64558
2.64481
2.6438
2.6438
2.6438
2.6438
2.6438
2.6438
2.6438
2.6438
2.6438
2.6438
2.6438
2.6438
2.6438
2.6438
2.6438
2.6438
2.6438
2.6438
2.6438
2.6438
2.6438
2.6438
2.6438
2.6438
2.6438
2.6438
2.6438
2.6438
2.6438
2.6438
2.6438
2.6438
2.6438
2.6438
2.6438
2.6438
2.6438
2.6438
2.6438
2.6438
2.6438
2.6438
2.6438
2.6438
2.6438
2.64842
2.87557
2.61414
2.66373
2.90657
2.84371
2.88882
2.89737
2.67511
2.74442
2.90325
2.82158
2.87611
2.86969
2.70771
2.66454
2.65313
2.64848
2.6438
2.6438
2.6438
2.8663
3.06625
2.84519
2.88399
3.08989
3.0804
3.15059
3.07032
2.92043
2.92028
3.06954
3.0778
3.06824
3.05251
2.90113
2.80058
2.73858
2.69179
2.64794
2.6438
2.6438
2.73027
2.89793
2.82226
2.9165
2.93935
2.84881
2.70002
2.60454
2.90876
2.7346
2.77089
2.92919
2.78684
2.80369
2.85434
2.83204
2.77962
2.71702
2.64938
2.6438
2.6438
2.65885
2.70895
2.66661
2.78926
2.78892
2.47322
2.53042
2.73507
2.69
2.81061
2.81484
2.79476
2.73388
2.83376
2.88034
2.85551
2.79852
2.72751
2.64968
2.6438
2.6438
2.64995
2.6813
2.79925
2.56321
2.48386
2.43813
2.59906
2.59542
2.63795
2.69654
2.91327
2.85356
2.84659
2.9002
2.90157
2.85475
2.79227
2.72296
2.64847
2.6438
2.6438
2.56582
2.48408
2.43691
2.35593
2.37065
2.39697
2.63799
2.55675
2.69387
2.70767
2.73372
2.73835
2.69582
2.82374
2.82939
2.79956
2.75631
2.70399
2.64611
2.6438
2.6438
2.52146
2.37824
2.49099
2.63354
2.37802
2.36854
2.42382
2.45485
2.52277
2.66112
2.59321
2.76211
2.87403
2.70225
2.70766
2.71879
2.70842
2.68038
2.64378
2.6438
2.6438
2.49712
2.35276
2.57925
2.75952
2.59835
2.72901
2.63015
2.74335
2.64152
2.54509
2.68397
2.62777
2.70743
2.68632
2.67733
2.68337
2.68064
2.66478
2.64229
2.6438
2.6438
2.66451
2.43133
2.50827
2.47048
2.46638
2.35159
2.37451
2.48612
2.50223
2.60657
2.78616
2.69766
2.58698
2.66971
2.68365
2.6829
2.67494
2.65985
2.64249
2.6438
2.6438
2.38069
2.13575
2.21822
2.3915
2.45957
2.55869
2.60134
2.69752
2.71308
2.66384
2.74068
2.7244
2.76529
2.74109
2.73002
2.70394
2.68083
2.65984
2.64272
2.6438
2.6438
2.60841
2.22508
2.00138
2.28455
2.40608
2.41868
2.51524
2.43662
2.51404
2.66282
2.75865
2.76291
2.70247
2.81369
2.76337
2.71388
2.68158
2.65858
2.64248
2.6438
2.6438
2.44045
2.17891
2.30545
2.31773
2.22687
2.41303
2.48244
2.54711
2.54347
2.58455
2.62669
2.67388
2.60108
2.65853
2.68939
2.68833
2.67304
2.65523
2.64126
2.6438
2.6438
2.51753
2.37684
2.51984
2.60217
2.34279
2.33706
2.44229
2.50781
2.58882
2.6523
2.74213
2.71513
2.86445
2.85227
2.76352
2.71641
2.68421
2.65908
2.64121
2.6438
2.6438
2.79772
2.66011
2.58542
2.59789
2.46222
2.37293
2.44023
2.46181
2.61162
2.66691
2.82377
2.87134
2.94305
2.86413
2.80509
2.75316
2.70628
2.6695
2.64167
2.6438
2.6438
2.43123
2.38948
2.53834
2.53641
2.34336
2.38724
2.36561
2.44336
2.58124
2.72226
2.72338
2.78634
2.74429
2.87276
2.85711
2.79349
2.73073
2.6814
2.64336
2.6438
2.6438
2.62504
2.54603
2.50795
2.42922
2.37836
2.34321
2.33474
2.40692
2.56137
2.67295
2.75865
2.83026
2.84559
2.89079
2.86931
2.8046
2.73902
2.68652
2.64489
2.6438
2.6438
2.65827
2.6182
2.56817
2.52516
2.49947
2.44486
2.42799
2.47248
2.59226
2.69572
2.78794
2.85785
2.86781
2.84717
2.81959
2.7729
2.72269
2.68071
2.64512
2.6438
2.6438
2.64833
2.63829
2.61668
2.59842
2.58299
2.55145
2.53782
2.56016
2.62218
2.68459
2.74068
2.78072
2.7846
2.76446
2.74262
2.71664
2.68888
2.66527
2.64481
2.6438
2.6438
2.6438
2.64733
2.64548
2.6452
2.6472
2.6376
2.63193
2.63384
2.64421
2.65126
2.65773
2.66448
2.662
2.65376
2.65048
2.64914
2.64596
2.64481
2.6438
2.6438
2.6438
2.6438
2.6438
2.6438
2.6438
2.6438
2.6438
2.6438
2.6438
2.6438
2.6438
2.6438
2.6438
2.6438
2.6438
2.6438
2.6438
2.6438
2.6438
2.6438
2.6438
2.6438
2.6438
2.6438
2.6438
2.6438
2.6438
2.6438
2.6438
2.6438
2.6438
2.6438
2.6438
2.6438
2.6438
2.6438
2.6438
2.6438
2.6438
2.6438
2.6438
2.6438
2.6438
2.64969
2.90101
2.58997
2.64135
2.9748
2.89904
2.90711
2.8867
2.65786
2.72142
2.9095
2.83141
2.88996
2.86849
2.7103
2.66669
2.65483
2.64973
2.6438
2.6438
2.6438
2.89059
3.12481
2.83295
2.89581
3.16861
3.15988
3.21328
3.05139
2.8791
2.86839
3.05336
3.06371
3.03924
3.01753
2.896
2.81199
2.75372
2.70239
2.64928
2.6438
2.6438
2.74753
2.941
2.80533
2.94253
3.08619
2.93459
2.66466
2.54094
2.88293
2.702
2.74098
2.85585
2.64281
2.68995
2.82078
2.84371
2.80362
2.73497
2.65124
2.6438
2.6438
2.65414
2.7273
2.66828
2.80795
2.83539
2.40193
2.39467
2.6338
2.63864
2.78787
2.81181
2.7027
2.56373
2.73212
2.86587
2.8829
2.83288
2.75063
2.65207
2.6438
2.6438
2.68198
2.74363
2.84056
2.53035
2.41248
2.30576
2.48585
2.51364
2.56101
2.67443
2.94363
2.80923
2.74477
2.88122
2.9348
2.90347
2.83495
2.74839
2.65095
2.6438
2.6438
2.5603
2.45163
2.3902
2.32143
2.31149
2.31201
2.59271
2.50596
2.613
2.6525
2.69214
2.6569
2.62243
2.81968
2.87044
2.84943
2.79715
2.72729
2.64823
2.6438
2.6438
2.46072
2.22984
2.34925
2.57678
2.30988
2.28401
2.3759
2.39026
2.45591
2.58812
2.49532
2.66451
2.8501
2.72971
2.74859
2.76073
2.74192
2.69893
2.64505
2.6438
2.6438
2.46962
2.25557
2.47878
2.74997
2.60616
2.70622
2.62865
2.73168
2.64318
2.52859
2.63905
2.56642
2.6899
2.71363
2.71453
2.71862
2.70788
2.67953
2.64342
2.6438
2.6438
2.68985
2.44564
2.55568
2.55823
2.52315
2.32742
2.31887
2.42576
2.46464
2.58582
2.7884
2.66304
2.56406
2.69405
2.72351
2.71841
2.70053
2.67273
2.64352
2.6438
2.6438
2.36689
2.11041
2.25831
2.49559
2.55184
2.61081
2.65234
2.72615
2.74364
2.67865
2.73005
2.68645
2.76923
2.79993
2.78762
2.74469
2.70593
2.67161
2.64377
2.6438
2.6438
2.58722
2.1674
2.00034
2.33863
2.49046
2.49066
2.57446
2.46737
2.52845
2.67006
2.74798
2.74211
2.7046
2.86164
2.81094
2.74613
2.70107
2.66724
2.64313
2.6438
2.6438
2.41751
2.12148
2.32746
2.36408
2.24128
2.42179
2.49546
2.57386
2.56065
2.56349
2.57567
2.61054
2.55884
2.65234
2.69655
2.69907
2.6812
2.65872
2.64116
2.6438
2.6438
2.49279
2.33362
2.55982
2.69672
2.35985
2.31934
2.44063
2.54781
2.65878
2.64884
2.70248
2.68833
2.8836
2.87177
2.77114
2.7216
2.6881
2.66035
2.64079
2.6438
2.6438
2.80113
2.6621
2.62158
2.69287
2.53151
2.39994
2.46636
2.50289
2.6557
2.65253
2.80159
2.85237
2.9476
2.87587
2.81129
2.75863
2.71046
2.67085
2.64116
2.6438
2.6438
2.42342
2.37733
2.55854
2.60042
2.41492
2.43585
2.40143
2.46757
2.60852
2.72313
2.68648
2.72675
2.67424
2.82947
2.8501
2.7997
2.73702
2.68468
2.64299
2.6438
2.6438
2.61165
2.52288
2.50424
2.47583
2.47253
2.42327
2.38734
2.43167
2.57166
2.66432
2.72218
2.80253
2.79802
2.85288
2.86481
2.81345
2.74761
2.69126
2.64477
2.6438
2.6438
2.65965
2.61558
2.57816
2.57317
2.58213
2.51418
2.47164
2.49234
2.60565
2.70289
2.79072
2.87025
2.86755
2.83761
2.82229
2.78246
2.7311
2.68544
2.64552
2.6438
2.6438
2.64993
2.64204
2.62929
2.63075
2.63173
2.59282
2.56407
2.57369
2.63288
2.69518
2.75349
2.79887
2.79622
2.76781
2.74783
2.72368
2.69417
2.66851
2.64481
2.6438
2.6438
2.6438
2.64869
2.6479
2.65121
2.65729
2.6446
2.63602
2.63528
2.64611
2.65356
2.66055
2.6697
2.66526
2.6536
2.65115
2.64987
2.64626
2.64481
2.6438
2.6438
2.6438
2.6438
2.6438
2.6438
2.6438
2.6438
2.6438
2.6438
2.6438
2.6438
2.6438
2.6438
2.6438
2.6438
2.6438
2.6438
2.6438
2.6438
2.6438
2.6438
2.6438
2.6438
2.6438
2.6438
2.6438
2.6438
2.6438
2.6438
2.6438
2.6438
2.6438
2.6438
2.6438
2.6438
2.6438
2.6438
2.6438
2.6438
2.6438
2.6438
2.6438
2.6438
2.6438
2.65678
3.02717
2.52451
2.61175
3.19306
3.06222
3.02411
2.98973
2.64365
2.73393
3.04269
2.92306
3.02851
2.97333
2.73982
2.67403
2.6578
2.65291
2.6438
2.6438
2.6438
3.00961
3.24648
2.80608
2.90221
3.26472
3.26016
3.24319
3.08896
2.85575
2.82733
3.08022
3.08738
3.05509
3.02835
2.91173
2.8303
2.77172
2.71505
2.65119
2.6438
2.6438
2.80457
2.99905
2.7509
2.96081
3.14683
3.06734
2.62159
2.46483
2.89626
2.65311
2.69977
2.80102
2.4866
2.57256
2.79573
2.86088
2.83081
2.75479
2.65441
2.6438
2.6438
2.66296
2.73621
2.6414
2.83798
2.93315
2.34508
2.27223
2.5846
2.61682
2.79074
2.82974
2.62926
2.38638
2.63701
2.86295
2.91681
2.87114
2.77636
2.65608
2.6438
2.6438
2.6972
2.79124
2.88961
2.4977
2.35798
2.19316
2.41955
2.48502
2.52726
2.67596
3.02317
2.80459
2.66583
2.87553
2.97991
2.95761
2.88018
2.77576
2.65438
2.6438
2.6438
2.51119
2.40365
2.33454
2.27976
2.27299
2.26057
2.60812
2.5051
2.60556
2.64967
2.68887
2.60501
2.55863
2.82865
2.92143
2.90342
2.83881
2.75095
2.65043
2.6438
2.6438
2.33289
2.05048
2.19258
2.54036
2.27091
2.2562
2.41167
2.41801
2.47709
2.59537
2.42744
2.60046
2.86524
2.76094
2.79074
2.80341
2.7757
2.71742
2.64624
2.6438
2.6438
2.37803
2.11928
2.35899
2.74396
2.61507
2.72385
2.67451
2.79819
2.72419
2.57349
2.65863
2.53962
2.69642
2.75236
2.7532
2.75291
2.73374
2.69294
2.64363
2.6438
2.6438
2.72341
2.44828
2.6037
2.63711
2.57142
2.29067
2.27298
2.39203
2.45437
2.61136
2.85696
2.66537
2.53218
2.71213
2.75726
2.74918
2.72272
2.68362
2.64373
2.6438
2.6438
2.24232
2.0504
2.29148
2.60423
2.64463
2.66975
2.72902
2.79845
2.81069
2.72257
2.74927
2.66326
2.77509
2.84726
2.83593
2.77829
2.72682
2.68092
2.6442
2.6438
2.6438
2.56391
2.11863
2.00306
2.42355
2.60384
2.57108
2.65196
2.4946
2.5436
2.70411
2.75839
2.72485
2.68556
2.90087
2.84661
2.76897
2.71445
2.67258
2.64307
2.6438
2.6438
2.30449
2.02831
2.36765
2.43044
2.26076
2.46106
2.53606
2.63026
2.59254
2.56194
2.5327
2.5444
2.47866
2.60951
2.67864
2.69595
2.68297
2.65836
2.63995
2.6438
2.6438
2.41187
2.27155
2.62325
2.82294
2.37863
2.31507
2.45621
2.61204
2.75419
2.65282
2.65393
2.62137
2.88155
2.87667
2.75853
2.71337
2.68456
2.65726
2.6394
2.6438
2.6438
2.85896
2.67812
2.68122
2.82776
2.63144
2.46144
2.52873
2.56764
2.72375
2.62543
2.75956
2.80978
2.94228
2.86981
2.79929
2.75242
2.70746
2.66814
2.63969
2.6438
2.6438
2.31471
2.32122
2.56351
2.65852
2.48057
2.52206
2.47124
2.51989
2.65492
2.72768
2.6328
2.6578
2.58138
2.77013
2.83283
2.79721
2.73773
2.68471
2.64253
2.6438
2.6438
2.58392
2.49998
2.49265
2.50488
2.56553
2.5226
2.46289
2.46752
2.5875
2.6498
2.6744
2.77071
2.74862
2.80937
2.85578
2.81663
2.75145
2.69372
2.64508
2.6438
2.6438
2.67025
2.6231
2.5933
2.62749
2.68108
2.60274
2.53377
2.52167
2.6255
2.71261
2.79404
2.88888
2.87136
2.8225
2.81952
2.78752
2.73568
2.68833
2.64574
2.6438
2.6438
2.65487
2.65123
2.64758
2.67151
2.69315
2.64755
2.60093
2.59395
2.64831
2.70887
2.76778
2.82054
2.80984
2.76839
2.74939
2.72797
2.69721
2.67038
2.64503
2.6438
2.6438
2.64391
2.65143
2.65215
2.66088
2.67303
2.65504
2.6391
2.63608
2.64994
2.65839
2.66676
2.68004
2.673
2.65435
2.65133
2.65172
2.64649
2.64503
2.6438
2.6438
2.6438
2.6438
2.6438
2.6438
2.6438
2.6438
2.6438
2.6438
2.6438
2.6438
2.6438
2.6438
2.6438
2.6438
2.6438
2.6438
2.6438
2.6438
2.6438
2.6438
2.6438
2.6777
2.6777
2.6777
2.6777
2.6777
2.6777
2.6777
2.6777
2.6777
2.6777
2.6777
2.6777
2.6777
2.6777
2.6777
2.6777
2.6777
2.6777
2.6777
2.6777
2.6777
2.6777
2.70135
3.14913
2.51633
2.62095
3.39174
3.26489
3.13218
3.08733
2.69088
2.76781
3.16241
3.03788
3.1602
3.07579
2.80519
2.71778
2.69604
2.6908
2.6777
2.6777
2.6777
3.12721
3.34469
2.82147
2.95096
3.37977
3.39965
3.28202
3.14192
2.88737
2.82588
3.113
3.12836
3.08569
3.05707
2.96305
2.88567
2.82484
2.76222
2.68797
2.6777
2.6777
2.88958
3.06936
2.73601
3.0109
3.26041
3.15901
2.65498
2.50785
2.94001
2.67397
2.73245
2.80235
2.43806
2.55672
2.83591
2.92365
2.89533
2.80975
2.69279
2.6777
2.6777
2.71106
2.78922
2.68299
2.91105
3.07033
2.41567
2.27351
2.61448
2.68901
2.84352
2.90675
2.65377
2.33047
2.62821
2.91736
2.99242
2.94417
2.8359
2.69486
2.6777
2.6777
2.73382
2.84381
2.92041
2.53315
2.39333
2.18851
2.4356
2.55428
2.59412
2.75574
3.12442
2.86956
2.66619
2.91464
3.06194
3.04501
2.95684
2.83487
2.69189
2.6777
2.6777
2.50582
2.40733
2.34984
2.31429
2.30428
2.29319
2.65681
2.58357
2.68207
2.72288
2.75368
2.6413
2.59766
2.8859
3.00949
2.98896
2.91047
2.8057
2.68572
2.6777
2.6777
2.26271
1.96384
2.10409
2.52293
2.32574
2.34489
2.57007
2.58545
2.63191
2.68524
2.46277
2.60506
2.90855
2.84664
2.87698
2.88013
2.83999
2.76667
2.68031
2.6777
2.6777
2.34433
2.05188
2.26689
2.71285
2.63423
2.73444
2.75458
2.89461
2.86379
2.70703
2.74074
2.5983
2.75591
2.83494
2.82948
2.81888
2.78953
2.73742
2.67693
2.6777
2.6777
2.74896
2.44796
2.61973
2.70855
2.62709
2.33459
2.32658
2.45223
2.53475
2.70692
2.95594
2.71929
2.56464
2.76122
2.81808
2.80612
2.77222
2.72464
2.6766
2.6777
2.6777
2.21068
2.06201
2.33003
2.68082
2.72564
2.71754
2.80362
2.87367
2.88243
2.81208
2.81861
2.69867
2.79583
2.90428
2.89793
2.83172
2.77264
2.71979
2.67735
2.6777
2.6777
2.55602
2.11957
2.08299
2.5108
2.70051
2.66079
2.73061
2.56515
2.59323
2.76548
2.79045
2.72869
2.68932
2.92644
2.88823
2.80986
2.75372
2.70778
2.67614
2.6777
2.6777
2.25168
2.0056
2.40973
2.50153
2.32221
2.51204
2.59474
2.69218
2.63764
2.60404
2.54577
2.52587
2.45521
2.60279
2.68796
2.71916
2.71254
2.689
2.67231
2.6777
2.6777
2.38898
2.26844
2.68607
2.89723
2.4155
2.34546
2.48884
2.68666
2.83691
2.67964
2.62835
2.58582
2.86959
2.88435
2.76674
2.73169
2.71044
2.68552
2.67096
2.6777
2.6777
2.88764
2.68665
2.75555
2.94823
2.7231
2.55675
2.61199
2.6569
2.7947
2.62968
2.71695
2.77261
2.9343
2.88272
2.81238
2.77365
2.73492
2.69768
2.67224
2.6777
2.6777
2.29141
2.32823
2.56972
2.69595
2.56395
2.62836
2.57906
2.60567
2.72441
2.74216
2.61678
2.63359
2.55878
2.74079
2.84014
2.8222
2.76899
2.71723
2.67662
2.6777
2.6777
2.59015
2.51566
2.50769
2.54835
2.66005
2.64332
2.57365
2.53968
2.63185
2.66605
2.66135
2.76869
2.73932
2.79631
2.87327
2.84813
2.78605
2.72907
2.67975
2.6777
2.6777
2.71219
2.66146
2.63618
2.69869
2.78833
2.71374
2.62771
2.58662
2.67526
2.75159
2.82372
2.92954
2.90234
2.8386
2.84627
2.82287
2.77206
2.72471
2.68062
2.6777
2.6777
2.69345
2.69271
2.69697
2.73847
2.77703
2.73035
2.66955
2.6483
2.69587
2.75347
2.811
2.8694
2.85344
2.80106
2.78306
2.76453
2.7331
2.70549
2.67975
2.6777
2.6777
2.67782
2.68822
2.69195
2.70517
2.71953
2.69964
2.67393
2.67306
2.68666
2.69803
2.70728
2.72469
2.71701
2.68964
2.68636
2.68813
2.6806
2.67975
2.6777
2.6777
2.6777
2.6777
2.6777
2.6777
2.6777
2.6777
2.6777
2.6777
2.6777
2.6777
2.6777
2.6777
2.6777
2.6777
2.6777
2.6777
2.6777
2.6777
2.6777
2.6777
2.6777
2.6777
2.6777
2.6777
2.6777
2.6777
2.6777
2.6777
2.6777
2.6777
2.6777
2.6777
2.6777
2.6777
2.6777
2.6777
2.6777
2.6777
2.6777
2.6777
2.6777
2.6777
2.6777
2.70304
3.08096
2.55338
2.627
3.30359
3.25337
3.06194
3.01264
2.72333
2.73699
3.06269
2.99602
3.06929
3.00185
2.79922
2.71996
2.69758
2.69227
2.6777
2.6777
2.6777
3.06869
3.27306
2.83803
2.97195
3.39412
3.43456
3.25272
3.11137
2.90193
2.81257
3.04914
3.07629
3.02299
3.00703
2.96071
2.8996
2.83934
2.77127
2.68937
2.6777
2.6777
2.87138
3.05004
2.75623
3.03169
3.31196
3.20297
2.73769
2.62179
2.92823
2.71698
2.76916
2.78807
2.48022
2.60761
2.87459
2.95718
2.92092
2.82584
2.69618
2.6777
2.6777
2.70994
2.81535
2.73918
2.94846
3.12929
2.56882
2.37781
2.65603
2.76364
2.86551
2.9357
2.70537
2.39459
2.66972
2.96114
3.03359
2.9759
2.85418
2.69667
2.6777
2.6777
2.72605
2.817
2.84898
2.575
2.47216
2.2787
2.47679
2.61841
2.67422
2.81934
3.11561
2.90885
2.7045
2.93824
3.10269
3.08816
2.99019
2.85436
2.69409
2.6777
2.6777
2.53162
2.40534
2.35959
2.35282
2.34869
2.35628
2.65451
2.63428
2.73088
2.76522
2.78958
2.70246
2.68875
2.93135
3.05779
3.03118
2.94096
2.8228
2.68716
2.6777
2.6777
2.28959
1.96854
2.06063
2.44989
2.38448
2.44784
2.68333
2.71304
2.75556
2.73291
2.53122
2.62815
2.90402
2.90785
2.93392
2.9195
2.86424
2.77884
2.67955
2.6777
2.6777
2.38248
2.04331
2.17918
2.58537
2.58477
2.66712
2.74083
2.87912
2.90543
2.78232
2.76403
2.64486
2.78124
2.87427
2.87062
2.84758
2.80675
2.74649
2.67599
2.6777
2.6777
2.69834
2.38962
2.52154
2.65853
2.60227
2.3874
2.38438
2.50904
2.60755
2.75176
2.93757
2.72351
2.60398
2.7809
2.84185
2.82405
2.78332
2.73126
2.67611
2.6777
2.6777
2.30866
2.11567
2.31484
2.62725
2.68942
2.6654
2.73904
2.8018
2.82835
2.81996
2.82499
2.70606
2.76183
2.89377
2.90479
2.84127
2.77883
2.72394
2.67624
2.6777
2.6777
2.54317
2.13491
2.15465
2.49364
2.65278
2.64112
2.68318
2.56086
2.58053
2.7392
2.74692
2.67758
2.65695
2.87189
2.87112
2.80823
2.75501
2.70921
2.67496
2.6777
2.6777
2.30065
2.04559
2.3782
2.47396
2.33409
2.47773
2.56198
2.6321
2.58571
2.58285
2.5323
2.49726
2.45699
2.59916
2.68291
2.71544
2.71143
2.6888
2.6716
2.6777
2.6777
2.42311
2.28532
2.63954
2.7931
2.39078
2.33805
2.46341
2.64812
2.75872
2.63153
2.57028
2.54553
2.78622
2.83072
2.74522
2.72037
2.70542
2.68292
2.66952
2.6777
2.6777
2.80214
2.61994
2.72757
2.89713
2.68287
2.56477
2.60533
2.65517
2.74577
2.59843
2.63474
2.69725
2.8546
2.8453
2.79265
2.76205
2.73163
2.69654
2.67216
2.6777
2.6777
2.37945
2.36421
2.53142
2.65199
2.58812
2.65031
2.61975
2.62592
2.70755
2.68661
2.58385
2.60487
2.56365
2.70179
2.8118
2.80985
2.76686
2.71785
2.67753
2.6777
2.6777
2.59118
2.51475
2.50245
2.55846
2.68269
2.69469
2.63083
2.57446
2.62884
2.64518
2.6319
2.73354
2.71279
2.75967
2.84815
2.83974
2.78502
2.73014
2.68062
2.6777
2.6777
2.70746
2.65696
2.64078
2.71337
2.81564
2.7617
2.67237
2.61596
2.67702
2.74109
2.80231
2.90403
2.8786
2.82008
2.83348
2.8197
2.77265
2.7264
2.68215
2.6777
2.6777
2.6938
2.69347
2.70524
2.75353
2.80104
2.7614
2.69372
2.66544
2.70043
2.75153
2.80419
2.86212
2.84615
2.79623
2.77889
2.76466
2.73416
2.70629
2.67975
2.6777
2.6777
2.67868
2.68786
2.6954
2.70753
2.72234
2.70806
2.66945
2.67629
2.6855
2.69686
2.70659
2.72467
2.71468
2.69564
2.68685
2.6887
2.68191
2.67975
2.6777
2.6777
2.6777
2.6777
2.6777
2.6777
2.6777
2.6777
2.6777
2.6777
2.6777
2.6777
2.6777
2.6777
2.6777
2.6777
2.6777
2.6777
2.6777
2.6777
2.6777
2.6777
2.6777
2.6777
2.6777
2.6777
2.6777
2.6777
2.6777
2.6777
2.6777
2.6777
2.6777
2.6777
2.6777
2.6777
2.6777
2.6777
2.6777
2.6777
2.6777
2.6777
2.6777
2.6777
2.6777
2.70667
3.0034
2.59791
2.65391
3.19801
3.18814
2.99608
2.95346
2.74034
2.72185
2.97196
2.94921
2.98627
2.93285
2.78599
2.71758
2.69759
2.69193
2.6777
2.6777
2.6777
3.00149
3.18016
2.87
3.01432
3.3842
3.42434
3.23111
3.08807
2.91922
2.82247
2.99682
3.02928
2.97758
2.9734
2.95663
2.90676
2.84616
2.7739
2.68957
2.6777
2.6777
2.85005
3.02401
2.8194
3.05192
3.33645
3.23806
2.84847
2.75064
2.94143
2.78084
2.82019
2.81128
2.58143
2.69936
2.92419
2.98496
2.9368
2.83201
2.69592
2.6777
2.6777
2.71585
2.84279
2.80721
2.99361
3.17502
2.73988
2.53219
2.72809
2.83609
2.89876
2.96242
2.78381
2.52887
2.75723
3.01239
3.06388
2.99442
2.86268
2.69668
2.6777
2.6777
2.71318
2.78888
2.80287
2.64019
2.58888
2.43013
2.55934
2.68045
2.74403
2.86723
3.09304
2.95559
2.78737
2.98471
3.13892
3.11529
3.00994
2.86567
2.69544
2.6777
2.6777
2.55696
2.42476
2.39199
2.41653
2.43731
2.46067
2.67283
2.67093
2.75993
2.7927
2.82367
2.78351
2.79945
2.98992
3.10026
3.06388
2.96385
2.83536
2.68749
2.6777
2.6777
2.35093
2.03405
2.08458
2.42211
2.45673
2.54899
2.74304
2.76581
2.81022
2.75664
2.60669
2.68272
2.92216
2.96605
2.98784
2.95558
2.88759
2.79064
2.67819
2.6777
2.6777
2.43384
2.07706
2.14674
2.49297
2.55441
2.63181
2.70925
2.82748
2.88867
2.80455
2.76987
2.68611
2.80835
2.90981
2.91078
2.87921
2.82872
2.75846
2.67564
2.6777
2.6777
2.65858
2.34467
2.4251
2.58371
2.57472
2.44188
2.43101
2.53678
2.64185
2.75571
2.88269
2.71609
2.6465
2.80714
2.86735
2.84714
2.80074
2.74273
2.67661
2.6777
2.6777
2.3908
2.17073
2.29436
2.54982
2.62797
2.61393
2.65447
2.69769
2.741
2.78182
2.79499
2.69878
2.73433
2.87778
2.90545
2.85212
2.79137
2.73403
2.67785
2.6777
2.6777
2.5415
2.16787
2.19694
2.44379
2.57595
2.59718
2.61568
2.53101
2.54788
2.68817
2.69213
2.63376
2.63377
2.82486
2.85404
2.80888
2.76361
2.71792
2.67664
2.6777
2.6777
2.36687
2.11221
2.34197
2.42376
2.33531
2.44789
2.52073
2.56172
2.52549
2.5507
2.51963
2.49259
2.48157
2.61322
2.69221
2.72138
2.71951
2.69565
2.67297
2.6777
2.6777
2.46514
2.31476
2.57002
2.66786
2.37121
2.34381
2.44392
2.58655
2.65741
2.5851
2.5426
2.53909
2.72791
2.78616
2.73495
2.71778
2.70858
2.68685
2.66934
2.6777
2.6777
2.73837
2.56613
2.66681
2.79422
2.62016
2.54743
2.57782
2.62221
2.67763
2.58021
2.59327
2.65641
2.79335
2.80957
2.77719
2.75595
2.73266
2.69994
2.67329
2.6777
2.6777
2.45081
2.40316
2.50543
2.60798
2.59036
2.64385
2.62873
2.62186
2.67212
2.64645
2.57454
2.6036
2.58927
2.69022
2.7907
2.79776
2.7633
2.71946
2.67876
2.6777
2.6777
2.59968
2.52062
2.50746
2.56836
2.68728
2.71333
2.65927
2.59687
2.62406
2.63478
2.62496
2.71498
2.70345
2.74109
2.82574
2.82772
2.78061
2.7298
2.68106
2.6777
2.6777
2.70065
2.64943
2.64184
2.71445
2.81625
2.78214
2.69839
2.63806
2.67566
2.72847
2.78022
2.87094
2.85111
2.804
2.81932
2.81312
2.77035
2.72558
2.6818
2.6777
2.6777
2.68942
2.69003
2.70744
2.75652
2.80641
2.77464
2.70938
2.67689
2.70107
2.74398
2.79003
2.84336
2.82994
2.78758
2.77089
2.76223
2.73345
2.70674
2.6799
2.6777
2.6777
2.67969
2.68879
2.69602
2.70842
2.72587
2.7106
2.67246
2.67436
2.68578
2.69092
2.70194
2.71879
2.70814
2.6964
2.68342
2.68981
2.68069
2.6802
2.6777
2.6777
2.6777
2.6777
2.6777
2.6777
2.6777
2.6777
2.6777
2.6777
2.6777
2.6777
2.6777
2.6777
2.6777
2.6777
2.6777
2.6777
2.6777
2.6777
2.6777
2.6777
2.6777
2.7854
2.7854
2.7854
2.7854
2.7854
2.7854
2.7854
2.7854
2.7854
2.7854
2.7854
2.7854
2.7854
2.7854
2.7854
2.7854
2.7854
2.7854
2.7854
2.7854
2.7854
2.7854
2.81773
3.05612
2.74805
2.78223
3.23492
3.23912
3.05984
3.02019
2.85852
2.82373
3.01219
3.02148
3.04182
2.99565
2.89015
2.83063
2.80527
2.79431
2.7854
2.7854
2.7854
3.04581
3.21576
3.01421
3.17206
3.4836
3.51357
3.3338
3.1917
3.05081
2.95628
3.07982
3.11647
3.07317
3.07594
3.06911
3.02027
2.95326
2.87727
2.79431
2.7854
2.7854
2.93453
3.11709
2.99767
3.20249
3.45959
3.36883
3.04787
2.96821
3.08647
2.95879
2.98815
2.97362
2.80855
2.90847
3.08517
3.11469
3.05011
2.93651
2.79925
2.7854
2.7854
2.83347
2.98039
2.98298
3.15432
3.32224
2.97731
2.76891
2.90727
3.00597
3.048
3.1112
2.98977
2.79351
2.97155
3.17479
3.19638
3.11241
2.97059
2.80123
2.7854
2.7854
2.81191
2.88958
2.91196
2.83641
2.82137
2.68224
2.74448
2.82608
2.89817
3.01406
3.20312
3.13836
3.00891
3.16066
3.28404
3.24265
3.13164
2.9778
2.80029
2.7854
2.7854
2.68259
2.57127
2.56436
2.62331
2.6634
2.67892
2.80461
2.78881
2.88092
2.92723
2.97958
2.99328
3.02789
3.1702
3.24956
3.19655
3.09517
2.95625
2.79624
2.7854
2.7854
2.49681
2.22798
2.2711
2.57189
2.6554
2.74511
2.87975
2.88057
2.94028
2.89241
2.79417
2.8717
3.08595
3.14355
3.15447
3.10648
3.02991
2.92029
2.79071
2.7854
2.7854
2.56079
2.22587
2.26663
2.57789
2.68012
2.75208
2.80273
2.89244
2.97593
2.92324
2.89307
2.84235
2.96346
3.07321
3.07353
3.035
2.97474
2.88988
2.78768
2.7854
2.7854
2.73137
2.41727
2.4636
2.64711
2.70021
2.62572
2.58351
2.66082
2.76252
2.85439
2.94502
2.82082
2.79811
2.95864
3.01796
2.99643
2.94358
2.87207
2.78695
2.7854
2.7854
2.55676
2.31654
2.38523
2.60331
2.71051
2.72273
2.71442
2.73574
2.78141
2.84943
2.87125
2.80184
2.83427
2.98481
3.02496
2.98449
2.9251
2.85953
2.78748
2.7854
2.7854
2.64651
2.30642
2.32063
2.50428
2.63599
2.70045
2.6981
2.63141
2.63753
2.76193
2.76886
2.72699
2.73586
2.91151
2.95658
2.92919
2.89103
2.84137
2.78734
2.7854
2.7854
2.51807
2.28204
2.42717
2.49325
2.46278
2.5773
2.63208
2.6419
2.60127
2.64864
2.63939
2.62919
2.63033
2.74641
2.81723
2.84123
2.84162
2.81778
2.78443
2.7854
2.7854
2.60875
2.45665
2.62728
2.69051
2.49184
2.49428
2.57012
2.66455
2.70388
2.69068
2.6755
2.69035
2.82813
2.87749
2.84631
2.83291
2.82649
2.8077
2.78309
2.7854
2.7854
2.80465
2.63906
2.71161
2.81119
2.69395
2.66531
2.69094
2.71782
2.75089
2.70759
2.71421
2.77622
2.88315
2.90304
2.88054
2.86418
2.84603
2.816
2.78525
2.7854
2.7854
2.60754
2.53902
2.59518
2.68182
2.69919
2.75621
2.75355
2.74002
2.77425
2.76271
2.70998
2.74105
2.73615
2.80841
2.88961
2.90035
2.87005
2.8295
2.78742
2.7854
2.7854
2.72063
2.63405
2.61756
2.6777
2.79095
2.82923
2.78827
2.73287
2.75109
2.76487
2.75679
2.83153
2.82355
2.85124
2.92184
2.92835
2.8863
2.83772
2.78951
2.7854
2.7854
2.79982
2.74604
2.74099
2.80968
2.908
2.89306
2.8219
2.76984
2.7948
2.84108
2.88545
2.96043
2.94415
2.90615
2.91802
2.91525
2.87538
2.83257
2.78951
2.7854
2.7854
2.79254
2.79048
2.8062
2.85107
2.8994
2.87837
2.81953
2.79356
2.81353
2.85086
2.89282
2.93717
2.92487
2.88692
2.87221
2.86612
2.84014
2.81399
2.78802
2.7854
2.7854
2.78626
2.79719
2.7974
2.81334
2.8237
2.81946
2.77126
2.77927
2.79992
2.79675
2.81177
2.82566
2.81614
2.79476
2.79465
2.79768
2.78991
2.78812
2.7854
2.7854
2.7854
2.7854
2.7854
2.7854
2.7854
2.7854
2.7854
2.7854
2.7854
2.7854
2.7854
2.7854
2.7854
2.7854
2.7854
2.7854
2.7854
2.7854
2.7854
2.7854
2.7854
2.7854
2.7854
2.7854
2.7854
2.7854
2.7854
2.7854
2.7854
2.7854
2.7854
2.7854
2.7854
2.7854
2.7854
2.7854
2.7854
2.7854
2.7854
2.7854
2.7854
2.7854
2.7854
2.81612
3.00512
2.77433
2.81167
3.15092
3.16013
3.02117
2.98145
2.85097
2.82423
2.94935
2.98592
2.97744
2.95505
2.89217
2.82711
2.80343
2.79279
2.7854
2.7854
2.7854
2.99864
3.16095
3.04319
3.19958
3.46907
3.48606
3.33471
3.18164
3.05925
2.97791
3.05673
3.09396
3.05879
3.06871
3.06577
3.01289
2.94476
2.87115
2.79279
2.7854
2.7854
2.92884
3.10779
3.05602
3.25534
3.46707
3.38931
3.11458
3.04132
3.10064
3.00663
3.02311
3.01442
2.902
2.98227
3.1106
3.1132
3.04244
2.92861
2.79781
2.7854
2.7854
2.84596
3.00119
3.03283
3.19416
3.3422
3.07371
2.86433
2.95224
3.03375
3.06954
3.12649
3.05711
2.91738
3.04582
3.19473
3.19482
3.10673
2.96483
2.80034
2.7854
2.7854
2.82006
2.8923
2.9268
2.92394
2.936
2.8112
2.8084
2.85267
2.92096
3.03806
3.19602
3.19045
3.09572
3.20278
3.28595
3.2394
3.13311
2.97721
2.80064
2.7854
2.7854
2.70494
2.61737
2.63642
2.73202
2.7916
2.79497
2.84113
2.80051
2.88321
2.95265
3.02528
3.08128
3.11887
3.21867
3.26224
3.20299
3.10626
2.96292
2.79739
2.7854
2.7854
2.5714
2.33124
2.383
2.66003
2.77408
2.84782
2.9107
2.88578
2.94682
2.92908
2.87785
2.9548
3.12827
3.1875
3.18491
3.13416
3.05661
2.9362
2.79417
2.7854
2.7854
2.59329
2.30267
2.34325
2.62811
2.75947
2.82374
2.83359
2.89072
2.97116
2.95037
2.92737
2.89543
2.99769
3.1054
3.10833
3.07107
3.00978
2.91094
2.79172
2.7854
2.7854
2.7195
2.43646
2.4754
2.67181
2.77315
2.74116
2.67323
2.72001
2.79994
2.87653
2.9326
2.83681
2.83788
2.9921
3.05129
3.03279
2.9796
2.89372
2.79107
2.7854
2.7854
2.61369
2.37741
2.42803
2.62494
2.76114
2.79756
2.75649
2.75357
2.78739
2.85833
2.87634
2.81773
2.84212
2.99081
3.04123
3.01243
2.95786
2.88015
2.79129
2.7854
2.7854
2.64872
2.36447
2.38093
2.53723
2.68288
2.78572
2.77645
2.70689
2.6883
2.79001
2.79625
2.75638
2.75469
2.91314
2.96991
2.9531
2.91953
2.85997
2.79079
2.7854
2.7854
2.58016
2.3646
2.4625
2.53509
2.56643
2.70266
2.74585
2.71783
2.65512
2.70615
2.71291
2.70436
2.69379
2.78939
2.85136
2.86557
2.86496
2.83341
2.78759
2.7854
2.7854
2.64503
2.50926
2.62976
2.69342
2.5901
2.63211
2.69524
2.73904
2.73816
2.75336
2.76691
2.78484
2.86131
2.88813
2.86317
2.84676
2.84017
2.81869
2.78525
2.7854
2.7854
2.77757
2.63953
2.69986
2.79333
2.7401
2.75116
2.77705
2.78328
2.78923
2.77969
2.7978
2.85207
2.91109
2.91372
2.88593
2.86858
2.85145
2.82133
2.78644
2.7854
2.7854
2.65627
2.58261
2.61971
2.70443
2.75099
2.81351
2.81783
2.79719
2.81235
2.81093
2.78237
2.81281
2.79885
2.83631
2.88841
2.89796
2.86958
2.8298
2.78815
2.7854
2.7854
2.72687
2.65417
2.64664
2.7105
2.8188
2.86496
2.83191
2.781
2.78778
2.80093
2.80252
2.86459
2.85132
2.86293
2.91063
2.91826
2.8812
2.83511
2.7895
2.7854
2.7854
2.78851
2.74541
2.7492
2.81446
2.90299
2.90518
2.84518
2.79857
2.81119
2.84824
2.89102
2.95251
2.93649
2.9025
2.90514
2.90353
2.86829
2.82878
2.78947
2.7854
2.7854
2.79303
2.78835
2.80093
2.843
2.88747
2.87808
2.82503
2.80458
2.8165
2.84678
2.88915
2.92429
2.91238
2.87777
2.86223
2.85784
2.83505
2.81139
2.7877
2.7854
2.7854
2.78695
2.7979
2.78615
2.8116
2.81405
2.82473
2.77527
2.78664
2.79369
2.79262
2.81557
2.82005
2.81286
2.7941
2.79263
2.79577
2.78944
2.7877
2.7854
2.7854
2.7854
2.7854
2.7854
2.7854
2.7854
2.7854
2.7854
2.7854
2.7854
2.7854
2.7854
2.7854
2.7854
2.7854
2.7854
2.7854
2.7854
2.7854
2.7854
2.7854
2.7854
2.7854
2.7854
2.7854
2.7854
2.7854
2.7854
2.7854
2.7854
2.7854
2.7854
2.7854
2.7854
2.7854
2.7854
2.7854
2.7854
2.7854
2.7854
2.7854
2.7854
2.7854
2.7854
2.81299
2.9769
2.80126
2.82424
3.09009
3.10819
2.97305
2.95413
2.84398
2.83607
2.90676
2.95399
2.94405
2.91837
2.87823
2.8231
2.80025
2.79195
2.7854
2.7854
2.7854
2.9597
3.12221
3.06066
3.20369
3.46042
3.46218
3.30282
3.15974
3.05142
2.98953
3.0367
3.07039
3.04247
3.04631
3.04325
2.99207
2.92887
2.86167
2.79205
2.7854
2.7854
2.9263
3.10411
3.09795
3.30447
3.47526
3.39762
3.13611
3.06698
3.09013
3.03057
3.03895
3.0328
2.95695
3.0131
3.09905
3.08747
3.0186
2.91393
2.79624
2.7854
2.7854
2.85712
3.01726
3.06655
3.22149
3.34387
3.1209
2.91739
2.96086
3.03168
3.07518
3.12573
3.09069
2.99181
3.07413
3.17321
3.16146
3.07994
2.94914
2.79892
2.7854
2.7854
2.82083
2.90172
2.95076
2.99763
3.02384
2.89931
2.85262
2.85684
2.92489
3.04987
3.19003
3.21781
3.14579
3.20927
3.25716
3.20993
3.11456
2.96577
2.8008
2.7854
2.7854
2.71823
2.66657
2.71491
2.83942
2.9146
2.89266
2.87986
2.81632
2.89097
2.98143
3.06957
3.14327
3.17442
3.23767
3.24803
3.19333
3.10364
2.96
2.79956
2.7854
2.7854
2.59735
2.42428
2.50341
2.76601
2.89411
2.94482
2.95148
2.90464
2.96593
2.97982
2.96585
3.0324
3.16335
3.21322
3.1902
3.14392
3.06473
2.9404
2.79626
2.7854
2.7854
2.60995
2.38558
2.44911
2.71563
2.86084
2.91105
2.89017
2.92777
3.00111
3.00332
2.98678
2.95647
3.03406
3.13051
3.12849
3.09537
3.03108
2.92244
2.79483
2.7854
2.7854
2.7078
2.48545
2.53889
2.74455
2.87933
2.87094
2.7807
2.81126
2.8778
2.9358
2.96429
2.87809
2.88336
3.02109
3.07454
3.05549
3.00349
2.90831
2.79434
2.7854
2.7854
2.6598
2.45682
2.51513
2.70626
2.86858
2.92211
2.84987
2.83184
2.8546
2.9133
2.9242
2.86567
2.87535
3.0009
3.05044
3.02648
2.98062
2.89521
2.79461
2.7854
2.7854
2.65043
2.43931
2.47995
2.63466
2.80216
2.9316
2.91025
2.83417
2.79588
2.86877
2.87465
2.82903
2.81067
2.93027
2.98295
2.97092
2.94269
2.87444
2.79385
2.7854
2.7854
2.61197
2.45327
2.54569
2.6445
2.7292
2.88263
2.9156
2.85744
2.76852
2.81051
2.82803
2.81558
2.78741
2.843
2.88517
2.89173
2.88502
2.8448
2.78982
2.7854
2.7854
2.68803
2.57202
2.68042
2.76785
2.74994
2.82244
2.87227
2.87765
2.83684
2.86147
2.89066
2.90595
2.9314
2.91972
2.88607
2.86791
2.8535
2.82533
2.7869
2.7854
2.7854
2.75936
2.66271
2.72765
2.8356
2.84593
2.88513
2.91032
2.90223
2.8796
2.88162
2.90909
2.95688
2.97241
2.9423
2.89835
2.87707
2.85226
2.82121
2.78664
2.7854
2.7854
2.69529
2.62772
2.66549
2.75879
2.83337
2.89866
2.90394
2.88048
2.87303
2.87227
2.86441
2.8992
2.87253
2.87413
2.89244
2.89159
2.85984
2.82434
2.78704
2.7854
2.7854
2.73886
2.67861
2.68116
2.74797
2.85575
2.90615
2.87811
2.8321
2.82433
2.82926
2.84575
2.90337
2.88385
2.87837
2.90133
2.90266
2.86709
2.82719
2.7884
2.7854
2.7854
2.78202
2.7494
2.75726
2.81624
2.89827
2.91223
2.85993
2.8223
2.82323
2.84612
2.89393
2.94846
2.93215
2.89813
2.89045
2.88588
2.85293
2.82037
2.78826
2.7854
2.7854
2.79702
2.78744
2.79418
2.83293
2.87278
2.87153
2.82635
2.81115
2.8165
2.83482
2.88157
2.91374
2.89953
2.86626
2.85178
2.8448
2.82356
2.80551
2.78682
2.7854
2.7854
2.78695
2.79789
2.77886
2.81317
2.80743
2.81654
2.7777
2.78628
2.7969
2.7839
2.81126
2.81935
2.80812
2.78647
2.79186
2.79285
2.78147
2.78702
2.7854
2.7854
2.7854
2.7854
2.7854
2.7854
2.7854
2.7854
2.7854
2.7854
2.7854
2.7854
2.7854
2.7854
2.7854
2.7854
2.7854
2.7854
2.7854
2.7854
2.7854
2.7854
2.7854
3.0175
3.0175
3.0175
3.0175
3.0175
3.0175
3.0175
3.0175
3.0175
3.0175
3.0175
3.0175
3.0175
3.0175
3.0175
3.0175
3.0175
3.0175
3.0175
3.0175
3.0175
3.0175
3.04493
3.20312
3.02978
3.06663
3.29972
3.3138
3.18818
3.16686
3.08705
3.10183
3.14333
3.18333
3.16519
3.135
3.11223
3.0517
3.04438
3.02338
3.0175
3.0175
3.0175
3.17401
3.32265
3.27751
3.40024
3.65864
3.65838
3.46887
3.35389
3.26929
3.23494
3.26435
3.28938
3.26179
3.24899
3.24238
3.19343
3.14264
3.08144
3.02338
3.0175
3.0175
3.16111
3.3203
3.33299
3.50239
3.72387
3.62119
3.35722
3.29416
3.30563
3.28221
3.27896
3.27396
3.21448
3.24014
3.28873
3.27053
3.21476
3.12436
3.02697
3.0175
3.0175
3.097
3.2507
3.30906
3.44897
3.5533
3.37682
3.17715
3.18394
3.25093
3.31045
3.35537
3.33872
3.26044
3.29885
3.35691
3.33687
3.26929
3.15499
3.02981
3.0175
3.0175
3.07
3.14864
3.21458
3.28494
3.31604
3.20553
3.12131
3.08463
3.15725
3.29167
3.42015
3.4569
3.39378
3.41777
3.43569
3.38814
3.30386
3.17248
3.03194
3.0175
3.0175
2.97082
2.95602
3.0362
3.17349
3.2558
3.22049
3.15515
3.05174
3.13523
3.24793
3.34273
3.41849
3.43192
3.46389
3.44872
3.38917
3.30453
3.17269
3.03154
3.0175
3.0175
2.88804
2.75803
2.87164
3.11254
3.24429
3.26635
3.22799
3.1585
3.2341
3.27537
3.28198
3.33448
3.41711
3.44568
3.40554
3.35701
3.27953
3.16055
3.02954
3.0175
3.0175
2.87753
2.71283
2.81055
3.05788
3.20341
3.23278
3.18122
3.22072
3.3003
3.31638
3.30035
3.2562
3.29639
3.36543
3.35835
3.3266
3.26103
3.15073
3.02942
3.0175
3.0175
2.96164
2.78953
2.86727
3.08024
3.2302
3.22609
3.10831
3.15326
3.22523
3.27568
3.27532
3.18035
3.1609
3.26364
3.30378
3.28913
3.2459
3.14318
3.03045
3.0175
3.0175
2.91773
2.77079
2.85621
3.04486
3.22674
3.27672
3.18338
3.1842
3.20993
3.26006
3.25263
3.18312
3.16085
3.24348
3.28153
3.25688
3.22697
3.13296
3.03141
3.0175
3.0175
2.90909
2.75939
2.82712
2.98519
3.18004
3.31788
3.28514
3.22805
3.18193
3.23313
3.22905
3.17519
3.13314
3.19336
3.2306
3.20949
3.18762
3.11164
3.02946
3.0175
3.0175
2.84741
2.77247
2.88656
3.01251
3.14635
3.30267
3.31934
3.25638
3.15566
3.19016
3.20713
3.18742
3.1435
3.13944
3.15175
3.14217
3.12805
3.08068
3.02323
3.0175
3.0175
2.94025
2.8632
2.98968
3.11251
3.16837
3.24907
3.28731
3.27947
3.20799
3.23267
3.26521
3.28134
3.27794
3.20934
3.14626
3.11671
3.08993
3.05781
3.01958
3.0175
3.0175
2.99359
2.92517
3.00671
3.14462
3.21329
3.26084
3.28208
3.27259
3.22875
3.23398
3.26727
3.31484
3.2986
3.22692
3.15057
3.1171
3.07825
3.04926
3.01776
3.0175
3.0175
2.93472
2.89473
2.94383
3.05465
3.15347
3.22002
3.22389
3.20186
3.18557
3.18555
3.19521
3.2307
3.19022
3.15345
3.13498
3.12219
3.08158
3.04941
3.01836
3.0175
3.0175
2.9846
2.93096
2.94291
3.00894
3.11808
3.17358
3.15039
3.11482
3.10547
3.10727
3.13502
3.1846
3.15843
3.13213
3.12898
3.12209
3.08265
3.04964
3.01917
3.0175
3.0175
3.01391
2.98498
2.99331
3.04254
3.11453
3.13479
3.09862
3.0737
3.07698
3.08775
3.13833
3.18588
3.16824
3.12903
3.11376
3.10165
3.06898
3.04294
3.01915
3.0175
3.0175
3.03088
3.01967
3.02006
3.0516
3.08324
3.08921
3.05795
3.04692
3.05482
3.06418
3.11365
3.13957
3.1266
3.09352
3.07746
3.06743
3.04507
3.03141
3.01824
3.0175
3.0175
3.01611
3.03347
3.01892
3.03815
3.02889
3.02801
3.02882
3.01303
3.02278
3.01331
3.05713
3.04671
3.05054
3.02646
3.02066
3.03136
3.01349
3.01834
3.0175
3.0175
3.0175
3.0175
3.0175
3.0175
3.0175
3.0175
3.0175
3.0175
3.0175
3.0175
3.0175
3.0175
3.0175
3.0175
3.0175
3.0175
3.0175
3.0175
3.0175
3.0175
3.0175
3.0175
3.0175
3.0175
3.0175
3.0175
3.0175
3.0175
3.0175
3.0175
3.0175
3.0175
3.0175
3.0175
3.0175
3.0175
3.0175
3.0175
3.0175
3.0175
3.0175
3.0175
3.0175
3.04151
3.1625
3.06689
3.08099
3.23489
3.22593
3.13808
3.12033
3.10797
3.1105
3.13917
3.13974
3.14377
3.08874
3.07742
3.04365
3.04623
3.02149
3.0175
3.0175
3.0175
3.13968
3.24752
3.19974
3.27759
3.46346
3.46083
3.32683
3.24425
3.20685
3.19286
3.20664
3.2114
3.19317
3.16142
3.16489
3.13232
3.10245
3.05739
3.02149
3.0175
3.0175
3.1245
3.23672
3.22789
3.34045
3.50722
3.43728
3.25095
3.19769
3.22347
3.23268
3.20094
3.18254
3.13567
3.14187
3.18466
3.17568
3.13979
3.08168
3.02318
3.0175
3.0175
3.10406
3.17977
3.2126
3.30602
3.38979
3.28461
3.14472
3.12083
3.1798
3.23761
3.25551
3.24021
3.17558
3.18289
3.2251
3.21855
3.17264
3.10044
3.02523
3.0175
3.0175
3.04126
3.10425
3.14905
3.20342
3.23568
3.18513
3.11655
3.05013
3.11216
3.21912
3.31756
3.33614
3.27134
3.27051
3.28021
3.25121
3.19478
3.11198
3.02686
3.0175
3.0175
3.01047
2.97624
3.03978
3.15003
3.21162
3.19755
3.1523
3.01806
3.1068
3.19733
3.26229
3.3226
3.30701
3.31566
3.3023
3.26045
3.19827
3.11335
3.0268
3.0175
3.0175
2.90453
2.83179
2.95204
3.13233
3.23311
3.23327
3.20904
3.11076
3.19455
3.22465
3.22396
3.28
3.30699
3.31127
3.2745
3.23772
3.18056
3.10594
3.02511
3.0175
3.0175
2.92867
2.81446
2.90587
3.08205
3.18654
3.20174
3.15544
3.1994
3.2918
3.296
3.27201
3.21846
3.22254
3.24722
3.23729
3.2158
3.17006
3.10135
3.025
3.0175
3.0175
2.99302
2.88048
2.94839
3.10678
3.22267
3.21729
3.08763
3.16323
3.25036
3.28487
3.25088
3.14633
3.10515
3.16949
3.20208
3.19432
3.17376
3.10114
3.02695
3.0175
3.0175
2.93407
2.86447
2.95003
3.08589
3.22204
3.25753
3.15742
3.19764
3.23971
3.27922
3.24098
3.17059
3.12626
3.16312
3.20192
3.17686
3.16418
3.09677
3.0282
3.0175
3.0175
2.9155
2.84986
2.91652
3.0342
3.19159
3.3002
3.28081
3.26863
3.24207
3.25678
3.24275
3.17259
3.12327
3.13436
3.17457
3.1468
3.13735
3.08227
3.02623
3.0175
3.0175
2.91048
2.85458
2.96775
3.0716
3.20137
3.33692
3.34513
3.29934
3.19817
3.2175
3.22608
3.19531
3.14448
3.10595
3.11229
3.10898
3.09635
3.06001
3.02161
3.0175
3.0175
2.93661
2.90196
3.03915
3.15356
3.22036
3.28685
3.31847
3.30581
3.21998
3.24651
3.27584
3.28629
3.2692
3.1813
3.10436
3.08619
3.05677
3.0411
3.01775
3.0175
3.0175
2.98364
2.94632
3.03116
3.17333
3.23517
3.27051
3.28036
3.27201
3.21803
3.21817
3.25232
3.29358
3.26531
3.19264
3.1102
3.08629
3.05057
3.03466
3.0171
3.0175
3.0175
2.95482
2.93067
2.98369
3.07968
3.15862
3.21104
3.20505
3.1853
3.16105
3.15089
3.16754
3.20435
3.16297
3.12241
3.09416
3.08836
3.0554
3.0352
3.0177
3.0175
3.0175
2.97954
2.9522
2.97218
3.01391
3.0971
3.12919
3.09869
3.08778
3.07902
3.07853
3.10828
3.15092
3.12204
3.09345
3.08839
3.08389
3.05246
3.03457
3.01804
3.0175
3.0175
3.02909
2.99972
3.001
3.03149
3.08056
3.09119
3.05861
3.05439
3.05384
3.05373
3.09821
3.14078
3.1226
3.0886
3.07591
3.06665
3.04166
3.02961
3.01769
3.0175
3.0175
3.02224
3.01943
3.01441
3.04025
3.05269
3.06198
3.02818
3.02581
3.03957
3.04359
3.0855
3.10399
3.09747
3.0697
3.05656
3.04855
3.03201
3.02417
3.01742
3.0175
3.0175
3.01113
3.02966
3.01731
3.02369
3.02241
3.03289
3.01427
3.00076
3.01596
3.00863
3.05504
3.03375
3.05145
3.02811
3.02263
3.02769
3.01724
3.01742
3.0175
3.0175
3.0175
3.0175
3.0175
3.0175
3.0175
3.0175
3.0175
3.0175
3.0175
3.0175
3.0175
3.0175
3.0175
3.0175
3.0175
3.0175
3.0175
3.0175
3.0175
3.0175
3.0175
3.0443
3.0443
3.0443
3.0443
3.0443
3.0443
3.0443
3.0443
3.0443
3.0443
3.0443
3.0443
3.0443
3.0443
3.0443
3.0443
3.0443
3.0443
3.0443
3.0443
3.0443
3.0443
3.05618
3.05384
3.05098
3.05065
3.09677
3.09803
3.07644
3.07302
3.05887
3.06895
3.08695
3.08078
3.08902
3.07203
3.05567
3.05045
3.0486
3.0443
3.0443
3.0443
3.0443
3.08174
3.18764
3.06182
3.08136
3.24974
3.26306
3.17655
3.11533
3.10443
3.09662
3.12924
3.12991
3.14116
3.08283
3.09986
3.07325
3.07431
3.04819
3.0443
3.0443
3.0443
3.05534
3.13654
3.02422
3.08837
3.23863
3.18914
3.03204
3.03077
3.13396
3.15932
3.06099
3.03663
3.00728
3.01247
3.07218
3.07294
3.07517
3.04978
3.0443
3.0443
3.0443
3.0545
3.06602
3.05951
3.08553
3.17665
3.08517
3.04826
3.02152
3.11033
3.15443
3.09536
3.0993
3.02942
3.0341
3.08597
3.08912
3.06482
3.05203
3.0443
3.0443
3.0443
3.04507
3.07323
3.0765
3.06573
3.0521
3.09487
3.12865
2.97712
3.05333
3.10639
3.20693
3.20241
3.10196
3.08414
3.10493
3.08644
3.06054
3.05376
3.0443
3.0443
3.0443
3.03062
3.01534
3.02695
3.08342
3.09978
3.10963
3.15587
2.84463
3.06171
3.09124
3.09962
3.17426
3.08778
3.10988
3.10736
3.09026
3.06312
3.0535
3.0443
3.0443
3.0443
3.03048
2.8966
3.06613
3.17491
3.19455
3.12815
3.21576
2.95437
3.15687
3.0857
3.0358
3.1677
3.14924
3.1243
3.08959
3.07284
3.05398
3.05181
3.0443
3.0443
3.0443
3.04501
2.91225
2.9894
3.06681
3.09473
3.08829
3.03498
3.13018
3.30472
3.19836
3.20046
3.10526
3.11094
3.09814
3.06453
3.06627
3.05233
3.0519
3.0443
3.0443
3.0443
3.04592
3.01041
3.02812
3.10877
3.2152
3.17372
2.89725
3.07165
3.23307
3.19998
3.15042
2.99936
2.94185
3.04987
3.06174
3.06232
3.09417
3.05365
3.0443
3.0443
3.0443
3.00242
2.98644
3.05266
3.09318
3.14214
3.16827
2.99913
3.10636
3.18521
3.23018
3.1375
3.11567
3.07152
3.07709
3.12153
3.0584
3.0729
3.0549
3.0443
3.0443
3.0443
3.01589
2.98173
2.9798
2.98522
3.08977
3.14179
3.13537
3.22751
3.24045
3.20607
3.20248
3.08361
3.0415
3.04158
3.12204
3.04419
3.0718
3.05313
3.0443
3.0443
3.0443
3.01042
2.93932
3.06712
3.0427
3.14895
3.2923
3.28537
3.27936
3.0914
3.14472
3.11581
3.10385
3.04998
2.99684
3.0484
3.06182
3.0754
3.04841
3.0443
3.0443
3.0443
3.01553
2.96412
3.15204
3.1553
3.17673
3.18622
3.25102
3.24963
3.09777
3.2055
3.22867
3.21546
3.23143
3.12304
3.01515
3.04022
3.02229
3.04445
3.0443
3.0443
3.0443
3.02998
2.99918
3.03097
3.20292
3.18301
3.17866
3.17579
3.19609
3.11516
3.14094
3.17676
3.1886
3.17615
3.1313
3.04151
3.05915
3.03505
3.0438
3.0443
3.0443
3.0443
3.02887
2.99035
3.03095
3.07211
3.09539
3.12937
3.12542
3.12538
3.12785
3.09098
3.08268
3.09708
3.0438
3.04344
3.04241
3.0685
3.04876
3.0446
3.0443
3.0443
3.0443
3.04091
2.99114
3.01738
3.00038
3.06903
3.05532
2.98849
3.04445
3.03207
3.05144
3.04587
3.07922
3.03861
3.0309
3.06248
3.06676
3.03565
3.04474
3.0443
3.0443
3.0443
3.04663
3.04702
3.04389
3.04426
3.07422
3.06734
3.0263
3.06899
3.048
3.03264
3.04997
3.09899
3.07349
3.0495
3.05174
3.0554
3.03583
3.04439
3.0443
3.0443
3.0443
3.047
3.04972
3.02582
3.07418
3.03909
3.06984
3.01422
3.01653
3.05367
3.04716
3.07607
3.07627
3.08064
3.05317
3.04642
3.05477
3.04865
3.04412
3.0443
3.0443
3.0443
3.04079
3.04708
3.04576
3.0457
3.04153
3.05118
3.0507
3.04829
3.04853
3.03847
3.05872
3.04949
3.0508
3.04692
3.04664
3.0416
3.04746
3.0443
3.0443
3.0443
3.0443
3.0443
3.0443
3.0443
3.0443
3.0443
3.0443
3.0443
3.0443
3.0443
3.0443
3.0443
3.0443
3.0443
3.0443
3.0443
3.0443
3.0443
3.0443
3.0443
3.0443
3.0443
3.0443
3.0443
3.0443
3.0443
3.0443
3.0443
3.0443
3.0443
3.0443
3.0443
3.0443
3.0443
3.0443
3.0443
3.0443
3.0443
3.0443
3.0443
3.0443
3.0443
3.0443
3.0443
3.0443
3.0443
3.0443
3.0443
3.0443
3.0443
3.0443
3.0443
3.0443
3.0443
3.0443
3.0443
3.0443
3.0443
3.0443
3.0443
3.0443
3.0443
3.0443
3.0443
3.0443
3.0443
3.0443
3.0443
3.0443
3.0443
3.0443
3.0443
3.0443
3.0443
3.0443
3.0443
3.0443
3.0443
3.0443
3.0443
3.0443
3.0443
3.0443
3.0443
3.0443
3.0443
3.0443
3.0443
3.0443
3.0443
3.0443
3.0443
3.0443
3.0443
3.0443
3.0443
3.0443
3.0443
3.0443
3.0443
3.0443
3.0443
3.0443
3.0443
3.0443
3.0443
3.0443
3.0443
3.0443
3.0443
3.0443
3.0443
3.0443
3.0443
3.0443
3.0443
3.0443
3.0443
3.0443
3.0443
3.0443
3.0443
3.0443
3.0443
3.0443
3.0443
3.0443
3.0443
3.0443
3.0443
3.0443
3.0443
3.0443
3.0443
3.0443
3.0443
3.0443
3.0443
3.0443
3.0443
3.0443
3.0443
3.0443
3.0443
3.0443
3.0443
3.0443
3.0443
3.0443
3.0443
3.0443
3.0443
3.0443
3.0443
3.0443
3.0443
3.0443
3.0443
3.0443
3.0443
3.0443
3.0443
3.0443
3.0443
3.0443
3.0443
3.0443
3.0443
3.0443
3.0443
3.0443
3.0443
3.0443
3.0443
3.0443
3.0443
3.0443
3.0443
3.0443
3.0443
3.0443
3.0443
3.0443
3.0443
3.0443
3.0443
3.0443
3.0443
3.0443
3.0443
3.0443
3.0443
3.0443
3.0443
3.0443
3.0443
3.0443
3.0443
3.0443
3.0443
3.0443
3.0443
3.0443
3.0443
3.0443
3.0443
3.0443
3.0443
3.0443
3.0443
3.0443
3.0443
3.0443
3.0443
3.0443
3.0443
3.0443
3.0443
3.0443
3.0443
3.0443
3.0443
3.0443
3.0443
3.0443
3.0443
3.0443
3.0443
3.0443
3.0443
3.0443
3.0443
3.0443
3.0443
3.0443
3.0443
3.0443
3.0443
3.0443
3.0443
3.0443
3.0443
3.0443
3.0443
3.0443
3.0443
3.0443
3.0443
3.0443
3.0443
3.0443
3.0443
3.0443
3.0443
3.0443
3.0443
3.0443
3.0443
3.0443
3.0443
3.0443
3.0443
3.0443
3.0443
3.0443
3.0443
3.0443
3.0443
3.0443
3.0443
3.0443
3.0443
3.0443
3.0443
3.0443
3.0443
3.0443
3.0443
3.0443
3.0443
3.0443
3.0443
3.0443
3.0443
3.0443
3.0443
3.0443
3.0443
3.0443
3.0443
3.0443
3.0443
3.0443
3.0443
3.0443
3.0443
3.0443
3.0443
3.0443
3.0443
3.0443
3.0443
3.0443
3.0443
3.0443
3.0443
3.0443
3.0443
3.0443
3.0443
3.0443
3.0443
3.0443
3.0443
3.0443
3.0443
3.0443
3.0443
3.0443
3.0443
3.0443
3.0443
3.0443
3.0443
3.0443
3.0443
3.0443
3.0443
3.0443
3.0443
3.0443
3.0443
3.0443
3.0443
3.0443
3.0443
3.0443
3.0443
3.0443
3.0443
3.0443
3.0443
3.0443
3.0443
3.0443
3.0443
3.0443
3.0443
3.0443
3.0443
3.0443
3.0443
3.0443
3.0443
3.0443
3.0443
3.0443
3.0443
3.0443
3.0443
3.0443
3.0443
3.0443
3.0443
3.0443
3.0443
3.0443
3.0443
3.0443
3.0443
3.0443
3.0443
3.0443
3.0443
3.0443
3.0443
3.0443
3.0443
3.0443
3.0443
3.0443
3.0443
3.0443
3.0443
3.0443
3.0443
3.0443
3.0443
3.0443
3.0443
3.0443
3.0443
3.0443
3.0443
3.0443
3.0443
3.0443
3.0443
3.0443
3.0443
3.0443
3.0443
3.0443
3.0443
3.0443
3.0443
3.0443
3.0443
3.0443
3.0443
3.0443
3.0443
3.0443
3.0443
3.0443
3.0443
3.0443
3.0443
3.0443
3.0443
3.0443
3.0443
3.0443
3.0443
3.0443
3.0443
3.0443
3.0443
3.0443
3.0443
3.0443
3.0443
3.0443
3.0443
3.0443
3.0443
3.0443
3.0443
3.0443
3.0443
3.0443
3.0443
3.0443
3.0443
3.0443
3.0443
3.0443
3.0443
3.0443
3.0443
3.0443
3.0443
3.0443
3.0443
3.0443
3.0443
3.0443
3.0443
3.0443
3.0443
3.0443
3.0443
