95.0 0 0
95.5 0 0
96.0 0 0
96.5 0 0
97.0 0 0
97.5 0 0
98.0 0 0
98.5 0 0
99.0 0 0
99.5 0 0
100.0 0 0
100.5 0 0
101.0 0 0
101.5 0 0
102.0 0 0
102.5 0 0
103.0 0 0
103.5 0 0
104.0 0 0
104.5 0 0
105.0 0 0
105.5 0 0
106.0 0 0
106.5 0 0
107.0 0 0
107.5 0 0
108.0 0 0
108.5 0 0
109.0 0 0
109.5 0 0
110.0 0 0
110.5 0 0
111.0 0 0
111.5 0 0
112.0 0 0
112.5 0 0
113.0 0 0
113.5 0 0
114.0 0 0
114.5 0 0
115.0 0 0
115.5 0 0
116.0 0 0
116.5 0 0
117.0 0 0
95.0 5 0.1954
95.5 5 0.2006
96.0 5 0.2058
96.5 5 0.2105
97.0 5 0.2142
97.5 5 0.2158
98.0 5 0.2143
98.5 5 0.2086
99.0 5 0.1976
99.5 5 0.1807
100.0 5 0.158
100.5 5 0.1302
101.0 5 0.0985
101.5 5 0.065
102.0 5 0.0358
102.5 5 0.0198
103.0 5 0.0204
103.5 5 0.0316
104.0 5 0.0401
104.5 5 0.0355
105.0 5 0.0185
105.5 5 0.0003
106.0 5 -0.0074
106.5 5 -0.0032
107.0 5 0.0041
107.5 5 0.0016
108.0 5 -0.0177
108.5 5 -0.0511
109.0 5 -0.0897
109.5 5 -0.1249
110.0 5 -0.1542
110.5 5 -0.1769
111.0 5 -0.1926
111.5 5 -0.2017
112.0 5 -0.205
112.5 5 -0.2037
113.0 5 -0.1987
113.5 5 -0.1911
114.0 5 -0.1818
114.5 5 -0.1715
115.0 5 -0.1606
115.5 5 -0.1495
116.0 5 -0.1385
116.5 5 -0.1276
117.0 5 -0.1168
95.0 10 0.1954
95.5 10 0.2006
96.0 10 0.2058
96.5 10 0.2105
97.0 10 0.2142
97.5 10 0.2158
98.0 10 0.2143
98.5 10 0.2086
99.0 10 0.1976
99.5 10 0.1807
100.0 10 0.158
100.5 10 0.1302
101.0 10 0.0985
101.5 10 0.065
102.0 10 0.0358
102.5 10 0.0198
103.0 10 0.0204
103.5 10 0.0316
104.0 10 0.0401
104.5 10 0.0355
105.0 10 0.0185
105.5 10 0.0003
106.0 10 -0.0074
106.5 10 -0.0032
107.0 10 0.0041
107.5 10 0.0016
108.0 10 -0.0177
108.5 10 -0.0511
109.0 10 -0.0897
109.5 10 -0.1249
110.0 10 -0.1542
110.5 10 -0.1769
111.0 10 -0.1926
111.5 10 -0.2017
112.0 10 -0.205
112.5 10 -0.2037
113.0 10 -0.1987
113.5 10 -0.1911
114.0 10 -0.1818
114.5 10 -0.1715
115.0 10 -0.1606
115.5 10 -0.1495
116.0 10 -0.1385
116.5 10 -0.1276
117.0 10 -0.1168
95.0 15 0.1954
95.5 15 0.2006
96.0 15 0.2058
96.5 15 0.2105
97.0 15 0.2142
97.5 15 0.2158
98.0 15 0.2143
98.5 15 0.2086
99.0 15 0.1976
99.5 15 0.1807
100.0 15 0.158
100.5 15 0.1302
101.0 15 0.0985
101.5 15 0.065
102.0 15 0.0358
102.5 15 0.0198
103.0 15 0.0204
103.5 15 0.0316
104.0 15 0.0401
104.5 15 0.0355
105.0 15 0.0185
105.5 15 0.0003
106.0 15 -0.0074
106.5 15 -0.0032
107.0 15 0.0041
107.5 15 0.0016
108.0 15 -0.0177
108.5 15 -0.0511
109.0 15 -0.0897
109.5 15 -0.1249
110.0 15 -0.1542
110.5 15 -0.1769
111.0 15 -0.1926
111.5 15 -0.2017
112.0 15 -0.205
112.5 15 -0.2037
113.0 15 -0.1987
113.5 15 -0.1911
114.0 15 -0.1818
114.5 15 -0.1715
115.0 15 -0.1606
115.5 15 -0.1495
116.0 15 -0.1385
116.5 15 -0.1276
117.0 15 -0.1168
95.0 20 0.1954
95.5 20 0.2006
96.0 20 0.2058
96.5 20 0.2105
97.0 20 0.2142
97.5 20 0.2158
98.0 20 0.2143
98.5 20 0.2086
99.0 20 0.1976
99.5 20 0.1807
100.0 20 0.158
100.5 20 0.1302
101.0 20 0.0985
101.5 20 0.065
102.0 20 0.0358
102.5 20 0.0198
103.0 20 0.0204
103.5 20 0.0316
104.0 20 0.0401
104.5 20 0.0355
105.0 20 0.0185
105.5 20 0.0003
106.0 20 -0.0074
106.5 20 -0.0032
107.0 20 0.0041
107.5 20 0.0016
108.0 20 -0.0177
108.5 20 -0.0511
109.0 20 -0.0897
109.5 20 -0.1249
110.0 20 -0.1542
110.5 20 -0.1769
111.0 20 -0.1926
111.5 20 -0.2017
112.0 20 -0.205
112.5 20 -0.2037
113.0 20 -0.1987
113.5 20 -0.1911
114.0 20 -0.1818
114.5 20 -0.1715
115.0 20 -0.1606
115.5 20 -0.1495
116.0 20 -0.1385
116.5 20 -0.1276
117.0 20 -0.1168
95.0 25 0
95.5 25 0
96.0 25 0
96.5 25 0
97.0 25 0
97.5 25 0
98.0 25 0
98.5 25 0
99.0 25 0
99.5 25 0
100.0 25 0
100.5 25 0
101.0 25 0
101.5 25 0
102.0 25 0
102.5 25 0
103.0 25 0
103.5 25 0
104.0 25 0
104.5 25 0
105.0 25 0
105.5 25 0
106.0 25 0
106.5 25 0
107.0 25 0
107.5 25 0
108.0 25 0
108.5 25 0
109.0 25 0
109.5 25 0
110.0 25 0
110.5 25 0
111.0 25 0
111.5 25 0
112.0 25 0
112.5 25 0
113.0 25 0
113.5 25 0
114.0 25 0
114.5 25 0
115.0 25 0
115.5 25 0
116.0 25 0
116.5 25 0
117.0 25 0
95.0 30 -0.1954
95.5 30 -0.2006
96.0 30 -0.2058
96.5 30 -0.2105
97.0 30 -0.2142
97.5 30 -0.2158
98.0 30 -0.2143
98.5 30 -0.2086
99.0 30 -0.1976
99.5 30 -0.1807
100.0 30 -0.158
100.5 30 -0.1302
101.0 30 -0.0985
101.5 30 -0.065
102.0 30 -0.0358
102.5 30 -0.0198
103.0 30 -0.0204
103.5 30 -0.0316
104.0 30 -0.0401
104.5 30 -0.0355
105.0 30 -0.0185
105.5 30 -0.0003
106.0 30 0.0074
106.5 30 0.0032
107.0 30 -0.0041
107.5 30 -0.0016
108.0 30 0.0177
108.5 30 0.0511
109.0 30 0.0897
109.5 30 0.1249
110.0 30 0.1542
110.5 30 0.1769
111.0 30 0.1926
111.5 30 0.2017
112.0 30 0.205
112.5 30 0.2037
113.0 30 0.1987
113.5 30 0.1911
114.0 30 0.1818
114.5 30 0.1715
115.0 30 0.1606
115.5 30 0.1495
116.0 30 0.1385
116.5 30 0.1276
117.0 30 0.1168
95.0 35 -0.1954
95.5 35 -0.2006
96.0 35 -0.2058
96.5 35 -0.2105
97.0 35 -0.2142
97.5 35 -0.2158
98.0 35 -0.2143
98.5 35 -0.2086
99.0 35 -0.1976
99.5 35 -0.1807
100.0 35 -0.158
100.5 35 -0.1302
101.0 35 -0.0985
101.5 35 -0.065
102.0 35 -0.0358
102.5 35 -0.0198
103.0 35 -0.0204
103.5 35 -0.0316
104.0 35 -0.0401
104.5 35 -0.0355
105.0 35 -0.0185
105.5 35 -0.0003
106.0 35 0.0074
106.5 35 0.0032
107.0 35 -0.0041
107.5 35 -0.0016
108.0 35 0.0177
108.5 35 0.0511
109.0 35 0.0897
109.5 35 0.1249
110.0 35 0.1542
110.5 35 0.1769
111.0 35 0.1926
111.5 35 0.2017
112.0 35 0.205
112.5 35 0.2037
113.0 35 0.1987
113.5 35 0.1911
114.0 35 0.1818
114.5 35 0.1715
115.0 35 0.1606
115.5 35 0.1495
116.0 35 0.1385
116.5 35 0.1276
117.0 35 0.1168
95.0 40 -0.1954
95.5 40 -0.2006
96.0 40 -0.2058
96.5 40 -0.2105
97.0 40 -0.2142
97.5 40 -0.2158
98.0 40 -0.2143
98.5 40 -0.2086
99.0 40 -0.1976
99.5 40 -0.1807
100.0 40 -0.158
100.5 40 -0.1302
101.0 40 -0.0985
101.5 40 -0.065
102.0 40 -0.0358
102.5 40 -0.0198
103.0 40 -0.0204
103.5 40 -0.0316
104.0 40 -0.0401
104.5 40 -0.0355
105.0 40 -0.0185
105.5 40 -0.0003
106.0 40 0.0074
106.5 40 0.0032
107.0 40 -0.0041
107.5 40 -0.0016
108.0 40 0.0177
108.5 40 0.0511
109.0 40 0.0897
109.5 40 0.1249
110.0 40 0.1542
110.5 40 0.1769
111.0 40 0.1926
111.5 40 0.2017
112.0 40 0.205
112.5 40 0.2037
113.0 40 0.1987
113.5 40 0.1911
114.0 40 0.1818
114.5 40 0.1715
115.0 40 0.1606
115.5 40 0.1495
116.0 40 0.1385
116.5 40 0.1276
117.0 40 0.1168
95.0 45 -0.1954
95.5 45 -0.2006
96.0 45 -0.2058
96.5 45 -0.2105
97.0 45 -0.2142
97.5 45 -0.2158
98.0 45 -0.2143
98.5 45 -0.2086
99.0 45 -0.1976
99.5 45 -0.1807
100.0 45 -0.158
100.5 45 -0.1302
101.0 45 -0.0985
101.5 45 -0.065
102.0 45 -0.0358
102.5 45 -0.0198
103.0 45 -0.0204
103.5 45 -0.0316
104.0 45 -0.0401
104.5 45 -0.0355
105.0 45 -0.0185
105.5 45 -0.0003
106.0 45 0.0074
106.5 45 0.0032
107.0 45 -0.0041
107.5 45 -0.0016
108.0 45 0.0177
108.5 45 0.0511
109.0 45 0.0897
109.5 45 0.1249
110.0 45 0.1542
110.5 45 0.1769
111.0 45 0.1926
111.5 45 0.2017
112.0 45 0.205
112.5 45 0.2037
113.0 45 0.1987
113.5 45 0.1911
114.0 45 0.1818
114.5 45 0.1715
115.0 45 0.1606
115.5 45 0.1495
116.0 45 0.1385
116.5 45 0.1276
117.0 45 0.1168
95.0 50 -0.1954
95.5 50 -0.2006
96.0 50 -0.2058
96.5 50 -0.2105
97.0 50 -0.2142
97.5 50 -0.2158
98.0 50 -0.2143
98.5 50 -0.2086
99.0 50 -0.1976
99.5 50 -0.1807
100.0 50 -0.158
100.5 50 -0.1302
101.0 50 -0.0985
101.5 50 -0.065
102.0 50 -0.0358
102.5 50 -0.0198
103.0 50 -0.0204
103.5 50 -0.0316
104.0 50 -0.0401
104.5 50 -0.0355
105.0 50 -0.0185
105.5 50 -0.0003
106.0 50 0.0074
106.5 50 0.0032
107.0 50 -0.0041
107.5 50 -0.0016
108.0 50 0.0177
108.5 50 0.0511
109.0 50 0.0897
109.5 50 0.1249
110.0 50 0.1542
110.5 50 0.1769
111.0 50 0.1926
111.5 50 0.2017
112.0 50 0.205
112.5 50 0.2037
113.0 50 0.1987
113.5 50 0.1911
114.0 50 0.1818
114.5 50 0.1715
115.0 50 0.1606
115.5 50 0.1495
116.0 50 0.1385
116.5 50 0.1276
117.0 50 0.1168
95.0 55 0
95.5 55 0
96.0 55 0
96.5 55 0
97.0 55 0
97.5 55 0
98.0 55 0
98.5 55 0
99.0 55 0
99.5 55 0
100.0 55 0
100.5 55 0
101.0 55 0
101.5 55 0
102.0 55 0
102.5 55 0
103.0 55 0
103.5 55 0
104.0 55 0
104.5 55 0
105.0 55 0
105.5 55 0
106.0 55 0
106.5 55 0
107.0 55 0
107.5 55 0
108.0 55 0
108.5 55 0
109.0 55 0
109.5 55 0
110.0 55 0
110.5 55 0
111.0 55 0
111.5 55 0
112.0 55 0
112.5 55 0
113.0 55 0
113.5 55 0
114.0 55 0
114.5 55 0
115.0 55 0
115.5 55 0
116.0 55 0
116.5 55 0
117.0 55 0
95.0 60 0.1954
95.5 60 0.2006
96.0 60 0.2058
96.5 60 0.2105
97.0 60 0.2142
97.5 60 0.2158
98.0 60 0.2143
98.5 60 0.2086
99.0 60 0.1976
99.5 60 0.1807
100.0 60 0.158
100.5 60 0.1302
101.0 60 0.0985
101.5 60 0.065
102.0 60 0.0358
102.5 60 0.0198
103.0 60 0.0204
103.5 60 0.0316
104.0 60 0.0401
104.5 60 0.0355
105.0 60 0.0185
105.5 60 0.0003
106.0 60 -0.0074
106.5 60 -0.0032
107.0 60 0.0041
107.5 60 0.0016
108.0 60 -0.0177
108.5 60 -0.0511
109.0 60 -0.0897
109.5 60 -0.1249
110.0 60 -0.1542
110.5 60 -0.1769
111.0 60 -0.1926
111.5 60 -0.2017
112.0 60 -0.205
112.5 60 -0.2037
113.0 60 -0.1987
113.5 60 -0.1911
114.0 60 -0.1818
114.5 60 -0.1715
115.0 60 -0.1606
115.5 60 -0.1495
116.0 60 -0.1385
116.5 60 -0.1276
117.0 60 -0.1168
95.0 65 0.1954
95.5 65 0.2006
96.0 65 0.2058
96.5 65 0.2105
97.0 65 0.2142
97.5 65 0.2158
98.0 65 0.2143
98.5 65 0.2086
99.0 65 0.1976
99.5 65 0.1807
100.0 65 0.158
100.5 65 0.1302
101.0 65 0.0985
101.5 65 0.065
102.0 65 0.0358
102.5 65 0.0198
103.0 65 0.0204
103.5 65 0.0316
104.0 65 0.0401
104.5 65 0.0355
105.0 65 0.0185
105.5 65 0.0003
106.0 65 -0.0074
106.5 65 -0.0032
107.0 65 0.0041
107.5 65 0.0016
108.0 65 -0.0177
108.5 65 -0.0511
109.0 65 -0.0897
109.5 65 -0.1249
110.0 65 -0.1542
110.5 65 -0.1769
111.0 65 -0.1926
111.5 65 -0.2017
112.0 65 -0.205
112.5 65 -0.2037
113.0 65 -0.1987
113.5 65 -0.1911
114.0 65 -0.1818
114.5 65 -0.1715
115.0 65 -0.1606
115.5 65 -0.1495
116.0 65 -0.1385
116.5 65 -0.1276
117.0 65 -0.1168
95.0 70 0.1954
95.5 70 0.2006
96.0 70 0.2058
96.5 70 0.2105
97.0 70 0.2142
97.5 70 0.2158
98.0 70 0.2143
98.5 70 0.2086
99.0 70 0.1976
99.5 70 0.1807
100.0 70 0.158
100.5 70 0.1302
101.0 70 0.0985
101.5 70 0.065
102.0 70 0.0358
102.5 70 0.0198
103.0 70 0.0204
103.5 70 0.0316
104.0 70 0.0401
104.5 70 0.0355
105.0 70 0.0185
105.5 70 0.0003
106.0 70 -0.0074
106.5 70 -0.0032
107.0 70 0.0041
107.5 70 0.0016
108.0 70 -0.0177
108.5 70 -0.0511
109.0 70 -0.0897
109.5 70 -0.1249
110.0 70 -0.1542
110.5 70 -0.1769
111.0 70 -0.1926
111.5 70 -0.2017
112.0 70 -0.205
112.5 70 -0.2037
113.0 70 -0.1987
113.5 70 -0.1911
114.0 70 -0.1818
114.5 70 -0.1715
115.0 70 -0.1606
115.5 70 -0.1495
116.0 70 -0.1385
116.5 70 -0.1276
117.0 70 -0.1168
95.0 75 0.1954
95.5 75 0.2006
96.0 75 0.2058
96.5 75 0.2105
97.0 75 0.2142
97.5 75 0.2158
98.0 75 0.2143
98.5 75 0.2086
99.0 75 0.1976
99.5 75 0.1807
100.0 75 0.158
100.5 75 0.1302
101.0 75 0.0985
101.5 75 0.065
102.0 75 0.0358
102.5 75 0.0198
103.0 75 0.0204
103.5 75 0.0316
104.0 75 0.0401
104.5 75 0.0355
105.0 75 0.0185
105.5 75 0.0003
106.0 75 -0.0074
106.5 75 -0.0032
107.0 75 0.0041
107.5 75 0.0016
108.0 75 -0.0177
108.5 75 -0.0511
109.0 75 -0.0897
109.5 75 -0.1249
110.0 75 -0.1542
110.5 75 -0.1769
111.0 75 -0.1926
111.5 75 -0.2017
112.0 75 -0.205
112.5 75 -0.2037
113.0 75 -0.1987
113.5 75 -0.1911
114.0 75 -0.1818
114.5 75 -0.1715
115.0 75 -0.1606
115.5 75 -0.1495
116.0 75 -0.1385
116.5 75 -0.1276
117.0 75 -0.1168
95.0 80 0
95.5 80 0
96.0 80 0
96.5 80 0
97.0 80 0
97.5 80 0
98.0 80 0
98.5 80 0
99.0 80 0
99.5 80 0
100.0 80 0
100.5 80 0
101.0 80 0
101.5 80 0
102.0 80 0
102.5 80 0
103.0 80 0
103.5 80 0
104.0 80 0
104.5 80 0
105.0 80 0
105.5 80 0
106.0 80 0
106.5 80 0
107.0 80 0
107.5 80 0
108.0 80 0
108.5 80 0
109.0 80 0
109.5 80 0
110.0 80 0
110.5 80 0
111.0 80 0
111.5 80 0
112.0 80 0
112.5 80 0
113.0 80 0
113.5 80 0
114.0 80 0
114.5 80 0
115.0 80 0
115.5 80 0
116.0 80 0
116.5 80 0
117.0 80 0
