0.0 2.0 4.0 6.0 8.0 10.0 15.0 20.0 25.0 30.0 35.0 40.0 45.0 50.0 55.0 60.0 
2.4293 2.4293 2.4293 2.4293 2.4293 2.4293 2.4293 2.4293 2.4293 2.4293 2.4293 2.4293 2.4293 2.4293 2.4293 2.4293 2.4293 2.4293 2.4293 2.4293 2.4293 
2.4293 2.4293 2.4293 2.4293 2.4256 2.4293 2.4312 2.4293 2.4293 2.4294 2.4275 2.4293 2.4292 2.4293 2.4293 2.4293 2.4293 2.4293 2.4293 2.4293 2.4293 
2.4293 2.4293 2.2992 2.0041 2.1664 2.9750 2.4884 2.5562 1.8383 2.7490 2.1341 2.1080 2.6507 1.8419 2.9333 2.4559 2.4388 2.4326 2.4303 2.4293 2.4293 
2.4293 2.4312 2.1818 2.6817 3.7715 2.2014 1.7072 2.5309 3.1416 2.8928 2.3601 2.3822 1.8081 2.6281 2.5268 2.4470 2.4388 2.4331 2.4312 2.4293 2.4293 
2.4293 2.4293 2.7118 1.6011 2.3603 2.9862 1.5000 1.5498 3.6013 2.1974 1.5000 2.6102 1.5334 2.1134 2.5576 2.4485 2.4402 2.4331 2.4312 2.4293 2.4293 
2.4293 2.4293 2.7233 1.9184 1.7258 2.8512 1.8122 3.0503 2.7451 2.0539 2.6940 2.2012 2.3694 2.4159 2.7090 2.4573 2.4426 2.4346 2.4312 2.4293 2.4293 
2.4293 2.4274 1.7654 3.3327 2.5343 1.9302 2.4530 2.0887 2.0965 2.3950 3.5160 3.0233 2.8783 2.6412 3.0863 2.4752 2.4428 2.4332 2.4312 2.4293 2.4293 
2.4293 2.4273 2.3413 2.1023 3.8588 3.2698 3.1270 3.1928 1.5798 2.2869 2.1676 2.6624 2.6462 2.7494 2.1962 2.4262 2.4299 2.4301 2.4294 2.4293 2.4293 
2.4293 2.4292 2.4742 2.5853 2.3443 2.9016 2.2262 1.7986 3.3182 2.6613 2.6622 3.2289 1.7660 2.5952 2.1802 2.4086 2.4238 2.4275 2.4293 2.4293 2.4293 
2.4293 2.4295 2.4959 2.7168 2.8857 2.3388 3.1172 1.9860 1.9405 2.0320 1.5000 2.2711 2.3829 1.5000 2.6228 2.4068 2.4214 2.4274 2.4293 2.4293 2.4293 
2.4293 2.4293 2.5285 1.8243 2.6356 1.5000 2.6738 2.9016 1.5843 3.3576 1.5000 2.1100 2.7038 2.6545 2.0961 2.4175 2.4255 2.4274 2.4274 2.4293 2.4293 
2.4293 2.4293 2.5577 2.6527 1.6889 2.7952 1.5000 2.3658 2.3970 2.8069 2.4774 2.0913 2.4405 2.1964 3.2301 2.4613 2.4338 2.4294 2.4274 2.4293 2.4293 
2.4293 2.4293 1.5545 2.1761 2.7980 3.0600 2.3123 2.8023 2.0911 1.7421 2.1558 2.2149 3.3349 1.8654 2.3302 2.4259 2.4282 2.4274 2.4274 2.4293 2.4293 
2.4293 2.4294 1.8864 3.0944 2.6076 2.4258 2.6681 2.0013 2.5431 2.7319 2.7758 3.0040 1.6258 4.1224 1.9656 2.4161 2.4241 2.4259 2.4273 2.4293 2.4293 
2.4293 2.4312 3.5138 2.8320 2.4409 2.0479 2.7771 3.3092 2.8581 2.2717 2.6480 3.4104 2.6621 2.6698 2.8066 2.4314 2.4246 2.4256 2.4273 2.4293 2.4293 
2.4293 2.4312 1.6433 2.3205 2.5584 3.7232 2.4524 2.2017 2.8373 2.3433 2.3421 1.7396 2.1927 2.9356 1.5000 2.3709 2.4139 2.4251 2.4273 2.4293 2.4293 
2.4293 2.4312 2.2837 1.6925 2.9194 1.7746 3.2398 1.9998 2.5339 1.7314 2.3128 2.8980 2.0716 2.4264 2.5779 2.4232 2.4236 2.4271 2.4292 2.4293 2.4293 
2.4293 2.4293 2.3992 2.3933 2.4387 2.4111 2.4499 2.4056 2.4231 2.4048 2.4372 2.4493 2.4219 2.4201 2.4285 2.4274 2.4271 2.4291 2.4292 2.4293 2.4293 
2.4293 2.4293 2.4199 2.4197 2.4281 2.4252 2.4306 2.4231 2.4256 2.4260 2.4332 2.4355 2.4293 2.4283 2.4289 2.4291 2.4291 2.4292 2.4292 2.4293 2.4293 
2.4293 2.4293 2.4293 2.4293 2.4293 2.4293 2.4293 2.4293 2.4293 2.4293 2.4293 2.4293 2.4293 2.4293 2.4293 2.4293 2.4293 2.4293 2.4293 2.4293 2.4293 
2.4293 2.4293 2.4293 2.4293 2.4293 2.4293 2.4293 2.4293 2.4293 2.4293 2.4293 2.4293 2.4293 2.4293 2.4293 2.4293 2.4293 2.4293 2.4293 2.4293 2.4293 
2.4373 2.4373 2.4373 2.4373 2.4373 2.4373 2.4373 2.4373 2.4373 2.4373 2.4373 2.4373 2.4373 2.4373 2.4373 2.4373 2.4373 2.4373 2.4373 2.4373 2.4373 
2.4373 2.4373 2.3896 2.3712 2.3257 2.4598 2.4335 2.4534 2.4483 2.4610 2.3422 2.3496 2.4250 2.3283 2.5344 2.4639 2.4468 2.4393 2.4388 2.4373 2.4373 
2.4373 2.3934 2.3153 2.2585 2.3242 2.4876 2.3727 2.4822 2.4712 2.5429 2.2404 2.1596 2.2420 2.1785 2.5937 2.5267 2.4884 2.4652 2.4506 2.4373 2.4373 
2.4373 2.4521 2.3925 2.4846 2.7807 2.3170 2.0811 2.5177 2.8901 2.7134 2.3105 2.1535 1.8652 2.2369 2.4873 2.5221 2.5056 2.4808 2.4582 2.4392 2.4373 
2.4373 2.5068 2.4637 2.0139 2.2562 2.3231 1.8569 2.2061 2.9110 2.4339 2.0568 2.3526 2.0190 2.3322 2.5539 2.5573 2.5257 2.4907 2.4633 2.4392 2.4373 
2.4373 2.4788 2.4729 2.2511 2.1467 2.3732 2.1123 2.5465 2.6368 2.4851 2.5450 2.5373 2.5102 2.5867 2.7166 2.6162 2.5439 2.4966 2.4642 2.4392 2.4373 
2.4373 2.3572 2.3121 2.8141 2.6404 2.4269 2.4804 2.4139 2.3357 2.5467 3.0844 2.9281 2.8750 2.8307 2.8929 2.6470 2.5386 2.4879 2.4588 2.4393 2.4373 
2.4373 2.3055 2.3218 2.6200 3.1410 3.0237 2.8309 2.5588 2.1208 2.2298 2.5156 2.7840 2.7199 2.7275 2.4923 2.4861 2.4720 2.4578 2.4475 2.4374 2.4373 
2.4373 2.4338 2.5004 2.7656 2.7932 2.7827 2.4737 2.1818 2.5004 2.2958 2.3388 2.6116 2.1978 2.4854 2.3112 2.3760 2.4133 2.4297 2.4352 2.4374 2.4373 
2.4373 2.4274 2.4996 2.6821 2.7473 2.5121 2.6552 2.1681 1.9838 1.8692 1.5655 2.0354 2.1218 2.0130 2.2609 2.3395 2.3893 2.4145 2.4274 2.4373 2.4373 
2.4373 2.4504 2.4672 2.3392 2.5565 2.2987 2.5345 2.4535 1.9842 2.3108 1.6723 2.0107 2.2729 2.3153 2.3167 2.3840 2.4040 2.4154 2.4250 2.4373 2.4373 
2.4373 2.4639 2.4325 2.4727 2.3346 2.5569 2.2096 2.4258 2.3571 2.4789 2.2264 2.1915 2.4023 2.3594 2.6850 2.5036 2.4390 2.4232 2.4257 2.4367 2.4373 
2.4373 2.2059 2.0563 2.4768 2.7075 2.8649 2.5638 2.6482 2.4282 2.3239 2.3254 2.4838 2.8253 2.4634 2.4749 2.4470 2.4249 2.4186 2.4238 2.4354 2.4373 
2.4373 2.3294 2.3489 2.8407 2.8782 2.8080 2.8237 2.6423 2.7147 2.7066 2.7699 2.8486 2.5718 3.0096 2.4510 2.4168 2.4086 2.4118 2.4219 2.4353 2.4373 
2.4373 2.7208 2.9502 2.9060 2.9039 2.8450 3.0668 3.1012 2.9961 2.7079 2.8114 3.0278 2.7730 2.7109 2.5321 2.4078 2.3954 2.4062 2.4205 2.4353 2.4373 
2.4373 2.3122 2.2430 2.4436 2.8500 3.1433 2.8938 2.7078 2.8185 2.5678 2.4599 2.3235 2.3303 2.5759 2.0078 2.2620 2.3588 2.3989 2.4202 2.4353 2.4373 
2.4373 2.3661 2.2381 2.2147 2.7000 2.5431 2.8657 2.4758 2.5624 2.2870 2.4383 2.5344 2.2992 2.4031 2.3802 2.3685 2.3900 2.4101 2.4249 2.4372 2.4373 
2.4373 2.4099 2.3367 2.3461 2.4979 2.4901 2.5702 2.4627 2.4644 2.4080 2.4657 2.4903 2.4161 2.4165 2.4171 2.4110 2.4150 2.4225 2.4300 2.4372 2.4373 
2.4373 2.4295 2.3958 2.3990 2.4436 2.4521 2.4708 2.4432 2.4411 2.4363 2.4590 2.4664 2.4432 2.4339 2.4312 2.4285 2.4287 2.4311 2.4342 2.4373 2.4373 
2.4373 2.4373 2.4279 2.4272 2.4361 2.4331 2.4383 2.4311 2.4336 2.4321 2.4411 2.4435 2.4375 2.4361 2.4370 2.4371 2.4371 2.4372 2.4373 2.4373 2.4373 
2.4373 2.4373 2.4373 2.4373 2.4373 2.4373 2.4373 2.4373 2.4373 2.4373 2.4373 2.4373 2.4373 2.4373 2.4373 2.4373 2.4373 2.4373 2.4373 2.4373 2.4373 
2.4455 2.4455 2.4455 2.4455 2.4455 2.4455 2.4455 2.4455 2.4455 2.4455 2.4455 2.4455 2.4455 2.4455 2.4455 2.4455 2.4455 2.4455 2.4455 2.4455 2.4455 
2.4455 2.4455 2.3938 2.3773 2.3002 2.4599 2.4455 2.4424 2.4951 2.4631 2.3565 2.3550 2.4142 2.3608 2.5178 2.4721 2.4568 2.4492 2.4473 2.4455 2.4455 
2.4455 2.4016 2.3368 2.2922 2.2838 2.3814 2.3521 2.4768 2.5935 2.5325 2.2982 2.1886 2.1964 2.2452 2.5203 2.5366 2.5137 2.4877 2.4663 2.4473 2.4455 
2.4455 2.4960 2.4446 2.4167 2.5373 2.2691 2.2077 2.5653 2.8132 2.6862 2.3844 2.1828 1.9153 2.2128 2.4565 2.5478 2.5439 2.5132 2.4796 2.4473 2.4455 
2.4455 2.5181 2.4373 2.0812 2.2008 2.2454 2.1374 2.3575 2.7419 2.4862 2.2566 2.4511 2.2268 2.4600 2.5759 2.6047 2.5750 2.5300 2.4874 2.4491 2.4455 
2.4455 2.4712 2.4483 2.3532 2.2453 2.3124 2.2366 2.4865 2.5650 2.5888 2.5502 2.6321 2.5922 2.6365 2.7105 2.6647 2.5962 2.5357 2.4885 2.4493 2.4455 
2.4455 2.3859 2.4174 2.7655 2.6382 2.4724 2.4854 2.4487 2.3726 2.5743 2.9883 2.8575 2.8393 2.8335 2.8535 2.6897 2.5839 2.5209 2.4806 2.4491 2.4455 
2.4455 2.2586 2.3139 2.7001 2.9337 2.8555 2.6747 2.4215 2.1843 2.2026 2.4974 2.7252 2.6979 2.7302 2.5537 2.5206 2.4974 2.4778 2.4616 2.4475 2.4455 
2.4455 2.4296 2.5064 2.8402 2.8007 2.6863 2.4383 2.2034 2.3572 2.1757 2.2329 2.4562 2.2423 2.5443 2.3607 2.3819 2.4154 2.4339 2.4416 2.4455 2.4455 
2.4455 2.4253 2.4942 2.6916 2.7325 2.5149 2.5662 2.2146 2.0115 1.8316 1.5859 2.0017 2.1028 2.1408 2.2151 2.3101 2.3723 2.4070 2.4275 2.4436 2.4455 
2.4455 2.4642 2.4930 2.4788 2.6716 2.5628 2.5877 2.4114 2.0246 2.1187 1.7067 2.0513 2.1740 2.2639 2.3209 2.3631 2.3864 2.4044 2.4225 2.4436 2.4455 
2.4455 2.4682 2.4648 2.5504 2.5435 2.6558 2.4187 2.5072 2.3994 2.4414 2.2307 2.2651 2.3698 2.3594 2.5757 2.4811 2.4258 2.4127 2.4221 2.4436 2.4455 
2.4455 2.2481 2.2368 2.6050 2.7505 2.8639 2.6331 2.6747 2.5536 2.4795 2.3854 2.5236 2.7062 2.5133 2.4912 2.4412 2.4132 2.4075 2.4198 2.4417 2.4455 
2.4455 2.3475 2.4670 2.8430 2.9751 2.9463 2.9436 2.8042 2.8185 2.7557 2.7505 2.7793 2.6457 2.7574 2.5024 2.4203 2.3978 2.4011 2.4179 2.4419 2.4455 
2.4455 2.7395 2.9053 2.9323 3.0497 3.0565 3.2116 3.1378 3.0756 2.8257 2.8415 2.9622 2.7752 2.6077 2.5076 2.4046 2.3846 2.3965 2.4179 2.4433 2.4455 
2.4455 2.3841 2.4239 2.5255 2.9294 3.0805 3.0084 2.8571 2.8868 2.6915 2.5267 2.4407 2.3619 2.5142 2.2053 2.2861 2.3518 2.3917 2.4196 2.4433 2.4455 
2.4455 2.3945 2.3112 2.3611 2.7329 2.6842 2.8536 2.6004 2.6467 2.4984 2.5480 2.5332 2.3826 2.4255 2.3900 2.3710 2.3864 2.4078 2.4272 2.4451 2.4455 
2.4455 2.4140 2.3445 2.3697 2.5268 2.5356 2.5967 2.4983 2.5076 2.4847 2.5374 2.5404 2.4652 2.4437 2.4289 2.4163 2.4172 2.4256 2.4352 2.4453 2.4455 
2.4455 2.4343 2.3945 2.4008 2.4534 2.4663 2.4831 2.4541 2.4598 2.4694 2.4999 2.5055 2.4754 2.4550 2.4434 2.4362 2.4348 2.4371 2.4412 2.4453 2.4455 
2.4455 2.4455 2.4343 2.4322 2.4425 2.4388 2.4439 2.4345 2.4399 2.4436 2.4550 2.4576 2.4499 2.4447 2.4448 2.4450 2.4451 2.4452 2.4453 2.4455 2.4455 
2.4455 2.4455 2.4455 2.4455 2.4455 2.4455 2.4455 2.4455 2.4455 2.4455 2.4455 2.4455 2.4455 2.4455 2.4455 2.4455 2.4455 2.4455 2.4455 2.4455 2.4455 
2.4537 2.4537 2.4537 2.4537 2.4537 2.4537 2.4537 2.4537 2.4537 2.4537 2.4537 2.4537 2.4537 2.4537 2.4537 2.4537 2.4537 2.4537 2.4537 2.4537 2.4537 
2.4537 2.4518 2.4020 2.3886 2.3104 2.4589 2.4610 2.4395 2.5021 2.4720 2.3876 2.3771 2.4196 2.3961 2.5011 2.4765 2.4660 2.4575 2.4556 2.4537 2.4537 
2.4537 2.4134 2.3528 2.3074 2.2844 2.3662 2.3639 2.4717 2.5978 2.5467 2.3768 2.2640 2.2494 2.3102 2.4967 2.5350 2.5255 2.5024 2.4785 2.4556 2.4537 
2.4537 2.5173 2.4625 2.3965 2.4696 2.2854 2.3002 2.5851 2.7402 2.6727 2.4898 2.3021 2.0628 2.2902 2.4526 2.5536 2.5612 2.5312 2.4951 2.4575 2.4537 
2.4537 2.5202 2.4382 2.1446 2.2300 2.3138 2.3432 2.4353 2.6385 2.4965 2.3971 2.5693 2.3879 2.5484 2.5804 2.6118 2.5919 2.5486 2.5032 2.4575 2.4537 
2.4537 2.4675 2.4468 2.4105 2.3121 2.3415 2.3509 2.4894 2.5024 2.5904 2.5539 2.6539 2.6029 2.6147 2.6589 2.6499 2.6044 2.5507 2.5023 2.4575 2.4537 
2.4537 2.3951 2.4305 2.7251 2.5998 2.4407 2.4590 2.4395 2.3551 2.5449 2.8713 2.7402 2.7222 2.7319 2.7631 2.6630 2.5868 2.5321 2.4910 2.4576 2.4537 
2.4537 2.2518 2.3002 2.6767 2.7682 2.6781 2.5393 2.3640 2.2167 2.2114 2.4289 2.5928 2.5909 2.6654 2.5431 2.5213 2.5044 2.4867 2.4703 2.4558 2.4537 
2.4537 2.4307 2.4917 2.8089 2.6927 2.5389 2.3751 2.2300 2.3599 2.1959 2.2247 2.3944 2.2593 2.5720 2.4049 2.4001 2.4228 2.4390 2.4470 2.4538 2.4537 
2.4537 2.4342 2.4834 2.6611 2.6828 2.4589 2.5220 2.2841 2.1132 1.9354 1.7188 2.0928 2.1750 2.2406 2.2512 2.3178 2.3709 2.4057 2.4297 2.4519 2.4537 
2.4537 2.4669 2.5069 2.5332 2.7299 2.6633 2.6302 2.4385 2.0857 2.1438 1.8282 2.1694 2.2089 2.2922 2.3325 2.3552 2.3754 2.3968 2.4207 2.4500 2.4537 
2.4537 2.4744 2.5096 2.6275 2.6469 2.7136 2.5038 2.5478 2.4284 2.4596 2.2914 2.3397 2.3637 2.3579 2.5289 2.4534 2.4072 2.4008 2.4180 2.4500 2.4537 
2.4537 2.3152 2.3576 2.6678 2.7450 2.8061 2.6015 2.6468 2.5668 2.5037 2.3989 2.4985 2.5875 2.4690 2.4663 2.4189 2.3951 2.3952 2.4154 2.4499 2.4537 
2.4537 2.3826 2.5258 2.8202 2.9302 2.9077 2.9126 2.7942 2.7930 2.7133 2.6740 2.6749 2.5562 2.5981 2.4766 2.4080 2.3868 2.3926 2.4158 2.4497 2.4537 
2.4537 2.7174 2.8772 2.8771 2.9971 3.0243 3.1696 3.0749 3.0245 2.7991 2.7846 2.8747 2.6908 2.5004 2.4828 2.4077 2.3858 2.3958 2.4199 2.4515 2.4537 
2.4537 2.4563 2.5243 2.5498 2.8879 2.9841 2.9767 2.8470 2.8697 2.7117 2.5318 2.4621 2.3646 2.4750 2.3048 2.3353 2.3714 2.4001 2.4261 2.4514 2.4537 
2.4537 2.4380 2.3918 2.4295 2.7309 2.6863 2.8038 2.6022 2.6642 2.5995 2.6086 2.5581 2.4480 2.4719 2.4344 2.4060 2.4072 2.4206 2.4366 2.4534 2.4537 
2.4537 2.4271 2.3738 2.3951 2.5295 2.5301 2.5686 2.4858 2.5212 2.5469 2.6017 2.5958 2.5302 2.4933 2.4628 2.4427 2.4359 2.4392 2.4457 2.4535 2.4537 
2.4537 2.4426 2.4052 2.4087 2.4546 2.4614 2.4701 2.4461 2.4677 2.5020 2.5424 2.5486 2.5188 2.4892 2.4676 2.4549 2.4493 2.4489 2.4505 2.4536 2.4537 
2.4537 2.4537 2.4426 2.4399 2.4494 2.4448 2.4476 2.4387 2.4465 2.4561 2.4690 2.4713 2.4637 2.4564 2.4531 2.4530 2.4533 2.4534 2.4536 2.4537 2.4537 
2.4537 2.4537 2.4537 2.4537 2.4537 2.4537 2.4537 2.4537 2.4537 2.4537 2.4537 2.4537 2.4537 2.4537 2.4537 2.4537 2.4537 2.4537 2.4537 2.4537 2.4537 
2.4621 2.4621 2.4621 2.4621 2.4621 2.4621 2.4621 2.4621 2.4621 2.4621 2.4621 2.4621 2.4621 2.4621 2.4621 2.4621 2.4621 2.4621 2.4621 2.4621 2.4621 
2.4621 2.4602 2.4084 2.3995 2.3319 2.4617 2.4717 2.4395 2.4965 2.4817 2.4151 2.4003 2.4317 2.4228 2.4927 2.4820 2.4748 2.4659 2.4657 2.4621 2.4621 
2.4621 2.4215 2.3619 2.3274 2.3176 2.3865 2.3850 2.4642 2.5746 2.5613 2.4526 2.3487 2.3265 2.3756 2.4933 2.5352 2.5333 2.5125 2.4900 2.4640 2.4621 
2.4621 2.5293 2.4739 2.4091 2.4818 2.3486 2.3882 2.5971 2.6738 2.6621 2.5891 2.4284 2.2232 2.3858 2.4572 2.5530 2.5670 2.5411 2.5056 2.4659 2.4621 
2.4621 2.5206 2.4451 2.2111 2.2992 2.4252 2.5185 2.4973 2.5581 2.4852 2.4911 2.6603 2.5129 2.6107 2.5667 2.5958 2.5888 2.5540 2.5119 2.4659 2.4621 
2.4621 2.4694 2.4447 2.4521 2.3717 2.3961 2.4598 2.5126 2.4518 2.5573 2.5368 2.6369 2.5710 2.5543 2.5770 2.6004 2.5859 2.5488 2.5082 2.4660 2.4621 
2.4621 2.3947 2.4102 2.6796 2.5530 2.3978 2.4316 2.4338 2.3343 2.5033 2.7539 2.6031 2.5666 2.5839 2.6383 2.6006 2.5638 2.5273 2.4956 2.4660 2.4621 
2.4621 2.2520 2.2684 2.6177 2.6211 2.5174 2.4322 2.3437 2.2635 2.2437 2.3705 2.4485 2.4508 2.5627 2.4932 2.4980 2.4963 2.4861 2.4749 2.4642 2.4621 
2.4621 2.4378 2.4649 2.7400 2.5559 2.3789 2.3192 2.2881 2.4359 2.2904 2.2746 2.3761 2.2710 2.5818 2.4404 2.4181 2.4302 2.4437 2.4528 2.4622 2.4621 
2.4621 2.4430 2.4612 2.6058 2.6032 2.3742 2.4934 2.3773 2.2542 2.1022 1.9012 2.2357 2.2822 2.3382 2.3092 2.3410 2.3779 2.4084 2.4330 2.4600 2.4621 
2.4621 2.4636 2.4974 2.5395 2.7353 2.6880 2.6520 2.4783 2.1599 2.2362 1.9863 2.3158 2.2947 2.3477 2.3619 2.3597 2.3708 2.3920 2.4201 2.4577 2.4621 
2.4621 2.4833 2.5368 2.6676 2.6812 2.7100 2.5153 2.5490 2.4329 2.4856 2.3596 2.4105 2.3750 2.3687 2.5142 2.4360 2.3913 2.3898 2.4141 2.4566 2.4621 
2.4621 2.3653 2.4294 2.6784 2.6786 2.6822 2.4944 2.5586 2.5073 2.4640 2.3791 2.4539 2.4800 2.4146 2.4396 2.3937 2.3750 2.3824 2.4108 2.4564 2.4621 
2.4621 2.4141 2.5524 2.7580 2.8000 2.7598 2.7759 2.6863 2.6760 2.6019 2.5698 2.5664 2.4388 2.4707 2.4348 2.3869 2.3735 2.3851 2.4145 2.4564 2.4621 
2.4621 2.7009 2.8460 2.7752 2.8502 2.8762 3.0213 2.9309 2.8883 2.6965 2.6894 2.7753 2.5855 2.4061 2.4522 2.4084 2.3902 2.3998 2.4247 2.4586 2.4621 
2.4621 2.5097 2.5845 2.5251 2.7852 2.8409 2.8577 2.7412 2.7777 2.6600 2.4860 2.4342 2.3442 2.4462 2.3704 2.3842 2.3999 2.4169 2.4374 2.4602 2.4621 
2.4621 2.4750 2.4538 2.4543 2.6921 2.6260 2.7012 2.5274 2.6178 2.6258 2.6221 2.5651 2.4959 2.5261 2.4916 2.4556 2.4417 2.4434 2.4517 2.4617 2.4621 
2.4621 2.4407 2.3998 2.4045 2.5086 2.4862 2.4996 2.4278 2.4959 2.5755 2.6459 2.6454 2.5969 2.5544 2.5115 2.4827 2.4665 2.4613 2.4610 2.4618 2.4621 
2.4621 2.4524 2.4159 2.4118 2.4445 2.4380 2.4360 2.4161 2.4585 2.5220 2.5788 2.5917 2.5668 2.5307 2.4997 2.4817 2.4710 2.4658 2.4638 2.4620 2.4621 
2.4621 2.4621 2.4511 2.4480 2.4558 2.4497 2.4500 2.4413 2.4529 2.4676 2.4832 2.4857 2.4790 2.4693 2.4634 2.4632 2.4616 2.4619 2.4620 2.4621 2.4621 
2.4621 2.4621 2.4621 2.4621 2.4621 2.4621 2.4621 2.4621 2.4621 2.4621 2.4621 2.4621 2.4621 2.4621 2.4621 2.4621 2.4621 2.4621 2.4621 2.4621 2.4621 
2.4707 2.4707 2.4707 2.4707 2.4707 2.4707 2.4707 2.4707 2.4707 2.4707 2.4707 2.4707 2.4707 2.4707 2.4707 2.4707 2.4707 2.4707 2.4707 2.4707 2.4707 
2.4707 2.4669 2.3905 2.3833 2.2960 2.4692 2.5069 2.4334 2.4971 2.4916 2.4111 2.3984 2.4357 2.4316 2.4994 2.4935 2.4861 2.4745 2.4756 2.4707 2.4707 
2.4707 2.4150 2.3562 2.3389 2.3508 2.4199 2.4054 2.4506 2.5484 2.5735 2.5101 2.4114 2.3946 2.4283 2.4999 2.5415 2.5422 2.5216 2.5002 2.4745 2.4707 
2.4707 2.5706 2.4927 2.4400 2.5433 2.4224 2.4646 2.6193 2.6193 2.6576 2.6815 2.5290 2.3449 2.4712 2.4526 2.5508 2.5696 2.5465 2.5143 2.4764 2.4707 
2.4707 2.5542 2.4604 2.2517 2.3705 2.5525 2.6939 2.5507 2.4857 2.4471 2.5388 2.7357 2.6127 2.6701 2.5375 2.5705 2.5770 2.5515 2.5180 2.4764 2.4707 
2.4707 2.4734 2.4395 2.4898 2.4207 2.4557 2.5705 2.5542 2.4058 2.5203 2.4925 2.6009 2.5168 2.4693 2.4762 2.5368 2.5560 2.5376 2.5106 2.4747 2.4707 
2.4707 2.3504 2.3623 2.6550 2.5140 2.3505 2.4136 2.4457 2.3148 2.4702 2.6776 2.4627 2.3987 2.4168 2.5063 2.5263 2.5299 2.5147 2.4965 2.4745 2.4707 
2.4707 2.1625 2.1887 2.5553 2.4995 2.3890 2.3547 2.3483 2.3210 2.2814 2.3248 2.3081 2.2984 2.4507 2.4186 2.4613 2.4805 2.4824 2.4778 2.4720 2.4707 
2.4707 2.4371 2.4308 2.6897 2.4167 2.2166 2.2703 2.3630 2.5726 2.4257 2.3620 2.3894 2.2637 2.6119 2.4696 2.4330 2.4382 2.4491 2.4581 2.4703 2.4707 
2.4707 2.4527 2.4263 2.5436 2.5180 2.2555 2.4828 2.4909 2.4111 2.2836 2.0693 2.4064 2.4046 2.4320 2.3652 2.3673 2.3894 2.4148 2.4378 2.4670 2.4707 
2.4707 2.4533 2.4677 2.5070 2.7271 2.6895 2.6778 2.5235 2.2062 2.3524 2.1232 2.4827 2.3934 2.4110 2.3993 2.3694 2.3711 2.3915 2.4211 2.4638 2.4707 
2.4707 2.4953 2.5481 2.6866 2.6752 2.6791 2.4768 2.5312 2.4197 2.5277 2.4323 2.4859 2.3950 2.3866 2.5370 2.4327 2.3802 2.3817 2.4112 2.4632 2.4707 
2.4707 2.3785 2.4531 2.6614 2.5697 2.5191 2.3264 2.4357 2.4099 2.3928 2.3380 2.4106 2.3988 2.3722 2.4257 2.3697 2.3557 2.3711 2.4067 2.4618 2.4707 
2.4707 2.4308 2.5550 2.6812 2.6336 2.5560 2.5934 2.5287 2.5113 2.4564 2.4651 2.4750 2.3217 2.3768 2.3967 2.3620 2.3585 2.3785 2.4135 2.4632 2.4707 
2.4707 2.7815 2.8526 2.6560 2.6699 2.6840 2.8504 2.7622 2.7266 2.5595 2.5943 2.7126 2.5014 2.3201 2.4307 2.4095 2.3947 2.4050 2.4308 2.4665 2.4707 
2.4707 2.6010 2.6390 2.4594 2.6686 2.6857 2.7013 2.5827 2.6513 2.5733 2.3953 2.3683 2.2960 2.4300 2.4174 2.4257 2.4284 2.4367 2.4512 2.4702 2.4707 
2.4707 2.5361 2.5061 2.4503 2.6521 2.5351 2.5783 2.3982 2.5326 2.6115 2.6082 2.5545 2.5297 2.5882 2.5566 2.5103 2.4814 2.4717 2.4703 2.4722 2.4707 
2.4707 2.4524 2.4158 2.3968 2.4755 2.4178 2.4064 2.3334 2.4391 2.5770 2.6763 2.6920 2.6642 2.6192 2.5656 2.5290 2.5035 2.4893 2.4801 2.4723 2.4707 
2.4707 2.4598 2.4218 2.4079 2.4260 2.4023 2.3868 2.3684 2.4329 2.5290 2.6084 2.6336 2.6160 2.5750 2.5354 2.5123 2.4972 2.4869 2.4795 2.4724 2.4707 
2.4707 2.4707 2.4569 2.4534 2.4601 2.4518 2.4488 2.4383 2.4555 2.4771 2.4994 2.5035 2.4976 2.4835 2.4738 2.4737 2.4720 2.4723 2.4724 2.4707 2.4707 
2.4707 2.4707 2.4707 2.4707 2.4707 2.4707 2.4707 2.4707 2.4707 2.4707 2.4707 2.4707 2.4707 2.4707 2.4707 2.4707 2.4707 2.4707 2.4707 2.4707 2.4707 
2.4931 2.4931 2.4931 2.4931 2.4931 2.4931 2.4931 2.4931 2.4931 2.4931 2.4931 2.4931 2.4931 2.4931 2.4931 2.4931 2.4931 2.4931 2.4931 2.4931 2.4931 
2.4931 2.4855 2.3975 2.3870 2.3111 2.4848 2.5465 2.4496 2.5034 2.5146 2.4299 2.4168 2.4510 2.4564 2.5125 2.5159 2.5140 2.4969 2.5007 2.4931 2.4931 
2.4931 2.4298 2.3729 2.3752 2.4156 2.4680 2.4457 2.4604 2.5324 2.5937 2.5685 2.4781 2.4661 2.4861 2.5145 2.5581 2.5630 2.5422 2.5234 2.4988 2.4931 
2.4931 2.6056 2.5094 2.4781 2.6016 2.5170 2.5552 2.6393 2.5727 2.6503 2.7439 2.6093 2.4823 2.5556 2.4645 2.5588 2.5829 2.5624 2.5364 2.5007 2.4931 
2.4931 2.5840 2.4759 2.3261 2.4596 2.6676 2.8384 2.6182 2.4384 2.4314 2.5761 2.7584 2.6928 2.7025 2.5124 2.5523 2.5742 2.5588 2.5347 2.4988 2.4931 
2.4931 2.4873 2.4424 2.5232 2.4796 2.5266 2.6809 2.6070 2.3936 2.4854 2.4650 2.5602 2.4721 2.4035 2.3958 2.4869 2.5373 2.5368 2.5237 2.4982 2.4931 
2.4931 2.3273 2.3368 2.6173 2.4906 2.3451 2.4237 2.4772 2.3374 2.4553 2.5937 2.3533 2.2641 2.2780 2.3870 2.4657 2.5091 2.5139 2.5074 2.4951 2.4931 
2.4931 2.1304 2.1649 2.5046 2.4161 2.3086 2.3182 2.3861 2.4139 2.3701 2.3271 2.2099 2.1867 2.3605 2.3678 2.4405 2.4800 2.4910 2.4933 2.4932 2.4931 
2.4931 2.4536 2.4226 2.6338 2.3272 2.1196 2.2707 2.4745 2.7035 2.5706 2.4669 2.4205 2.3016 2.6260 2.5088 2.4618 2.4619 2.4700 2.4780 2.4913 2.4931 
2.4931 2.4772 2.4167 2.5028 2.4548 2.1930 2.4897 2.6231 2.5713 2.4733 2.2862 2.5868 2.5406 2.5342 2.4429 2.4144 2.4202 2.4394 2.4591 2.4893 2.4931 
2.4931 2.4505 2.4469 2.4932 2.7034 2.6742 2.6921 2.5705 2.2895 2.4683 2.3007 2.6357 2.5089 2.4838 2.4574 2.4010 2.3917 2.4105 2.4391 2.4855 2.4931 
2.4931 2.5127 2.5564 2.6887 2.6651 2.6410 2.4499 2.5023 2.4151 2.5666 2.5067 2.5586 2.4392 2.4374 2.5704 2.4473 2.3891 2.3931 2.4249 2.4823 2.4931 
2.4931 2.4200 2.4906 2.6353 2.4779 2.3706 2.2003 2.3293 2.3346 2.3460 2.3370 2.3994 2.3569 2.3721 2.4407 2.3688 2.3557 2.3787 2.4192 2.4817 2.4931 
2.4931 2.4825 2.5767 2.6120 2.4805 2.3700 2.4230 2.4009 2.3622 2.3324 2.4013 2.4357 2.2685 2.3257 2.3821 2.3535 2.3591 2.3888 2.4283 2.4837 2.4931 
2.4931 2.8305 2.8350 2.5519 2.5051 2.5085 2.6709 2.5969 2.5612 2.4462 2.5219 2.6507 2.4419 2.2856 2.4198 2.4187 2.4102 2.4251 2.4516 2.4888 2.4931 
2.4931 2.7057 2.6933 2.4273 2.5654 2.5536 2.5472 2.4347 2.5240 2.4987 2.3398 2.3329 2.2919 2.4347 2.4749 2.4740 2.4674 2.4701 2.4793 2.4926 2.4931 
2.4931 2.6076 2.5642 2.4630 2.6097 2.4662 2.4543 2.2884 2.4458 2.5865 2.5823 2.5417 2.5669 2.6499 2.6248 2.5709 2.5317 2.5139 2.5043 2.4964 2.4931 
2.4931 2.4817 2.4454 2.4048 2.4529 2.3668 2.3248 2.2558 2.3877 2.5727 2.6931 2.7278 2.7252 2.6855 2.6266 2.5854 2.5523 2.5316 2.5138 2.4965 2.4931 
2.4931 2.4822 2.4418 2.4184 2.4212 2.3818 2.3521 2.3349 2.4174 2.5393 2.6366 2.6753 2.6672 2.6252 2.5811 2.5551 2.5366 2.5223 2.5093 2.4964 2.4931 
2.4931 2.4931 2.4765 2.4736 2.4774 2.4687 2.4606 2.4495 2.4715 2.4987 2.5291 2.5351 2.5290 2.5112 2.4989 2.4997 2.4981 2.4984 2.4964 2.4931 2.4931 
2.4931 2.4931 2.4931 2.4931 2.4931 2.4931 2.4931 2.4931 2.4931 2.4931 2.4931 2.4931 2.4931 2.4931 2.4931 2.4931 2.4931 2.4931 2.4931 2.4931 2.4931 
2.5170 2.5170 2.5170 2.5170 2.5170 2.5170 2.5170 2.5170 2.5170 2.5170 2.5170 2.5170 2.5170 2.5170 2.5170 2.5170 2.5170 2.5170 2.5170 2.5170 2.5170 
2.5170 2.5096 2.4328 2.4254 2.3944 2.5037 2.5512 2.4743 2.5065 2.5407 2.4730 2.4596 2.4821 2.4918 2.5251 2.5342 2.5398 2.5188 2.5265 2.5170 2.5170 
2.5170 2.4632 2.4121 2.4262 2.4854 2.5127 2.4913 2.4844 2.5213 2.6000 2.6059 2.5375 2.5300 2.5354 2.5306 2.5693 2.5804 2.5587 2.5452 2.5227 2.5170 
2.5170 2.5916 2.5130 2.5080 2.6254 2.5961 2.6289 2.6391 2.5368 2.6264 2.7413 2.6527 2.5962 2.6102 2.4923 2.5639 2.5922 2.5742 2.5546 2.5245 2.5170 
2.5170 2.5713 2.4848 2.4155 2.5396 2.7297 2.8863 2.6647 2.4297 2.4390 2.5855 2.7222 2.7154 2.6793 2.4942 2.5351 2.5712 2.5650 2.5501 2.5236 2.5170 
2.5170 2.5031 2.4527 2.5358 2.5278 2.5864 2.7398 2.6372 2.4092 2.4535 2.4525 2.5118 2.4383 2.3654 2.3524 2.4542 2.5253 2.5397 2.5361 2.5207 2.5170 
2.5170 2.3650 2.3483 2.5606 2.4754 2.3766 2.4552 2.5047 2.3908 2.4544 2.5069 2.2928 2.1938 2.2040 2.3104 2.4262 2.4987 2.5174 2.5220 2.5170 2.5170 
2.5170 2.2185 2.2180 2.4615 2.3728 2.2811 2.3261 2.4410 2.5101 2.4770 2.3693 2.1907 2.1544 2.3103 2.3522 2.4362 2.4884 2.5042 2.5116 2.5171 2.5170 
2.5170 2.4798 2.4276 2.5583 2.2997 2.1200 2.3147 2.5788 2.7811 2.6803 2.5594 2.4669 2.3788 2.6103 2.5374 2.4927 2.4903 2.4941 2.5012 2.5156 2.5170 
2.5170 2.5014 2.4298 2.4820 2.4214 2.2182 2.5096 2.7217 2.6952 2.6302 2.5121 2.7222 2.6536 2.6179 2.5232 2.4678 2.4585 2.4699 2.4847 2.5132 2.5170 
2.5170 2.4716 2.4506 2.5024 2.6565 2.6351 2.6774 2.6120 2.4203 2.5731 2.5003 2.7408 2.6174 2.5568 2.5209 2.4449 2.4237 2.4382 2.4639 2.5088 2.5170 
2.5170 2.5305 2.5587 2.6612 2.6384 2.5918 2.4395 2.4708 2.4351 2.5941 2.5776 2.6132 2.4992 2.4993 2.5854 2.4642 2.4080 2.4163 2.4478 2.5059 2.5170 
2.5170 2.4781 2.5295 2.5988 2.4241 2.2803 2.1550 2.2682 2.3067 2.3480 2.3842 2.4228 2.3618 2.3959 2.4571 2.3807 2.3684 2.3983 2.4412 2.5059 2.5170 
2.5170 2.5372 2.5954 2.5516 2.3712 2.2427 2.2927 2.3127 2.2721 2.2741 2.3869 2.4335 2.2793 2.3126 2.3761 2.3557 2.3690 2.4079 2.4506 2.5073 2.5170 
2.5170 2.7749 2.7671 2.4836 2.3846 2.3681 2.4896 2.4434 2.4195 2.3773 2.4710 2.5734 2.4041 2.2981 2.4117 2.4252 2.4273 2.4492 2.4768 2.5127 2.5170 
2.5170 2.7229 2.7008 2.4329 2.4791 2.4415 2.4068 2.3178 2.4125 2.4442 2.3413 2.3435 2.3331 2.4510 2.5162 2.5114 2.5023 2.5052 2.5114 2.5183 2.5170 
2.5170 2.6314 2.5980 2.4819 2.5491 2.4072 2.3405 2.2176 2.3725 2.5431 2.5513 2.5342 2.5912 2.6786 2.6658 2.6138 2.5747 2.5542 2.5380 2.5222 2.5170 
2.5170 2.5122 2.4794 2.4267 2.4359 2.3355 2.2667 2.2134 2.3532 2.5554 2.6819 2.7314 2.7522 2.7258 2.6723 2.6307 2.5975 2.5730 2.5480 2.5223 2.5170 
2.5170 2.5099 2.4689 2.4395 2.4262 2.3759 2.3335 2.3209 2.4118 2.5437 2.6467 2.6940 2.6964 2.6604 2.6184 2.5935 2.5741 2.5572 2.5391 2.5205 2.5170 
2.5170 2.5170 2.4985 2.4986 2.5003 2.4909 2.4776 2.4697 2.4939 2.5229 2.5512 2.5591 2.5560 2.5379 2.5254 2.5254 2.5254 2.5242 2.5205 2.5170 2.5170 
2.5170 2.5170 2.5170 2.5170 2.5170 2.5170 2.5170 2.5170 2.5170 2.5170 2.5170 2.5170 2.5170 2.5170 2.5170 2.5170 2.5170 2.5170 2.5170 2.5170 2.5170 
2.5426 2.5426 2.5426 2.5426 2.5426 2.5426 2.5426 2.5426 2.5426 2.5426 2.5426 2.5426 2.5426 2.5426 2.5426 2.5426 2.5426 2.5426 2.5426 2.5426 2.5426 
2.5426 2.5369 2.4737 2.4715 2.4602 2.5293 2.5540 2.5057 2.5203 2.5605 2.5119 2.4984 2.5146 2.5314 2.5434 2.5581 2.5655 2.5427 2.5483 2.5426 2.5426 
2.5426 2.4984 2.4565 2.4734 2.5297 2.5439 2.5241 2.5051 2.5170 2.5970 2.6200 2.5762 2.5776 2.5758 2.5533 2.5839 2.5970 2.5742 2.5636 2.5464 2.5426 
2.5426 2.5889 2.5237 2.5320 2.6307 2.6345 2.6615 2.6294 2.5179 2.6009 2.7102 2.6659 2.6580 2.6420 2.5251 2.5738 2.6032 2.5854 2.5708 2.5502 2.5426 
2.5426 2.5781 2.5043 2.4820 2.5870 2.7443 2.8722 2.6800 2.4436 2.4503 2.5757 2.6789 2.7048 2.6518 2.4956 2.5325 2.5763 2.5733 2.5647 2.5483 2.5426 
2.5426 2.5249 2.4720 2.5422 2.5575 2.6218 2.7563 2.6519 2.4367 2.4414 2.4494 2.4828 2.4276 2.3630 2.3520 2.4510 2.5303 2.5479 2.5499 2.5445 2.5426 
2.5426 2.4131 2.3784 2.5245 2.4764 2.4212 2.4972 2.5346 2.4488 2.4711 2.4644 2.2843 2.1919 2.2024 2.2978 2.4228 2.5077 2.5294 2.5387 2.5427 2.5426 
2.5426 2.3087 2.2852 2.4409 2.3706 2.3040 2.3709 2.5025 2.5923 2.5677 2.4278 2.2330 2.1921 2.3184 2.3749 2.4563 2.5117 2.5247 2.5325 2.5421 2.5426 
2.5426 2.5073 2.4389 2.5089 2.3189 2.1852 2.3875 2.6637 2.8365 2.7591 2.6396 2.5324 2.4680 2.6158 2.5720 2.5313 2.5258 2.5235 2.5275 2.5412 2.5426 
2.5426 2.5220 2.4521 2.4824 2.4271 2.2892 2.5561 2.7959 2.7918 2.7491 2.6893 2.8207 2.7450 2.6869 2.5970 2.5249 2.5025 2.5060 2.5157 2.5406 2.5426 
2.5426 2.4973 2.4723 2.5213 2.6260 2.6145 2.6773 2.6641 2.5562 2.6823 2.6761 2.8271 2.7115 2.6309 2.5845 2.4967 2.4649 2.4750 2.4977 2.5375 2.5426 
2.5426 2.5588 2.5683 2.6375 2.6162 2.5663 2.4539 2.4767 2.4972 2.6552 2.6686 2.6762 2.5690 2.5612 2.6026 2.4895 2.4376 2.4501 2.4809 2.5338 2.5426 
2.5426 2.5265 2.5615 2.5763 2.4067 2.2542 2.1654 2.2662 2.3375 2.4063 2.4702 2.4826 2.4057 2.4331 2.4751 2.4029 2.3927 2.4288 2.4730 2.5331 2.5426 
2.5426 2.5775 2.6092 2.5193 2.3159 2.1784 2.2220 2.2753 2.2569 2.2868 2.4217 2.4621 2.3211 2.3282 2.3812 2.3688 2.3897 2.4360 2.4814 2.5346 2.5426 
2.5426 2.7384 2.7158 2.4574 2.3187 2.2778 2.3573 2.3418 2.3453 2.3598 2.4599 2.5304 2.3961 2.3256 2.4115 2.4341 2.4502 2.4802 2.5081 2.5383 2.5426 
2.5426 2.7207 2.6945 2.4535 2.4239 2.3633 2.3046 2.2416 2.3456 2.4209 2.3717 2.3754 2.3794 2.4693 2.5352 2.5354 2.5339 2.5416 2.5446 2.5459 2.5426 
2.5426 2.6470 2.6202 2.5034 2.5018 2.3633 2.2637 2.1807 2.3308 2.5097 2.5364 2.5380 2.6034 2.6823 2.6801 2.6394 2.6095 2.5929 2.5723 2.5495 2.5426 
2.5426 2.5455 2.5163 2.4595 2.4326 2.3237 2.2379 2.2011 2.3418 2.5412 2.6661 2.7226 2.7547 2.7405 2.6968 2.6607 2.6334 2.6099 2.5810 2.5501 2.5426 
2.5426 2.5379 2.5015 2.4699 2.4424 2.3852 2.3342 2.3255 2.4199 2.5502 2.6512 2.7015 2.7110 2.6805 2.6438 2.6232 2.6073 2.5895 2.5687 2.5464 2.5426 
2.5426 2.5445 2.5262 2.5266 2.5273 2.5186 2.5018 2.4957 2.5201 2.5503 2.5762 2.5855 2.5813 2.5633 2.5511 2.5549 2.5548 2.5496 2.5464 2.5426 2.5426 
2.5426 2.5426 2.5426 2.5426 2.5426 2.5426 2.5426 2.5426 2.5426 2.5426 2.5426 2.5426 2.5426 2.5426 2.5426 2.5426 2.5426 2.5426 2.5426 2.5426 2.5426 
2.5703 2.5703 2.5703 2.5703 2.5703 2.5703 2.5703 2.5703 2.5703 2.5703 2.5703 2.5703 2.5703 2.5703 2.5703 2.5703 2.5703 2.5703 2.5703 2.5703 2.5703 
2.5703 2.5684 2.5186 2.5051 2.5034 2.5531 2.5558 2.5261 2.5381 2.5784 2.5445 2.5365 2.5420 2.5677 2.5621 2.5824 2.5936 2.5647 2.5722 2.5703 2.5703 
2.5703 2.5357 2.4989 2.5078 2.5499 2.5580 2.5372 2.5156 2.5168 2.5918 2.6227 2.6012 2.6094 2.6097 2.5788 2.6019 2.6146 2.5876 2.5801 2.5722 2.5703 
2.5703 2.5996 2.5401 2.5484 2.6197 2.6378 2.6575 2.6112 2.5084 2.5828 2.6757 2.6664 2.6861 2.6645 2.5608 2.5902 2.6166 2.5944 2.5832 2.5722 2.5703 
2.5703 2.5934 2.5275 2.5241 2.6048 2.7267 2.8261 2.6724 2.4666 2.4672 2.5646 2.6511 2.6918 2.6430 2.5203 2.5482 2.5913 2.5825 2.5777 2.5722 2.5703 
2.5703 2.5551 2.4975 2.5507 2.5752 2.6363 2.7481 2.6564 2.4738 2.4531 2.4641 2.4872 2.4494 2.3994 2.3910 2.4770 2.5531 2.5616 2.5669 2.5703 2.5703 
2.5703 2.4654 2.4155 2.5132 2.4928 2.4685 2.5430 2.5697 2.5105 2.5044 2.4673 2.3220 2.2468 2.2599 2.3389 2.4538 2.5355 2.5491 2.5593 2.5699 2.5703 
2.5703 2.3810 2.3450 2.4436 2.4004 2.3617 2.4426 2.5687 2.6631 2.6384 2.4887 2.3096 2.2760 2.3740 2.4304 2.4986 2.5461 2.5490 2.5567 2.5686 2.5703 
2.5703 2.5278 2.4547 2.4942 2.3705 2.2853 2.4793 2.7373 2.8818 2.8142 2.7006 2.6039 2.5590 2.6481 2.6186 2.5784 2.5649 2.5536 2.5559 2.5703 2.5703 
2.5703 2.5453 2.4770 2.5014 2.4675 2.3865 2.6253 2.8588 2.8699 2.8327 2.8058 2.8906 2.8179 2.7474 2.6641 2.5824 2.5478 2.5422 2.5488 2.5703 2.5703 
2.5703 2.5341 2.5041 2.5486 2.6275 2.6320 2.7085 2.7298 2.6846 2.7845 2.8118 2.8977 2.7916 2.7015 2.6453 2.5501 2.5091 2.5145 2.5349 2.5686 2.5703 
2.5703 2.5832 2.5874 2.6329 2.6178 2.5794 2.5037 2.5269 2.5916 2.7443 2.7736 2.7492 2.6430 2.6182 2.6238 2.5198 2.4726 2.4901 2.5220 2.5672 2.5703 
2.5703 2.5755 2.5989 2.5787 2.4241 2.2819 2.2226 2.3169 2.4197 2.5097 2.5875 2.5665 2.4708 2.4757 2.4946 2.4291 2.4236 2.4689 2.5148 2.5665 2.5703 
2.5703 2.6172 2.6319 2.5184 2.3105 2.1723 2.2094 2.2867 2.3056 2.3595 2.5001 2.5176 2.3765 2.3579 2.3947 2.3899 2.4201 2.4760 2.5224 2.5663 2.5703 
2.5703 2.7238 2.6957 2.4674 2.3026 2.2406 2.2857 2.2976 2.3377 2.3924 2.4911 2.5286 2.4096 2.3548 2.4170 2.4463 2.4801 2.5199 2.5473 2.5699 2.5703 
2.5703 2.7256 2.6954 2.4854 2.4040 2.3237 2.2477 2.2105 2.3288 2.4320 2.4203 2.4189 2.4180 2.4816 2.5377 2.5494 2.5648 2.5801 2.5796 2.5736 2.5703 
2.5703 2.6640 2.6419 2.5319 2.4813 2.3434 2.2268 2.1757 2.3254 2.5008 2.5400 2.5517 2.6071 2.6715 2.6748 2.6501 2.6383 2.6280 2.6042 2.5775 2.5703 
2.5703 2.5807 2.5555 2.4984 2.4465 2.3338 2.2376 2.2150 2.3536 2.5414 2.6577 2.7133 2.7438 2.7368 2.7029 2.6769 2.6604 2.6399 2.6097 2.5776 2.5703 
2.5703 2.5656 2.5375 2.5067 2.4689 2.4069 2.3516 2.3482 2.4413 2.5649 2.6591 2.7075 2.7173 2.6915 2.6582 2.6430 2.6325 2.6175 2.5974 2.5742 2.5703 
2.5703 2.5741 2.5566 2.5567 2.5542 2.5426 2.5286 2.5265 2.5517 2.5795 2.6035 2.6129 2.6070 2.5896 2.5728 2.5789 2.5802 2.5774 2.5742 2.5703 2.5703 
2.5703 2.5703 2.5703 2.5703 2.5703 2.5703 2.5703 2.5703 2.5703 2.5703 2.5703 2.5703 2.5703 2.5703 2.5703 2.5703 2.5703 2.5703 2.5703 2.5703 2.5703 
2.6004 2.6004 2.6004 2.6004 2.6004 2.6004 2.6004 2.6004 2.6004 2.6004 2.6004 2.6004 2.6004 2.6004 2.6004 2.6004 2.6004 2.6004 2.6004 2.6004 2.6004 
2.6004 2.5948 2.5564 2.5468 2.5521 2.5716 2.5733 2.5533 2.5715 2.6025 2.5787 2.5650 2.5790 2.6040 2.5925 2.6069 2.6234 2.5890 2.6004 2.6004 2.6004 
2.6004 2.5783 2.5385 2.5399 2.5660 2.5654 2.5461 2.5246 2.5309 2.5969 2.6271 2.6213 2.6417 2.6467 2.6136 2.6247 2.6348 2.6045 2.6010 2.6004 2.6004 
2.6004 2.6225 2.5638 2.5655 2.6127 2.6260 2.6375 2.5896 2.5153 2.5790 2.6558 2.6728 2.7139 2.6985 2.6070 2.6163 2.6345 2.6048 2.5992 2.6005 2.6004 
2.6004 2.6180 2.5530 2.5552 2.6133 2.6968 2.7711 2.6532 2.4970 2.4909 2.5651 2.6502 2.7040 2.6699 2.5695 2.5807 2.6131 2.5935 2.5934 2.5989 2.6004 
2.6004 2.5796 2.5226 2.5637 2.5879 2.6348 2.7273 2.6543 2.5150 2.4786 2.4911 2.5208 2.5076 2.4771 2.4637 2.5225 2.5819 2.5786 2.5861 2.5986 2.6004 
2.6004 2.5084 2.4537 2.5245 2.5193 2.5116 2.5858 2.6058 2.5687 2.5488 2.5010 2.3933 2.3441 2.3623 2.4209 2.5064 2.5691 2.5708 2.5815 2.5986 2.6004 
2.6004 2.4635 2.4063 2.4705 2.4494 2.4343 2.5238 2.6338 2.7209 2.6945 2.5541 2.4071 2.3855 2.4632 2.5106 2.5549 2.5823 2.5730 2.5811 2.5982 2.6004 
2.6004 2.5640 2.4878 2.5124 2.4406 2.3978 2.5782 2.7996 2.9200 2.8541 2.7512 2.6775 2.6495 2.6999 2.6749 2.6288 2.5997 2.5788 2.5822 2.5986 2.6004 
2.6004 2.5766 2.5169 2.5385 2.5264 2.4949 2.7129 2.9177 2.9355 2.8911 2.8805 2.9387 2.8757 2.8008 2.7234 2.6337 2.5849 2.5703 2.5783 2.5993 2.6004 
2.6004 2.5611 2.5454 2.5871 2.6545 2.6820 2.7752 2.8055 2.7988 2.8721 2.9089 2.9502 2.8527 2.7614 2.6973 2.5985 2.5496 2.5492 2.5691 2.5986 2.6004 
2.6004 2.6005 2.6143 2.6474 2.6444 2.6292 2.5898 2.6086 2.6986 2.8356 2.8616 2.8152 2.7100 2.6705 2.6495 2.5522 2.5110 2.5291 2.5610 2.5987 2.6004 
2.6004 2.6104 2.6342 2.6030 2.4749 2.3558 2.3215 2.4107 2.5323 2.6281 2.6962 2.6525 2.5426 2.5240 2.5227 2.4646 2.4671 2.5177 2.5591 2.5987 2.6004 
2.6004 2.6589 2.6601 2.5490 2.3531 2.2217 2.2531 2.3440 2.3975 2.4663 2.5909 2.5859 2.4437 2.3997 2.4217 2.4212 2.4634 2.5274 2.5680 2.6002 2.6004 
2.6004 2.7269 2.6976 2.5079 2.3376 2.2598 2.2776 2.3067 2.3780 2.4589 2.5454 2.5558 2.4445 2.3885 2.4328 2.4651 2.5172 2.5679 2.5897 2.6019 2.6004 
2.6004 2.7365 2.7068 2.5347 2.4273 2.3331 2.2443 2.2240 2.3526 2.4723 2.4809 2.4725 2.4602 2.4940 2.5398 2.5585 2.5927 2.6197 2.6170 2.6057 2.6004 
2.6004 2.6855 2.6670 2.5729 2.4967 2.3613 2.2366 2.2041 2.3515 2.5179 2.5649 2.5773 2.6148 2.6564 2.6624 2.6515 2.6577 2.6586 2.6354 2.6076 2.6004 
2.6004 2.6194 2.5972 2.5463 2.4833 2.3725 2.2725 2.2583 2.3912 2.5608 2.6644 2.7122 2.7329 2.7256 2.6991 2.6813 2.6755 2.6634 2.6376 2.6074 2.6004 
2.6004 2.5998 2.5764 2.5505 2.5102 2.4458 2.3899 2.3921 2.4793 2.5912 2.6767 2.7192 2.7233 2.7000 2.6693 2.6574 2.6518 2.6422 2.6248 2.6040 2.6004 
2.6004 2.6023 2.5875 2.5905 2.5883 2.5761 2.5596 2.5602 2.5886 2.6130 2.6360 2.6466 2.6340 2.6180 2.6016 2.6041 2.6093 2.6058 2.6040 2.6004 2.6004 
2.6004 2.6004 2.6004 2.6004 2.6004 2.6004 2.6004 2.6004 2.6004 2.6004 2.6004 2.6004 2.6004 2.6004 2.6004 2.6004 2.6004 2.6004 2.6004 2.6004 2.6004 
2.6331 2.6331 2.6331 2.6331 2.6331 2.6331 2.6331 2.6331 2.6331 2.6331 2.6331 2.6331 2.6331 2.6331 2.6331 2.6331 2.6331 2.6331 2.6331 2.6331 2.6331 
2.6331 2.6274 2.6006 2.5949 2.5970 2.6018 2.6206 2.5959 2.6115 2.6482 2.6218 2.5997 2.6201 2.6417 2.6215 2.6326 2.6524 2.6200 2.6313 2.6331 2.6331 
2.6331 2.6177 2.5797 2.5749 2.5901 2.5849 2.5714 2.5517 2.5677 2.6220 2.6470 2.6494 2.6809 2.6875 2.6502 2.6534 2.6571 2.6257 2.6264 2.6313 2.6331 
2.6331 2.6422 2.5904 2.5867 2.6190 2.6260 2.6315 2.5923 2.5516 2.6003 2.6588 2.6916 2.7485 2.7388 2.6567 2.6499 2.6565 2.6206 2.6208 2.6295 2.6331 
2.6331 2.6341 2.5760 2.5804 2.6237 2.6784 2.7317 2.6493 2.5448 2.5344 2.5872 2.6728 2.7396 2.7190 2.6306 2.6242 2.6400 2.6094 2.6143 2.6294 2.6331 
2.6331 2.6018 2.5454 2.5784 2.6048 2.6393 2.7109 2.6576 2.5651 2.5235 2.5313 2.5747 2.5865 2.5738 2.5526 2.5788 2.6141 2.5980 2.6086 2.6294 2.6331 
2.6331 2.5386 2.4905 2.5445 2.5527 2.5560 2.6239 2.6408 2.6264 2.6004 2.5486 2.4803 2.4594 2.4863 2.5248 2.5699 2.6043 2.5939 2.6066 2.6295 2.6331 
2.6331 2.5257 2.4653 2.5087 2.5053 2.5095 2.5989 2.6909 2.7734 2.7440 2.6191 2.5109 2.5044 2.5705 2.6030 2.6164 2.6169 2.5970 2.6073 2.6295 2.6331 
2.6331 2.5947 2.5316 2.5501 2.5116 2.5020 2.6687 2.8537 2.9524 2.8801 2.7927 2.7437 2.7323 2.7630 2.7329 2.6762 2.6304 2.6020 2.6088 2.6295 2.6331 
2.6331 2.6102 2.5679 2.5871 2.5871 2.5950 2.8017 2.9709 2.9830 2.9247 2.9249 2.9685 2.9210 2.8504 2.7720 2.6779 2.6168 2.5965 2.6073 2.6302 2.6331 
2.6331 2.6060 2.5996 2.6340 2.6935 2.7438 2.8596 2.8863 2.8858 2.9251 2.9597 2.9800 2.8979 2.8093 2.7375 2.6396 2.5885 2.5842 2.6033 2.6312 2.6331 
2.6331 2.6296 2.6508 2.6784 2.6886 2.7025 2.7015 2.7158 2.7957 2.8977 2.9105 2.8586 2.7667 2.7160 2.6775 2.5890 2.5571 2.5727 2.6011 2.6313 2.6331 
2.6331 2.6393 2.6688 2.6443 2.5466 2.4622 2.4558 2.5362 2.6480 2.7266 2.7733 2.7201 2.6139 2.5734 2.5619 2.5134 2.5260 2.5723 2.6050 2.6331 2.6331 
2.6331 2.6868 2.6879 2.6002 2.4343 2.3201 2.3509 2.4459 2.5119 2.5761 2.6725 2.6517 2.5166 2.4574 2.4673 2.4704 2.5227 2.5856 2.6153 2.6348 2.6331 
2.6331 2.7326 2.7133 2.5696 2.4175 2.3338 2.3302 2.3693 2.4544 2.5419 2.6131 2.6012 2.4961 2.4390 2.4691 2.5027 2.5636 2.6199 2.6344 2.6366 2.6331 
2.6331 2.7394 2.7237 2.5964 2.4895 2.3895 2.2956 2.2903 2.4173 2.5369 2.5548 2.5351 2.5095 2.5211 2.5558 2.5772 2.6219 2.6576 2.6532 2.6385 2.6331 
2.6331 2.7005 2.6919 2.6240 2.5439 2.4179 2.2957 2.2788 2.4126 2.5615 2.6102 2.6157 2.6307 2.6521 2.6579 2.6540 2.6715 2.6824 2.6645 2.6404 2.6331 
2.6331 2.6491 2.6357 2.5993 2.5388 2.4384 2.3442 2.3387 2.4540 2.5980 2.6883 2.7238 2.7297 2.7175 2.6931 2.6809 2.6825 2.6807 2.6627 2.6386 2.6331 
2.6331 2.6404 2.6180 2.5993 2.5628 2.5049 2.4537 2.4577 2.5318 2.6270 2.7041 2.7362 2.7330 2.7089 2.6786 2.6681 2.6671 2.6643 2.6521 2.6368 2.6331 
2.6331 2.6331 2.6203 2.6310 2.6267 2.6145 2.5988 2.6063 2.6259 2.6458 2.6709 2.6735 2.6653 2.6509 2.6312 2.6381 2.6384 2.6405 2.6368 2.6331 2.6331 
2.6331 2.6331 2.6331 2.6331 2.6331 2.6331 2.6331 2.6331 2.6331 2.6331 2.6331 2.6331 2.6331 2.6331 2.6331 2.6331 2.6331 2.6331 2.6331 2.6331 2.6331 
2.6688 2.6688 2.6688 2.6688 2.6688 2.6688 2.6688 2.6688 2.6688 2.6688 2.6688 2.6688 2.6688 2.6688 2.6688 2.6688 2.6688 2.6688 2.6688 2.6688 2.6688 
2.6688 2.6688 2.6437 2.6432 2.6327 2.6464 2.6527 2.6307 2.6490 2.6689 2.6669 2.6466 2.6689 2.6798 2.6589 2.6713 2.6840 2.6499 2.6667 2.6688 2.6688 
2.6688 2.6477 2.6220 2.6184 2.6228 2.6195 2.6061 2.5873 2.6074 2.6515 2.6781 2.6844 2.7186 2.7259 2.6888 2.6861 2.6848 2.6538 2.6583 2.6662 2.6688 
2.6688 2.6761 2.6287 2.6190 2.6384 2.6435 2.6411 2.6059 2.5898 2.6342 2.6813 2.7177 2.7789 2.7763 2.7027 2.6882 2.6836 2.6444 2.6495 2.6631 2.6688 
2.6688 2.6720 2.6134 2.6086 2.6388 2.6792 2.7138 2.6542 2.5894 2.5901 2.6295 2.7083 2.7770 2.7673 2.6878 2.6703 2.6717 2.6330 2.6431 2.6632 2.6688 
2.6688 2.6472 2.5869 2.6004 2.6272 2.6560 2.7077 2.6685 2.6091 2.5813 2.5886 2.6388 2.6670 2.6658 2.6386 2.6394 2.6520 2.6241 2.6389 2.6632 2.6688 
2.6688 2.6020 2.5458 2.5735 2.5907 2.6001 2.6558 2.6656 2.6639 2.6462 2.6051 2.5711 2.5730 2.6040 2.6234 2.6366 2.6456 2.6232 2.6385 2.6632 2.6688 
2.6688 2.5969 2.5341 2.5587 2.5662 2.5763 2.6512 2.7227 2.7927 2.7676 2.6683 2.6015 2.6134 2.6743 2.6884 2.6747 2.6546 2.6274 2.6399 2.6632 2.6688 
2.6688 2.6400 2.5870 2.6020 2.5791 2.5819 2.7220 2.8697 2.9429 2.8673 2.8030 2.7839 2.7915 2.8217 2.7886 2.7206 2.6619 2.6292 2.6408 2.6632 2.6688 
2.6688 2.6544 2.6247 2.6444 2.6442 2.6655 2.8466 2.9833 2.9757 2.9045 2.9151 2.9647 2.9358 2.8815 2.8091 2.7152 2.6504 2.6256 2.6406 2.6636 2.6688 
2.6688 2.6594 2.6556 2.6853 2.7339 2.7902 2.9062 2.9271 2.9097 2.9163 2.9446 2.9643 2.9052 2.8305 2.7662 2.6766 2.6295 2.6229 2.6417 2.6651 2.6688 
2.6688 2.6740 2.6933 2.7136 2.7363 2.7736 2.7914 2.7939 2.8405 2.9079 2.9065 2.8598 2.7899 2.7395 2.7066 2.6294 2.6073 2.6228 2.6446 2.6669 2.6688 
2.6688 2.6868 2.7062 2.6904 2.6266 2.5812 2.5920 2.6521 2.7271 2.7806 2.8061 2.7524 2.6616 2.6174 2.6097 2.5720 2.5895 2.6303 2.6524 2.6688 2.6688 
2.6688 2.7185 2.7224 2.6612 2.5366 2.4560 2.4908 2.5680 2.6142 2.6595 2.7260 2.6986 2.5801 2.5209 2.5289 2.5359 2.5889 2.6457 2.6631 2.6724 2.6688 
2.6688 2.7626 2.7458 2.6454 2.5225 2.4539 2.4504 2.4792 2.5491 2.6261 2.6749 2.6550 2.5574 2.5036 2.5270 2.5580 2.6151 2.6697 2.6765 2.6731 2.6688 
2.6688 2.7666 2.7526 2.6679 2.5767 2.4929 2.4140 2.4056 2.5112 2.6137 2.6273 2.6048 2.5688 2.5649 2.5910 2.6121 2.6544 2.6908 2.6873 2.6742 2.6688 
2.6688 2.7316 2.7237 2.6825 2.6132 2.5133 2.4133 2.3983 2.5084 2.6255 2.6626 2.6611 2.6574 2.6642 2.6654 2.6651 2.6850 2.7022 2.6919 2.6742 2.6688 
2.6688 2.6945 2.6782 2.6565 2.6076 2.5294 2.4535 2.4463 2.5373 2.6487 2.7192 2.7418 2.7358 2.7189 2.6945 2.6846 2.6905 2.6961 2.6880 2.6724 2.6688 
2.6688 2.6673 2.6595 2.6481 2.6216 2.5795 2.5372 2.5364 2.5916 2.6665 2.7296 2.7540 2.7449 2.7212 2.6919 2.6820 2.6828 2.6842 2.6794 2.6706 2.6688 
2.6688 2.6688 2.6621 2.6643 2.6588 2.6592 2.6458 2.6491 2.6605 2.6754 2.6986 2.7060 2.6958 2.6850 2.6653 2.6676 2.6684 2.6724 2.6706 2.6688 2.6688 
2.6688 2.6688 2.6688 2.6688 2.6688 2.6688 2.6688 2.6688 2.6688 2.6688 2.6688 2.6688 2.6688 2.6688 2.6688 2.6688 2.6688 2.6688 2.6688 2.6688 2.6688 
2.7075 2.7075 2.7075 2.7075 2.7075 2.7075 2.7075 2.7075 2.7075 2.7075 2.7075 2.7075 2.7075 2.7075 2.7075 2.7075 2.7075 2.7075 2.7075 2.7075 2.7075 
2.7075 2.7018 2.6859 2.6903 2.6676 2.6935 2.6948 2.6936 2.6945 2.7017 2.7104 2.6921 2.7028 2.7004 2.6933 2.7060 2.7171 2.6980 2.7056 2.7075 2.7075 
2.7075 2.6976 2.6746 2.6696 2.6649 2.6694 2.6593 2.6491 2.6653 2.6967 2.7205 2.7165 2.7409 2.7445 2.7160 2.7161 2.7176 2.6974 2.6985 2.7056 2.7075 
2.7075 2.6999 2.6757 2.6666 2.6717 2.6810 2.6738 2.6422 2.6444 2.6822 2.7196 2.7409 2.7956 2.7912 2.7300 2.7207 2.7143 2.6853 2.6913 2.7037 2.7075 
2.7075 2.6977 2.6708 2.6562 2.6694 2.7060 2.7253 2.6782 2.6398 2.6495 2.6798 2.7469 2.8052 2.7908 2.7274 2.7127 2.7081 2.6752 2.6866 2.7018 2.7075 
2.7075 2.6862 2.6522 2.6517 2.6671 2.6914 2.7229 2.6963 2.6500 2.6384 2.6499 2.7060 2.7264 2.7209 2.7029 2.6991 2.6993 2.6705 2.6843 2.7018 2.7075 
2.7075 2.6682 2.6219 2.6350 2.6513 2.6595 2.6867 2.6885 2.6885 2.6837 2.6678 2.6581 2.6622 2.6786 2.6934 2.6965 2.6969 2.6741 2.6855 2.7037 2.7075 
2.7075 2.6426 2.6105 2.6305 2.6406 2.6497 2.6823 2.7193 2.7896 2.7792 2.7087 2.6680 2.6886 2.7380 2.7438 2.7209 2.6980 2.6743 2.6860 2.7038 2.7075 
2.7075 2.6769 2.6507 2.6653 2.6486 2.6444 2.7339 2.8376 2.8963 2.8258 2.7896 2.7876 2.8095 2.8395 2.8188 2.7577 2.7017 2.6740 2.6862 2.7037 2.7075 
2.7075 2.7017 2.6808 2.7043 2.6956 2.6954 2.8323 2.9330 2.9061 2.8260 2.8491 2.9150 2.9025 2.8700 2.8261 2.7520 2.6940 2.6753 2.6872 2.7037 2.7075 
2.7075 2.7044 2.7039 2.7277 2.7587 2.8012 2.8827 2.8844 2.8433 2.8374 2.8614 2.8965 2.8629 2.8143 2.7809 2.7150 2.6796 2.6752 2.6889 2.7037 2.7075 
2.7075 2.7098 2.7323 2.7450 2.7683 2.8198 2.8157 2.7909 2.8113 2.8689 2.8411 2.8096 2.7813 2.7500 2.7364 2.6780 2.6702 2.6803 2.6935 2.7056 2.7075 
2.7075 2.7133 2.7381 2.7335 2.7009 2.6838 2.6880 2.7180 2.7570 2.7832 2.7817 2.7455 2.6954 2.6669 2.6708 2.6440 2.6597 2.6892 2.6999 2.7074 2.7075 
2.7075 2.7398 2.7514 2.7193 2.6409 2.5910 2.6347 2.6879 2.6825 2.6972 2.7407 2.7340 2.6427 2.5976 2.6130 2.6212 2.6570 2.6986 2.7076 2.7092 2.7075 
2.7075 2.7787 2.7734 2.7116 2.6348 2.5970 2.6152 2.6162 2.6453 2.6907 2.7186 2.7091 2.6320 2.5897 2.6098 2.6326 2.6713 2.7126 2.7145 2.7111 2.7075 
2.7075 2.7793 2.7744 2.7246 2.6733 2.6333 2.5872 2.5571 2.6262 2.6893 2.6913 2.6700 2.6363 2.6315 2.6500 2.6629 2.6921 2.7210 2.7185 2.7111 2.7075 
2.7075 2.7629 2.7512 2.7305 2.6961 2.6428 2.5814 2.5551 2.6300 2.6955 2.7161 2.7056 2.6915 2.6969 2.6933 2.6891 2.7063 2.7219 2.7187 2.7092 2.7075 
2.7075 2.7210 2.7155 2.7076 2.6853 2.6436 2.5962 2.5810 2.6358 2.7066 2.7520 2.7600 2.7481 2.7324 2.7089 2.6990 2.7058 2.7127 2.7145 2.7075 2.7075 
2.7075 2.7025 2.6987 2.6972 2.6855 2.6633 2.6315 2.6271 2.6588 2.7154 2.7515 2.7680 2.7598 2.7402 2.7161 2.7048 2.7082 2.7099 2.7115 2.7074 2.7075 
2.7075 2.7018 2.7007 2.7052 2.7013 2.7006 2.6906 2.6889 2.6955 2.7210 2.7152 2.7241 2.7350 2.7240 2.7127 2.6993 2.7054 2.6997 2.7074 2.7075 2.7075 
2.7075 2.7075 2.7075 2.7075 2.7075 2.7075 2.7075 2.7075 2.7075 2.7075 2.7075 2.7075 2.7075 2.7075 2.7075 2.7075 2.7075 2.7075 2.7075 2.7075 2.7075 
2.7494 2.7494 2.7494 2.7494 2.7494 2.7494 2.7494 2.7494 2.7494 2.7494 2.7494 2.7494 2.7494 2.7494 2.7494 2.7494 2.7494 2.7494 2.7494 2.7494 2.7494 
2.7494 2.7494 2.7456 2.7361 2.7380 2.7513 2.7551 2.7437 2.7456 2.7454 2.7456 2.7551 2.7456 2.7418 2.7553 2.7494 2.7494 2.7551 2.7494 2.7494 2.7494 
2.7494 2.7456 2.7390 2.7360 2.7255 2.7421 2.7378 2.7222 2.7322 2.7563 2.7722 2.7365 2.7498 2.7615 2.7399 2.7460 2.7614 2.7476 2.7475 2.7494 2.7494 
2.7494 2.7437 2.7406 2.7378 2.7380 2.7566 2.7354 2.7007 2.7254 2.7617 2.7844 2.7431 2.8045 2.7931 2.7283 2.7577 2.7592 2.7468 2.7456 2.7494 2.7494 
2.7494 2.7456 2.7630 2.7284 2.7170 2.7771 2.8003 2.7345 2.7158 2.7068 2.7300 2.7810 2.8369 2.7945 2.7350 2.7517 2.7554 2.7267 2.7437 2.7494 2.7494 
2.7494 2.7380 2.7488 2.7312 2.7322 2.7620 2.7854 2.7666 2.7108 2.6926 2.7139 2.7965 2.7511 2.7333 2.7418 2.7553 2.7667 2.7229 2.7438 2.7494 2.7494 
2.7494 2.7399 2.7222 2.7345 2.7422 2.7327 2.7415 2.7317 2.7153 2.7258 2.7544 2.7378 2.7138 2.7046 2.7318 2.7499 2.7687 2.7344 2.7457 2.7494 2.7494 
2.7494 2.7398 2.6953 2.7241 2.7371 2.7740 2.7092 2.6621 2.8005 2.8453 2.7247 2.6795 2.7090 2.7662 2.7683 2.7453 2.7480 2.7287 2.7457 2.7494 2.7494 
2.7494 2.7378 2.7314 2.7526 2.7274 2.6854 2.7074 2.7806 2.8585 2.7533 2.7460 2.7383 2.7806 2.8285 2.8211 2.7805 2.7403 2.7268 2.7457 2.7494 2.7494 
2.7494 2.7418 2.7208 2.7868 2.7385 2.6336 2.7754 2.9094 2.8009 2.6588 2.7476 2.8795 2.8358 2.8163 2.8001 2.7755 2.7286 2.7417 2.7456 2.7494 2.7494 
2.7494 2.7342 2.7371 2.7560 2.7730 2.7821 2.8411 2.8114 2.6792 2.7284 2.7432 2.8112 2.7849 2.7514 2.7671 2.7426 2.7305 2.7471 2.7456 2.7494 2.7494 
2.7494 2.7456 2.7711 2.7656 2.7872 2.9255 2.7812 2.6861 2.7234 2.9034 2.7575 2.7127 2.7510 2.7554 2.7835 2.7214 2.7511 2.7499 2.7475 2.7494 2.7494 
2.7494 2.7565 2.7651 2.7670 2.7782 2.7616 2.7035 2.7333 2.7675 2.7718 2.7462 2.7146 2.7261 2.7278 2.7611 2.7303 2.7503 2.7588 2.7493 2.7494 2.7494 
2.7494 2.7537 2.7784 2.7797 2.7389 2.6707 2.7638 2.8780 2.7340 2.6784 2.7524 2.8128 2.6975 2.6786 2.7308 2.7341 2.7421 2.7550 2.7512 2.7494 2.7494 
2.7494 2.7665 2.8001 2.7533 2.7267 2.7086 2.8062 2.7665 2.7425 2.7451 2.7610 2.7826 2.7211 2.6947 2.7261 2.7298 2.7486 2.7608 2.7530 2.7494 2.7494 
2.7494 2.7722 2.7941 2.7498 2.7690 2.8014 2.7635 2.6810 2.7552 2.7837 2.7348 2.7133 2.6987 2.7249 2.7520 2.7346 2.7499 2.7613 2.7530 2.7494 2.7494 
2.7494 2.7684 2.7630 2.7619 2.7802 2.7771 2.7422 2.7111 2.7674 2.7632 2.7564 2.7467 2.7269 2.7657 2.7536 2.7328 2.7478 2.7489 2.7511 2.7494 2.7494 
2.7494 2.7513 2.7461 2.7483 2.7577 2.7563 2.7441 2.7259 2.7354 2.7684 2.7812 2.7785 2.7709 2.7672 2.7439 2.7335 2.7395 2.7434 2.7494 2.7494 2.7494 
2.7494 2.7475 2.7370 2.7442 2.7416 2.7482 2.7227 2.7355 2.7287 2.7649 2.7776 2.7926 2.7697 2.7638 2.7470 2.7491 2.7511 2.7455 2.7493 2.7494 2.7494 
2.7494 2.7494 2.7551 2.7494 2.7487 2.7437 2.7456 2.7551 2.7418 2.7589 2.7468 2.7551 2.7513 2.7513 2.7532 2.7494 2.7475 2.7461 2.7494 2.7494 2.7494 
2.7494 2.7494 2.7494 2.7494 2.7494 2.7494 2.7494 2.7494 2.7494 2.7494 2.7494 2.7494 2.7494 2.7494 2.7494 2.7494 2.7494 2.7494 2.7494 2.7494 2.7494 
2.7946 2.7946 2.7946 2.7946 2.7946 2.7946 2.7946 2.7946 2.7946 2.7946 2.7946 2.7946 2.7946 2.7946 2.7946 2.7946 2.7946 2.7946 2.7946 2.7946 2.7946 
2.7946 2.7946 2.7946 2.7946 2.7946 2.7946 2.7946 2.7946 2.7946 2.7946 2.7946 2.7946 2.7946 2.7946 2.7946 2.7946 2.7946 2.7946 2.7946 2.7946 2.7946 
2.7946 2.7946 2.7946 2.7946 2.7946 2.7946 2.7946 2.7946 2.7946 2.7946 2.7946 2.7946 2.7946 2.7946 2.7946 2.7946 2.7946 2.7946 2.7946 2.7946 2.7946 
2.7946 2.7946 2.7946 2.7946 2.7946 2.7946 2.7946 2.7946 2.7946 2.7946 2.7946 2.7946 2.7946 2.7946 2.7946 2.7946 2.7946 2.7946 2.7946 2.7946 2.7946 
2.7946 2.7946 2.7946 2.7946 2.7946 2.7946 2.7946 2.7946 2.7946 2.7946 2.7946 2.7946 2.7946 2.7946 2.7946 2.7946 2.7946 2.7946 2.7946 2.7946 2.7946 
2.7946 2.7946 2.7946 2.7946 2.7946 2.7946 2.7946 2.7946 2.7946 2.7946 2.7946 2.7946 2.7946 2.7946 2.7946 2.7946 2.7946 2.7946 2.7946 2.7946 2.7946 
2.7946 2.7946 2.7946 2.7946 2.7946 2.7946 2.7946 2.7946 2.7946 2.7946 2.7946 2.7946 2.7946 2.7946 2.7946 2.7946 2.7946 2.7946 2.7946 2.7946 2.7946 
2.7946 2.7946 2.7946 2.7946 2.7946 2.7946 2.7946 2.7946 2.7946 2.7946 2.7946 2.7946 2.7946 2.7946 2.7946 2.7946 2.7946 2.7946 2.7946 2.7946 2.7946 
2.7946 2.7946 2.7946 2.7946 2.7946 2.7946 2.7946 2.7946 2.7946 2.7946 2.7946 2.7946 2.7946 2.7946 2.7946 2.7946 2.7946 2.7946 2.7946 2.7946 2.7946 
2.7946 2.7946 2.7946 2.7946 2.7946 2.7946 2.7946 2.7946 2.7946 2.7946 2.7946 2.7946 2.7946 2.7946 2.7946 2.7946 2.7946 2.7946 2.7946 2.7946 2.7946 
2.7946 2.7946 2.7946 2.7946 2.7946 2.7946 2.7946 2.7946 2.7946 2.7946 2.7946 2.7946 2.7946 2.7946 2.7946 2.7946 2.7946 2.7946 2.7946 2.7946 2.7946 
2.7946 2.7946 2.7946 2.7946 2.7946 2.7946 2.7946 2.7946 2.7946 2.7946 2.7946 2.7946 2.7946 2.7946 2.7946 2.7946 2.7946 2.7946 2.7946 2.7946 2.7946 
2.7946 2.7946 2.7946 2.7946 2.7946 2.7946 2.7946 2.7946 2.7946 2.7946 2.7946 2.7946 2.7946 2.7946 2.7946 2.7946 2.7946 2.7946 2.7946 2.7946 2.7946 
2.7946 2.7946 2.7946 2.7946 2.7946 2.7946 2.7946 2.7946 2.7946 2.7946 2.7946 2.7946 2.7946 2.7946 2.7946 2.7946 2.7946 2.7946 2.7946 2.7946 2.7946 
2.7946 2.7946 2.7946 2.7946 2.7946 2.7946 2.7946 2.7946 2.7946 2.7946 2.7946 2.7946 2.7946 2.7946 2.7946 2.7946 2.7946 2.7946 2.7946 2.7946 2.7946 
2.7946 2.7946 2.7946 2.7946 2.7946 2.7946 2.7946 2.7946 2.7946 2.7946 2.7946 2.7946 2.7946 2.7946 2.7946 2.7946 2.7946 2.7946 2.7946 2.7946 2.7946 
2.7946 2.7946 2.7946 2.7946 2.7946 2.7946 2.7946 2.7946 2.7946 2.7946 2.7946 2.7946 2.7946 2.7946 2.7946 2.7946 2.7946 2.7946 2.7946 2.7946 2.7946 
2.7946 2.7946 2.7946 2.7946 2.7946 2.7946 2.7946 2.7946 2.7946 2.7946 2.7946 2.7946 2.7946 2.7946 2.7946 2.7946 2.7946 2.7946 2.7946 2.7946 2.7946 
2.7946 2.7946 2.7946 2.7946 2.7946 2.7946 2.7946 2.7946 2.7946 2.7946 2.7946 2.7946 2.7946 2.7946 2.7946 2.7946 2.7946 2.7946 2.7946 2.7946 2.7946 
2.7946 2.7946 2.7946 2.7946 2.7946 2.7946 2.7946 2.7946 2.7946 2.7946 2.7946 2.7946 2.7946 2.7946 2.7946 2.7946 2.7946 2.7946 2.7946 2.7946 2.7946 
2.7946 2.7946 2.7946 2.7946 2.7946 2.7946 2.7946 2.7946 2.7946 2.7946 2.7946 2.7946 2.7946 2.7946 2.7946 2.7946 2.7946 2.7946 2.7946 2.7946 2.7946 
