102.729 19.0094 
102.492 18.9851 
102.569 18.7744 
102.410 18.5919 
102.304 18.4352 
102.329 18.3038 
102.459 18.1715 
102.405 17.9881 
102.378 17.8308 
102.428 17.5417 
102.532 17.3571 
102.530 17.0946 
102.294 17.2277 
102.108 16.9929 
102.027 16.7310 
101.893 16.4695 
101.603 16.3668 
101.469 16.0003 
101.466 15.6853 
101.489 15.2388 
101.487 14.9763 
101.696 14.8434 
101.510 14.6086 
101.692 14.3709 
102.087 14.3415 
102.323 14.2871 
102.613 14.2586 
102.982 14.3870 
103.246 14.4899 
103.642 14.5918 
104.010 14.5889 
104.431 14.6118 
104.826 14.6350 
105.089 14.5804 
105.405 14.6304 
105.486 14.9186 
105.646 15.1273 
105.883 15.1255 
106.013 14.9144 
106.302 14.8596 
106.459 14.8321 
106.802 14.8819 
106.935 15.0909 
106.859 15.4328 
106.677 15.7755 
106.416 15.9876 
106.312 16.1722 
106.602 16.2749 
106.787 16.2997 
106.789 16.5360 
106.685 16.7206 
106.396 16.8016 
106.081 16.8828 
105.973 16.6211 
105.739 16.9643 
105.610 17.2541 
105.215 17.2572 
104.981 17.5741 
104.798 17.7593 
104.407 18.2086 
104.278 18.5509 
104.096 18.8149 
103.755 18.9226 
103.334 18.9259 
102.966 18.9813 