 -179.5000   22.5000    7.0700
 -178.5000   22.5000    7.0400
 -177.5000   22.5000    6.8800
 -176.5000   22.5000    6.9600
 -175.5000   22.5000    6.9600
 -174.5000   22.5000    6.9000
 -173.5000   22.5000    6.8600
 -172.5000   22.5000    6.8700
 -171.5000   22.5000    6.9800
 -170.5000   22.5000    7.1100
 -169.5000   22.5000    7.1000
 -168.5000   22.5000    7.0400
 -167.5000   22.5000    7.0100
 -166.5000   22.5000    6.7800
 -165.5000   22.5000    6.6200
 -164.5000   22.5000    6.7600
 -163.5000   22.5000    6.8000
 -162.5000   22.5000   11.9900
 -161.5000   22.5000   14.1400
 -160.5000   22.5000   14.0000
 -159.5000   22.5000   14.0000
 -158.5000   22.5000   13.4900
 -157.5000   22.5000   10.9000
 -156.5000   22.5000    9.9300
 -155.5000   22.5000   10.0500
 -154.5000   22.5000   10.4700
 -153.5000   22.5000   12.1700
 -152.5000   22.5000    9.3800
 -151.5000   22.5000    7.0000
 -150.5000   22.5000    7.0300
 -149.5000   22.5000    7.0100
 -148.5000   22.5000    7.0000
 -147.5000   22.5000    7.0000
 -146.5000   22.5000    6.9900
 -145.5000   22.5000    7.0700
 -144.5000   22.5000    7.1500
 -143.5000   22.5000    7.0800
 -142.5000   22.5000    7.1300
 -141.5000   22.5000    7.0300
 -140.5000   22.5000    7.0600
 -139.5000   22.5000    7.0300
 -138.5000   22.5000    7.0600
 -137.5000   22.5000    7.1000
 -136.5000   22.5000    7.0500
 -135.5000   22.5000    6.9600
 -134.5000   22.5000    7.0000
 -133.5000   22.5000    6.9900
 -132.5000   22.5000    7.0400
 -131.5000   22.5000    7.0300
 -130.5000   22.5000    6.9500
 -129.5000   22.5000    7.0500
 -128.5000   22.5000    6.9700
 -127.5000   22.5000    7.0500
 -126.5000   22.5000    7.0600
 -125.5000   22.5000    7.1500
 -124.5000   22.5000    7.1200
 -123.5000   22.5000    6.8900
 -122.5000   22.5000    7.0000
 -121.5000   22.5000    7.0000
 -120.5000   22.5000    7.0100
 -119.5000   22.5000    6.8800
 -118.5000   22.5000    6.8800
 -117.5000   22.5000    7.0200
 -116.5000   22.5000    7.0600
 -115.5000   22.5000    7.0200
 -114.5000   22.5000    6.9800
 -113.5000   22.5000    6.9400
 -112.5000   22.5000    6.9700
 -111.5000   22.5000    6.9200
 -110.5000   22.5000    7.0000
 -109.5000   22.5000    9.1000
 -108.5000   22.5000    5.8400
 -107.5000   22.5000    7.1900
 -106.5000   22.5000   13.4200
 -105.5000   22.5000   27.8200
 -104.5000   22.5000   31.3000
 -103.5000   22.5000   42.0000
 -102.5000   22.5000   46.0000
 -101.5000   22.5000   43.0000
 -100.5000   22.5000   41.0000
  -99.5000   22.5000   41.0000
  -98.5000   22.5000   37.0000
  -97.5000   22.5000   34.6400
  -96.5000   22.5000   19.8500
  -95.5000   22.5000   13.9400
  -94.5000   22.5000   13.3700
  -93.5000   22.5000   12.6800
  -92.5000   22.5000   15.9000
  -91.5000   22.5000   23.3200
  -90.5000   22.5000   26.9000
  -89.5000   22.5000   27.9700
  -88.5000   22.5000   27.0000
  -87.5000   22.5000   26.0000
  -86.5000   22.5000   26.0200
  -85.5000   22.5000   24.9000
  -84.5000   22.5000   25.1100
  -83.5000   22.5000   26.1400
  -82.5000   22.5000   27.6700
  -81.5000   22.5000   28.6700
  -80.5000   22.5000   30.0000
  -79.5000   22.5000   30.0400
  -78.5000   22.5000   20.0200
  -77.5000   22.5000   25.0700
  -76.5000   22.5000   20.0600
  -75.5000   22.5000   17.0600
  -74.5000   22.5000   14.0500
  -73.5000   22.5000   10.1100
  -72.5000   22.5000    9.9800
  -71.5000   22.5000    8.0100
  -70.5000   22.5000    8.0300
  -69.5000   22.5000    7.9800
  -68.5000   22.5000    8.0000
  -67.5000   22.5000    8.0600
  -66.5000   22.5000    7.9400
  -65.5000   22.5000    7.9100
  -64.5000   22.5000    7.8800
  -63.5000   22.5000    7.9200
  -62.5000   22.5000    7.0000
  -61.5000   22.5000    7.0100
  -60.5000   22.5000    7.0600
  -59.5000   22.5000    6.9900
  -58.5000   22.5000    7.0900
  -57.5000   22.5000    7.2600
  -56.5000   22.5000    7.1900
  -55.5000   22.5000    7.2500
  -54.5000   22.5000    7.1600
  -53.5000   22.5000    7.0200
  -52.5000   22.5000    7.1400
  -51.5000   22.5000    7.0800
  -50.5000   22.5000    6.9600
  -49.5000   22.5000    6.9900
  -48.5000   22.5000    7.2800
  -47.5000   22.5000    7.2100
  -46.5000   22.5000    6.8300
  -45.5000   22.5000    6.7800
  -44.5000   22.5000    6.8100
  -43.5000   22.5000    7.1300
  -42.5000   22.5000    7.0900
  -41.5000   22.5000    7.0300
  -40.5000   22.5000    6.8900
  -39.5000   22.5000    7.0300
  -38.5000   22.5000    7.1200
  -37.5000   22.5000    7.0300
  -36.5000   22.5000    6.8300
  -35.5000   22.5000    7.0000
  -34.5000   22.5000    7.0400
  -33.5000   22.5000    6.9400
  -32.5000   22.5000    7.0100
  -31.5000   22.5000    6.9700
  -30.5000   22.5000    6.8800
  -29.5000   22.5000    6.9300
  -28.5000   22.5000    6.9800
  -27.5000   22.5000    8.0100
  -26.5000   22.5000    8.0000
  -25.5000   22.5000    7.9700
  -24.5000   22.5000    7.9700
  -23.5000   22.5000    7.9900
  -22.5000   22.5000    8.9900
  -21.5000   22.5000    9.0100
  -20.5000   22.5000    9.0000
  -19.5000   22.5000   10.0100
  -18.5000   22.5000   12.0600
  -17.5000   22.5000   22.9200
  -16.5000   22.5000   30.0000
  -15.5000   22.5000   38.0000
  -14.5000   22.5000   36.0000
  -13.5000   22.5000   36.0000
  -12.5000   22.5000   38.0000
  -11.5000   22.5000   38.0000
  -10.5000   22.5000   37.9900
   -9.5000   22.5000   38.0000
   -8.5000   22.5000   41.0000
   -7.5000   22.5000   41.0000
   -6.5000   22.5000   42.0000
   -5.5000   22.5000   41.9900
   -4.5000   22.5000   39.0000
   -3.5000   22.5000   39.0000
   -2.5000   22.5000   38.0000
   -1.5000   22.5000   40.0000
   -0.5000   22.5000   40.0000
    0.5000   22.5000   40.0000
    1.5000   22.5000   40.0000
    2.5000   22.5000   40.0000
    3.5000   22.5000   40.0000
    4.5000   22.5000   40.0000
    5.5000   22.5000   38.5000
    6.5000   22.5000   40.0000
    7.5000   22.5000   40.0000
    8.5000   22.5000   40.0000
    9.5000   22.5000   40.0000
   10.5000   22.5000   42.0000
   11.5000   22.5000   42.0000
   12.5000   22.5000   42.0000
   13.5000   22.5000   42.0000
   14.5000   22.5000   43.0000
   15.5000   22.5000   43.0000
   16.5000   22.5000   43.0000
   17.5000   22.5000   43.0000
   18.5000   22.5000   42.0000
   19.5000   22.5000   42.0000
   20.5000   22.5000   41.0000
   21.5000   22.5000   39.0000
   22.5000   22.5000   39.0000
   23.5000   22.5000   36.0000
   24.5000   22.5000   35.0000
   25.5000   22.5000   35.0000
   26.5000   22.5000   34.0000
   27.5000   22.5000   34.0000
   28.5000   22.5000   34.0000
   29.5000   22.5000   34.4100
   30.5000   22.5000   34.6800
   31.5000   22.5000   34.5100
   32.5000   22.5000   33.8400
   33.5000   22.5000   32.6500
   34.5000   22.5000   30.7400
   35.5000   22.5000   24.1600
   36.5000   22.5000   13.6200
   37.5000   22.5000   11.8400
   38.5000   22.5000   22.9500
   39.5000   22.5000   31.8100
   40.5000   22.5000   35.4900
   41.5000   22.5000   36.4600
   42.5000   22.5000   37.7800
   43.5000   22.5000   39.1300
   44.5000   22.5000   38.7700
   45.5000   22.5000   39.7800
   46.5000   22.5000   40.2200
   47.5000   22.5000   40.2300
   48.5000   22.5000   40.0300
   49.5000   22.5000   39.5600
   50.5000   22.5000   39.0600
   51.5000   22.5000   38.6600
   52.5000   22.5000   38.5700
   53.5000   22.5000   38.8300
   54.5000   22.5000   39.1100
   55.5000   22.5000   39.4600
   56.5000   22.5000   39.3200
   57.5000   22.5000   40.0300
   58.5000   22.5000   29.8300
   59.5000   22.5000   20.4900
   60.5000   22.5000   10.0400
   61.5000   22.5000    8.9600
   62.5000   22.5000    9.0900
   63.5000   22.5000    9.2500
   64.5000   22.5000    9.0500
   65.5000   22.5000   10.9700
   66.5000   22.5000   16.9200
   67.5000   22.5000   21.8900
   68.5000   22.5000   27.9100
   69.5000   22.5000   31.8200
   70.5000   22.5000   35.2700
   71.5000   22.5000   35.1100
   72.5000   22.5000   36.3500
   73.5000   22.5000   33.2400
   74.5000   22.5000   34.4600
   75.5000   22.5000   39.4800
   76.5000   22.5000   43.7800
   77.5000   22.5000   48.0000
   78.5000   22.5000   40.5800
   79.5000   22.5000   53.0000
   80.5000   22.5000   48.9500
   81.5000   22.5000   39.0000
   82.5000   22.5000   34.7200
   83.5000   22.5000   33.9100
   84.5000   22.5000   40.3700
   85.5000   22.5000   46.6600
   86.5000   22.5000   38.5900
   87.5000   22.5000   38.0000
   88.5000   22.5000   36.0000
   89.5000   22.5000   36.0000
   90.5000   22.5000   37.0000
   91.5000   22.5000   35.0000
   92.5000   22.5000   37.0000
   93.5000   22.5000   36.0000
   94.5000   22.5000   36.0000
   95.5000   22.5000   35.0000
   96.5000   22.5000   35.0000
   97.5000   22.5000   34.0000
   98.5000   22.5000   33.5700
   99.5000   22.5000   33.4500
  100.5000   22.5000   31.2700
  101.5000   22.5000   31.9500
  102.5000   22.5000   34.5800
  103.5000   22.5000   37.2600
  104.5000   22.5000   36.3000
  105.5000   22.5000   41.4500
  106.5000   22.5000   39.6400
  107.5000   22.5000   31.2700
  108.5000   22.5000   30.2000
  109.5000   22.5000   30.0000
  110.5000   22.5000   30.0000
  111.5000   22.5000   30.0000
  112.5000   22.5000   30.0000
  113.5000   22.5000   29.9400
  114.5000   22.5000   29.9300
  115.5000   22.5000   29.9800
  116.5000   22.5000   28.9500
  117.5000   22.5000   28.9500
  118.5000   22.5000   28.7200
  119.5000   22.5000   30.4600
  120.5000   22.5000   38.0000
  121.5000   22.5000   20.5600
  122.5000   22.5000   11.1700
  123.5000   22.5000    7.9300
  124.5000   22.5000    7.0000
  125.5000   22.5000    6.9800
  126.5000   22.5000    6.8500
  127.5000   22.5000    6.9400
  128.5000   22.5000    7.3800
  129.5000   22.5000    7.0300
  130.5000   22.5000    7.0300
  131.5000   22.5000    6.9900
  132.5000   22.5000    6.9600
  133.5000   22.5000    6.8200
  134.5000   22.5000    7.0300
  135.5000   22.5000    8.0300
  136.5000   22.5000    7.0800
  137.5000   22.5000    7.0500
  138.5000   22.5000    6.9700
  139.5000   22.5000    7.0100
  140.5000   22.5000    6.8900
  141.5000   22.5000    6.9200
  142.5000   22.5000    6.9000
  143.5000   22.5000    7.1100
  144.5000   22.5000    7.3300
  145.5000   22.5000    7.0300
  146.5000   22.5000    7.0800
  147.5000   22.5000    6.9100
  148.5000   22.5000    7.0600
  149.5000   22.5000    6.9600
  150.5000   22.5000    7.0000
  151.5000   22.5000    7.1100
  152.5000   22.5000    7.0200
  153.5000   22.5000    6.9600
  154.5000   22.5000    6.8100
  155.5000   22.5000    6.9800
  156.5000   22.5000    6.9500
  157.5000   22.5000    6.8300
  158.5000   22.5000    6.9600
  159.5000   22.5000    7.1700
  160.5000   22.5000    7.0900
  161.5000   22.5000    7.3500
  162.5000   22.5000    7.3500
  163.5000   22.5000    7.0500
  164.5000   22.5000    7.0400
  165.5000   22.5000    7.0400
  166.5000   22.5000    7.0800
  167.5000   22.5000    7.1200
  168.5000   22.5000    7.0900
  169.5000   22.5000    6.9300
  170.5000   22.5000    6.9200
  171.5000   22.5000    6.9600
  172.5000   22.5000    6.9800
  173.5000   22.5000    6.8800
  174.5000   22.5000    6.8200
  175.5000   22.5000    7.0200
  176.5000   22.5000    6.9900
  177.5000   22.5000    6.9900
  178.5000   22.5000    6.9600
  179.5000   22.5000    5.9000
