0.000000 2.000000 4.000000 6.000000 8.000000 10.000000 15.000000 20.000000 25.000000 30.000000 35.000000 40.000000 45.000000 50.000000 55.000000 60.000000 
2.500000 2.500000 2.500000 2.500000 2.500000 2.500000 2.500000 2.500000 2.500000 2.500000 2.500000 2.500000 2.500000 2.500000 2.500000 2.500000 2.500000 2.500000 2.500000 2.500000 2.500000 
2.500000 2.500000 2.500000 2.500000 2.500000 2.500000 2.500000 2.500000 2.500000 2.500260 2.500280 2.499790 2.499710 2.499820 2.500000 2.500000 2.500000 2.500000 2.500000 2.500000 2.500000 
2.500000 2.500000 2.499580 2.499370 2.499590 2.500380 2.501960 2.505200 2.515810 2.559760 2.524060 2.456960 2.502580 2.510430 2.501330 2.500420 2.500150 2.500080 2.500050 2.500000 2.500000 
2.500000 2.500000 2.498880 2.498240 2.498540 2.499830 2.500580 2.494940 2.548660 2.715890 2.501720 2.297600 2.567550 2.526860 2.500730 2.500370 2.500160 2.500100 2.500060 2.500000 2.500000 
2.500000 2.500000 2.497500 2.495830 2.495790 2.493540 2.476990 2.488300 2.594760 2.474000 2.369870 2.489340 2.585440 2.472150 2.494660 2.499510 2.500040 2.500120 2.500070 2.500000 2.500000 
2.500000 2.500000 2.494710 2.489790 2.479840 2.455010 2.513280 2.702060 2.527800 2.000000 2.559140 2.816690 2.505680 2.426360 2.487610 2.499420 2.500310 2.500310 2.500150 2.500000 2.500000 
2.500000 2.499990 2.486760 2.450560 2.410650 2.523290 2.671670 2.545250 2.365240 2.431050 2.692290 2.489960 2.486530 2.467060 2.490960 2.502050 2.501390 2.500710 2.500300 2.500000 2.500000 
2.500000 2.499430 2.454780 2.337000 2.510140 2.826110 2.500980 2.000000 2.533490 3.077580 2.425050 2.024210 2.471410 2.654310 2.567410 2.508780 2.502570 2.501010 2.500380 2.500000 2.500000 
2.500000 2.499670 2.489330 2.515040 2.691080 2.545090 2.323420 2.448980 2.706380 2.517750 2.418090 2.425570 2.594040 2.575300 2.525050 2.503950 2.501320 2.500640 2.500280 2.500000 2.500000 
2.500000 2.500230 2.527640 2.697260 2.531810 2.000000 2.490100 3.140500 2.444560 2.000000 2.579210 3.005320 2.508450 2.219680 2.432100 2.495110 2.499310 2.500090 2.500130 2.500000 2.500000 
2.500000 2.500090 2.496530 2.461880 2.431630 2.434800 2.669550 2.548690 2.392550 2.457570 2.658270 2.544410 2.443050 2.443840 2.487790 2.500140 2.500120 2.500200 2.500120 2.500000 2.500000 
2.500000 2.499960 2.472150 2.310730 2.484330 3.076230 2.460590 2.000000 2.546960 3.137550 2.415760 2.000000 2.550450 2.771080 2.553140 2.506800 2.501500 2.500390 2.500110 2.500000 2.500000 
2.500000 2.499810 2.476620 2.458870 2.666710 2.522000 2.373740 2.470770 2.661130 2.529420 2.448130 2.467390 2.527700 2.566490 2.525000 2.502670 2.500120 2.499800 2.499870 2.500000 2.500000 
2.500000 2.500370 2.530050 2.691960 2.535160 2.000000 2.526490 3.122460 2.414970 2.000000 2.542940 2.931340 2.508400 2.309830 2.442820 2.492810 2.497320 2.498790 2.499510 2.500000 2.500000 
2.500000 2.500020 2.512080 2.512780 2.354360 2.426730 2.704320 2.499260 2.420260 2.527410 2.512360 2.579630 2.567570 2.458410 2.470250 2.492160 2.496430 2.498270 2.499290 2.500000 2.500000 
2.500000 2.499890 2.494960 2.446740 2.518180 2.786480 2.470960 2.087870 2.556200 2.826480 2.504360 2.295180 2.465330 2.495140 2.491670 2.494510 2.496840 2.498310 2.499270 2.500000 2.500000 
2.500000 2.500000 2.501010 2.503310 2.548890 2.597440 2.468170 2.387440 2.530830 2.569440 2.510040 2.451140 2.481800 2.492720 2.494450 2.496180 2.497600 2.498620 2.499370 2.500000 2.500000 
2.500000 2.500000 2.501330 2.503730 2.509170 2.511290 2.497390 2.488360 2.501000 2.508050 2.502300 2.494790 2.494530 2.495660 2.496660 2.497620 2.498430 2.499050 2.499540 2.500000 2.500000 
2.500000 2.500000 2.500740 2.501800 2.503130 2.502970 2.499650 2.497540 2.499940 2.501860 2.500600 2.498480 2.497890 2.498070 2.498460 2.498890 2.499240 2.499510 2.499740 2.500000 2.500000 
2.500000 2.500000 2.500000 2.500000 2.500000 2.500000 2.500000 2.500000 2.500000 2.500000 2.500000 2.500000 2.500000 2.500000 2.500000 2.500000 2.500000 2.500000 2.500000 2.500000 2.500000 
2.500000 2.500000 2.500000 2.500000 2.500000 2.500000 2.500000 2.500000 2.500000 2.500000 2.500000 2.500000 2.500000 2.500000 2.500000 2.500000 2.500000 2.500000 2.500000 2.500000 2.500000 
2.540000 2.540000 2.540000 2.540000 2.540000 2.540000 2.540000 2.540000 2.540000 2.540000 2.540000 2.540000 2.540000 2.540000 2.540000 2.540000 2.540000 2.540000 2.540000 2.540000 2.540000 
2.540000 2.540000 2.539580 2.539370 2.539590 2.540380 2.541960 2.545290 2.553260 2.564940 2.547160 2.525320 2.540800 2.543890 2.541330 2.540420 2.540150 2.540080 2.540050 2.540000 2.540000 
2.540000 2.539580 2.534970 2.533770 2.538090 2.548210 2.563300 2.583400 2.609130 2.624040 2.567130 2.513010 2.546740 2.556150 2.549300 2.544730 2.542450 2.541300 2.540600 2.540050 2.540000 
2.540000 2.538880 2.528580 2.525260 2.533040 2.551170 2.575430 2.603480 2.641460 2.657480 2.548800 2.477580 2.571390 2.568470 2.552910 2.546670 2.543910 2.542340 2.541140 2.540060 2.540000 
2.540000 2.537500 2.519060 2.511890 2.523290 2.549800 2.580420 2.608190 2.603490 2.508030 2.492210 2.557070 2.599970 2.553280 2.546000 2.545870 2.545050 2.543540 2.541820 2.540070 2.540000 
2.540000 2.534710 2.505680 2.492550 2.510950 2.556160 2.612030 2.639910 2.519730 2.336020 2.539270 2.666760 2.592980 2.535430 2.543200 2.549050 2.548440 2.545780 2.542890 2.540150 2.540000 
2.540000 2.529180 2.490260 2.468500 2.510690 2.608350 2.630620 2.532020 2.481540 2.511740 2.591380 2.532830 2.542110 2.555100 2.565150 2.562310 2.555080 2.548830 2.544110 2.540300 2.540000 
2.540000 2.521740 2.487020 2.469420 2.579940 2.679670 2.524570 2.331460 2.550950 2.729590 2.518170 2.345770 2.505940 2.617180 2.608750 2.576630 2.559290 2.550020 2.544440 2.540380 2.540000 
2.540000 2.538750 2.539720 2.573290 2.628190 2.546280 2.471420 2.524460 2.604330 2.533830 2.500150 2.511110 2.574720 2.576700 2.567870 2.557470 2.550880 2.546360 2.543020 2.540280 2.540000 
2.540000 2.552740 2.573070 2.621450 2.540060 2.354190 2.541930 2.754010 2.513490 2.273910 2.550400 2.726430 2.574160 2.439620 2.487870 2.526760 2.538540 2.541000 2.540860 2.540130 2.540000 
2.540000 2.537280 2.533120 2.524650 2.524610 2.535040 2.592550 2.544240 2.493020 2.514980 2.593340 2.558930 2.525310 2.515030 2.527830 2.536390 2.538240 2.538730 2.539310 2.540120 2.540000 
2.540000 2.525770 2.506090 2.477800 2.594320 2.749150 2.509290 2.267060 2.543260 2.755820 2.519630 2.321100 2.527750 2.650130 2.594050 2.554290 2.539600 2.536210 2.537350 2.540110 2.540000 
2.540000 2.534380 2.536200 2.552470 2.617830 2.558700 2.492060 2.515100 2.589760 2.556100 2.514030 2.514020 2.562160 2.580560 2.552310 2.531530 2.525970 2.528120 2.533450 2.539870 2.540000 
2.540000 2.553880 2.583020 2.624230 2.526800 2.341290 2.562300 2.756020 2.513730 2.311520 2.538730 2.712570 2.579540 2.453630 2.461730 2.487400 2.503880 2.516910 2.528530 2.539510 2.540000 
2.540000 2.545450 2.566900 2.565590 2.495510 2.501490 2.614290 2.568970 2.509560 2.522090 2.567780 2.608140 2.554270 2.460180 2.447820 2.469690 2.491240 2.509440 2.525070 2.539290 2.540000 
2.540000 2.538800 2.553430 2.556500 2.595680 2.670200 2.538320 2.377030 2.545560 2.680470 2.572900 2.462010 2.470100 2.457920 2.456360 2.471190 2.490070 2.508070 2.524270 2.539270 2.540000 
2.540000 2.541100 2.558610 2.580720 2.624100 2.642960 2.529220 2.443130 2.546770 2.618500 2.558920 2.478310 2.466600 2.465610 2.470060 2.481870 2.496820 2.511880 2.526010 2.539370 2.540000 
2.540000 2.541330 2.556860 2.574960 2.594620 2.591630 2.540670 2.506160 2.540160 2.567580 2.544330 2.505710 2.489870 2.486680 2.490180 2.498300 2.508610 2.519300 2.529610 2.539540 2.540000 
2.540000 2.540740 2.549750 2.559220 2.566580 2.562570 2.542770 2.529780 2.539300 2.548050 2.539420 2.523530 2.514500 2.512060 2.513760 2.517950 2.523300 2.528910 2.534400 2.539740 2.540000 
2.540000 2.540000 2.540740 2.541800 2.543130 2.542970 2.539650 2.537540 2.539940 2.541860 2.540600 2.538480 2.537890 2.538070 2.538460 2.538890 2.539240 2.539510 2.539740 2.540000 2.540000 
2.540000 2.540000 2.540000 2.540000 2.540000 2.540000 2.540000 2.540000 2.540000 2.540000 2.540000 2.540000 2.540000 2.540000 2.540000 2.540000 2.540000 2.540000 2.540000 2.540000 2.540000 
2.580000 2.580000 2.580000 2.580000 2.580000 2.580000 2.580000 2.580000 2.580000 2.580000 2.580000 2.580000 2.580000 2.580000 2.580000 2.580000 2.580000 2.580000 2.580000 2.580000 2.580000 
2.580000 2.580000 2.579200 2.578830 2.579300 2.580880 2.583940 2.589620 2.600540 2.612970 2.589760 2.564150 2.582060 2.585360 2.582040 2.580690 2.580270 2.580130 2.580070 2.580000 2.580000 
2.580000 2.579200 2.570450 2.568070 2.575940 2.594340 2.620950 2.652810 2.683660 2.687290 2.618640 2.562190 2.592080 2.601750 2.593980 2.587370 2.583810 2.582000 2.580910 2.580070 2.580000 
2.580000 2.577930 2.558940 2.553020 2.567630 2.601170 2.644900 2.689050 2.721930 2.706130 2.603210 2.548810 2.618320 2.617310 2.600210 2.590730 2.586160 2.583610 2.581740 2.580090 2.580000 
2.580000 2.575630 2.543160 2.531980 2.554610 2.604260 2.658670 2.692300 2.662670 2.556580 2.549300 2.615660 2.652930 2.611460 2.595290 2.590920 2.588320 2.585640 2.582880 2.580130 2.580000 
2.580000 2.571440 2.523790 2.507280 2.544920 2.620420 2.685120 2.686480 2.561170 2.413240 2.575240 2.694520 2.655150 2.601140 2.596520 2.597330 2.594190 2.589430 2.584700 2.580280 2.580000 
2.580000 2.564350 2.507550 2.490220 2.559710 2.668720 2.675160 2.572620 2.533780 2.562670 2.620660 2.580340 2.596010 2.616980 2.624950 2.616820 2.604650 2.594430 2.586730 2.580530 2.580000 
2.580000 2.557530 2.516340 2.516730 2.629110 2.704480 2.567560 2.422280 2.599960 2.734640 2.572870 2.425270 2.548970 2.658470 2.664120 2.633380 2.610260 2.596130 2.587220 2.580670 2.580000 
2.580000 2.579750 2.580140 2.617540 2.660400 2.586200 2.528320 2.581170 2.642810 2.581090 2.552940 2.561970 2.613350 2.621450 2.617330 2.606370 2.597000 2.590000 2.584760 2.580490 2.580000 
2.580000 2.595440 2.613990 2.648030 2.581180 2.447530 2.595230 2.756180 2.569450 2.377880 2.591070 2.738940 2.630070 2.510510 2.532050 2.564830 2.577910 2.581070 2.581030 2.580230 2.580000 
2.580000 2.575780 2.572620 2.572360 2.584680 2.599450 2.631910 2.589020 2.549160 2.568130 2.633720 2.608230 2.577820 2.561450 2.567190 2.573760 2.575710 2.576710 2.578210 2.580210 2.580000 
2.580000 2.562540 2.548470 2.548200 2.663600 2.761640 2.558060 2.369360 2.588040 2.759210 2.579720 2.412410 2.562270 2.670250 2.634010 2.593540 2.575390 2.571600 2.574580 2.580180 2.580000 
2.580000 2.575100 2.586220 2.613570 2.663340 2.609920 2.549020 2.565160 2.630200 2.607530 2.564790 2.560990 2.605830 2.616250 2.582970 2.558210 2.552030 2.557210 2.567550 2.579750 2.580000 
2.580000 2.597960 2.633250 2.660170 2.567220 2.430540 2.611550 2.760630 2.573230 2.408270 2.580270 2.728310 2.624390 2.491580 2.471320 2.491670 2.515120 2.537520 2.558730 2.579100 2.580000 
2.580000 2.588150 2.620040 2.622150 2.559670 2.554590 2.649410 2.622960 2.560690 2.562980 2.619180 2.651520 2.573820 2.459350 2.433130 2.458290 2.492200 2.523980 2.552410 2.578690 2.580000 
2.580000 2.580130 2.608990 2.627900 2.665030 2.708890 2.591330 2.450030 2.579200 2.703760 2.627060 2.514030 2.476040 2.439890 2.433880 2.456600 2.488900 2.521170 2.550880 2.578640 2.580000 
2.580000 2.582500 2.614010 2.650460 2.699280 2.706170 2.578150 2.479290 2.580860 2.666380 2.604040 2.501260 2.462540 2.449380 2.454010 2.473840 2.500460 2.527930 2.554020 2.578830 2.580000 
2.580000 2.582510 2.609770 2.639600 2.666470 2.656990 2.585480 2.536500 2.577720 2.615070 2.583010 2.524310 2.493110 2.483950 2.488840 2.503090 2.521840 2.541540 2.560680 2.579140 2.580000 
2.580000 2.581370 2.597200 2.613190 2.624320 2.616650 2.585710 2.565190 2.578020 2.590720 2.576990 2.550790 2.534150 2.528910 2.531570 2.539100 2.548930 2.559350 2.569580 2.579530 2.580000 
2.580000 2.580000 2.581370 2.583210 2.585330 2.584890 2.579540 2.576120 2.579810 2.582970 2.581030 2.577480 2.576280 2.576480 2.577130 2.577900 2.578570 2.579080 2.579530 2.580000 2.580000 
2.580000 2.580000 2.580000 2.580000 2.580000 2.580000 2.580000 2.580000 2.580000 2.580000 2.580000 2.580000 2.580000 2.580000 2.580000 2.580000 2.580000 2.580000 2.580000 2.580000 2.580000 
2.620000 2.620000 2.620000 2.620000 2.620000 2.620000 2.620000 2.620000 2.620000 2.620000 2.620000 2.620000 2.620000 2.620000 2.620000 2.620000 2.620000 2.620000 2.620000 2.620000 2.620000 
2.620000 2.620000 2.618820 2.618250 2.618880 2.621060 2.625230 2.632670 2.645940 2.659840 2.631370 2.601240 2.622330 2.626280 2.622370 2.620780 2.620280 2.620140 2.620060 2.620000 2.620000 
2.620000 2.618820 2.605510 2.601090 2.610880 2.635260 2.670650 2.711750 2.748100 2.747660 2.664750 2.599190 2.632020 2.643480 2.634980 2.627490 2.623570 2.621740 2.620770 2.620060 2.620000 
2.620000 2.617040 2.588750 2.578670 2.597100 2.641830 2.700460 2.757670 2.794210 2.767520 2.648350 2.589250 2.663280 2.661370 2.641480 2.630440 2.625520 2.623120 2.621500 2.620080 2.620000 
2.620000 2.613950 2.566920 2.549570 2.578750 2.645100 2.717840 2.761250 2.723470 2.598680 2.591050 2.668160 2.706760 2.657490 2.636090 2.630150 2.627540 2.625180 2.622690 2.620130 2.620000 
2.620000 2.608590 2.541700 2.518160 2.566990 2.664680 2.745860 2.746130 2.604070 2.443700 2.624380 2.756720 2.712160 2.647870 2.638310 2.637850 2.634500 2.629670 2.624850 2.620320 2.620000 
2.620000 2.599990 2.522680 2.500090 2.586440 2.717990 2.728300 2.614510 2.576800 2.617570 2.681900 2.632200 2.643530 2.664400 2.671440 2.661290 2.647280 2.635820 2.627360 2.620630 2.620000 
2.620000 2.592220 2.536240 2.536080 2.666000 2.752560 2.605880 2.455600 2.659680 2.810970 2.632330 2.460540 2.587240 2.707100 2.714690 2.680340 2.653910 2.637850 2.627930 2.620810 2.620000 
2.620000 2.618860 2.612960 2.653010 2.701730 2.623460 2.567590 2.638510 2.711680 2.640820 2.605560 2.609790 2.661100 2.667450 2.660880 2.647830 2.637500 2.630150 2.624820 2.620580 2.620000 
2.620000 2.637390 2.653790 2.688700 2.618230 2.480930 2.649800 2.831260 2.627490 2.413950 2.644510 2.805420 2.684930 2.546700 2.563330 2.598410 2.614170 2.619070 2.620170 2.620250 2.620000 
2.620000 2.614480 2.609400 2.611760 2.633200 2.657230 2.693560 2.645530 2.600570 2.622230 2.693050 2.660850 2.621720 2.598150 2.601740 2.608640 2.611520 2.613730 2.616660 2.620240 2.620000 
2.620000 2.599700 2.585050 2.593080 2.729480 2.835720 2.609100 2.402140 2.644280 2.833570 2.632980 2.440430 2.598010 2.715820 2.676960 2.631290 2.610620 2.607090 2.611980 2.620210 2.620000 
2.620000 2.615160 2.629530 2.664690 2.721610 2.662970 2.596430 2.618020 2.692690 2.665190 2.610220 2.600670 2.647880 2.655360 2.615070 2.586290 2.580150 2.588150 2.602710 2.619650 2.620000 
2.620000 2.641540 2.681860 2.709720 2.604270 2.456980 2.662970 2.832090 2.626650 2.439750 2.622490 2.782860 2.664780 2.508480 2.479000 2.501820 2.531960 2.562040 2.590920 2.618790 2.620000 
2.620000 2.630160 2.668170 2.670810 2.599290 2.591470 2.700400 2.676100 2.604150 2.603550 2.665380 2.694760 2.596430 2.458880 2.425660 2.456750 2.501120 2.543770 2.582380 2.618250 2.620000 
2.620000 2.620770 2.657310 2.682480 2.723920 2.767100 2.634350 2.476020 2.617250 2.757570 2.672380 2.536100 2.478650 2.430120 2.422620 2.452710 2.496040 2.539750 2.580240 2.618170 2.620000 
2.620000 2.623420 2.663610 2.709370 2.765980 2.769020 2.617620 2.501310 2.617030 2.716960 2.642670 2.515300 2.460800 2.441580 2.447950 2.474970 2.511250 2.548770 2.584450 2.618410 2.620000 
2.620000 2.623320 2.658300 2.696050 2.728300 2.714210 2.625820 2.565570 2.614200 2.658740 2.617820 2.542380 2.500260 2.487710 2.494670 2.514410 2.540210 2.567270 2.593530 2.618830 2.620000 
2.620000 2.621810 2.642250 2.662700 2.676380 2.665820 2.626470 2.600460 2.615960 2.631240 2.612930 2.578450 2.556170 2.549250 2.553170 2.563680 2.577290 2.591650 2.605710 2.619370 2.620000 
2.620000 2.620000 2.621810 2.624210 2.626870 2.626210 2.619380 2.615030 2.619700 2.623720 2.621200 2.616550 2.614910 2.615160 2.616060 2.617110 2.618030 2.618750 2.619370 2.620000 2.620000 
2.620000 2.620000 2.620000 2.620000 2.620000 2.620000 2.620000 2.620000 2.620000 2.620000 2.620000 2.620000 2.620000 2.620000 2.620000 2.620000 2.620000 2.620000 2.620000 2.620000 2.620000 
2.660000 2.660000 2.660000 2.660000 2.660000 2.660000 2.660000 2.660000 2.660000 2.660000 2.660000 2.660000 2.660000 2.660000 2.660000 2.660000 2.660000 2.660000 2.660000 2.660000 2.660000 
2.660000 2.660000 2.658410 2.657530 2.658070 2.660480 2.665290 2.674070 2.689820 2.705540 2.670660 2.634520 2.660370 2.666350 2.662300 2.660650 2.660180 2.660070 2.660030 2.660000 2.660000 
2.660000 2.658410 2.639900 2.632060 2.641380 2.668490 2.709420 2.758070 2.801790 2.800710 2.699630 2.619860 2.661070 2.678550 2.671460 2.664660 2.661500 2.660440 2.660140 2.660030 2.660000 
2.660000 2.656050 2.617230 2.600350 2.618040 2.668160 2.736460 2.805090 2.850750 2.819900 2.675630 2.602580 2.692670 2.694670 2.674700 2.664710 2.661450 2.660620 2.660310 2.660020 2.660000 
2.660000 2.652050 2.588460 2.560770 2.589930 2.665760 2.752290 2.807100 2.768770 2.627390 2.616010 2.702210 2.746640 2.688460 2.665080 2.661390 2.661690 2.661740 2.661090 2.660030 2.660000 
2.660000 2.645170 2.555570 2.518650 2.570870 2.685800 2.785750 2.792960 2.635320 2.456430 2.667020 2.815210 2.755570 2.675240 2.664560 2.667790 2.668040 2.665930 2.663110 2.660220 2.660000 
2.660000 2.634240 2.530190 2.493120 2.590760 2.749150 2.770060 2.645050 2.607380 2.662400 2.740130 2.674530 2.676010 2.692730 2.701070 2.693450 2.681840 2.672450 2.665750 2.660560 2.660000 
2.660000 2.624480 2.544900 2.534160 2.685000 2.794020 2.633600 2.463890 2.704720 2.887100 2.681680 2.476080 2.613950 2.744050 2.751540 2.715500 2.689440 2.674760 2.666400 2.660770 2.660000 
2.660000 2.656190 2.638220 2.676870 2.733640 2.649190 2.593540 2.678980 2.766960 2.688160 2.646370 2.647130 2.700250 2.699590 2.690350 2.678800 2.671200 2.666360 2.663050 2.660510 2.660000 
2.660000 2.679470 2.691620 2.727590 2.643930 2.485050 2.687600 2.902340 2.667460 2.420560 2.685080 2.868110 2.724330 2.559930 2.579590 2.623930 2.645990 2.654660 2.658190 2.660160 2.660000 
2.660000 2.653050 2.641220 2.640920 2.665890 2.695600 2.742050 2.687460 2.634510 2.657960 2.736160 2.695700 2.651030 2.624750 2.630220 2.640290 2.645710 2.650010 2.654830 2.660210 2.660000 
2.660000 2.635300 2.611250 2.617350 2.778810 2.907890 2.649170 2.408180 2.685480 2.901840 2.665610 2.440460 2.624920 2.765030 2.722060 2.670100 2.646920 2.643590 2.649980 2.660220 2.660000 
2.660000 2.653340 2.662690 2.699510 2.767150 2.703540 2.631210 2.656600 2.739640 2.704150 2.638860 2.625470 2.680820 2.692920 2.649640 2.618310 2.612240 2.622130 2.639490 2.659600 2.660000 
2.660000 2.684390 2.724740 2.752300 2.627690 2.457160 2.700660 2.900340 2.660990 2.441330 2.650980 2.833910 2.697160 2.519850 2.489900 2.519390 2.556010 2.591770 2.625820 2.658610 2.660000 
2.660000 2.670900 2.708280 2.705250 2.618530 2.609530 2.737840 2.713300 2.634780 2.631920 2.696750 2.726290 2.615420 2.461970 2.427810 2.466680 2.519850 2.570330 2.615800 2.657970 2.660000 
2.660000 2.659970 2.696060 2.719970 2.765680 2.815340 2.659240 2.477920 2.649480 2.811470 2.702260 2.538200 2.477150 2.427890 2.423900 2.461660 2.513650 2.565450 2.613210 2.657880 2.660000 
2.660000 2.663450 2.705460 2.755130 2.819610 2.822420 2.644360 2.511030 2.650740 2.765900 2.671630 2.518900 2.459130 2.442210 2.453640 2.487570 2.531280 2.575880 2.618080 2.658160 2.660000 
2.660000 2.663630 2.701430 2.743260 2.779900 2.762980 2.659260 2.590230 2.649130 2.700030 2.648110 2.557640 2.510150 2.498620 2.509370 2.534150 2.565330 2.597600 2.628720 2.658640 2.660000 
2.660000 2.662020 2.684450 2.707260 2.722730 2.710180 2.664110 2.634310 2.653160 2.670400 2.647220 2.605840 2.580420 2.573720 2.579570 2.592770 2.609250 2.626400 2.643100 2.659270 2.660000 
2.660000 2.660000 2.662020 2.664770 2.667910 2.667100 2.658950 2.653900 2.659610 2.664310 2.661030 2.655370 2.653560 2.654060 2.655260 2.656560 2.657680 2.658540 2.659270 2.660000 2.660000 
2.660000 2.660000 2.660000 2.660000 2.660000 2.660000 2.660000 2.660000 2.660000 2.660000 2.660000 2.660000 2.660000 2.660000 2.660000 2.660000 2.660000 2.660000 2.660000 2.660000 2.660000 
2.700000 2.700000 2.700000 2.700000 2.700000 2.700000 2.700000 2.700000 2.700000 2.700000 2.700000 2.700000 2.700000 2.700000 2.700000 2.700000 2.700000 2.700000 2.700000 2.700000 2.700000 
2.700000 2.700000 2.697980 2.696710 2.696910 2.699040 2.703790 2.713460 2.733440 2.756740 2.709950 2.658450 2.695940 2.706390 2.701960 2.700330 2.699970 2.699950 2.699980 2.700000 2.700000 
2.700000 2.697980 2.674210 2.661910 2.668250 2.694280 2.736510 2.790240 2.844130 2.849350 2.725340 2.622980 2.679900 2.708050 2.704250 2.699560 2.698130 2.698420 2.699180 2.699980 2.700000 
2.700000 2.695040 2.645670 2.619970 2.632070 2.680470 2.751230 2.828320 2.891360 2.868810 2.685680 2.583130 2.707120 2.718360 2.701080 2.694770 2.694890 2.696730 2.698480 2.699900 2.700000 
2.700000 2.690040 2.609910 2.568660 2.590470 2.666210 2.759290 2.827120 2.799310 2.641430 2.619590 2.713610 2.771740 2.703410 2.683330 2.686280 2.692100 2.696180 2.698500 2.699870 2.700000 
2.700000 2.681160 2.568410 2.512830 2.559000 2.683510 2.804860 2.830940 2.654040 2.436670 2.697940 2.870890 2.782540 2.680790 2.676160 2.688970 2.696350 2.699210 2.700000 2.700020 2.700000 
2.700000 2.665840 2.533390 2.472970 2.574920 2.766370 2.806620 2.665380 2.618900 2.686510 2.788270 2.699570 2.690260 2.701400 2.715120 2.715130 2.709880 2.705390 2.702430 2.700360 2.700000 
2.700000 2.648980 2.544500 2.513110 2.693090 2.842150 2.653720 2.432050 2.726710 2.963700 2.707750 2.454160 2.626720 2.773770 2.778000 2.740870 2.718370 2.707910 2.703140 2.700570 2.700000 
2.700000 2.690810 2.659710 2.696350 2.767590 2.669350 2.602430 2.694090 2.800940 2.712480 2.664670 2.667350 2.730610 2.719030 2.707490 2.701140 2.699710 2.699720 2.699990 2.700320 2.700000 
2.700000 2.725830 2.732460 2.774480 2.662680 2.447990 2.703670 2.975710 2.678960 2.374960 2.708600 2.934340 2.745810 2.542890 2.580230 2.643380 2.675160 2.688970 2.695650 2.700000 2.700000 
2.700000 2.691120 2.669330 2.659390 2.678100 2.706810 2.772880 2.708690 2.641890 2.668040 2.761050 2.711330 2.664810 2.642260 2.655250 2.671270 2.680080 2.686630 2.693210 2.700150 2.700000 
2.700000 2.664910 2.624560 2.612470 2.804950 2.983570 2.671000 2.366190 2.705970 2.972100 2.672360 2.400820 2.647730 2.829240 2.775070 2.712860 2.686010 2.682090 2.689050 2.700250 2.700000 
2.700000 2.686480 2.683480 2.714230 2.799630 2.729070 2.646640 2.674220 2.766630 2.719990 2.648750 2.637230 2.709620 2.735510 2.691620 2.657440 2.650240 2.660270 2.678430 2.699620 2.700000 
2.700000 2.730290 2.763490 2.793220 2.640190 2.421820 2.724420 2.974800 2.669390 2.398000 2.668520 2.895270 2.726890 2.526710 2.507580 2.548060 2.589700 2.628070 2.664040 2.698570 2.700000 
2.700000 2.711420 2.741150 2.726960 2.617120 2.610380 2.766560 2.733430 2.650040 2.649510 2.716450 2.752710 2.638390 2.474320 2.444860 2.492260 2.551030 2.605120 2.653320 2.697910 2.700000 
2.700000 2.696540 2.724730 2.738970 2.791540 2.861770 2.667030 2.448310 2.679680 2.875760 2.719380 2.519870 2.476960 2.439800 2.443150 2.487300 2.544140 2.599610 2.650400 2.697800 2.700000 
2.700000 2.702310 2.739220 2.787050 2.860830 2.869800 2.659940 2.508860 2.686240 2.817910 2.693570 2.514750 2.462690 2.456630 2.475380 2.514650 2.562460 2.610350 2.655390 2.698080 2.700000 
2.700000 2.703350 2.738890 2.780670 2.820870 2.803970 2.687660 2.613170 2.685190 2.740900 2.675990 2.573230 2.526690 2.520310 2.535780 2.564330 2.598520 2.633290 2.666610 2.698580 2.700000 
2.700000 2.701970 2.723640 2.746570 2.763070 2.749910 2.699670 2.668320 2.690970 2.709170 2.681030 2.634730 2.608910 2.604140 2.612230 2.627380 2.645490 2.664010 2.681920 2.699230 2.700000 
2.700000 2.700000 2.701970 2.704850 2.708430 2.707680 2.698310 2.692730 2.699680 2.704880 2.700590 2.693980 2.692360 2.693300 2.694810 2.696300 2.697530 2.698460 2.699230 2.700000 2.700000 
2.700000 2.700000 2.700000 2.700000 2.700000 2.700000 2.700000 2.700000 2.700000 2.700000 2.700000 2.700000 2.700000 2.700000 2.700000 2.700000 2.700000 2.700000 2.700000 2.700000 2.700000 
2.800000 2.800000 2.800000 2.800000 2.800000 2.800000 2.800000 2.800000 2.800000 2.800000 2.800000 2.800000 2.800000 2.800000 2.800000 2.800000 2.800000 2.800000 2.800000 2.800000 2.800000 
2.800000 2.800000 2.797690 2.796070 2.795790 2.797250 2.801110 2.809920 2.830490 2.856770 2.806990 2.748970 2.790600 2.804620 2.801120 2.799900 2.799740 2.799830 2.799920 2.800000 2.800000 
2.800000 2.797690 2.769890 2.753350 2.755170 2.776640 2.815010 2.867350 2.924940 2.936310 2.807540 2.695280 2.757840 2.794130 2.795420 2.793970 2.794650 2.796390 2.798220 2.799920 2.800000 
2.800000 2.794400 2.737410 2.703640 2.707260 2.747350 2.811420 2.886920 2.960010 2.952180 2.758560 2.635740 2.772130 2.795150 2.785350 2.784410 2.788310 2.792850 2.796650 2.799800 2.800000 
2.800000 2.788930 2.697900 2.645010 2.654940 2.720170 2.806890 2.878350 2.871470 2.732660 2.697200 2.770450 2.835450 2.773480 2.761500 2.771500 2.782590 2.790550 2.795840 2.799710 2.800000 
2.800000 2.779260 2.652860 2.582520 2.615140 2.732110 2.858050 2.903280 2.745650 2.532830 2.782060 2.944240 2.848330 2.745510 2.748680 2.770020 2.784160 2.792040 2.796630 2.799800 2.800000 
2.800000 2.762320 2.614680 2.537200 2.628410 2.825720 2.885280 2.759690 2.707310 2.760830 2.862650 2.775400 2.761820 2.765910 2.784030 2.793080 2.795730 2.797170 2.798610 2.800100 2.800000 
2.800000 2.742700 2.625080 2.577830 2.758360 2.928590 2.753490 2.517660 2.789110 3.029330 2.777070 2.536720 2.713750 2.847440 2.847980 2.818280 2.803900 2.799620 2.799310 2.800300 2.800000 
2.800000 2.787690 2.748850 2.778380 2.853790 2.764910 2.696380 2.757560 2.853110 2.783890 2.743930 2.751510 2.811120 2.787510 2.777400 2.780620 2.787180 2.792690 2.796770 2.800090 2.800000 
2.800000 2.828910 2.832050 2.875320 2.755770 2.521940 2.769860 3.039250 2.745390 2.460300 2.787690 3.007100 2.807320 2.607050 2.656960 2.729720 2.767140 2.784470 2.793590 2.799860 2.800000 
2.800000 2.791910 2.763470 2.745520 2.749150 2.762690 2.834110 2.781290 2.719550 2.740500 2.823640 2.777850 2.744060 2.733640 2.750440 2.767860 2.777680 2.785130 2.792490 2.800110 2.800000 
2.800000 2.760240 2.705870 2.672830 2.854120 3.050380 2.756360 2.459440 2.779950 3.035520 2.737740 2.488560 2.750450 2.939960 2.882120 2.816550 2.787950 2.783090 2.789490 2.800300 2.800000 
2.800000 2.780270 2.761920 2.776000 2.861850 2.805330 2.733560 2.752210 2.825480 2.782080 2.729780 2.727520 2.801670 2.836990 2.798390 2.763810 2.754730 2.762960 2.779700 2.799740 2.800000 
2.800000 2.829650 2.850400 2.876410 2.727870 2.511120 2.801130 3.043910 2.735410 2.480340 2.759080 2.983140 2.812410 2.625240 2.615340 2.656420 2.695800 2.731770 2.765790 2.798740 2.800000 
2.800000 2.808830 2.826550 2.803390 2.694370 2.692970 2.836640 2.799330 2.736470 2.742940 2.795180 2.828180 2.729120 2.579910 2.555340 2.601480 2.657460 2.708980 2.755160 2.798080 2.800000 
2.800000 2.793040 2.809010 2.811160 2.861650 2.938500 2.737370 2.527520 2.780020 2.972830 2.789330 2.585970 2.564960 2.542530 2.550640 2.594430 2.649330 2.702810 2.751940 2.797960 2.800000 
2.800000 2.800560 2.827510 2.866800 2.938200 2.950830 2.743360 2.603020 2.789420 2.913610 2.772970 2.592020 2.552350 2.556140 2.579050 2.618910 2.665830 2.712530 2.756470 2.798200 2.800000 
2.800000 2.802530 2.831620 2.868200 2.906560 2.891840 2.779880 2.711930 2.786570 2.837310 2.765160 2.661520 2.620220 2.618920 2.637090 2.666380 2.700330 2.734520 2.767240 2.798650 2.800000 
2.800000 2.801650 2.820130 2.840580 2.856160 2.844130 2.796490 2.768100 2.791430 2.807330 2.776380 2.729680 2.705800 2.703160 2.712540 2.728160 2.746250 2.764560 2.782210 2.799270 2.800000 
2.800000 2.800000 2.801650 2.804250 2.807740 2.807150 2.798050 2.792920 2.800030 2.804820 2.799960 2.793270 2.792010 2.793250 2.794890 2.796400 2.797610 2.798520 2.799270 2.800000 2.800000 
2.800000 2.800000 2.800000 2.800000 2.800000 2.800000 2.800000 2.800000 2.800000 2.800000 2.800000 2.800000 2.800000 2.800000 2.800000 2.800000 2.800000 2.800000 2.800000 2.800000 2.800000 
2.900000 2.900000 2.900000 2.900000 2.900000 2.900000 2.900000 2.900000 2.900000 2.900000 2.900000 2.900000 2.900000 2.900000 2.900000 2.900000 2.900000 2.900000 2.900000 2.900000 2.900000 
2.900000 2.900000 2.897650 2.895870 2.895180 2.895910 2.898500 2.905060 2.921200 2.941800 2.904150 2.857750 2.889240 2.901900 2.900210 2.899580 2.899600 2.899760 2.899890 2.900000 2.900000 
2.900000 2.897650 2.868260 2.849030 2.846410 2.861690 2.892750 2.937650 2.989520 3.003350 2.898150 2.800250 2.849520 2.883960 2.889110 2.890320 2.892470 2.895120 2.897610 2.899890 2.900000 
2.900000 2.894440 2.835250 2.796970 2.792460 2.821260 2.873000 2.938270 3.008040 3.014570 2.858000 2.742480 2.848980 2.876860 2.875220 2.878340 2.884420 2.890460 2.895480 2.899740 2.900000 
2.900000 2.889410 2.797350 2.739540 2.738170 2.787340 2.858740 2.924440 2.941950 2.858770 2.817150 2.844340 2.896610 2.856310 2.851690 2.864200 2.877220 2.887050 2.894090 2.899610 2.900000 
2.900000 2.881090 2.757260 2.683730 2.701610 2.796270 2.905840 2.961820 2.866590 2.716350 2.878820 2.985500 2.912640 2.833540 2.838510 2.860360 2.876690 2.887200 2.894240 2.899660 2.900000 
2.900000 2.867740 2.727560 2.650850 2.719710 2.885310 2.954520 2.881320 2.837820 2.855610 2.923170 2.865390 2.854810 2.850820 2.865240 2.877620 2.885260 2.890930 2.895660 2.899890 2.900000 
2.900000 2.854600 2.744270 2.698450 2.841330 2.993110 2.882330 2.700370 2.868140 3.037690 2.860840 2.701140 2.832450 2.918500 2.914800 2.897290 2.891820 2.893020 2.896310 2.900060 2.900000 
2.900000 2.891140 2.854850 2.875730 2.938650 2.885430 2.834050 2.845570 2.901200 2.874740 2.853620 2.860740 2.895800 2.865040 2.857400 2.867550 2.879190 2.888110 2.894630 2.899920 2.900000 
2.900000 2.925110 2.929590 2.965980 2.873480 2.688800 2.857370 3.046510 2.846620 2.666170 2.888940 3.034220 2.875490 2.728440 2.771000 2.832600 2.866390 2.883280 2.892870 2.899810 2.900000 
2.900000 2.895810 2.869420 2.851680 2.841610 2.836930 2.895630 2.877230 2.844650 2.853050 2.897980 2.866120 2.850910 2.851490 2.862570 2.873490 2.880310 2.886410 2.893030 2.900130 2.900000 
2.900000 2.867450 2.810810 2.769970 2.893430 3.050800 2.866160 2.670270 2.880160 3.048480 2.839670 2.683220 2.882300 3.026080 2.976930 2.919130 2.892110 2.886350 2.891210 2.900380 2.900000 
2.900000 2.880870 2.852320 2.848970 2.912870 2.890550 2.853910 2.859120 2.892780 2.867960 2.850510 2.857890 2.910140 2.938860 2.907650 2.875370 2.864320 2.869340 2.882890 2.899930 2.900000 
2.900000 2.920740 2.929650 2.946170 2.844280 2.696320 2.891200 3.054260 2.836090 2.674590 2.881940 3.039380 2.906870 2.768490 2.757040 2.783820 2.812810 2.841680 2.870470 2.899060 2.900000 
2.900000 2.904270 2.911260 2.888910 2.813610 2.818080 2.907220 2.878670 2.856600 2.870330 2.894710 2.909390 2.835500 2.722680 2.699690 2.732750 2.777280 2.820510 2.860570 2.898470 2.900000 
2.900000 2.892370 2.897360 2.892940 2.931230 2.990750 2.835510 2.692660 2.898310 3.038270 2.874450 2.709130 2.694520 2.678860 2.685540 2.721100 2.767320 2.813670 2.857130 2.898310 2.900000 
2.900000 2.899210 2.915490 2.942820 2.997830 3.008420 2.849790 2.752020 2.902600 2.991250 2.862380 2.710040 2.677900 2.683150 2.703980 2.738710 2.779820 2.821260 2.860720 2.898470 2.900000 
2.900000 2.901520 2.922300 2.950100 2.980730 2.969750 2.882460 2.833240 2.894870 2.930060 2.861300 2.770470 2.735410 2.735720 2.752780 2.779210 2.809670 2.840500 2.870190 2.898830 2.900000 
2.900000 2.901170 2.915120 2.931170 2.943920 2.934660 2.897020 2.875820 2.895330 2.905630 2.875460 2.833560 2.812850 2.811260 2.820230 2.834550 2.850980 2.867630 2.883740 2.899360 2.900000 
2.900000 2.900000 2.901170 2.903140 2.905910 2.905510 2.898510 2.894860 2.900610 2.904040 2.899500 2.893820 2.892850 2.894030 2.895510 2.896840 2.897900 2.898700 2.899360 2.900000 2.900000 
2.900000 2.900000 2.900000 2.900000 2.900000 2.900000 2.900000 2.900000 2.900000 2.900000 2.900000 2.900000 2.900000 2.900000 2.900000 2.900000 2.900000 2.900000 2.900000 2.900000 2.900000 
3.000000 3.000000 3.000000 3.000000 3.000000 3.000000 3.000000 3.000000 3.000000 3.000000 3.000000 3.000000 3.000000 3.000000 3.000000 3.000000 3.000000 3.000000 3.000000 3.000000 3.000000 
3.000000 3.000000 2.997850 2.996110 2.995200 2.995350 2.996870 3.001350 3.013130 3.028960 3.004550 2.971200 2.991950 3.001010 2.999960 2.999560 2.999620 2.999760 2.999890 3.000000 3.000000 
3.000000 2.997850 2.969530 2.949750 2.943970 2.953450 2.976820 3.013090 3.057420 3.074810 3.001460 2.925810 2.957870 2.983730 2.988580 2.990170 2.992390 2.995010 2.997530 2.999890 3.000000 
3.000000 2.995040 2.939170 2.900780 2.890680 2.908990 2.948210 3.002410 3.066640 3.088090 2.979350 2.882760 2.952290 2.975080 2.975590 2.978940 2.984570 2.990300 2.995310 2.999740 3.000000 
3.000000 2.990980 2.906910 2.851200 2.842050 2.875660 2.931340 2.991030 3.029260 2.997450 2.959470 2.951580 2.984410 2.959350 2.956660 2.966570 2.977640 2.986710 2.993750 2.999620 3.000000 
3.000000 2.984870 2.876510 2.809370 2.815690 2.885660 2.975180 3.038310 3.000980 2.909720 2.997870 3.053070 3.001560 2.944970 2.946530 2.962520 2.976190 2.986130 2.993520 2.999630 3.000000 
3.000000 2.976100 2.859350 2.794310 2.841320 2.967720 3.039000 3.014760 2.986420 2.978010 3.012930 2.979910 2.972240 2.960800 2.965890 2.974570 2.982050 2.988630 2.994460 2.999790 3.000000 
3.000000 2.969300 2.881930 2.846780 2.949620 3.072190 3.019260 2.897980 2.983200 3.083200 2.974130 2.883240 2.968600 3.011790 3.000750 2.988500 2.986920 2.990330 2.995070 2.999930 3.000000 
3.000000 2.996410 2.971840 2.989890 3.039630 3.017100 2.984620 2.967670 2.994330 2.997030 2.987780 2.988860 3.001170 2.968260 2.958860 2.967700 2.978640 2.987450 2.994210 2.999860 3.000000 
3.000000 3.021230 3.031060 3.063580 3.003020 2.874830 2.975870 3.093240 2.983010 2.889200 3.016570 3.089720 2.973060 2.875830 2.904730 2.947570 2.972320 2.985550 2.993650 2.999850 3.000000 
3.000000 2.999840 2.982730 2.970890 2.955540 2.943590 2.993490 3.004690 2.999240 2.998230 3.010050 2.984830 2.977700 2.980680 2.982740 2.984810 2.986670 2.989930 2.994650 3.000200 3.000000 
3.000000 2.976930 2.929920 2.891920 2.964330 3.079770 2.995390 2.892060 3.012570 3.103020 2.975040 2.891520 3.022580 3.113120 3.070510 3.021960 2.997550 2.990910 2.993690 3.000450 3.000000 
3.000000 2.984760 2.956590 2.946580 2.991890 2.996690 2.991350 2.991770 3.001370 2.991420 2.996060 3.005460 3.031940 3.045960 3.018200 2.988430 2.975820 2.977410 2.987030 3.000120 3.000000 
3.000000 3.013820 3.016650 3.030080 2.975630 2.891100 3.003870 3.097200 2.969520 2.887550 3.023170 3.114600 3.017140 2.920590 2.905380 2.916930 2.934180 2.954520 2.976630 2.999430 3.000000 
3.000000 3.001730 3.003450 2.989060 2.949720 2.960140 3.005440 2.987700 2.996640 3.014060 3.015890 3.012760 2.957730 2.876340 2.853820 2.872420 2.903290 2.936030 2.967950 2.998920 3.000000 
3.000000 2.993260 2.992340 2.986890 3.015630 3.059820 2.957900 2.877640 3.027460 3.114150 2.982400 2.859010 2.844370 2.830310 2.832590 2.857270 2.892140 2.928880 2.964450 2.998740 3.000000 
3.000000 2.998550 3.006750 3.024020 3.062880 3.073260 2.970500 2.914670 3.021780 3.073480 2.967040 2.850210 2.823010 2.825370 2.840630 2.867350 2.900080 2.933990 2.966930 2.998810 3.000000 
3.000000 3.000680 3.013920 3.033050 3.055460 3.049740 2.991980 2.962510 3.006880 3.025500 2.966010 2.893180 2.864300 2.863920 2.877390 2.898740 2.923770 2.949520 2.974640 2.999070 3.000000 
3.000000 3.000700 3.010180 3.021610 3.031250 3.025620 3.000250 2.986970 3.001080 3.005430 2.978530 2.943980 2.926860 2.925420 2.932760 2.944600 2.958320 2.972350 2.986080 2.999470 3.000000 
3.000000 3.000000 3.000700 3.002020 3.003980 3.003860 2.999300 2.997170 3.001220 3.003220 2.999440 2.995110 2.994360 2.995280 2.996440 2.997480 2.998310 2.998940 2.999470 3.000000 3.000000 
3.000000 3.000000 3.000000 3.000000 3.000000 3.000000 3.000000 3.000000 3.000000 3.000000 3.000000 3.000000 3.000000 3.000000 3.000000 3.000000 3.000000 3.000000 3.000000 3.000000 3.000000 
3.100000 3.100000 3.100000 3.100000 3.100000 3.100000 3.100000 3.100000 3.100000 3.100000 3.100000 3.100000 3.100000 3.100000 3.100000 3.100000 3.100000 3.100000 3.100000 3.100000 3.100000 
3.100000 3.100000 3.098180 3.096640 3.095690 3.095500 3.096310 3.099350 3.107910 3.120260 3.105670 3.082840 3.096020 3.101530 3.100290 3.099800 3.099760 3.099830 3.099910 3.100000 3.100000 
3.100000 3.098180 3.073020 3.054600 3.047300 3.052380 3.069260 3.097830 3.135070 3.155280 3.109650 3.055770 3.074930 3.091080 3.092950 3.093050 3.094140 3.095950 3.097930 3.099910 3.100000 
3.100000 3.095930 3.047280 3.012320 2.999660 3.010020 3.038820 3.083120 3.140580 3.171630 3.103790 3.030520 3.072700 3.086500 3.084400 3.084930 3.088080 3.092100 3.096060 3.099790 3.100000 
3.100000 3.092940 3.022170 2.973290 2.960410 2.981770 3.024070 3.076960 3.124860 3.125180 3.097970 3.076840 3.095010 3.076900 3.071710 3.076020 3.082700 3.089100 3.094690 3.099690 3.100000 
3.100000 3.088880 3.001750 2.945900 2.945110 2.994070 3.064430 3.127200 3.125410 3.074170 3.120820 3.146470 3.110910 3.069630 3.065560 3.073140 3.081350 3.088400 3.094360 3.099690 3.100000 
3.100000 3.083740 2.995160 2.945130 2.975560 3.067090 3.131750 3.137160 3.123270 3.104690 3.120740 3.103630 3.099110 3.084040 3.079860 3.081590 3.085360 3.090080 3.094990 3.099810 3.100000 
3.100000 3.081070 3.019860 2.996760 3.067990 3.160730 3.142100 3.066970 3.108410 3.162840 3.097370 3.048330 3.103180 3.120690 3.103700 3.091140 3.088860 3.091440 3.095530 3.099910 3.100000 
3.100000 3.100500 3.089370 3.107070 3.144810 3.139020 3.120770 3.096790 3.109930 3.123870 3.119220 3.115240 3.115730 3.085960 3.073810 3.077080 3.083750 3.089970 3.095240 3.099890 3.100000 
3.100000 3.117780 3.133520 3.163580 3.126440 3.040980 3.101500 3.173130 3.119810 3.074490 3.141850 3.169490 3.085930 3.023270 3.040120 3.066000 3.081240 3.089770 3.095390 3.099950 3.100000 
3.100000 3.102590 3.096570 3.092170 3.077810 3.065870 3.108810 3.133490 3.142960 3.137150 3.130280 3.107090 3.101870 3.103770 3.099700 3.095670 3.093570 3.094100 3.096660 3.100260 3.100000 
3.100000 3.085150 3.052960 3.024360 3.065660 3.147600 3.122090 3.074110 3.143240 3.186020 3.108620 3.064330 3.146050 3.197930 3.161800 3.122810 3.102040 3.095230 3.096160 3.100480 3.100000 
3.100000 3.089610 3.069110 3.061480 3.095080 3.111420 3.121700 3.121310 3.122440 3.119640 3.130810 3.136870 3.145270 3.147340 3.123030 3.097680 3.085520 3.084850 3.091020 3.100250 3.100000 
3.100000 3.109900 3.112660 3.127240 3.104440 3.058810 3.120540 3.170670 3.103550 3.066580 3.150990 3.197980 3.125900 3.057750 3.041750 3.044420 3.053520 3.066860 3.082750 3.099740 3.100000 
3.100000 3.100950 3.102290 3.096800 3.082060 3.095140 3.115710 3.105760 3.128460 3.144310 3.133790 3.120640 3.078410 3.019530 2.999220 3.008230 3.028280 3.051630 3.075550 3.099330 3.100000 
3.100000 3.094790 3.092330 3.088770 3.111480 3.145270 3.083820 3.043320 3.147920 3.196910 3.095520 3.005910 2.991080 2.977880 2.976850 2.992700 3.017440 3.044870 3.072280 3.099140 3.100000 
3.100000 3.098470 3.101920 3.112620 3.139860 3.151000 3.090860 3.063220 3.135210 3.160600 3.077220 2.991370 2.968760 2.968290 2.978190 2.997320 3.021780 3.047900 3.073800 3.099150 3.100000 
3.100000 3.100160 3.107870 3.120340 3.136400 3.135380 3.101410 3.086310 3.115960 3.122600 3.074170 3.018760 2.995850 2.994510 3.004120 3.020150 3.039440 3.059650 3.079670 3.099300 3.100000 
3.100000 3.100360 3.106270 3.113920 3.121030 3.118590 3.103500 3.096360 3.105670 3.105750 3.083290 3.056370 3.042850 3.041370 3.046810 3.055900 3.066620 3.077760 3.088770 3.099590 3.100000 
3.100000 3.100000 3.100360 3.101170 3.102500 3.102610 3.099960 3.098890 3.101560 3.102520 3.099570 3.096460 3.095900 3.096540 3.097370 3.098120 3.098730 3.099200 3.099590 3.100000 3.100000 
3.100000 3.100000 3.100000 3.100000 3.100000 3.100000 3.100000 3.100000 3.100000 3.100000 3.100000 3.100000 3.100000 3.100000 3.100000 3.100000 3.100000 3.100000 3.100000 3.100000 3.100000 
3.200000 3.200000 3.200000 3.200000 3.200000 3.200000 3.200000 3.200000 3.200000 3.200000 3.200000 3.200000 3.200000 3.200000 3.200000 3.200000 3.200000 3.200000 3.200000 3.200000 3.200000 
3.200000 3.200000 3.198550 3.197290 3.196420 3.196080 3.196460 3.198490 3.204640 3.214070 3.205710 3.190690 3.199370 3.202320 3.200780 3.200110 3.199940 3.199910 3.199940 3.200000 3.200000 
3.200000 3.198550 3.177770 3.161990 3.154550 3.156630 3.168260 3.189900 3.219940 3.240190 3.214490 3.179150 3.191330 3.200230 3.198960 3.197110 3.196720 3.197410 3.198590 3.199940 3.200000 
3.200000 3.196850 3.157360 3.127930 3.115070 3.119860 3.139960 3.174400 3.222310 3.255210 3.216930 3.167330 3.194610 3.201270 3.195760 3.192870 3.193050 3.194860 3.197290 3.199860 3.200000 
3.200000 3.194770 3.139010 3.099070 3.085340 3.097510 3.127770 3.170750 3.216310 3.230490 3.216100 3.198540 3.210970 3.196970 3.188810 3.187630 3.189640 3.192830 3.196310 3.199790 3.200000 
3.200000 3.192230 3.126360 3.082640 3.077850 3.109760 3.161270 3.214780 3.226980 3.198780 3.228250 3.244410 3.223340 3.193840 3.185810 3.186190 3.188870 3.192350 3.196070 3.199800 3.200000 
3.200000 3.189420 3.126060 3.089340 3.107430 3.169640 3.220140 3.235860 3.230820 3.212190 3.221690 3.216780 3.218290 3.205270 3.196210 3.192150 3.191660 3.193520 3.196510 3.199880 3.200000 
3.200000 3.188780 3.148840 3.134180 3.180950 3.245530 3.240080 3.193290 3.215170 3.244730 3.205730 3.181670 3.221910 3.229810 3.211810 3.198340 3.194010 3.194520 3.196940 3.199960 3.200000 
3.200000 3.202380 3.200450 3.215700 3.240930 3.239370 3.227880 3.205560 3.212830 3.227420 3.225280 3.222050 3.222310 3.201110 3.189340 3.188160 3.190550 3.193730 3.196900 3.199960 3.200000 
3.200000 3.214260 3.232450 3.257740 3.232780 3.173440 3.209610 3.252510 3.226890 3.203650 3.240280 3.248550 3.192850 3.155080 3.165760 3.180850 3.189320 3.194020 3.197270 3.200030 3.200000 
3.200000 3.203730 3.205650 3.205960 3.193090 3.180980 3.213100 3.235690 3.247870 3.240400 3.227680 3.208600 3.206750 3.210460 3.206530 3.201540 3.198260 3.197390 3.198370 3.200290 3.200000 
3.200000 3.191060 3.172330 3.153430 3.176760 3.230780 3.226770 3.201630 3.242450 3.260870 3.212240 3.187690 3.241190 3.273270 3.247170 3.219270 3.203780 3.198080 3.198010 3.200470 3.200000 
3.200000 3.193730 3.182160 3.179070 3.203360 3.217440 3.227390 3.223760 3.222190 3.221180 3.231070 3.234470 3.236100 3.234880 3.217870 3.200220 3.191250 3.190220 3.194120 3.200310 3.200000 
3.200000 3.207560 3.212260 3.227250 3.219340 3.191030 3.221690 3.246100 3.211080 3.193840 3.245990 3.269750 3.218560 3.172100 3.160560 3.161770 3.167600 3.176680 3.187840 3.199930 3.200000 
3.200000 3.200810 3.203260 3.203270 3.199980 3.210500 3.217070 3.209630 3.232770 3.243800 3.229350 3.214960 3.184520 3.143770 3.129060 3.134640 3.148370 3.164910 3.182230 3.199620 3.200000 
3.200000 3.196230 3.194060 3.192200 3.209500 3.234280 3.196830 3.175870 3.246850 3.272770 3.197090 3.133970 3.122110 3.112050 3.110870 3.121740 3.139310 3.159230 3.179460 3.199460 3.200000 
3.200000 3.198650 3.199620 3.206100 3.224950 3.235260 3.201010 3.187950 3.234940 3.245080 3.182250 3.121290 3.104360 3.103330 3.110120 3.123780 3.141600 3.160930 3.180320 3.199430 3.200000 
3.200000 3.199900 3.203960 3.211740 3.223000 3.224540 3.205660 3.198600 3.217530 3.217530 3.180060 3.139710 3.122770 3.121450 3.128300 3.140010 3.154290 3.169440 3.184580 3.199510 3.200000 
3.200000 3.200140 3.203540 3.208390 3.213480 3.213010 3.204690 3.201210 3.206980 3.204860 3.187170 3.167220 3.157200 3.156000 3.159940 3.166650 3.174660 3.183060 3.191430 3.199700 3.200000 
3.200000 3.200000 3.200140 3.200610 3.201490 3.201710 3.200240 3.199750 3.201460 3.201840 3.199640 3.197480 3.197110 3.197560 3.198150 3.198670 3.199090 3.199420 3.199700 3.200000 3.200000 
3.200000 3.200000 3.200000 3.200000 3.200000 3.200000 3.200000 3.200000 3.200000 3.200000 3.200000 3.200000 3.200000 3.200000 3.200000 3.200000 3.200000 3.200000 3.200000 3.200000 3.200000 
3.300000 3.300000 3.300000 3.300000 3.300000 3.300000 3.300000 3.300000 3.300000 3.300000 3.300000 3.300000 3.300000 3.300000 3.300000 3.300000 3.300000 3.300000 3.300000 3.300000 3.300000 
3.300000 3.300000 3.298920 3.297970 3.297250 3.296870 3.296970 3.298230 3.302430 3.309260 3.304530 3.295080 3.301260 3.302740 3.301100 3.300340 3.300070 3.299980 3.299970 3.300000 3.300000 
3.300000 3.298920 3.283040 3.270600 3.263990 3.264170 3.271450 3.286600 3.308970 3.326420 3.313310 3.292380 3.301880 3.306720 3.303630 3.300520 3.299020 3.298790 3.299240 3.299970 3.300000 
3.300000 3.297710 3.267900 3.244970 3.233470 3.234480 3.246990 3.271120 3.306990 3.335400 3.316070 3.287150 3.308470 3.311700 3.304490 3.299440 3.297460 3.297480 3.298510 3.299920 3.300000 
3.300000 3.296320 3.255120 3.224550 3.211740 3.216990 3.235970 3.266230 3.301230 3.316910 3.313220 3.306640 3.320030 3.310500 3.301480 3.297030 3.295770 3.296380 3.297950 3.299890 3.300000 
3.300000 3.294740 3.247520 3.214830 3.207900 3.226020 3.259280 3.297630 3.309500 3.292470 3.316810 3.334670 3.327450 3.308690 3.300140 3.296570 3.295530 3.296190 3.297840 3.299900 3.300000 
3.300000 3.293190 3.249520 3.222790 3.231380 3.269480 3.302160 3.315290 3.312790 3.297660 3.307300 3.313000 3.322670 3.315980 3.307070 3.300570 3.297430 3.297000 3.298160 3.299960 3.300000 
3.300000 3.293230 3.267500 3.256830 3.284280 3.323910 3.318620 3.286040 3.298790 3.315850 3.293650 3.286150 3.322260 3.330670 3.316430 3.304110 3.298740 3.297610 3.298450 3.300020 3.300000 
3.300000 3.302450 3.303980 3.313790 3.326270 3.321490 3.310400 3.290400 3.293830 3.305000 3.305790 3.308350 3.315530 3.305960 3.298280 3.295890 3.295930 3.296980 3.298430 3.300020 3.300000 
3.300000 3.310600 3.326710 3.344340 3.323040 3.277260 3.296360 3.319210 3.303260 3.288770 3.312600 3.318400 3.287100 3.268910 3.279080 3.289460 3.294570 3.297070 3.298700 3.300090 3.300000 
3.300000 3.303540 3.308430 3.309280 3.295790 3.280880 3.298600 3.310060 3.317450 3.310150 3.299730 3.288450 3.293250 3.302540 3.303760 3.301910 3.299980 3.299170 3.299420 3.300280 3.300000 
3.300000 3.294750 3.284770 3.272160 3.283490 3.313590 3.308780 3.287160 3.310540 3.318130 3.286940 3.274440 3.315320 3.341490 3.328080 3.312060 3.302830 3.299270 3.299060 3.300400 3.300000 
3.300000 3.296450 3.291090 3.290400 3.305320 3.309520 3.309670 3.299610 3.295840 3.294340 3.301510 3.305520 3.309250 3.312230 3.305650 3.297550 3.293430 3.293450 3.296210 3.300290 3.300000 
3.300000 3.305740 3.311210 3.323810 3.319170 3.294960 3.304940 3.312690 3.291310 3.280760 3.314150 3.329300 3.297320 3.269750 3.266380 3.270860 3.276770 3.283790 3.291690 3.300030 3.300000 
3.300000 3.300620 3.303300 3.304540 3.303230 3.307350 3.304440 3.295370 3.312090 3.317780 3.304790 3.295430 3.277580 3.253080 3.246260 3.252550 3.263360 3.275400 3.287640 3.299810 3.300000 
3.300000 3.297290 3.295340 3.293650 3.304870 3.320580 3.294650 3.280660 3.327190 3.340220 3.285820 3.244210 3.238430 3.233840 3.235040 3.243970 3.256960 3.271250 3.285580 3.299690 3.300000 
3.300000 3.298880 3.298410 3.301770 3.313860 3.321320 3.300220 3.292760 3.322680 3.325460 3.280230 3.239200 3.228940 3.229540 3.235310 3.245570 3.258470 3.272280 3.286070 3.299650 3.300000 
3.300000 3.299780 3.301510 3.305950 3.313290 3.315160 3.304260 3.300610 3.312240 3.309640 3.282310 3.254600 3.243510 3.243240 3.248530 3.257100 3.267370 3.278210 3.289020 3.299680 3.300000 
3.300000 3.300020 3.301740 3.304590 3.307970 3.308190 3.303570 3.301810 3.305170 3.302480 3.289460 3.275580 3.268850 3.268280 3.271250 3.276120 3.281880 3.287890 3.293880 3.299800 3.300000 
3.300000 3.300000 3.300020 3.300270 3.300830 3.301030 3.300200 3.299970 3.301030 3.301130 3.299570 3.298150 3.297950 3.298300 3.298720 3.299090 3.299380 3.299600 3.299800 3.300000 3.300000 
3.300000 3.300000 3.300000 3.300000 3.300000 3.300000 3.300000 3.300000 3.300000 3.300000 3.300000 3.300000 3.300000 3.300000 3.300000 3.300000 3.300000 3.300000 3.300000 3.300000 3.300000 
3.400000 3.400000 3.400000 3.400000 3.400000 3.400000 3.400000 3.400000 3.400000 3.400000 3.400000 3.400000 3.400000 3.400000 3.400000 3.400000 3.400000 3.400000 3.400000 3.400000 3.400000 
3.400000 3.400000 3.399280 3.398640 3.398120 3.397790 3.397730 3.398380 3.400960 3.405520 3.402830 3.397230 3.401840 3.402570 3.401090 3.400400 3.400130 3.400020 3.399990 3.400000 3.400000 
3.400000 3.399280 3.388480 3.379800 3.374740 3.373940 3.377750 3.386960 3.401700 3.414620 3.408410 3.397330 3.405970 3.408910 3.405440 3.402180 3.400370 3.399710 3.399710 3.399990 3.400000 
3.400000 3.398500 3.378350 3.362400 3.353460 3.352290 3.358490 3.372670 3.395880 3.416600 3.407490 3.393370 3.412850 3.415060 3.408120 3.402820 3.400120 3.399250 3.399390 3.399970 3.400000 
3.400000 3.397610 3.370070 3.348890 3.338430 3.338980 3.348200 3.365390 3.386950 3.397700 3.400160 3.403780 3.419940 3.414730 3.407040 3.402000 3.399500 3.398800 3.399140 3.399950 3.400000 
3.400000 3.396650 3.365470 3.342790 3.335470 3.343320 3.360950 3.383460 3.388540 3.375060 3.397880 3.419640 3.422570 3.412590 3.406170 3.401930 3.399540 3.398790 3.399120 3.399970 3.400000 
3.400000 3.395710 3.367200 3.348200 3.350240 3.370270 3.386540 3.392180 3.388440 3.376510 3.387730 3.400250 3.416210 3.416120 3.410250 3.404360 3.400710 3.399300 3.399330 3.400010 3.400000 
3.400000 3.395730 3.379040 3.369930 3.383520 3.404240 3.394430 3.367990 3.376220 3.387280 3.374840 3.377080 3.412460 3.424330 3.415500 3.406100 3.401280 3.399590 3.399500 3.400050 3.400000 
3.400000 3.401610 3.402920 3.406650 3.408940 3.399670 3.386990 3.368790 3.369530 3.376690 3.379900 3.388600 3.403080 3.403480 3.400780 3.399370 3.398870 3.398970 3.399430 3.400060 3.400000 
3.400000 3.407110 3.418570 3.428370 3.407430 3.368920 3.377040 3.386740 3.372290 3.360800 3.380670 3.390430 3.377090 3.372570 3.384400 3.393350 3.397210 3.398750 3.399530 3.400100 3.400000 
3.400000 3.402620 3.406880 3.406040 3.391430 3.373790 3.378870 3.378370 3.379350 3.373370 3.368280 3.365080 3.376180 3.390810 3.397620 3.399700 3.399870 3.399760 3.399890 3.400220 3.400000 
3.400000 3.396850 3.391190 3.381540 3.385000 3.397820 3.385110 3.360130 3.373100 3.377150 3.356960 3.352170 3.387990 3.413640 3.410990 3.404720 3.400920 3.399500 3.399550 3.400290 3.400000 
3.400000 3.397960 3.395510 3.394920 3.402010 3.396150 3.385860 3.370110 3.364780 3.362700 3.367870 3.373950 3.382520 3.391480 3.394250 3.394230 3.394350 3.395530 3.397630 3.400220 3.400000 
3.400000 3.404060 3.408700 3.417500 3.411240 3.386280 3.383840 3.381920 3.365290 3.356210 3.379610 3.393380 3.376940 3.364260 3.368780 3.377010 3.383610 3.389280 3.394690 3.400050 3.400000 
3.400000 3.400320 3.402070 3.402020 3.398620 3.396560 3.387980 3.376470 3.385800 3.387510 3.378290 3.376240 3.369980 3.358550 3.358770 3.366470 3.375400 3.383990 3.392100 3.399920 3.400000 
3.400000 3.398030 3.395900 3.393290 3.398890 3.407180 3.386310 3.373800 3.403730 3.410480 3.372980 3.348500 3.349790 3.350700 3.354430 3.362240 3.371740 3.381420 3.390780 3.399850 3.400000 
3.400000 3.399120 3.397820 3.398810 3.405590 3.409710 3.394800 3.388790 3.407600 3.407850 3.377320 3.352110 3.348320 3.351060 3.356430 3.364100 3.372990 3.382130 3.391080 3.399820 3.400000 
3.400000 3.399760 3.400100 3.402200 3.406400 3.407500 3.400470 3.397930 3.404870 3.402160 3.383940 3.366660 3.360780 3.361730 3.365940 3.371960 3.378860 3.385960 3.392960 3.399820 3.400000 
3.400000 3.399960 3.400650 3.402100 3.404060 3.404260 3.401480 3.400390 3.402260 3.400020 3.391380 3.382660 3.378800 3.378880 3.381120 3.384450 3.388270 3.392200 3.396070 3.399880 3.400000 
3.400000 3.400000 3.399960 3.400080 3.400410 3.400540 3.400040 3.399890 3.400530 3.400530 3.399520 3.398650 3.398590 3.398870 3.399170 3.399420 3.399610 3.399760 3.399880 3.400000 3.400000 
3.400000 3.400000 3.400000 3.400000 3.400000 3.400000 3.400000 3.400000 3.400000 3.400000 3.400000 3.400000 3.400000 3.400000 3.400000 3.400000 3.400000 3.400000 3.400000 3.400000 3.400000 
3.500000 3.500000 3.500000 3.500000 3.500000 3.500000 3.500000 3.500000 3.500000 3.500000 3.500000 3.500000 3.500000 3.500000 3.500000 3.500000 3.500000 3.500000 3.500000 3.500000 3.500000 
3.500000 3.500000 3.499640 3.499310 3.499040 3.498840 3.498740 3.498960 3.500210 3.502730 3.501330 3.498420 3.501440 3.501750 3.500720 3.500270 3.500100 3.500030 3.500000 3.500000 3.500000 
3.500000 3.499640 3.494020 3.489400 3.486510 3.485640 3.486990 3.491180 3.498940 3.507170 3.503850 3.497750 3.505610 3.507270 3.504270 3.501910 3.500610 3.500060 3.499940 3.500000 3.500000 
3.500000 3.499250 3.488750 3.480230 3.475000 3.473350 3.475030 3.480520 3.492460 3.506520 3.499870 3.491350 3.511750 3.512660 3.506660 3.502790 3.500790 3.499990 3.499840 3.499990 3.500000 
3.500000 3.498800 3.484430 3.472990 3.466480 3.464850 3.466710 3.472500 3.482810 3.486740 3.489210 3.497170 3.515310 3.511330 3.506040 3.502560 3.500640 3.499860 3.499760 3.499990 3.500000 
3.500000 3.498300 3.481890 3.469230 3.463620 3.464910 3.471450 3.483310 3.480840 3.462780 3.486630 3.510100 3.514120 3.508090 3.505090 3.502500 3.500710 3.499900 3.499780 3.500000 3.500000 
3.500000 3.497760 3.482280 3.470530 3.469290 3.478420 3.484250 3.484650 3.478550 3.466610 3.479310 3.491180 3.507460 3.509760 3.507230 3.503770 3.501310 3.500160 3.499890 3.500020 3.500000 
3.500000 3.497550 3.487570 3.479610 3.486500 3.498740 3.484510 3.458520 3.468920 3.479900 3.466930 3.468810 3.504580 3.517650 3.511360 3.504760 3.501530 3.500270 3.499960 3.500040 3.500000 
3.500000 3.500670 3.501100 3.500810 3.499000 3.489250 3.477150 3.461240 3.462900 3.467380 3.469590 3.480130 3.497670 3.501370 3.500680 3.500230 3.499930 3.499830 3.499890 3.500050 3.500000 
3.500000 3.503890 3.511350 3.518090 3.497940 3.462330 3.470930 3.478230 3.460870 3.447250 3.469860 3.483450 3.474540 3.474480 3.487830 3.495720 3.498590 3.499550 3.499900 3.500070 3.500000 
3.500000 3.501470 3.504230 3.502870 3.489410 3.472210 3.473740 3.466290 3.463810 3.459910 3.459320 3.459170 3.471520 3.486910 3.495140 3.498590 3.499660 3.499940 3.500040 3.500120 3.500000 
3.500000 3.498270 3.494420 3.485230 3.486410 3.495640 3.476680 3.446150 3.459540 3.465800 3.448280 3.444080 3.478870 3.502660 3.502590 3.500870 3.499970 3.499700 3.499830 3.500160 3.500000 
3.500000 3.498850 3.497140 3.495940 3.501270 3.490260 3.475770 3.459310 3.455650 3.453840 3.457250 3.463290 3.473020 3.484090 3.491090 3.494620 3.496350 3.497610 3.498840 3.500120 3.500000 
3.500000 3.502370 3.506040 3.513660 3.506140 3.478270 3.474830 3.473420 3.457030 3.445720 3.467580 3.482510 3.472030 3.466490 3.475930 3.485400 3.490830 3.494440 3.497360 3.500040 3.500000 
3.500000 3.500050 3.500670 3.498940 3.493470 3.490590 3.482320 3.469450 3.475120 3.475030 3.468370 3.473410 3.475450 3.470830 3.474180 3.481080 3.487010 3.491880 3.496080 3.499970 3.500000 
3.500000 3.498770 3.496540 3.492610 3.494950 3.501620 3.482750 3.469430 3.492780 3.498480 3.470640 3.458160 3.466690 3.470730 3.474640 3.480000 3.485540 3.490700 3.495450 3.499940 3.500000 
3.500000 3.499460 3.498070 3.497670 3.501150 3.503670 3.492260 3.486830 3.499680 3.500050 3.481250 3.468110 3.469500 3.473070 3.476980 3.481550 3.486390 3.491120 3.495610 3.499930 3.500000 
3.500000 3.499830 3.499600 3.500280 3.502290 3.502780 3.498290 3.496440 3.500520 3.499030 3.488990 3.480290 3.478360 3.479740 3.482430 3.485790 3.489420 3.493040 3.496530 3.499930 3.500000 
3.500000 3.499960 3.500120 3.500690 3.501600 3.501660 3.500080 3.499410 3.500400 3.499180 3.494620 3.490270 3.488660 3.489030 3.490370 3.492180 3.494150 3.496140 3.498060 3.499940 3.500000 
3.500000 3.500000 3.499960 3.500000 3.500150 3.500210 3.499940 3.499860 3.500170 3.500160 3.499640 3.499230 3.499240 3.499420 3.499590 3.499720 3.499810 3.499890 3.499940 3.500000 3.500000 
3.500000 3.500000 3.500000 3.500000 3.500000 3.500000 3.500000 3.500000 3.500000 3.500000 3.500000 3.500000 3.500000 3.500000 3.500000 3.500000 3.500000 3.500000 3.500000 3.500000 3.500000 
3.600000 3.600000 3.600000 3.600000 3.600000 3.600000 3.600000 3.600000 3.600000 3.600000 3.600000 3.600000 3.600000 3.600000 3.600000 3.600000 3.600000 3.600000 3.600000 3.600000 3.600000 
3.600000 3.600000 3.600000 3.600000 3.600000 3.600000 3.600000 3.600000 3.600000 3.600010 3.600030 3.600000 3.599990 3.600000 3.600000 3.600000 3.600000 3.600000 3.600000 3.600000 3.600000 
3.600000 3.600000 3.599640 3.599310 3.599040 3.598840 3.598740 3.598940 3.600100 3.605520 3.603460 3.596320 3.603640 3.603390 3.600710 3.600270 3.600100 3.600030 3.600000 3.600000 3.600000 
3.600000 3.600000 3.599250 3.598570 3.597980 3.597450 3.596670 3.593670 3.595110 3.616850 3.599790 3.573650 3.616210 3.609280 3.601190 3.600400 3.600130 3.600020 3.599990 3.600000 3.600000 
3.600000 3.600000 3.598800 3.597720 3.596800 3.595390 3.590630 3.582100 3.591050 3.591820 3.580810 3.585460 3.617360 3.602630 3.600600 3.600270 3.600080 3.600000 3.599990 3.600000 3.600000 
3.600000 3.600000 3.598300 3.596670 3.594480 3.589600 3.587680 3.606140 3.597310 3.539300 3.591970 3.626800 3.606300 3.595540 3.599750 3.600180 3.600070 3.600010 3.600000 3.600000 3.600000 
3.600000 3.600000 3.597580 3.593230 3.588050 3.592670 3.599820 3.607170 3.592270 3.564100 3.594100 3.591220 3.601980 3.597590 3.599820 3.600460 3.600190 3.600070 3.600020 3.600000 3.600000 
3.600000 3.599960 3.595370 3.583570 3.594420 3.624310 3.596770 3.541880 3.584030 3.619710 3.568770 3.546610 3.611000 3.624180 3.607870 3.601190 3.600330 3.600110 3.600040 3.600000 3.600000 
3.600000 3.600000 3.600520 3.596220 3.601570 3.599520 3.586950 3.566150 3.582750 3.589710 3.579400 3.588340 3.612500 3.607190 3.600680 3.600200 3.600100 3.600070 3.600050 3.600000 3.600000 
3.600000 3.600050 3.606880 3.629480 3.604560 3.537900 3.583940 3.620250 3.575280 3.532790 3.594480 3.619790 3.574760 3.565190 3.591980 3.599140 3.599900 3.600060 3.600070 3.600000 3.600000 
3.600000 3.600030 3.602720 3.606100 3.594910 3.573590 3.595190 3.582500 3.580730 3.580010 3.582770 3.572660 3.581170 3.595520 3.599270 3.600140 3.600220 3.600200 3.600120 3.600000 3.600000 
3.600000 3.600020 3.597550 3.577330 3.582070 3.631360 3.595210 3.527340 3.581990 3.606810 3.560740 3.536110 3.601360 3.624130 3.604370 3.600980 3.600480 3.600300 3.600160 3.600000 3.600000 
3.600000 3.599970 3.596520 3.590940 3.615260 3.597660 3.585520 3.572820 3.577690 3.576410 3.577210 3.579410 3.581290 3.590690 3.598070 3.599940 3.600150 3.600180 3.600120 3.600000 3.600000 
3.600000 3.600050 3.604520 3.627090 3.618900 3.557970 3.579960 3.607120 3.570450 3.535670 3.590690 3.615490 3.580400 3.568760 3.588400 3.598450 3.599640 3.599960 3.600040 3.600000 3.600000 
3.600000 3.599970 3.600010 3.594760 3.584150 3.597180 3.598710 3.573660 3.588150 3.590390 3.573820 3.592250 3.603620 3.593860 3.595320 3.598630 3.599470 3.599830 3.599970 3.600000 3.600000 
3.600000 3.599980 3.597960 3.588760 3.591380 3.616730 3.584800 3.557870 3.605230 3.620820 3.574790 3.565910 3.593670 3.597990 3.598320 3.598990 3.599480 3.599790 3.599940 3.600000 3.600000 
3.600000 3.600000 3.599450 3.598840 3.601400 3.605970 3.595420 3.590660 3.604120 3.604580 3.594640 3.590100 3.595900 3.598090 3.598750 3.599210 3.599550 3.599790 3.599930 3.600000 3.600000 
3.600000 3.600000 3.599830 3.599840 3.600320 3.600700 3.599540 3.599110 3.600580 3.600670 3.598970 3.597860 3.598220 3.598760 3.599160 3.599450 3.599660 3.599820 3.599930 3.600000 3.600000 
3.600000 3.600000 3.599960 3.600000 3.600150 3.600210 3.599940 3.599860 3.600170 3.600160 3.599640 3.599230 3.599240 3.599420 3.599590 3.599720 3.599810 3.599890 3.599940 3.600000 3.600000 
3.600000 3.600000 3.600000 3.600000 3.600000 3.600000 3.600000 3.600000 3.600000 3.600000 3.600000 3.600000 3.600000 3.600000 3.600000 3.600000 3.600000 3.600000 3.600000 3.600000 3.600000 
3.600000 3.600000 3.600000 3.600000 3.600000 3.600000 3.600000 3.600000 3.600000 3.600000 3.600000 3.600000 3.600000 3.600000 3.600000 3.600000 3.600000 3.600000 3.600000 3.600000 3.600000 
3.700000 3.700000 3.700000 3.700000 3.700000 3.700000 3.700000 3.700000 3.700000 3.700000 3.700000 3.700000 3.700000 3.700000 3.700000 3.700000 3.700000 3.700000 3.700000 3.700000 3.700000 
3.700000 3.700000 3.700000 3.700000 3.700000 3.700000 3.700000 3.700000 3.700000 3.700000 3.700000 3.700000 3.700000 3.700000 3.700000 3.700000 3.700000 3.700000 3.700000 3.700000 3.700000 
3.700000 3.700000 3.700000 3.700000 3.700000 3.700000 3.700000 3.700000 3.700000 3.700000 3.700000 3.700000 3.700000 3.700000 3.700000 3.700000 3.700000 3.700000 3.700000 3.700000 3.700000 
3.700000 3.700000 3.700000 3.700000 3.700000 3.700000 3.700000 3.700000 3.700000 3.700000 3.700000 3.700000 3.700000 3.700000 3.700000 3.700000 3.700000 3.700000 3.700000 3.700000 3.700000 
3.700000 3.700000 3.700000 3.700000 3.700000 3.700000 3.700000 3.700000 3.700000 3.700000 3.700000 3.700000 3.700000 3.700000 3.700000 3.700000 3.700000 3.700000 3.700000 3.700000 3.700000 
3.700000 3.700000 3.700000 3.700000 3.700000 3.700000 3.700000 3.700000 3.700000 3.700000 3.700000 3.700000 3.700000 3.700000 3.700000 3.700000 3.700000 3.700000 3.700000 3.700000 3.700000 
3.700000 3.700000 3.700000 3.700000 3.700000 3.700000 3.700000 3.700000 3.700000 3.700000 3.700000 3.700000 3.700000 3.700000 3.700000 3.700000 3.700000 3.700000 3.700000 3.700000 3.700000 
3.700000 3.700000 3.700000 3.700000 3.700000 3.700000 3.700000 3.700000 3.700000 3.700000 3.700000 3.700000 3.700000 3.700000 3.700000 3.700000 3.700000 3.700000 3.700000 3.700000 3.700000 
3.700000 3.700000 3.700000 3.700000 3.700000 3.700000 3.700000 3.700000 3.700000 3.700000 3.700000 3.700000 3.700000 3.700000 3.700000 3.700000 3.700000 3.700000 3.700000 3.700000 3.700000 
3.700000 3.700000 3.700000 3.700000 3.700000 3.700000 3.700000 3.700000 3.700000 3.700000 3.700000 3.700000 3.700000 3.700000 3.700000 3.700000 3.700000 3.700000 3.700000 3.700000 3.700000 
3.700000 3.700000 3.700000 3.700000 3.700000 3.700000 3.700000 3.700000 3.700000 3.700000 3.700000 3.700000 3.700000 3.700000 3.700000 3.700000 3.700000 3.700000 3.700000 3.700000 3.700000 
3.700000 3.700000 3.700000 3.700000 3.700000 3.700000 3.700000 3.700000 3.700000 3.700000 3.700000 3.700000 3.700000 3.700000 3.700000 3.700000 3.700000 3.700000 3.700000 3.700000 3.700000 
3.700000 3.700000 3.700000 3.700000 3.700000 3.700000 3.700000 3.700000 3.700000 3.700000 3.700000 3.700000 3.700000 3.700000 3.700000 3.700000 3.700000 3.700000 3.700000 3.700000 3.700000 
3.700000 3.700000 3.700000 3.700000 3.700000 3.700000 3.700000 3.700000 3.700000 3.700000 3.700000 3.700000 3.700000 3.700000 3.700000 3.700000 3.700000 3.700000 3.700000 3.700000 3.700000 
3.700000 3.700000 3.700000 3.700000 3.700000 3.700000 3.700000 3.700000 3.700000 3.700000 3.700000 3.700000 3.700000 3.700000 3.700000 3.700000 3.700000 3.700000 3.700000 3.700000 3.700000 
3.700000 3.700000 3.700000 3.700000 3.700000 3.700000 3.700000 3.700000 3.700000 3.700000 3.700000 3.700000 3.700000 3.700000 3.700000 3.700000 3.700000 3.700000 3.700000 3.700000 3.700000 
3.700000 3.700000 3.700000 3.700000 3.700000 3.700000 3.700000 3.700000 3.700000 3.700000 3.700000 3.700000 3.700000 3.700000 3.700000 3.700000 3.700000 3.700000 3.700000 3.700000 3.700000 
3.700000 3.700000 3.700000 3.700000 3.700000 3.700000 3.700000 3.700000 3.700000 3.700000 3.700000 3.700000 3.700000 3.700000 3.700000 3.700000 3.700000 3.700000 3.700000 3.700000 3.700000 
3.700000 3.700000 3.700000 3.700000 3.700000 3.700000 3.700000 3.700000 3.700000 3.700000 3.700000 3.700000 3.700000 3.700000 3.700000 3.700000 3.700000 3.700000 3.700000 3.700000 3.700000 
3.700000 3.700000 3.700000 3.700000 3.700000 3.700000 3.700000 3.700000 3.700000 3.700000 3.700000 3.700000 3.700000 3.700000 3.700000 3.700000 3.700000 3.700000 3.700000 3.700000 3.700000 
3.700000 3.700000 3.700000 3.700000 3.700000 3.700000 3.700000 3.700000 3.700000 3.700000 3.700000 3.700000 3.700000 3.700000 3.700000 3.700000 3.700000 3.700000 3.700000 3.700000 3.700000 
