0.000000 2.000000 4.000000 6.000000 8.000000 10.000000 15.000000 20.000000 25.000000 30.000000 35.000000 40.000000 45.000000 50.000000 55.000000 60.000000 
3.330700 3.330700 3.330700 3.330700 3.330700 3.330700 3.330700 3.330700 3.330700 3.330700 3.330700 3.330700 3.330700 3.330700 3.330700 3.330700 3.330700 3.330700 3.330700 3.330700 3.330700 
3.330700 3.330700 3.330700 3.330700 3.330700 3.330700 3.330700 3.330700 3.330700 3.330310 3.329870 3.330500 3.330620 3.330570 3.330700 3.330700 3.330700 3.330700 3.330700 3.330700 3.330700 
3.330700 3.330700 3.331270 3.331530 3.331370 3.330820 3.330400 3.331330 3.338900 3.326870 3.300170 3.324830 3.331490 3.335320 3.331550 3.331020 3.330840 3.330830 3.330820 3.330700 3.330700 
3.330700 3.330700 3.332220 3.333210 3.333130 3.331670 3.328280 3.322720 3.395530 3.363050 3.253320 3.377450 3.377110 3.352590 3.331300 3.330670 3.330650 3.330820 3.330830 3.330700 3.330700 
3.330700 3.330700 3.334100 3.337040 3.337790 3.333870 3.313560 3.264270 3.396350 3.367970 3.301440 3.425200 3.417160 3.341210 3.322110 3.328770 3.329990 3.330680 3.330860 3.330700 3.330700 
3.330700 3.330700 3.337670 3.345760 3.352750 3.351440 3.332940 3.351450 3.298980 3.256430 3.365500 3.427370 3.353340 3.262350 3.301710 3.325880 3.329260 3.330560 3.330900 3.330700 3.330700 
3.330700 3.330700 3.344950 3.382770 3.435140 3.357540 3.294300 3.358360 3.203600 3.341120 3.250780 3.386960 3.309340 3.186660 3.277220 3.325170 3.329680 3.330790 3.331010 3.330700 3.330700 
3.330700 3.331180 3.347760 3.492350 3.565660 3.276010 3.111070 3.622910 3.248200 3.484190 3.306690 3.295590 3.293040 3.359910 3.362770 3.335170 3.332020 3.331470 3.331220 3.330700 3.330700 
3.330700 3.329530 3.239770 3.233610 3.529790 3.316460 3.141590 3.457650 3.266440 3.378620 3.364070 3.454630 3.482820 3.519940 3.438360 3.341740 3.333200 3.331750 3.331290 3.330700 3.330700 
3.330700 3.330010 3.241510 3.110750 3.410230 3.509140 3.446360 3.281320 3.191400 3.224750 3.352560 3.406210 3.174080 3.146900 3.309860 3.329050 3.331020 3.331130 3.331080 3.330700 3.330700 
3.330700 3.330350 3.304650 3.425510 3.392170 3.222010 3.285260 3.272740 3.507350 3.355530 3.360480 3.226570 3.341230 3.423930 3.327110 3.326040 3.329510 3.330470 3.330820 3.330700 3.330700 
3.330700 3.330450 3.295080 3.187410 3.082730 3.347630 3.345210 3.271090 3.493300 3.316290 3.282840 3.282030 3.474940 3.320040 3.288950 3.323000 3.328390 3.329980 3.330620 3.330700 3.330700 
3.330700 3.330770 3.341560 3.356500 3.230160 3.363060 3.410180 3.319720 3.512430 3.274550 3.298420 3.213070 3.343970 3.260350 3.225820 3.320990 3.328560 3.330040 3.330580 3.330700 3.330700 
3.330700 3.331720 3.374590 3.442310 3.488240 3.367530 3.204400 3.073200 3.361750 3.507830 3.549460 3.420920 3.469130 3.562720 3.355030 3.332030 3.331110 3.330700 3.330770 3.330700 3.330700 
3.330700 3.330230 3.286780 3.194270 3.402170 3.381800 3.474150 3.381730 3.175570 3.265440 3.318660 3.185930 3.279820 3.375100 3.361170 3.335800 3.332250 3.331140 3.330880 3.330700 3.330700 
3.330700 3.330870 3.324060 3.369700 3.351690 3.268270 3.317060 3.299940 3.297400 3.419370 3.449820 3.340410 3.301780 3.339400 3.337790 3.334140 3.332030 3.331170 3.330870 3.330700 3.330700 
3.330700 3.330700 3.330500 3.332220 3.304890 3.312460 3.289110 3.243050 3.293520 3.380330 3.412620 3.382890 3.340930 3.336170 3.334360 3.332680 3.331510 3.330950 3.330740 3.330700 3.330700 
3.330700 3.330700 3.330470 3.329770 3.327210 3.324670 3.320420 3.317440 3.324860 3.335500 3.341170 3.339420 3.335640 3.333800 3.332670 3.331740 3.331060 3.330660 3.330570 3.330700 3.330700 
3.330700 3.330700 3.330620 3.330190 3.329180 3.327940 3.326780 3.326540 3.328610 3.331860 3.333860 3.333830 3.332880 3.332150 3.331600 3.331120 3.330770 3.330560 3.330540 3.330700 3.330700 
3.330700 3.330700 3.330700 3.330700 3.330700 3.330700 3.330700 3.330700 3.330700 3.330700 3.330700 3.330700 3.330700 3.330700 3.330700 3.330700 3.330700 3.330700 3.330700 3.330700 3.330700 
3.330700 3.330700 3.330700 3.330700 3.330700 3.330700 3.330700 3.330700 3.330700 3.330700 3.330700 3.330700 3.330700 3.330700 3.330700 3.330700 3.330700 3.330700 3.330700 3.330700 3.330700 
3.330700 3.330700 3.330700 3.330700 3.330700 3.330700 3.330700 3.330700 3.330700 3.330700 3.330700 3.330700 3.330700 3.330700 3.330700 3.330700 3.330700 3.330700 3.330700 3.330700 3.330700 
3.330700 3.330700 3.331270 3.331530 3.331370 3.330820 3.330400 3.331410 3.335540 3.331829 3.324390 3.332020 3.333940 3.333950 3.331840 3.331020 3.330840 3.330830 3.330820 3.330700 3.330700 
3.330700 3.331270 3.339189 3.343740 3.342696 3.336714 3.330680 3.331653 3.342001 3.334670 3.323690 3.348240 3.355680 3.347509 3.334050 3.327490 3.326320 3.327470 3.329170 3.330820 3.330700 
3.330700 3.332220 3.350848 3.362529 3.361586 3.347688 3.330610 3.327935 3.360124 3.351966 3.330896 3.388674 3.392410 3.360010 3.328670 3.318831 3.319410 3.323340 3.327350 3.330830 3.330700 
3.330700 3.334100 3.369010 3.394050 3.396004 3.369252 3.330251 3.307459 3.337751 3.339882 3.349779 3.418842 3.408471 3.341310 3.304414 3.302592 3.310210 3.318780 3.325580 3.330860 3.330700 
3.330700 3.337669 3.393712 3.441520 3.453767 3.407420 3.347091 3.319721 3.269855 3.277932 3.337822 3.399030 3.361206 3.278766 3.268148 3.286992 3.303940 3.316460 3.324870 3.330900 3.330700 
3.330700 3.343143 3.416293 3.501237 3.533370 3.430608 3.329191 3.322981 3.226009 3.280022 3.287021 3.350143 3.319080 3.250444 3.264586 3.292071 3.308530 3.319260 3.326210 3.331010 3.330700 
3.330700 3.343449 3.401593 3.520452 3.576413 3.400374 3.267163 3.383051 3.260053 3.339689 3.313600 3.340417 3.346347 3.349768 3.343510 3.327780 3.324030 3.325930 3.328780 3.331220 3.330700 
3.330700 3.305520 3.291618 3.348740 3.486470 3.376316 3.251672 3.314940 3.247180 3.312049 3.341889 3.399516 3.409839 3.417597 3.393000 3.348400 3.332870 3.329710 3.330210 3.331290 3.330700 
3.330700 3.297103 3.230935 3.218333 3.359614 3.381111 3.314187 3.240472 3.208629 3.240109 3.295050 3.318709 3.261942 3.261193 3.310682 3.321440 3.324360 3.326860 3.329200 3.331080 3.330700 
3.330700 3.316956 3.244640 3.239212 3.240830 3.219390 3.227288 3.228108 3.324903 3.292631 3.278155 3.247947 3.295903 3.320153 3.303182 3.307380 3.315800 3.322510 3.327330 3.330820 3.330700 
3.330700 3.313590 3.233780 3.149378 3.094908 3.183346 3.220503 3.237380 3.367341 3.312534 3.276231 3.272714 3.358814 3.320190 3.288050 3.300230 3.312240 3.320550 3.326310 3.330620 3.330700 
3.330700 3.332670 3.289715 3.249593 3.190980 3.231234 3.242363 3.236624 3.365041 3.328322 3.327887 3.307949 3.378322 3.350327 3.299915 3.312500 3.319330 3.323700 3.327340 3.330580 3.330700 
3.330700 3.345600 3.334342 3.342360 3.341370 3.275828 3.180659 3.130420 3.278401 3.396641 3.463687 3.441100 3.486586 3.505286 3.403480 3.355410 3.337320 3.331180 3.330060 3.330770 3.330700 
3.330700 3.319080 3.297022 3.277589 3.331559 3.293700 3.257016 3.193150 3.195030 3.310369 3.396680 3.373853 3.415371 3.454493 3.415740 3.371970 3.347960 3.336810 3.332420 3.330880 3.330700 
3.330700 3.328230 3.313220 3.313177 3.299216 3.236876 3.207293 3.182787 3.229958 3.363829 3.444730 3.415635 3.399509 3.409684 3.392081 3.366970 3.348740 3.338390 3.333360 3.330870 3.330700 
3.330700 3.330240 3.318488 3.305790 3.274309 3.235061 3.199132 3.183657 3.248744 3.364296 3.435378 3.428840 3.401054 3.388059 3.373189 3.357390 3.345060 3.337340 3.333100 3.330740 3.330700 
3.330700 3.330470 3.321230 3.308690 3.287431 3.262483 3.242261 3.242020 3.282010 3.343939 3.386278 3.392068 3.380260 3.368767 3.357919 3.347990 3.340280 3.335220 3.332310 3.330570 3.330700 
3.330700 3.330620 3.325330 3.318070 3.307290 3.295200 3.286570 3.288740 3.307700 3.335260 3.355260 3.360290 3.356130 3.350170 3.344380 3.339340 3.335460 3.332900 3.331410 3.330540 3.330700 
3.330700 3.330700 3.330620 3.330190 3.329180 3.327940 3.326780 3.326540 3.328610 3.331860 3.333860 3.333830 3.332880 3.332150 3.331600 3.331120 3.330770 3.330560 3.330540 3.330700 3.330700 
3.330700 3.330700 3.330700 3.330700 3.330700 3.330700 3.330700 3.330700 3.330700 3.330700 3.330700 3.330700 3.330700 3.330700 3.330700 3.330700 3.330700 3.330700 3.330700 3.330700 3.330700 
3.330700 3.330700 3.330700 3.330700 3.330700 3.330700 3.330700 3.330700 3.330700 3.330700 3.330700 3.330700 3.330700 3.330700 3.330700 3.330700 3.330700 3.330700 3.330700 3.330700 3.330700 
3.330700 3.330700 3.331640 3.332050 3.331670 3.330610 3.329760 3.330960 3.335270 3.330649 3.324291 3.334791 3.337470 3.335590 3.332329 3.331009 3.330800 3.330860 3.330810 3.330700 3.330700 
3.330700 3.331640 3.344739 3.351621 3.348470 3.336747 3.324910 3.323163 3.331471 3.324931 3.324690 3.358451 3.368920 3.353270 3.332690 3.322559 3.321330 3.324030 3.327540 3.330810 3.330700 
3.330700 3.333262 3.364012 3.382027 3.377716 3.351814 3.322200 3.312907 3.332523 3.326136 3.333401 3.397807 3.401908 3.357570 3.317590 3.304530 3.307490 3.315760 3.323880 3.330850 3.330700 
3.330700 3.336350 3.393592 3.431890 3.430442 3.384504 3.325060 3.291954 3.298441 3.294650 3.333970 3.412760 3.395000 3.317573 3.274790 3.274640 3.290080 3.306940 3.320340 3.330850 3.330700 
3.330700 3.341940 3.432082 3.502666 3.511973 3.437807 3.343064 3.285673 3.228470 3.221174 3.290640 3.366085 3.324620 3.238630 3.223283 3.248961 3.278840 3.302540 3.318970 3.330880 3.330700 
3.330700 3.349520 3.462980 3.574820 3.602277 3.474253 3.330087 3.275369 3.179780 3.194331 3.233212 3.303610 3.274540 3.214059 3.224232 3.257941 3.286700 3.307550 3.321400 3.331040 3.330700 
3.330700 3.349381 3.441066 3.575859 3.626588 3.449003 3.278459 3.291835 3.189078 3.227759 3.250529 3.305678 3.319033 3.315511 3.313081 3.308210 3.311880 3.319360 3.326140 3.331400 3.330700 
3.330700 3.308729 3.318936 3.399538 3.505264 3.387968 3.237627 3.224442 3.148212 3.199732 3.264270 3.341652 3.371202 3.380992 3.367080 3.338420 3.327190 3.326510 3.328960 3.331540 3.330700 
3.330700 3.293502 3.222672 3.226062 3.327932 3.309912 3.222080 3.148827 3.100300 3.129660 3.190321 3.234190 3.232921 3.253611 3.294100 3.309520 3.316830 3.322710 3.327510 3.331250 3.330700 
3.330700 3.306588 3.196199 3.152149 3.145268 3.119340 3.108603 3.119463 3.185429 3.165449 3.147341 3.152113 3.222740 3.268011 3.275340 3.288890 3.303570 3.315450 3.324220 3.330820 3.330700 
3.330700 3.301479 3.178232 3.069185 3.012305 3.048982 3.068312 3.106042 3.226643 3.204093 3.168341 3.188912 3.286689 3.291830 3.271989 3.282440 3.298340 3.311860 3.322220 3.330480 3.330700 
3.330700 3.322704 3.240682 3.168071 3.108440 3.101866 3.077286 3.079441 3.215562 3.249851 3.261401 3.272777 3.354538 3.354739 3.309690 3.305270 3.309880 3.316640 3.323710 3.330400 3.330700 
3.330700 3.340438 3.303434 3.284210 3.256428 3.161326 3.036243 2.981761 3.132893 3.300912 3.392674 3.415070 3.483560 3.504546 3.419790 3.362111 3.336720 3.328520 3.328130 3.330620 3.330700 
3.330700 3.320330 3.293840 3.275090 3.279241 3.192481 3.083989 3.005451 3.068233 3.254061 3.383571 3.409741 3.459870 3.489782 3.442870 3.387650 3.353980 3.338060 3.332250 3.330860 3.330700 
3.330700 3.328930 3.307980 3.294469 3.258782 3.165570 3.080631 3.043041 3.127024 3.314245 3.439901 3.448040 3.442930 3.446101 3.419420 3.383570 3.356730 3.341410 3.334130 3.330890 3.330700 
3.330700 3.330379 3.311897 3.288839 3.241741 3.172921 3.109640 3.096340 3.187734 3.343409 3.447988 3.459429 3.435909 3.417530 3.394850 3.370910 3.352190 3.340460 3.334140 3.330720 3.330700 
3.330700 3.330400 3.315000 3.293700 3.258930 3.215852 3.181152 3.183361 3.245900 3.340929 3.408078 3.422298 3.407889 3.390249 3.372970 3.357360 3.345380 3.337640 3.333180 3.330520 3.330700 
3.330700 3.330530 3.321480 3.309100 3.290870 3.270061 3.255251 3.259541 3.290920 3.335890 3.368759 3.377869 3.371659 3.361859 3.352320 3.344220 3.338110 3.334140 3.331880 3.330480 3.330700 
3.330700 3.330700 3.330530 3.329850 3.328180 3.325900 3.323750 3.323480 3.326940 3.332260 3.335630 3.335680 3.334200 3.332980 3.332060 3.331300 3.330750 3.330490 3.330480 3.330700 3.330700 
3.330700 3.330700 3.330700 3.330700 3.330700 3.330700 3.330700 3.330700 3.330700 3.330700 3.330700 3.330700 3.330700 3.330700 3.330700 3.330700 3.330700 3.330700 3.330700 3.330700 3.330700 
3.330700 3.330700 3.330700 3.330700 3.330700 3.330700 3.330700 3.330700 3.330700 3.330700 3.330700 3.330700 3.330700 3.330700 3.330700 3.330700 3.330700 3.330700 3.330700 3.330700 3.330700 
3.330700 3.330700 3.331760 3.332141 3.331330 3.329610 3.328100 3.328951 3.333018 3.324949 3.317911 3.335792 3.342410 3.337629 3.332549 3.330759 3.330600 3.330740 3.330810 3.330700 3.330700 
3.330700 3.331760 3.346840 3.353312 3.346131 3.327730 3.309780 3.305203 3.312202 3.300682 3.305790 3.359473 3.379930 3.357260 3.329770 3.317098 3.316409 3.320800 3.325990 3.330810 3.330700 
3.330700 3.333713 3.369735 3.388080 3.376300 3.336773 3.294479 3.279554 3.298281 3.281452 3.299810 3.397837 3.410828 3.350069 3.302138 3.288980 3.295790 3.308670 3.320650 3.330760 3.330700 
3.330700 3.337450 3.405473 3.446861 3.435405 3.368204 3.288431 3.246774 3.258051 3.236400 3.290149 3.400601 3.372961 3.276202 3.235294 3.244240 3.270290 3.295890 3.315540 3.330670 3.330700 
3.330700 3.344101 3.451882 3.530513 3.528875 3.426422 3.304364 3.236954 3.193350 3.154621 3.234358 3.327740 3.259060 3.161632 3.162080 3.207391 3.254060 3.289650 3.313620 3.330660 3.330700 
3.330700 3.352670 3.488495 3.613461 3.631438 3.471121 3.295428 3.231560 3.147979 3.119960 3.172650 3.250532 3.193090 3.130330 3.163171 3.219233 3.264990 3.296810 3.317150 3.330910 3.330700 
3.330700 3.352400 3.464723 3.615968 3.662256 3.454346 3.251305 3.249152 3.141373 3.139810 3.186810 3.253678 3.258372 3.260231 3.275140 3.285820 3.299950 3.313770 3.324120 3.331420 3.330700 
3.330700 3.310466 3.333746 3.436456 3.542288 3.394699 3.213840 3.181619 3.063180 3.087800 3.189120 3.290936 3.340740 3.360970 3.351980 3.330200 3.323120 3.324860 3.328530 3.331690 3.330700 
3.330700 3.290421 3.216782 3.235112 3.336148 3.281385 3.172059 3.101381 3.009481 3.017540 3.105396 3.173709 3.200819 3.238861 3.282050 3.302190 3.312810 3.320780 3.326850 3.331350 3.330700 
3.330700 3.297833 3.168730 3.120241 3.118694 3.064568 3.036329 3.066440 3.112971 3.068280 3.043410 3.064390 3.165300 3.241171 3.257760 3.276280 3.295140 3.310550 3.322060 3.330780 3.330700 
3.330700 3.290558 3.144758 3.028230 2.985331 2.997687 2.984781 3.027053 3.142221 3.114586 3.068211 3.108585 3.236270 3.270411 3.253720 3.265440 3.285510 3.303890 3.318500 3.330280 3.330700 
3.330700 3.313757 3.214512 3.134499 3.085526 3.049950 2.982708 2.973699 3.123960 3.195450 3.198561 3.215459 3.310818 3.331119 3.291581 3.287620 3.295980 3.307700 3.319390 3.330140 3.330700 
3.330700 3.335605 3.292165 3.271338 3.242421 3.115432 2.944971 2.865200 3.035964 3.258560 3.339450 3.357592 3.442492 3.480530 3.404601 3.348892 3.325871 3.321150 3.324420 3.330410 3.330700 
3.330700 3.322020 3.298280 3.287000 3.278850 3.160252 3.006909 2.899361 2.974636 3.217013 3.349351 3.372284 3.430660 3.472921 3.432441 3.379310 3.347020 3.333120 3.329670 3.330670 3.330700 
3.330700 3.331190 3.312740 3.301608 3.255880 3.142521 3.025090 2.970341 3.066849 3.296469 3.434091 3.438471 3.430650 3.436910 3.413340 3.378770 3.352750 3.338480 3.332630 3.330800 3.330700 
3.330700 3.331179 3.312247 3.287429 3.232501 3.148701 3.065721 3.047530 3.156384 3.343270 3.461508 3.469340 3.438270 3.416340 3.392870 3.368780 3.350210 3.338950 3.333350 3.330710 3.330700 
3.330700 3.330590 3.312720 3.287819 3.246410 3.193851 3.150103 3.153142 3.230600 3.346968 3.425437 3.437828 3.416369 3.393460 3.373550 3.356880 3.344650 3.337020 3.332850 3.330480 3.330700 
3.330700 3.330500 3.319420 3.304350 3.282240 3.256771 3.238562 3.244542 3.284380 3.340510 3.379799 3.388368 3.378229 3.364910 3.353360 3.344320 3.337920 3.333960 3.331760 3.330460 3.330700 
3.330700 3.330700 3.330500 3.329720 3.327710 3.324850 3.321930 3.321590 3.326040 3.332870 3.336980 3.336770 3.334730 3.333080 3.331980 3.331180 3.330640 3.330410 3.330460 3.330700 3.330700 
3.330700 3.330700 3.330700 3.330700 3.330700 3.330700 3.330700 3.330700 3.330700 3.330700 3.330700 3.330700 3.330700 3.330700 3.330700 3.330700 3.330700 3.330700 3.330700 3.330700 3.330700 
3.330700 3.330700 3.330700 3.330700 3.330700 3.330700 3.330700 3.330700 3.330700 3.330700 3.330700 3.330700 3.330700 3.330700 3.330700 3.330700 3.330700 3.330700 3.330700 3.330700 3.330700 
3.330700 3.330700 3.331671 3.331761 3.330420 3.327840 3.325468 3.326170 3.331045 3.318398 3.308101 3.335382 3.347981 3.340319 3.332929 3.330559 3.330390 3.330660 3.330770 3.330700 3.330700 
3.330700 3.331650 3.345789 3.349393 3.336572 3.310990 3.287831 3.283604 3.294402 3.276169 3.280319 3.357897 3.393290 3.364508 3.329380 3.313788 3.313199 3.318710 3.325040 3.330770 3.330700 
3.330700 3.333634 3.368696 3.382100 3.359306 3.304805 3.251653 3.238680 3.272038 3.245929 3.263070 3.401827 3.429926 3.350624 3.291791 3.277759 3.287690 3.303980 3.318600 3.330640 3.330700 
3.330700 3.337661 3.406223 3.442120 3.414627 3.323381 3.226522 3.190533 3.235297 3.208147 3.263869 3.406860 3.369042 3.244120 3.201337 3.219670 3.255650 3.288420 3.312490 3.330450 3.330700 
3.330700 3.344962 3.456398 3.532065 3.512062 3.377549 3.238822 3.192012 3.192909 3.143138 3.224610 3.323937 3.212876 3.088066 3.103730 3.171850 3.235490 3.281120 3.310400 3.330390 3.330700 
3.330700 3.354310 3.496802 3.625769 3.628659 3.429050 3.242689 3.220822 3.178709 3.130788 3.178329 3.240970 3.130420 3.047401 3.104999 3.187655 3.250270 3.290890 3.315200 3.330750 3.330700 
3.330700 3.353159 3.471473 3.638167 3.683907 3.435755 3.226043 3.279539 3.185505 3.155557 3.199430 3.246679 3.218372 3.220120 3.252888 3.275720 3.296570 3.313400 3.324460 3.331460 3.330700 
3.330700 3.307077 3.330656 3.460867 3.595705 3.423029 3.232340 3.235688 3.089080 3.081755 3.201350 3.305863 3.352900 3.377236 3.366609 3.339640 3.329170 3.328710 3.330490 3.331860 3.330700 
3.330700 3.284182 3.208221 3.256927 3.400693 3.335825 3.222317 3.176229 3.054249 3.031118 3.139416 3.210450 3.227760 3.261010 3.297209 3.311680 3.318500 3.324130 3.328490 3.331490 3.330700 
3.330700 3.293661 3.166527 3.150358 3.191918 3.134600 3.104910 3.164398 3.206449 3.125460 3.086930 3.092630 3.189650 3.266899 3.267460 3.277500 3.294180 3.309810 3.321750 3.330790 3.330700 
3.330700 3.286279 3.147309 3.059229 3.064571 3.093705 3.069878 3.121170 3.235285 3.178495 3.103976 3.129081 3.257930 3.284668 3.246260 3.252390 3.275100 3.297640 3.315700 3.330140 3.330700 
3.330700 3.313625 3.228489 3.177443 3.169154 3.144533 3.061661 3.053020 3.217020 3.286779 3.247350 3.224660 3.302869 3.313646 3.261662 3.261360 3.278110 3.297460 3.314820 3.329840 3.330700 
3.330700 3.338075 3.313222 3.324207 3.333079 3.212618 3.028479 2.937980 3.123835 3.364061 3.388469 3.339868 3.403933 3.446540 3.369041 3.319993 3.306481 3.310020 3.319450 3.330090 3.330700 
3.330700 3.324110 3.315060 3.332000 3.356538 3.257369 3.113996 2.992387 3.047909 3.293491 3.369189 3.319615 3.357541 3.417243 3.392131 3.351421 3.329351 3.323180 3.325280 3.330460 3.330700 
3.330700 3.333690 3.324070 3.330855 3.302657 3.207310 3.103541 3.042327 3.127644 3.363383 3.465580 3.412480 3.376199 3.388711 3.378431 3.355640 3.338610 3.330770 3.329270 3.330690 3.330700 
3.330700 3.332149 3.315938 3.297590 3.249850 3.175070 3.096531 3.076970 3.191971 3.392687 3.498038 3.471390 3.414430 3.387871 3.369660 3.352770 3.340410 3.333700 3.331130 3.330710 3.330700 
3.330700 3.330720 3.311920 3.287649 3.247970 3.198571 3.157182 3.162912 3.249120 3.376257 3.451447 3.447049 3.409550 3.380310 3.361040 3.347620 3.338850 3.333930 3.331620 3.330580 3.330700 
3.330700 3.330450 3.317930 3.302050 3.279880 3.255250 3.238292 3.246811 3.292200 3.354219 3.393239 3.395088 3.377429 3.360180 3.348090 3.340160 3.335270 3.332600 3.331250 3.330560 3.330700 
3.330700 3.330700 3.330450 3.329610 3.327580 3.324720 3.321670 3.321310 3.326570 3.334620 3.338950 3.337820 3.334690 3.332580 3.331440 3.330840 3.330510 3.330450 3.330560 3.330700 3.330700 
3.330700 3.330700 3.330700 3.330700 3.330700 3.330700 3.330700 3.330700 3.330700 3.330700 3.330700 3.330700 3.330700 3.330700 3.330700 3.330700 3.330700 3.330700 3.330700 3.330700 3.330700 
3.330700 3.330700 3.330700 3.330700 3.330700 3.330700 3.330700 3.330700 3.330700 3.330700 3.330700 3.330700 3.330700 3.330700 3.330700 3.330700 3.330700 3.330700 3.330700 3.330700 3.330700 
3.330700 3.330643 3.331254 3.331047 3.329092 3.325606 3.322266 3.323380 3.331555 3.311875 3.291712 3.332800 3.354486 3.344136 3.333564 3.330436 3.330217 3.330599 3.330760 3.330700 3.330700 
3.330700 3.331256 3.342827 3.342462 3.323915 3.292059 3.265984 3.266660 3.288968 3.264323 3.257326 3.357272 3.409787 3.376947 3.334479 3.315415 3.313745 3.318997 3.325188 3.330760 3.330700 
3.330700 3.333024 3.363178 3.369059 3.334256 3.265800 3.204996 3.202952 3.271320 3.241617 3.238769 3.418987 3.466844 3.368418 3.295324 3.277758 3.287610 3.304218 3.318827 3.330599 3.330700 
3.330700 3.337219 3.399099 3.424500 3.378266 3.262717 3.152404 3.134949 3.246498 3.234043 3.275298 3.448021 3.403007 3.242883 3.190531 3.212964 3.253390 3.288358 3.312787 3.330279 3.330700 
3.330700 3.344921 3.448934 3.514441 3.472262 3.303522 3.157990 3.159915 3.235808 3.205294 3.282034 3.376221 3.215745 3.048789 3.072422 3.158250 3.232159 3.281617 3.311267 3.330199 3.330700 
3.330700 3.355189 3.489262 3.616179 3.602010 3.353989 3.175435 3.247603 3.275368 3.241495 3.264036 3.292810 3.115265 2.995088 3.073587 3.178852 3.251487 3.294407 3.317538 3.330629 3.330700 
3.330700 3.352047 3.456463 3.638172 3.690103 3.385045 3.192238 3.386539 3.326128 3.289700 3.296818 3.292290 3.215372 3.217472 3.265454 3.290243 3.308875 3.321948 3.328799 3.331610 3.330700 
3.330700 3.285853 3.291734 3.447889 3.648322 3.454049 3.272740 3.379966 3.224918 3.189460 3.303678 3.387810 3.413190 3.440456 3.422256 3.374138 3.349769 3.340559 3.336039 3.332160 3.330700 
3.330700 3.262230 3.176550 3.258147 3.493418 3.450702 3.350169 3.351898 3.220133 3.163685 3.288685 3.341573 3.307139 3.314480 3.340244 3.340380 3.336060 3.334200 3.333180 3.331750 3.330700 
3.330700 3.289822 3.176289 3.217268 3.331082 3.293953 3.278925 3.378052 3.442961 3.320409 3.270740 3.233617 3.295040 3.344447 3.303449 3.293189 3.302049 3.314199 3.323879 3.330910 3.330700 
3.330700 3.283761 3.174029 3.131491 3.201226 3.291428 3.278348 3.341984 3.468488 3.364308 3.259790 3.245042 3.354359 3.333194 3.247096 3.243860 3.268709 3.294509 3.314610 3.330040 3.330700 
3.330700 3.322451 3.272951 3.268308 3.307903 3.329599 3.258902 3.263658 3.449722 3.483612 3.386139 3.293399 3.334910 3.305674 3.220802 3.229630 3.259450 3.288190 3.311140 3.329600 3.330700 
3.330700 3.350390 3.354533 3.413091 3.481512 3.394502 3.224859 3.139877 3.349187 3.585102 3.529936 3.367877 3.383600 3.420642 3.324085 3.283221 3.283830 3.298370 3.314710 3.329820 3.330700 
3.330700 3.320060 3.324218 3.371880 3.464491 3.430198 3.356315 3.239507 3.245727 3.452019 3.431059 3.252003 3.250950 3.338806 3.335550 3.313610 3.307220 3.311920 3.320740 3.330290 3.330700 
3.330700 3.333907 3.325485 3.352394 3.358595 3.313050 3.272985 3.221598 3.278135 3.494065 3.527090 3.371730 3.288300 3.314612 3.326730 3.323050 3.320150 3.321579 3.325639 3.330630 3.330700 
3.330700 3.331858 3.311952 3.299160 3.265719 3.220030 3.170881 3.156159 3.272130 3.477376 3.552689 3.467767 3.371436 3.341567 3.334140 3.329740 3.327310 3.327239 3.328709 3.330770 3.330700 
3.330700 3.330200 3.306648 3.282059 3.248060 3.212220 3.184929 3.196869 3.288570 3.419486 3.481827 3.450399 3.391460 3.356500 3.340960 3.333970 3.330919 3.330080 3.330260 3.330740 3.330700 
3.330700 3.330090 3.314400 3.297330 3.276950 3.257629 3.246720 3.259310 3.308430 3.372499 3.406797 3.398025 3.371085 3.350348 3.339149 3.333898 3.331639 3.330899 3.330720 3.330680 3.330700 
3.330700 3.330700 3.330090 3.329120 3.327120 3.324789 3.322220 3.321910 3.327950 3.337150 3.341360 3.338799 3.334238 3.331668 3.330709 3.330379 3.330409 3.330570 3.330680 3.330700 3.330700 
3.330700 3.330700 3.330700 3.330700 3.330700 3.330700 3.330700 3.330700 3.330700 3.330700 3.330700 3.330700 3.330700 3.330700 3.330700 3.330700 3.330700 3.330700 3.330700 3.330700 3.330700 
3.423900 3.423900 3.423900 3.423900 3.423900 3.423900 3.423900 3.423900 3.423900 3.423900 3.423900 3.423900 3.423900 3.423900 3.423900 3.423900 3.423900 3.423900 3.423900 3.423900 3.423900 
3.423900 3.423819 3.424029 3.423561 3.421156 3.417016 3.413250 3.415188 3.427044 3.406041 3.377655 3.421325 3.446974 3.438370 3.427047 3.423662 3.423406 3.423729 3.423940 3.423900 3.423900 
3.423900 3.424121 3.433217 3.429899 3.407870 3.373083 3.347693 3.356237 3.393682 3.373617 3.352225 3.449209 3.507368 3.479894 3.437280 3.416497 3.412594 3.415725 3.420077 3.423940 3.423900 
3.423900 3.425528 3.450397 3.449828 3.406967 3.330955 3.269217 3.282589 3.387993 3.378177 3.346866 3.521899 3.582046 3.488463 3.409633 3.387100 3.392220 3.404578 3.415406 3.423729 3.423900 
3.423900 3.429409 3.481918 3.496440 3.435864 3.305062 3.190935 3.197387 3.368596 3.409125 3.418159 3.574646 3.544787 3.380847 3.314555 3.329308 3.363250 3.392117 3.411035 3.423449 3.423900 
3.423900 3.436620 3.525653 3.576217 3.514037 3.321983 3.182528 3.238756 3.374231 3.418865 3.471796 3.532030 3.374017 3.188997 3.197750 3.278430 3.346058 3.388336 3.410985 3.423329 3.423900 
3.423900 3.445688 3.556637 3.667539 3.633700 3.354288 3.205052 3.375543 3.461219 3.497069 3.471586 3.453037 3.266631 3.127367 3.199173 3.303218 3.369425 3.403836 3.418557 3.423889 3.423900 
3.423900 3.437105 3.505919 3.675737 3.725978 3.390399 3.243854 3.581732 3.564942 3.559486 3.494048 3.429200 3.337581 3.352053 3.407642 3.424708 3.431803 3.433727 3.430828 3.425010 3.423900 
3.423900 3.351596 3.314628 3.457502 3.707023 3.520843 3.375562 3.597703 3.486226 3.434826 3.489797 3.537926 3.542230 3.588195 3.581154 3.515677 3.474678 3.452619 3.438079 3.425670 3.423900 
3.423900 3.333740 3.221650 3.300211 3.608581 3.622257 3.545060 3.583299 3.492070 3.408034 3.516251 3.552020 3.470698 3.459500 3.486651 3.472930 3.455170 3.442930 3.433699 3.425240 3.423900 
3.423900 3.388529 3.285026 3.364259 3.524003 3.530410 3.527183 3.620230 3.715059 3.579139 3.553570 3.495565 3.513480 3.516157 3.439568 3.410469 3.410218 3.416689 3.421689 3.424250 3.423900 
3.423900 3.387941 3.309037 3.295993 3.380386 3.531723 3.539663 3.584461 3.712927 3.584887 3.504995 3.459313 3.539618 3.461198 3.341481 3.334659 3.361979 3.389389 3.409189 3.423260 3.423900 
3.423900 3.435107 3.416678 3.434347 3.463610 3.525124 3.482323 3.496174 3.684720 3.663287 3.562760 3.431098 3.451569 3.384107 3.274479 3.296950 3.340300 3.376830 3.403160 3.422710 3.423900 
3.423900 3.458157 3.474793 3.546020 3.629010 3.575044 3.440960 3.380222 3.598141 3.791641 3.718333 3.481336 3.446562 3.475125 3.369170 3.343430 3.359800 3.384250 3.405540 3.422930 3.423900 
3.423900 3.401360 3.392780 3.429964 3.567908 3.606835 3.632875 3.550890 3.511451 3.631680 3.544987 3.263904 3.228639 3.345033 3.370690 3.372630 3.382990 3.397620 3.411460 3.423430 3.423900 
3.423900 3.419935 3.388258 3.406492 3.435636 3.442083 3.491161 3.469303 3.498678 3.663610 3.633648 3.395981 3.283250 3.330944 3.369980 3.387690 3.399080 3.408779 3.416959 3.423850 3.423900 
3.423900 3.421412 3.381273 3.358350 3.332149 3.318640 3.317200 3.317868 3.428972 3.620649 3.664600 3.533004 3.411621 3.386686 3.393829 3.403240 3.410690 3.416469 3.420779 3.424080 3.423900 
3.423900 3.421479 3.384347 3.352209 3.321080 3.301550 3.296848 3.319378 3.412230 3.537817 3.585098 3.531989 3.459500 3.424409 3.415290 3.415710 3.418450 3.421079 3.422950 3.424120 3.423900 
3.423900 3.422430 3.399850 3.378770 3.359360 3.346848 3.345289 3.363400 3.414020 3.476209 3.504387 3.487046 3.454246 3.432758 3.423989 3.421919 3.422309 3.423199 3.423830 3.424060 3.423900 
3.423900 3.423900 3.422430 3.420870 3.418730 3.417149 3.415700 3.415800 3.422120 3.431730 3.435580 3.431799 3.426388 3.423748 3.423129 3.423219 3.423579 3.423930 3.424060 3.423900 3.423900 
3.423900 3.423900 3.423900 3.423900 3.423900 3.423900 3.423900 3.423900 3.423900 3.423900 3.423900 3.423900 3.423900 3.423900 3.423900 3.423900 3.423900 3.423900 3.423900 3.423900 3.423900 
3.423900 3.423900 3.423900 3.423900 3.423900 3.423900 3.423900 3.423900 3.423900 3.423900 3.423900 3.423900 3.423900 3.423900 3.423900 3.423900 3.423900 3.423900 3.423900 3.423900 3.423900 
3.423900 3.423900 3.424010 3.423391 3.421048 3.417125 3.413903 3.416721 3.430118 3.417355 3.389568 3.416631 3.433973 3.433617 3.426460 3.423910 3.423540 3.423740 3.423890 3.423900 3.423900 
3.423900 3.424009 3.432800 3.429751 3.408819 3.376629 3.355829 3.372027 3.420906 3.419372 3.389509 3.448615 3.491591 3.481074 3.449416 3.430129 3.423368 3.422599 3.423300 3.423890 3.423900 
3.423900 3.425244 3.448451 3.447059 3.405296 3.333044 3.279157 3.305029 3.426009 3.458266 3.409649 3.514893 3.567200 3.513390 3.446358 3.419421 3.415440 3.418779 3.422009 3.423710 3.423900 
3.423900 3.428432 3.475463 3.485850 3.424188 3.296807 3.193047 3.215348 3.390239 3.502393 3.483330 3.571240 3.580086 3.464388 3.389318 3.384491 3.399840 3.413629 3.420879 3.423480 3.423900 
3.423900 3.434393 3.509918 3.549330 3.481424 3.292438 3.168726 3.245261 3.363897 3.512562 3.538723 3.555697 3.479574 3.329347 3.304011 3.351049 3.392539 3.415278 3.423239 3.423490 3.423900 
3.423900 3.440446 3.524580 3.612450 3.567764 3.297556 3.178411 3.375004 3.442110 3.584480 3.516838 3.476471 3.382249 3.271999 3.307315 3.378128 3.418237 3.432509 3.431720 3.424130 3.423900 
3.423900 3.425898 3.450681 3.580261 3.619665 3.307926 3.204733 3.577539 3.574791 3.641460 3.504692 3.423061 3.389829 3.432174 3.484056 3.486811 3.475636 3.460579 3.443380 3.425220 3.423900 
3.423900 3.333944 3.241798 3.321978 3.562245 3.420704 3.315017 3.571340 3.547657 3.517800 3.477471 3.504671 3.513830 3.594341 3.624776 3.562438 3.510749 3.475620 3.449060 3.425840 3.423900 
3.423900 3.326991 3.176280 3.199230 3.502260 3.587134 3.523429 3.530003 3.517614 3.438522 3.491151 3.534831 3.461257 3.468140 3.523053 3.509510 3.483410 3.461240 3.442620 3.425370 3.423900 
3.423900 3.402367 3.294003 3.350456 3.477328 3.533571 3.526336 3.526407 3.632381 3.534120 3.566480 3.548360 3.562230 3.534150 3.463799 3.434280 3.429469 3.429839 3.428300 3.424370 3.423900 
3.423900 3.408673 3.340779 3.303807 3.303900 3.472479 3.503963 3.482851 3.598244 3.493872 3.497490 3.466212 3.541410 3.441249 3.338259 3.341470 3.371460 3.397410 3.413670 3.423310 3.423900 
3.423900 3.453184 3.439660 3.422214 3.352608 3.416455 3.402412 3.393003 3.551136 3.476972 3.461020 3.370701 3.424320 3.357580 3.257360 3.292581 3.342850 3.381160 3.406070 3.422760 3.423900 
3.423900 3.464000 3.461411 3.481832 3.495785 3.446380 3.343181 3.299667 3.495915 3.615431 3.637783 3.445216 3.407052 3.436012 3.343433 3.333581 3.359010 3.386690 3.407640 3.423030 3.423900 
3.423900 3.384740 3.331872 3.302116 3.420549 3.487637 3.571821 3.531371 3.486922 3.515280 3.464129 3.202493 3.171597 3.299227 3.344440 3.362500 3.381640 3.399570 3.413290 3.423540 3.423900 
3.423900 3.405554 3.327071 3.298012 3.319784 3.342370 3.446552 3.459090 3.486872 3.591293 3.553979 3.321360 3.227370 3.294284 3.350532 3.380490 3.398610 3.410780 3.418720 3.423960 3.423900 
3.423900 3.414635 3.339918 3.288960 3.255772 3.257483 3.297850 3.321579 3.426320 3.587080 3.617440 3.484595 3.374322 3.362929 3.381710 3.399260 3.411190 3.418510 3.422400 3.424210 3.423900 
3.423900 3.418340 3.360889 3.314000 3.279991 3.271330 3.288631 3.323991 3.413820 3.525679 3.563680 3.508021 3.439749 3.411529 3.408880 3.413970 3.419300 3.422760 3.424200 3.424260 3.423900 
3.423900 3.421200 3.389160 3.361600 3.341291 3.334200 3.342040 3.365910 3.415650 3.472500 3.496209 3.477209 3.445759 3.427100 3.421200 3.421310 3.422950 3.424200 3.424540 3.424160 3.423900 
3.423900 3.423900 3.421200 3.418650 3.416110 3.414980 3.414920 3.415650 3.421700 3.430440 3.433820 3.429990 3.424950 3.422860 3.422680 3.423090 3.423630 3.424040 3.424160 3.423900 3.423900 
3.423900 3.423900 3.423900 3.423900 3.423900 3.423900 3.423900 3.423900 3.423900 3.423900 3.423900 3.423900 3.423900 3.423900 3.423900 3.423900 3.423900 3.423900 3.423900 3.423900 3.423900 
3.423900 3.423900 3.423900 3.423900 3.423900 3.423900 3.423900 3.423900 3.423900 3.423900 3.423900 3.423900 3.423900 3.423900 3.423900 3.423900 3.423900 3.423900 3.423900 3.423900 3.423900 
3.423900 3.423830 3.423769 3.423583 3.421818 3.418458 3.416015 3.419771 3.433190 3.430520 3.407426 3.413774 3.418614 3.427133 3.425292 3.424027 3.423752 3.423808 3.423860 3.423900 3.423900 
3.423900 3.423868 3.436157 3.437611 3.423068 3.398858 3.385593 3.406588 3.459591 3.477871 3.445590 3.456269 3.473867 3.481142 3.464668 3.448137 3.437656 3.431617 3.427502 3.423859 3.423900 
3.423900 3.424975 3.453621 3.460092 3.430013 3.373121 3.332354 3.362203 3.475891 3.545311 3.494117 3.516894 3.548596 3.541171 3.493649 3.462928 3.446880 3.437771 3.430717 3.423756 3.423900 
3.423900 3.428239 3.479622 3.498589 3.452359 3.347277 3.260965 3.280929 3.410731 3.568988 3.545410 3.569982 3.617978 3.567185 3.490503 3.460924 3.450060 3.442651 3.433874 3.423655 3.423900 
3.423900 3.433393 3.507946 3.551924 3.500530 3.339906 3.230820 3.277818 3.312334 3.530850 3.559175 3.569362 3.600892 3.511600 3.453756 3.453581 3.456386 3.451109 3.439114 3.423795 3.423900 
3.423900 3.437349 3.509640 3.589806 3.558581 3.327872 3.214660 3.347830 3.322599 3.553160 3.490064 3.484615 3.523240 3.467402 3.461019 3.481740 3.482887 3.469079 3.448008 3.424436 3.423900 
3.423900 3.419976 3.419666 3.518117 3.555976 3.294944 3.195659 3.488472 3.449469 3.603151 3.450658 3.412408 3.473404 3.545242 3.582011 3.562631 3.527832 3.491911 3.457813 3.425358 3.423900 
3.423900 3.328291 3.201853 3.218143 3.420680 3.328930 3.232520 3.428807 3.473955 3.510228 3.413789 3.451122 3.487932 3.596087 3.658772 3.606400 3.547563 3.499895 3.460696 3.425829 3.423900 
3.423900 3.329509 3.152658 3.108523 3.358307 3.495009 3.423519 3.340153 3.391578 3.365495 3.375238 3.440110 3.406774 3.450200 3.542618 3.540491 3.511290 3.480468 3.452067 3.425289 3.423900 
3.423900 3.412598 3.294009 3.291098 3.338016 3.425569 3.407519 3.285713 3.390270 3.362089 3.448790 3.491918 3.537977 3.510653 3.474332 3.458411 3.452598 3.446218 3.436478 3.424299 3.423900 
3.423900 3.421745 3.349282 3.252271 3.129044 3.285110 3.343178 3.254141 3.361352 3.302717 3.385952 3.400518 3.497045 3.408116 3.347001 3.364452 3.393296 3.412807 3.421388 3.423350 3.423900 
3.423900 3.459846 3.433781 3.353256 3.169617 3.224054 3.243364 3.195030 3.310300 3.202001 3.291589 3.288127 3.402889 3.360110 3.283696 3.321321 3.366056 3.396748 3.413849 3.422950 3.423900 
3.423900 3.462167 3.428372 3.379042 3.304234 3.249741 3.172870 3.129792 3.283850 3.332196 3.487650 3.419170 3.426258 3.458484 3.375553 3.364109 3.382510 3.402150 3.415299 3.423270 3.423900 
3.423900 3.372008 3.273166 3.171089 3.242970 3.299984 3.389665 3.374429 3.348410 3.323580 3.372419 3.225330 3.232980 3.347954 3.383447 3.393339 3.404170 3.414099 3.420499 3.423820 3.423900 
3.423900 3.393042 3.271086 3.192050 3.194685 3.206601 3.318240 3.354450 3.397440 3.462829 3.469440 3.312440 3.264980 3.335392 3.385178 3.407559 3.418180 3.423409 3.424959 3.424190 3.423900 
3.423900 3.408515 3.303560 3.225940 3.183119 3.186639 3.248429 3.292156 3.392239 3.522140 3.560540 3.464758 3.387843 3.387645 3.406119 3.419440 3.426200 3.428348 3.427278 3.424350 3.423900 
3.423900 3.415579 3.341425 3.282068 3.245149 3.242590 3.274758 3.320536 3.405060 3.500821 3.537660 3.496358 3.444529 3.424537 3.423430 3.426819 3.429188 3.429358 3.427519 3.424370 3.423900 
3.423900 3.420100 3.380770 3.348260 3.327519 3.324506 3.339496 3.367717 3.414630 3.464540 3.486418 3.472075 3.447143 3.432576 3.427887 3.427505 3.427846 3.427498 3.426209 3.424210 3.423900 
3.423900 3.423900 3.420099 3.416759 3.413917 3.412995 3.413906 3.415329 3.420680 3.427910 3.430869 3.427916 3.424054 3.422685 3.422787 3.423287 3.423798 3.424149 3.424199 3.423900 3.423900 
3.423900 3.423900 3.423900 3.423900 3.423900 3.423900 3.423900 3.423900 3.423900 3.423900 3.423900 3.423900 3.423900 3.423900 3.423900 3.423900 3.423900 3.423900 3.423900 3.423900 3.423900 
3.680300 3.680300 3.680300 3.680300 3.680300 3.680300 3.680300 3.680300 3.680300 3.680300 3.680300 3.680300 3.680300 3.680300 3.680300 3.680300 3.680300 3.680300 3.680300 3.680300 3.680300 
3.680300 3.680264 3.680686 3.681030 3.680270 3.678211 3.677187 3.681341 3.693292 3.697984 3.680749 3.670956 3.665466 3.679056 3.681449 3.681063 3.680612 3.680387 3.680330 3.680300 3.680300 
3.680300 3.680737 3.699289 3.708706 3.704460 3.691678 3.687039 3.709939 3.760437 3.792606 3.762871 3.733836 3.726469 3.744738 3.739557 3.724165 3.709274 3.697545 3.688312 3.680319 3.680300 
3.680300 3.682246 3.722417 3.743923 3.734086 3.699734 3.674933 3.702303 3.793511 3.882515 3.841370 3.802638 3.811243 3.835703 3.802851 3.765928 3.736357 3.714058 3.696196 3.680297 3.680300 
3.680300 3.685689 3.752352 3.792062 3.775896 3.705376 3.639351 3.641654 3.705417 3.875096 3.869630 3.861537 3.934009 3.931897 3.854081 3.798279 3.759238 3.729229 3.703783 3.680425 3.680300 
3.680300 3.690954 3.781806 3.848494 3.833874 3.718242 3.618492 3.604877 3.536188 3.775700 3.835056 3.874110 3.991126 3.953771 3.868245 3.818721 3.779776 3.744619 3.711873 3.680695 3.680300 
3.680300 3.694863 3.781430 3.878640 3.883324 3.708905 3.583405 3.602001 3.465080 3.741610 3.730983 3.795640 3.942863 3.931318 3.883587 3.848685 3.806590 3.762670 3.720828 3.681276 3.680300 
3.680300 3.679143 3.689644 3.787380 3.841776 3.643613 3.520889 3.665819 3.570430 3.797110 3.693538 3.727957 3.864805 3.944575 3.950401 3.899588 3.836997 3.778962 3.728072 3.681957 3.680300 
3.680300 3.596528 3.477639 3.469853 3.638025 3.592266 3.484605 3.567189 3.643347 3.765233 3.675110 3.733426 3.790663 3.895929 3.959929 3.907860 3.839484 3.779065 3.727835 3.682178 3.680300 
3.680300 3.600074 3.432085 3.357273 3.551371 3.715700 3.632446 3.458922 3.545336 3.600952 3.597080 3.667050 3.662765 3.722234 3.827433 3.829739 3.795540 3.755578 3.717486 3.681529 3.680300 
3.680300 3.676510 3.565457 3.519222 3.503318 3.613666 3.597444 3.394860 3.494010 3.541764 3.652207 3.726825 3.791525 3.766967 3.756085 3.748090 3.737189 3.721417 3.701947 3.680619 3.680300 
3.680300 3.685310 3.617841 3.482511 3.285437 3.431663 3.527660 3.414766 3.519126 3.505144 3.620773 3.666081 3.765440 3.685989 3.650832 3.667358 3.684565 3.691107 3.688118 3.679879 3.680300 
3.680300 3.716224 3.690390 3.578139 3.348658 3.417511 3.488240 3.425215 3.496771 3.376621 3.523796 3.587882 3.730266 3.695020 3.625305 3.642678 3.665605 3.678587 3.681959 3.679670 3.680300 
3.680300 3.715494 3.675374 3.597039 3.488227 3.461387 3.432812 3.397096 3.493580 3.480830 3.715268 3.763573 3.812176 3.826715 3.730679 3.692180 3.685120 3.685240 3.683929 3.680190 3.680300 
3.680300 3.629156 3.519245 3.395519 3.445260 3.501068 3.584209 3.587371 3.580021 3.531500 3.664191 3.641703 3.680166 3.751905 3.744926 3.720080 3.704630 3.695710 3.688399 3.680730 3.680300 
3.680300 3.646295 3.514130 3.421108 3.424530 3.436162 3.537932 3.588901 3.644509 3.686068 3.742659 3.674960 3.664562 3.712433 3.729148 3.722749 3.711580 3.701089 3.691129 3.680980 3.680300 
3.680300 3.663130 3.551922 3.470541 3.434189 3.444459 3.516240 3.573717 3.665979 3.766900 3.818271 3.768552 3.722609 3.720129 3.722361 3.717960 3.709890 3.700719 3.691049 3.680990 3.680300 
3.680300 3.671189 3.594776 3.535908 3.505089 3.510760 3.552948 3.605056 3.681210 3.759811 3.797581 3.775060 3.739660 3.722298 3.714850 3.709129 3.702939 3.696119 3.688739 3.680880 3.680300 
3.680300 3.676220 3.636410 3.604990 3.587839 3.589817 3.610157 3.640627 3.682860 3.724770 3.745458 3.737496 3.719414 3.706946 3.700287 3.696196 3.692697 3.688998 3.684979 3.680650 3.680300 
3.680300 3.680300 3.676220 3.672739 3.670177 3.669616 3.671237 3.673029 3.677450 3.682910 3.685489 3.683587 3.680925 3.679996 3.680077 3.680337 3.680568 3.680689 3.680649 3.680300 3.680300 
3.680300 3.680300 3.680300 3.680300 3.680300 3.680300 3.680300 3.680300 3.680300 3.680300 3.680300 3.680300 3.680300 3.680300 3.680300 3.680300 3.680300 3.680300 3.680300 3.680300 3.680300 
3.680300 3.680300 3.680300 3.680300 3.680300 3.680300 3.680300 3.680300 3.680300 3.680300 3.680300 3.680300 3.680300 3.680300 3.680300 3.680300 3.680300 3.680300 3.680300 3.680300 3.680300 
3.680300 3.680300 3.681540 3.682493 3.682739 3.682391 3.683018 3.687375 3.697697 3.707195 3.694938 3.674236 3.660640 3.677340 3.682120 3.682042 3.681231 3.680670 3.680380 3.680300 3.680300 
3.680300 3.681539 3.706719 3.724840 3.731785 3.730865 3.734738 3.758263 3.803766 3.844198 3.819408 3.763239 3.734990 3.757140 3.757070 3.740798 3.721688 3.705179 3.691830 3.680380 3.680300 
3.680300 3.683643 3.736893 3.775401 3.788093 3.777848 3.769424 3.793412 3.860792 3.957980 3.931910 3.853580 3.839291 3.878231 3.849700 3.804470 3.762927 3.729728 3.703329 3.680550 3.680300 
3.680300 3.687503 3.773850 3.839023 3.857915 3.825476 3.781079 3.765696 3.769142 3.933159 3.954209 3.933409 4.013559 4.033221 3.945700 3.864898 3.801517 3.752938 3.714329 3.680860 3.680300 
3.680300 3.693593 3.810601 3.910002 3.941190 3.875976 3.786849 3.715518 3.556805 3.793273 3.893836 3.970188 4.135438 4.119098 4.002548 3.908509 3.833489 3.773549 3.724490 3.681300 3.680300 
3.680300 3.699532 3.819358 3.952762 4.006744 3.891652 3.753613 3.662330 3.429350 3.728490 3.784438 3.916728 4.124172 4.122746 4.028796 3.941158 3.860300 3.791111 3.733091 3.681810 3.680300 
3.680300 3.689258 3.740818 3.870256 3.959062 3.821545 3.673099 3.675180 3.526690 3.811520 3.779439 3.876801 4.047037 4.102576 4.059583 3.969466 3.878769 3.801661 3.737971 3.682230 3.680300 
3.680300 3.616057 3.545273 3.558598 3.719224 3.716532 3.598610 3.573757 3.658515 3.862407 3.807999 3.875719 3.922938 3.989172 4.020180 3.950498 3.867780 3.795590 3.735310 3.682160 3.680300 
3.680300 3.619190 3.499436 3.442065 3.614676 3.803890 3.721929 3.491060 3.597391 3.733914 3.728882 3.773690 3.756009 3.791445 3.875840 3.865269 3.820030 3.770350 3.724280 3.681470 3.680300 
3.680300 3.685996 3.612848 3.570359 3.542116 3.685344 3.693773 3.468470 3.570590 3.678074 3.778286 3.834297 3.875028 3.825474 3.808891 3.790679 3.766800 3.739120 3.710030 3.680660 3.680300 
3.680300 3.693172 3.658862 3.537625 3.343076 3.509066 3.659711 3.569853 3.679392 3.692288 3.791007 3.823143 3.883135 3.779324 3.735412 3.730346 3.725549 3.714590 3.698650 3.680120 3.680300 
3.680300 3.719671 3.726179 3.641266 3.448270 3.569652 3.710616 3.666653 3.706519 3.578822 3.722307 3.797895 3.912738 3.844910 3.749955 3.727616 3.717529 3.707270 3.694640 3.680180 3.680300 
3.680300 3.720283 3.714533 3.670755 3.601180 3.642489 3.685131 3.672816 3.716153 3.649031 3.890380 3.994051 4.042394 4.008467 3.869828 3.784350 3.740520 3.715480 3.697230 3.680810 3.680300 
3.680300 3.640198 3.567217 3.483634 3.562280 3.650568 3.746353 3.770474 3.770322 3.701860 3.866181 3.916192 3.950150 3.954735 3.883349 3.807530 3.756310 3.723750 3.700740 3.681300 3.680300 
3.680300 3.651672 3.550840 3.489567 3.527544 3.565371 3.668122 3.730751 3.787610 3.805759 3.886960 3.875261 3.870412 3.873658 3.840546 3.793710 3.753880 3.724180 3.701260 3.681440 3.680300 
3.680300 3.665949 3.577627 3.520700 3.512328 3.543488 3.625910 3.691308 3.770190 3.841830 3.896310 3.876260 3.842379 3.822509 3.797360 3.767650 3.740250 3.717540 3.698500 3.681260 3.680300 
3.680300 3.672660 3.611168 3.568409 3.555069 3.574799 3.625620 3.679929 3.744280 3.804280 3.838859 3.828179 3.800690 3.778149 3.758230 3.739160 3.721840 3.706770 3.693460 3.680970 3.680300 
3.680300 3.676860 3.644590 3.621310 3.612680 3.621740 3.646380 3.676930 3.712740 3.745590 3.763399 3.759348 3.744909 3.731290 3.720040 3.710310 3.701740 3.694150 3.687260 3.680670 3.680300 
3.680300 3.680300 3.676860 3.674120 3.672410 3.672560 3.674680 3.676640 3.679990 3.683740 3.685770 3.684580 3.682670 3.681740 3.681370 3.681200 3.681030 3.680880 3.680670 3.680300 3.680300 
3.680300 3.680300 3.680300 3.680300 3.680300 3.680300 3.680300 3.680300 3.680300 3.680300 3.680300 3.680300 3.680300 3.680300 3.680300 3.680300 3.680300 3.680300 3.680300 3.680300 3.680300 
3.680300 3.680300 3.680300 3.680300 3.680300 3.680300 3.680300 3.680300 3.680300 3.680300 3.680300 3.680300 3.680300 3.680300 3.680300 3.680300 3.680300 3.680300 3.680300 3.680300 3.680300 
3.680300 3.680302 3.681877 3.683294 3.684372 3.684692 3.685969 3.690655 3.699883 3.712192 3.704704 3.678479 3.660525 3.677483 3.682770 3.682630 3.681616 3.680872 3.680453 3.680300 3.680300 
3.680300 3.681823 3.710901 3.734610 3.749574 3.758168 3.768488 3.791613 3.831386 3.874803 3.856602 3.787342 3.745700 3.765696 3.765741 3.748024 3.726635 3.708008 3.693084 3.680419 3.680300 
3.680300 3.684081 3.744853 3.794758 3.824372 3.834075 3.839459 3.861601 3.910839 4.007504 3.996670 3.899451 3.866369 3.904284 3.873480 3.822262 3.774205 3.735808 3.705896 3.680696 3.680300 
3.680300 3.688447 3.786440 3.869337 3.915249 3.915751 3.892679 3.870482 3.836586 3.985416 4.029318 4.004942 4.075865 4.094401 3.994842 3.897442 3.820296 3.762377 3.718130 3.681104 3.680300 
3.680300 3.695376 3.830305 3.954250 4.022716 4.002697 3.932043 3.829829 3.624959 3.842081 3.972152 4.071330 4.243254 4.221646 4.078004 3.953942 3.857526 3.784797 3.728758 3.681562 3.680300 
3.680300 3.703389 3.852076 4.016707 4.114032 4.053901 3.919787 3.761805 3.485124 3.779301 3.886279 4.054106 4.267979 4.249055 4.113664 3.987954 3.883084 3.800959 3.736531 3.682033 3.680300 
3.680300 3.699286 3.797213 3.962938 4.086048 4.004489 3.850966 3.757977 3.588248 3.896309 3.925704 4.052658 4.211021 4.220876 4.126582 4.002888 3.893722 3.807451 3.739675 3.682285 3.680300 
3.680300 3.637965 3.630886 3.686767 3.853143 3.888564 3.778177 3.688086 3.771311 4.023734 4.007270 4.064416 4.076237 4.082246 4.063089 3.970132 3.876045 3.798424 3.735889 3.682056 3.680300 
3.680300 3.639927 3.587493 3.577754 3.751996 3.958204 3.896462 3.661230 3.776141 3.963336 3.958410 3.958313 3.897601 3.881393 3.920913 3.887446 3.830458 3.774726 3.725651 3.681387 3.680300 
3.680300 3.694158 3.677666 3.673923 3.675311 3.852080 3.897312 3.702500 3.809642 3.946682 4.015078 4.020180 4.004708 3.910323 3.865025 3.825354 3.786256 3.748815 3.713852 3.680717 3.680300 
3.680300 3.699595 3.717323 3.651638 3.519090 3.716831 3.915984 3.875704 3.987987 4.010388 4.066007 4.054304 4.046124 3.897547 3.822220 3.785995 3.757527 3.731052 3.705483 3.680408 3.680300 
3.680300 3.722344 3.781351 3.763131 3.658804 3.841021 4.043468 4.038847 4.060650 3.932335 4.032083 4.074384 4.122748 4.000727 3.866149 3.800587 3.758935 3.728581 3.703545 3.680679 3.680300 
3.680300 3.725580 3.777911 3.805178 3.815168 3.934999 4.047862 4.067549 4.073483 3.968626 4.163033 4.261272 4.272379 4.176788 3.990197 3.859489 3.783157 3.737507 3.706498 3.681319 3.680300 
3.680300 3.656717 3.646950 3.637347 3.769068 3.905085 4.026401 4.072214 4.070370 3.984544 4.130863 4.195164 4.194500 4.128113 3.995908 3.875051 3.794151 3.743220 3.708909 3.681740 3.680300 
3.680300 3.661853 3.616093 3.610779 3.697384 3.775478 3.888668 3.959419 4.006673 3.999923 4.075183 4.079677 4.054844 4.007864 3.927847 3.846182 3.783282 3.739290 3.707599 3.681730 3.680300 
3.680300 3.671309 3.622923 3.605527 3.634191 3.692057 3.784132 3.851226 3.911686 3.953784 3.997958 3.986722 3.948655 3.905873 3.854347 3.802972 3.760391 3.727929 3.702799 3.681430 3.680300 
3.680300 3.675452 3.638993 3.620625 3.629282 3.664181 3.720681 3.772510 3.822266 3.862678 3.888376 3.880436 3.853056 3.822165 3.790073 3.759689 3.733788 3.712938 3.695988 3.681020 3.680300 
3.680300 3.678080 3.658132 3.646620 3.648338 3.664263 3.691295 3.719538 3.747484 3.770585 3.783370 3.779757 3.765934 3.749876 3.734085 3.719645 3.707275 3.696986 3.688388 3.680640 3.680300 
3.680300 3.680299 3.678099 3.676478 3.675926 3.676833 3.679265 3.681189 3.683471 3.685721 3.687050 3.686165 3.684483 3.683314 3.682506 3.681856 3.681347 3.680958 3.680619 3.680300 3.680300 
3.680300 3.680300 3.680300 3.680300 3.680300 3.680300 3.680300 3.680300 3.680300 3.680300 3.680300 3.680300 3.680300 3.680300 3.680300 3.680300 3.680300 3.680300 3.680300 3.680300 3.680300 
4.117400 4.117400 4.117400 4.117400 4.117400 4.117400 4.117400 4.117400 4.117400 4.117400 4.117400 4.117400 4.117400 4.117400 4.117400 4.117400 4.117400 4.117400 4.117400 4.117400 4.117400 
4.117400 4.117402 4.118990 4.120438 4.121745 4.122549 4.124177 4.128512 4.135800 4.147507 4.143513 4.118791 4.101355 4.115724 4.120083 4.119723 4.118708 4.117963 4.117532 4.117400 4.117400 
4.117400 4.118937 4.145440 4.168373 4.185426 4.197811 4.210953 4.232116 4.264873 4.305827 4.294231 4.224911 4.179110 4.195229 4.194280 4.177775 4.158349 4.141693 4.128536 4.117509 4.117400 
4.117400 4.121039 4.176559 4.225106 4.259702 4.279693 4.294092 4.315776 4.351551 4.439848 4.440530 4.339471 4.294899 4.326415 4.294529 4.245500 4.200954 4.166221 4.139730 4.117777 4.117400 
4.117400 4.124979 4.215421 4.296697 4.352307 4.372738 4.369013 4.351888 4.303332 4.430769 4.484717 4.455661 4.507782 4.515581 4.412769 4.316547 4.243114 4.189859 4.150445 4.118206 4.117400 
4.117400 4.131497 4.259211 4.382250 4.465505 4.477120 4.431623 4.331661 4.123823 4.312219 4.446541 4.541967 4.690020 4.651838 4.498396 4.371037 4.276975 4.209409 4.159503 4.118595 4.117400 
4.117400 4.139975 4.289567 4.456820 4.572167 4.553834 4.443357 4.273004 4.002253 4.270679 4.393434 4.556115 4.737761 4.691540 4.535970 4.401719 4.298367 4.222401 4.165634 4.118935 4.117400 
4.117400 4.140485 4.259979 4.436939 4.572791 4.534177 4.400717 4.273153 4.111970 4.408781 4.466308 4.587156 4.706563 4.670760 4.544084 4.410667 4.304647 4.226293 4.167527 4.119086 4.117400 
4.117400 4.095111 4.131874 4.215741 4.377106 4.435991 4.350783 4.242906 4.322372 4.582202 4.585115 4.617751 4.587267 4.539494 4.480492 4.377856 4.287418 4.217725 4.163979 4.118846 4.117400 
4.117400 4.095815 4.096838 4.128033 4.299214 4.504171 4.470977 4.267554 4.383129 4.584191 4.572454 4.526537 4.420967 4.357387 4.356993 4.308697 4.250438 4.198916 4.155940 4.118307 4.117400 
4.117400 4.134719 4.165383 4.201516 4.236484 4.426265 4.500813 4.357407 4.466729 4.606481 4.637259 4.588396 4.518083 4.387162 4.317289 4.263357 4.218307 4.180186 4.147472 4.117827 4.117400 
4.117400 4.138596 4.197498 4.189320 4.126341 4.338213 4.559869 4.567016 4.678294 4.698569 4.708185 4.648283 4.577003 4.394409 4.296801 4.241168 4.200883 4.168994 4.142093 4.117678 4.117400 
4.117400 4.156198 4.254493 4.297841 4.278351 4.495520 4.728364 4.759935 4.774050 4.647736 4.695310 4.689007 4.670227 4.507083 4.351045 4.263269 4.207301 4.169563 4.141645 4.117989 4.117400 
4.117400 4.160479 4.258171 4.345736 4.423528 4.593629 4.749839 4.796924 4.782277 4.653748 4.785072 4.847769 4.813148 4.673618 4.464664 4.316109 4.228848 4.177576 4.144317 4.118519 4.117400 
4.117400 4.108718 4.149909 4.202042 4.370528 4.535550 4.672421 4.733111 4.727333 4.626833 4.733097 4.778764 4.737399 4.622534 4.460531 4.323670 4.235080 4.180879 4.145709 4.118830 4.117400 
4.117400 4.109135 4.111173 4.151801 4.270150 4.373681 4.490014 4.560821 4.593691 4.563618 4.616732 4.614071 4.563976 4.483593 4.381379 4.288271 4.220501 4.175000 4.143539 4.118730 4.117400 
4.117400 4.113600 4.101374 4.116475 4.170075 4.242496 4.333775 4.393744 4.433266 4.448524 4.475674 4.461884 4.416696 4.360506 4.298193 4.240701 4.195610 4.162729 4.138429 4.118400 4.117400 
4.117400 4.115282 4.101904 4.103755 4.127201 4.168818 4.222691 4.265892 4.299235 4.321156 4.335703 4.326181 4.298212 4.263973 4.228241 4.195449 4.168618 4.147888 4.131749 4.118000 4.117400 
4.117400 4.116400 4.107942 4.106351 4.115009 4.133585 4.158567 4.181341 4.200362 4.214053 4.221180 4.216727 4.203544 4.187277 4.170656 4.155516 4.142877 4.132797 4.124699 4.117640 4.117400 
4.117400 4.117399 4.116400 4.115900 4.116198 4.117526 4.119806 4.121380 4.122721 4.123741 4.124480 4.123716 4.122234 4.120964 4.119966 4.119077 4.118427 4.117959 4.117639 4.117400 4.117400 
4.117400 4.117400 4.117400 4.117400 4.117400 4.117400 4.117400 4.117400 4.117400 4.117400 4.117400 4.117400 4.117400 4.117400 4.117400 4.117400 4.117400 4.117400 4.117400 4.117400 4.117400 
4.117400 4.117400 4.117400 4.117400 4.117400 4.117400 4.117400 4.117400 4.117400 4.117400 4.117400 4.117400 4.117400 4.117400 4.117400 4.117400 4.117400 4.117400 4.117400 4.117400 4.117400 
4.117400 4.117400 4.118437 4.119399 4.120288 4.121149 4.122599 4.125407 4.130078 4.139109 4.138118 4.119037 4.105027 4.116199 4.119179 4.118899 4.118190 4.117700 4.117460 4.117400 4.117400 
4.117400 4.118439 4.134819 4.149597 4.161512 4.171155 4.181723 4.197413 4.220619 4.255578 4.251304 4.188007 4.142618 4.162539 4.164558 4.154198 4.142069 4.131859 4.123970 4.117460 4.117400 
4.117400 4.119858 4.154529 4.186025 4.210773 4.228174 4.243931 4.266196 4.292766 4.376907 4.387847 4.268333 4.208132 4.256733 4.230705 4.196777 4.168108 4.146589 4.130629 4.117600 4.117400 
4.117400 4.122310 4.180090 4.234318 4.276087 4.299641 4.312317 4.322120 4.261740 4.377230 4.428170 4.364005 4.405416 4.414450 4.313633 4.242956 4.194307 4.160918 4.137069 4.117880 4.117400 
4.117400 4.126640 4.211568 4.298197 4.366051 4.393884 4.385800 4.333349 4.096500 4.287389 4.401209 4.454537 4.586744 4.521212 4.372195 4.278196 4.215317 4.172718 4.142439 4.118150 4.117400 
4.117400 4.133401 4.240829 4.372496 4.478149 4.485249 4.414999 4.282501 3.974794 4.276866 4.351061 4.476386 4.630767 4.548278 4.397037 4.297706 4.228258 4.180279 4.145949 4.118320 4.117400 
4.117400 4.137518 4.236384 4.400110 4.522678 4.492361 4.389210 4.288688 4.092645 4.426325 4.432177 4.527525 4.618721 4.548533 4.414289 4.305398 4.232069 4.182329 4.146899 4.118370 4.117400 
4.117400 4.107417 4.141521 4.208696 4.343240 4.400542 4.350429 4.251450 4.349007 4.621370 4.582229 4.596540 4.517530 4.440990 4.375712 4.285321 4.221450 4.177090 4.144699 4.118210 4.117400 
4.117400 4.107899 4.121799 4.146685 4.305491 4.520179 4.505367 4.286027 4.420231 4.635491 4.580260 4.494190 4.341830 4.266080 4.278332 4.239482 4.199031 4.166170 4.140129 4.117910 4.117400 
4.117400 4.133459 4.180888 4.239797 4.261799 4.445865 4.535548 4.387352 4.512129 4.656971 4.650430 4.555030 4.471521 4.327079 4.260631 4.214211 4.181270 4.155970 4.135590 4.117670 4.117400 
4.117400 4.135219 4.200318 4.214199 4.148794 4.351460 4.591295 4.613304 4.754972 4.761110 4.725120 4.619591 4.519870 4.315549 4.244831 4.202800 4.172750 4.150510 4.132960 4.117630 4.117400 
4.117400 4.147268 4.246239 4.318871 4.316677 4.542240 4.789332 4.823250 4.845161 4.672870 4.692570 4.632760 4.594762 4.418180 4.284348 4.220090 4.178640 4.151900 4.133120 4.117830 4.117400 
4.117400 4.152159 4.256690 4.372099 4.465200 4.637490 4.798400 4.861060 4.838840 4.645821 4.760290 4.794910 4.730100 4.590567 4.387329 4.259259 4.193240 4.157120 4.134860 4.118110 4.117400 
4.117400 4.116260 4.164040 4.223661 4.409992 4.564439 4.687979 4.752440 4.750580 4.601490 4.695150 4.720720 4.647991 4.521100 4.373500 4.260880 4.195910 4.158660 4.135510 4.118290 4.117400 
4.117400 4.115200 4.132930 4.184521 4.305208 4.391317 4.492269 4.551111 4.575740 4.512511 4.554040 4.535310 4.467010 4.386350 4.302090 4.232130 4.184590 4.154150 4.133850 4.118200 4.117400 
4.117400 4.116700 4.120720 4.144180 4.193399 4.254378 4.331000 4.370030 4.386690 4.379410 4.394580 4.378060 4.334030 4.286411 4.239030 4.198040 4.167390 4.145870 4.130420 4.117980 4.117400 
4.117400 4.116940 4.115610 4.123970 4.145610 4.177740 4.216410 4.242680 4.258690 4.265770 4.271690 4.262770 4.240960 4.215440 4.189980 4.167470 4.149660 4.136290 4.126190 4.117710 4.117400 
4.117400 4.117140 4.115230 4.117460 4.125670 4.139340 4.155990 4.169410 4.179000 4.184820 4.187570 4.183760 4.174450 4.163110 4.151750 4.141610 4.133310 4.126850 4.121820 4.117510 4.117400 
4.117400 4.117400 4.117140 4.117200 4.117710 4.118800 4.120360 4.121200 4.121770 4.122050 4.122330 4.121830 4.120850 4.119920 4.119140 4.118500 4.118030 4.117720 4.117510 4.117400 4.117400 
4.117400 4.117400 4.117400 4.117400 4.117400 4.117400 4.117400 4.117400 4.117400 4.117400 4.117400 4.117400 4.117400 4.117400 4.117400 4.117400 4.117400 4.117400 4.117400 4.117400 4.117400 
4.162100 4.162100 4.162100 4.162100 4.162100 4.162100 4.162100 4.162100 4.162100 4.162100 4.162100 4.162100 4.162100 4.162100 4.162100 4.162100 4.162100 4.162100 4.162100 4.162100 4.162100 
4.162100 4.162100 4.162099 4.162100 4.162100 4.162098 4.162098 4.162099 4.162100 4.161960 4.161910 4.162110 4.162760 4.162680 4.162100 4.162100 4.162100 4.162100 4.162100 4.162100 4.162100 
4.162100 4.162099 4.163140 4.164100 4.165010 4.165919 4.167389 4.169969 4.176209 4.196818 4.205166 4.159911 4.109402 4.152020 4.164150 4.163620 4.162890 4.162400 4.162160 4.162100 4.162100 
4.162100 4.162100 4.164560 4.166940 4.169171 4.171398 4.174947 4.191608 4.216930 4.330278 4.379875 4.147148 4.006069 4.196780 4.170820 4.166430 4.164160 4.162920 4.162300 4.162100 4.162100 
4.162100 4.162100 4.167000 4.172200 4.177140 4.181675 4.196467 4.300251 4.184209 4.323790 4.375230 4.152939 4.252883 4.322611 4.178871 4.170230 4.165700 4.163580 4.162580 4.162100 4.162100 
4.162100 4.162100 4.171340 4.183059 4.199518 4.232707 4.284939 4.423635 3.888670 4.244961 4.330542 4.252106 4.497051 4.332869 4.176021 4.172530 4.166890 4.164200 4.162850 4.162100 4.162100 
4.162100 4.162100 4.181243 4.234541 4.322810 4.351093 4.330651 4.335186 3.616849 4.334429 4.151452 4.242620 4.478818 4.290997 4.164449 4.173030 4.167750 4.164660 4.163020 4.162100 4.162100 
4.162100 4.163159 4.206080 4.406493 4.509462 4.383172 4.275432 4.362529 3.760247 4.509885 4.188278 4.300057 4.469532 4.364099 4.220965 4.177329 4.168660 4.164910 4.163070 4.162100 4.162100 
4.162100 4.162090 4.126762 4.090821 4.184199 4.171448 4.184997 4.086733 4.321083 4.708351 4.426161 4.542051 4.345621 4.283499 4.260249 4.179040 4.168200 4.164600 4.162910 4.162100 4.162100 
4.162100 4.162220 4.140680 4.025690 4.217649 4.589557 4.559968 4.020741 4.284264 4.603993 4.364137 4.271480 3.990802 3.991000 4.182079 4.169181 4.165770 4.163710 4.162610 4.162100 4.162100 
4.162100 4.162660 4.208350 4.343891 4.196958 4.378708 4.497940 4.088348 4.289149 4.500621 4.477923 4.329072 4.395999 4.238769 4.190230 4.166690 4.164150 4.162980 4.162370 4.162100 4.162100 
4.162100 4.162660 4.204330 4.193430 3.887829 4.079466 4.430289 4.362016 4.702689 4.666009 4.566367 4.411841 4.357791 4.053850 4.158240 4.164180 4.163130 4.162690 4.162330 4.162100 4.162100 
4.162100 4.162679 4.228220 4.327911 4.164710 4.430091 4.740346 4.633525 4.737586 4.298660 4.431920 4.246578 4.368046 4.163942 4.123140 4.165121 4.163950 4.163070 4.162530 4.162100 4.162100 
4.162100 4.163349 4.258931 4.413729 4.410735 4.517592 4.617469 4.695977 4.706167 4.231522 4.565738 4.622775 4.528765 4.493438 4.250899 4.174940 4.166570 4.163990 4.162810 4.162100 4.162100 
4.162100 4.161290 4.149911 4.074930 4.362359 4.444580 4.495752 4.549120 4.621880 4.256801 4.489489 4.516651 4.413513 4.304030 4.224670 4.175340 4.167260 4.164360 4.162990 4.162100 4.162100 
4.162100 4.161930 4.154720 4.176271 4.288243 4.255180 4.329380 4.353100 4.420510 4.271019 4.366340 4.306640 4.221620 4.191290 4.178670 4.170410 4.166160 4.164060 4.162900 4.162100 4.162100 
4.162100 4.162100 4.161490 4.165530 4.160520 4.181560 4.247230 4.235560 4.220580 4.203170 4.222100 4.211590 4.183530 4.175230 4.170490 4.166960 4.164770 4.163470 4.162680 4.162100 4.162100 
4.162100 4.162100 4.161630 4.162110 4.163870 4.167520 4.173920 4.174590 4.174320 4.174510 4.175470 4.173860 4.170760 4.168270 4.166280 4.164710 4.163610 4.162920 4.162410 4.162100 4.162100 
4.162100 4.162100 4.161840 4.161900 4.162410 4.163500 4.165060 4.165900 4.166470 4.166760 4.167030 4.166530 4.165550 4.164620 4.163840 4.163200 4.162730 4.162420 4.162210 4.162100 4.162100 
4.162100 4.162100 4.162100 4.162100 4.162100 4.162100 4.162100 4.162100 4.162100 4.162100 4.162100 4.162100 4.162100 4.162100 4.162100 4.162100 4.162100 4.162100 4.162100 4.162100 4.162100 
4.162100 4.162100 4.162100 4.162100 4.162100 4.162100 4.162100 4.162100 4.162100 4.162100 4.162100 4.162100 4.162100 4.162100 4.162100 4.162100 4.162100 4.162100 4.162100 4.162100 4.162100 
4.162100 4.162100 4.162100 4.162100 4.162100 4.162100 4.162100 4.162100 4.162100 4.162100 4.162100 4.162100 4.162100 4.162100 4.162100 4.162100 4.162100 4.162100 4.162100 4.162100 4.162100 
4.162100 4.162100 4.162100 4.162100 4.162100 4.162100 4.162100 4.162100 4.162100 4.162100 4.162100 4.162100 4.162100 4.162100 4.162100 4.162100 4.162100 4.162100 4.162100 4.162100 4.162100 
4.162100 4.162100 4.162100 4.162100 4.162100 4.162100 4.162100 4.162100 4.162100 4.162100 4.162100 4.162100 4.162100 4.162100 4.162100 4.162100 4.162100 4.162100 4.162100 4.162100 4.162100 
4.162100 4.162100 4.162100 4.162100 4.162100 4.162100 4.162100 4.162100 4.162100 4.162100 4.162100 4.162100 4.162100 4.162100 4.162100 4.162100 4.162100 4.162100 4.162100 4.162100 4.162100 
4.162100 4.162100 4.162100 4.162100 4.162100 4.162100 4.162100 4.162100 4.162100 4.162100 4.162100 4.162100 4.162100 4.162100 4.162100 4.162100 4.162100 4.162100 4.162100 4.162100 4.162100 
4.162100 4.162100 4.162100 4.162100 4.162100 4.162100 4.162100 4.162100 4.162100 4.162100 4.162100 4.162100 4.162100 4.162100 4.162100 4.162100 4.162100 4.162100 4.162100 4.162100 4.162100 
4.162100 4.162100 4.162100 4.162100 4.162100 4.162100 4.162100 4.162100 4.162100 4.162100 4.162100 4.162100 4.162100 4.162100 4.162100 4.162100 4.162100 4.162100 4.162100 4.162100 4.162100 
4.162100 4.162100 4.162100 4.162100 4.162100 4.162100 4.162100 4.162100 4.162100 4.162100 4.162100 4.162100 4.162100 4.162100 4.162100 4.162100 4.162100 4.162100 4.162100 4.162100 4.162100 
4.162100 4.162100 4.162100 4.162100 4.162100 4.162100 4.162100 4.162100 4.162100 4.162100 4.162100 4.162100 4.162100 4.162100 4.162100 4.162100 4.162100 4.162100 4.162100 4.162100 4.162100 
4.162100 4.162100 4.162100 4.162100 4.162100 4.162100 4.162100 4.162100 4.162100 4.162100 4.162100 4.162100 4.162100 4.162100 4.162100 4.162100 4.162100 4.162100 4.162100 4.162100 4.162100 
4.162100 4.162100 4.162100 4.162100 4.162100 4.162100 4.162100 4.162100 4.162100 4.162100 4.162100 4.162100 4.162100 4.162100 4.162100 4.162100 4.162100 4.162100 4.162100 4.162100 4.162100 
4.162100 4.162100 4.162100 4.162100 4.162100 4.162100 4.162100 4.162100 4.162100 4.162100 4.162100 4.162100 4.162100 4.162100 4.162100 4.162100 4.162100 4.162100 4.162100 4.162100 4.162100 
4.162100 4.162100 4.162100 4.162100 4.162100 4.162100 4.162100 4.162100 4.162100 4.162100 4.162100 4.162100 4.162100 4.162100 4.162100 4.162100 4.162100 4.162100 4.162100 4.162100 4.162100 
4.162100 4.162100 4.162100 4.162100 4.162100 4.162100 4.162100 4.162100 4.162100 4.162100 4.162100 4.162100 4.162100 4.162100 4.162100 4.162100 4.162100 4.162100 4.162100 4.162100 4.162100 
4.162100 4.162100 4.162100 4.162100 4.162100 4.162100 4.162100 4.162100 4.162100 4.162100 4.162100 4.162100 4.162100 4.162100 4.162100 4.162100 4.162100 4.162100 4.162100 4.162100 4.162100 
4.162100 4.162100 4.162100 4.162100 4.162100 4.162100 4.162100 4.162100 4.162100 4.162100 4.162100 4.162100 4.162100 4.162100 4.162100 4.162100 4.162100 4.162100 4.162100 4.162100 4.162100 
4.162100 4.162100 4.162100 4.162100 4.162100 4.162100 4.162100 4.162100 4.162100 4.162100 4.162100 4.162100 4.162100 4.162100 4.162100 4.162100 4.162100 4.162100 4.162100 4.162100 4.162100 
4.162100 4.162100 4.162100 4.162100 4.162100 4.162100 4.162100 4.162100 4.162100 4.162100 4.162100 4.162100 4.162100 4.162100 4.162100 4.162100 4.162100 4.162100 4.162100 4.162100 4.162100 
4.162100 4.162100 4.162100 4.162100 4.162100 4.162100 4.162100 4.162100 4.162100 4.162100 4.162100 4.162100 4.162100 4.162100 4.162100 4.162100 4.162100 4.162100 4.162100 4.162100 4.162100 
4.162100 4.162100 4.162100 4.162100 4.162100 4.162100 4.162100 4.162100 4.162100 4.162100 4.162100 4.162100 4.162100 4.162100 4.162100 4.162100 4.162100 4.162100 4.162100 4.162100 4.162100 
4.162100 4.162100 4.162100 4.162100 4.162100 4.162100 4.162100 4.162100 4.162100 4.162100 4.162100 4.162100 4.162100 4.162100 4.162100 4.162100 4.162100 4.162100 4.162100 4.162100 4.162100 
