3466	Guangzhou	113.6612 	22.6362 
3467	Guangzhou	113.6607 	22.6362 
3468	Guangzhou	113.6604 	22.6368 
3469	Guangzhou	113.6596 	22.6404 
3470	Guangzhou	113.6596 	22.6415 
3471	Guangzhou	113.6593 	22.6426 
3472	Guangzhou	113.6590 	22.6435 
3473	Guangzhou	113.6588 	22.6440 
3474	Guangzhou	113.6585 	22.6440 
3475	Guangzhou	113.6582 	22.6443 
3476	Guangzhou	113.6565 	22.6468 
3477	Guangzhou	113.6560 	22.6476 
3478	Guangzhou	113.6557 	22.6482 
3479	Guangzhou	113.6554 	22.6488 
3480	Guangzhou	113.6554 	22.6493 
3481	Guangzhou	113.6551 	22.6499 
3482	Guangzhou	113.6535 	22.6515 
3483	Guangzhou	113.6526 	22.6524 
3484	Guangzhou	113.6524 	22.6524 
3485	Guangzhou	113.6518 	22.6529 
3486	Guangzhou	113.6499 	22.6549 
3487	Guangzhou	113.6399 	22.6649 
3488	Guangzhou	113.6390 	22.6657 
3489	Guangzhou	113.6379 	22.6671 
3490	Guangzhou	113.6363 	22.6688 
3491	Guangzhou	113.6349 	22.6701 
3492	Guangzhou	113.6315 	22.6740 
3493	Guangzhou	113.6304 	22.6754 
3494	Guangzhou	113.6287 	22.6779 
3495	Guangzhou	113.6276 	22.6793 
3496	Guangzhou	113.6265 	22.6801 
3497	Guangzhou	113.6251 	22.6813 
3498	Guangzhou	113.6232 	22.6832 
3499	Guangzhou	113.6226 	22.6840 
3500	Guangzhou	113.6215 	22.6849 
3501	Guangzhou	113.6207 	22.6854 
3502	Guangzhou	113.6182 	22.6871 
3503	Guangzhou	113.6137 	22.6901 
3504	Guangzhou	113.6110 	22.6924 
3505	Guangzhou	113.6096 	22.6935 
3506	Guangzhou	113.6076 	22.6946 
3507	Guangzhou	113.6054 	22.6957 
3508	Guangzhou	113.6049 	22.6960 
3509	Guangzhou	113.6043 	22.6963 
3510	Guangzhou	113.6043 	22.6968 
3511	Guangzhou	113.6038 	22.6971 
3512	Guangzhou	113.6026 	22.6971 
3513	Guangzhou	113.6024 	22.6971 
3514	Guangzhou	113.6012 	22.6971 
3515	Guangzhou	113.6012 	22.6968 
3516	Guangzhou	113.6007 	22.6968 
3517	Guangzhou	113.6001 	22.6971 
3518	Guangzhou	113.5990 	22.6976 
3519	Guangzhou	113.5971 	22.6990 
3520	Guangzhou	113.5957 	22.7004 
3521	Guangzhou	113.5949 	22.7013 
3522	Guangzhou	113.5926 	22.7029 
3523	Guangzhou	113.5879 	22.7071 
3524	Guangzhou	113.5876 	22.7074 
3525	Guangzhou	113.5874 	22.7082 
3526	Guangzhou	113.5860 	22.7110 
3527	Guangzhou	113.5854 	22.7121 
3528	Guangzhou	113.5851 	22.7121 
3529	Guangzhou	113.5849 	22.7126 
3530	Guangzhou	113.5843 	22.7143 
3531	Guangzhou	113.5821 	22.7210 
3532	Guangzhou	113.5818 	22.7218 
3533	Guangzhou	113.5815 	22.7232 
3534	Guangzhou	113.5815 	22.7249 
3535	Guangzhou	113.5824 	22.7252 
3536	Guangzhou	113.5835 	22.7252 
3537	Guangzhou	113.5849 	22.7243 
3538	Guangzhou	113.5851 	22.7238 
3539	Guangzhou	113.5851 	22.7226 
3540	Guangzhou	113.5854 	22.7221 
3541	Guangzhou	113.5866 	22.7221 
3542	Guangzhou	113.5893 	22.7221 
3543	Guangzhou	113.5910 	22.7221 
3544	Guangzhou	113.5938 	22.7221 
3545	Guangzhou	113.5938 	22.7218 
3546	Guangzhou	113.5943 	22.7215 
3547	Guangzhou	113.5957 	22.7212 
3548	Guangzhou	113.5985 	22.7201 
3549	Guangzhou	113.5990 	22.7199 
3550	Guangzhou	113.5999 	22.7196 
3551	Guangzhou	113.6024 	22.7190 
3552	Guangzhou	113.6043 	22.7187 
3553	Guangzhou	113.6051 	22.7185 
3554	Guangzhou	113.6057 	22.7182 
3555	Guangzhou	113.6060 	22.7179 
3556	Guangzhou	113.6062 	22.7176 
3557	Guangzhou	113.6062 	22.7171 
3558	Guangzhou	113.6065 	22.7168 
3559	Guangzhou	113.6079 	22.7157 
3560	Guangzhou	113.6087 	22.7157 
3561	Guangzhou	113.6096 	22.7160 
3562	Guangzhou	113.6107 	22.7168 
3563	Guangzhou	113.6113 	22.7174 
3564	Guangzhou	113.6115 	22.7179 
3565	Guangzhou	113.6137 	22.7196 
3566	Guangzhou	113.6149 	22.7199 
3567	Guangzhou	113.6168 	22.7207 
3568	Guangzhou	113.6168 	22.7212 
3569	Guangzhou	113.6171 	22.7215 
3570	Guangzhou	113.6176 	22.7221 
3571	Guangzhou	113.6190 	22.7229 
3572	Guangzhou	113.6196 	22.7232 
3573	Guangzhou	113.6207 	22.7238 
3574	Guangzhou	113.6229 	22.7252 
3575	Guangzhou	113.6232 	22.7254 
3576	Guangzhou	113.6237 	22.7260 
3577	Guangzhou	113.6243 	22.7265 
3578	Guangzhou	113.6249 	22.7268 
3579	Guangzhou	113.6257 	22.7271 
3580	Guangzhou	113.6268 	22.7271 
3581	Guangzhou	113.6271 	22.7271 
3582	Guangzhou	113.6276 	22.7271 
3583	Guangzhou	113.6301 	22.7246 
3584	Guangzhou	113.6310 	22.7238 
3585	Guangzhou	113.6321 	22.7226 
3586	Guangzhou	113.6324 	22.7224 
3587	Guangzhou	113.6340 	22.7212 
3588	Guangzhou	113.6360 	22.7196 
3589	Guangzhou	113.6365 	22.7190 
3590	Guangzhou	113.6371 	22.7185 
3591	Guangzhou	113.6382 	22.7171 
3592	Guangzhou	113.6410 	22.7132 
3593	Guangzhou	113.6413 	22.7126 
3594	Guangzhou	113.6413 	22.7121 
3595	Guangzhou	113.6407 	22.7107 
3596	Guangzhou	113.6404 	22.7101 
3597	Guangzhou	113.6401 	22.7096 
3598	Guangzhou	113.6393 	22.7079 
3599	Guangzhou	113.6390 	22.7074 
3600	Guangzhou	113.6385 	22.7068 
3601	Guangzhou	113.6379 	22.7060 
3602	Guangzhou	113.6354 	22.7010 
3603	Guangzhou	113.6354 	22.7001 
3604	Guangzhou	113.6357 	22.6999 
3605	Guangzhou	113.6363 	22.6996 
3606	Guangzhou	113.6393 	22.6985 
3607	Guangzhou	113.6410 	22.6979 
3608	Guangzhou	113.6418 	22.6976 
3609	Guangzhou	113.6426 	22.6976 
3610	Guangzhou	113.6443 	22.6960 
3611	Guangzhou	113.6446 	22.6954 
3612	Guangzhou	113.6465 	22.6935 
3613	Guangzhou	113.6476 	22.6924 
3614	Guangzhou	113.6482 	22.6924 
3615	Guangzhou	113.6529 	22.6885 
3616	Guangzhou	113.6532 	22.6882 
3617	Guangzhou	113.6535 	22.6879 
3618	Guangzhou	113.6537 	22.6876 
3619	Guangzhou	113.6551 	22.6860 
3620	Guangzhou	113.6551 	22.6857 
3621	Guangzhou	113.6551 	22.6851 
3622	Guangzhou	113.6549 	22.6849 
3623	Guangzhou	113.6546 	22.6849 
3624	Guangzhou	113.6546 	22.6843 
3625	Guangzhou	113.6557 	22.6821 
3626	Guangzhou	113.6568 	22.6821 
3627	Guangzhou	113.6576 	22.6824 
3628	Guangzhou	113.6596 	22.6832 
3629	Guangzhou	113.6601 	22.6835 
3630	Guangzhou	113.6601 	22.6840 
3631	Guangzhou	113.6579 	22.6871 
3632	Guangzhou	113.6576 	22.6879 
3633	Guangzhou	113.6588 	22.6890 
3634	Guangzhou	113.6604 	22.6899 
3635	Guangzhou	113.6607 	22.6899 
3636	Guangzhou	113.6607 	22.6893 
3637	Guangzhou	113.6601 	22.6893 
3638	Guangzhou	113.6596 	22.6885 
3639	Guangzhou	113.6596 	22.6879 
3640	Guangzhou	113.6601 	22.6854 
3641	Guangzhou	113.6610 	22.6840 
3642	Guangzhou	113.6626 	22.6813 
3643	Guangzhou	113.6632 	22.6810 
3644	Guangzhou	113.6632 	22.6829 
3645	Guangzhou	113.6637 	22.6863 
3646	Guangzhou	113.6643 	22.6863 
3647	Guangzhou	113.6646 	22.6871 
3648	Guangzhou	113.6646 	22.6879 
3649	Guangzhou	113.6643 	22.6888 
3650	Guangzhou	113.6637 	22.6901 
3651	Guangzhou	113.6635 	22.6904 
3652	Guangzhou	113.6626 	22.6904 
3653	Guangzhou	113.6626 	22.6901 
3654	Guangzhou	113.6621 	22.6901 
3655	Guangzhou	113.6618 	22.6904 
3656	Guangzhou	113.6618 	22.6910 
3657	Guangzhou	113.6626 	22.6915 
3658	Guangzhou	113.6632 	22.6918 
3659	Guangzhou	113.6637 	22.6918 
3660	Guangzhou	113.6640 	22.6915 
3661	Guangzhou	113.6643 	22.6910 
3662	Guangzhou	113.6643 	22.6901 
3663	Guangzhou	113.6649 	22.6887 
3664	Guangzhou	113.6651 	22.6882 
3665	Guangzhou	113.6660 	22.6865 
3666	Guangzhou	113.6668 	22.6846 
3667	Guangzhou	113.6687 	22.6796 
3668	Guangzhou	113.6687 	22.6787 
3669	Guangzhou	113.6690 	22.6779 
3670	Guangzhou	113.6699 	22.6760 
3671	Guangzhou	113.6707 	22.6743 
3672	Guangzhou	113.6710 	22.6737 
3673	Guangzhou	113.6715 	22.6724 
3674	Guangzhou	113.6718 	22.6715 
3675	Guangzhou	113.6718 	22.6707 
3676	Guangzhou	113.6727 	22.6685 
3677	Guangzhou	113.6729 	22.6679 
3678	Guangzhou	113.6732 	22.6679 
3679	Guangzhou	113.6738 	22.6662 
3680	Guangzhou	113.6740 	22.6649 
3681	Guangzhou	113.6743 	22.6640 
3682	Guangzhou	113.6751 	22.6618 
3683	Guangzhou	113.6754 	22.6618 
3684	Guangzhou	113.6757 	22.6613 
3685	Guangzhou	113.6760 	22.6604 
3686	Guangzhou	113.6762 	22.6590 
3687	Guangzhou	113.6765 	22.6582 
3688	Guangzhou	113.6776 	22.6551 
3689	Guangzhou	113.6779 	22.6551 
3690	Guangzhou	113.6782 	22.6546 
3691	Guangzhou	113.6790 	22.6524 
3692	Guangzhou	113.6793 	22.6515 
3693	Guangzhou	113.6793 	22.6507 
3694	Guangzhou	113.6796 	22.6499 
3695	Guangzhou	113.6801 	22.6482 
3696	Guangzhou	113.6810 	22.6460 
3697	Guangzhou	113.6815 	22.6443 
3698	Guangzhou	113.6810 	22.6429 
3699	Guangzhou	113.6793 	22.6421 
3700	Guangzhou	113.6760 	22.6410 
3701	Guangzhou	113.6743 	22.6404 
3702	Guangzhou	113.6718 	22.6399 
3703	Guangzhou	113.6690 	22.6390 
3704	Guangzhou	113.6657 	22.6379 
3705	Guangzhou	113.6640 	22.6374 
3706	Guangzhou	113.6612 	22.6362 
3707	Guangzhou	113.6612 	22.6362 
3708	Guangzhou	113.5668 	22.7424 
3709	Guangzhou	113.5665 	22.7421 
3710	Guangzhou	113.5643 	22.7393 
3711	Guangzhou	113.5613 	22.7354 
3712	Guangzhou	113.5610 	22.7346 
3713	Guangzhou	113.5610 	22.7340 
3714	Guangzhou	113.5638 	22.7307 
3715	Guangzhou	113.5643 	22.7301 
3716	Guangzhou	113.5674 	22.7276 
3717	Guangzhou	113.5685 	22.7268 
3718	Guangzhou	113.5690 	22.7260 
3719	Guangzhou	113.5690 	22.7254 
3720	Guangzhou	113.5687 	22.7249 
3721	Guangzhou	113.5685 	22.7249 
3722	Guangzhou	113.5679 	22.7243 
3723	Guangzhou	113.5679 	22.7240 
3724	Guangzhou	113.5682 	22.7238 
3725	Guangzhou	113.5685 	22.7235 
3726	Guangzhou	113.5687 	22.7232 
3727	Guangzhou	113.5710 	22.7212 
3728	Guangzhou	113.5715 	22.7212 
3729	Guangzhou	113.5735 	22.7196 
3730	Guangzhou	113.5738 	22.7193 
3731	Guangzhou	113.5740 	22.7190 
3732	Guangzhou	113.5751 	22.7174 
3733	Guangzhou	113.5754 	22.7168 
3734	Guangzhou	113.5765 	22.7143 
3735	Guangzhou	113.5768 	22.7129 
3736	Guangzhou	113.5771 	22.7115 
3737	Guangzhou	113.5774 	22.7110 
3738	Guangzhou	113.5779 	22.7101 
3739	Guangzhou	113.5785 	22.7088 
3740	Guangzhou	113.5788 	22.7079 
3741	Guangzhou	113.5788 	22.7060 
3742	Guangzhou	113.5790 	22.7049 
3743	Guangzhou	113.5793 	22.7046 
3744	Guangzhou	113.5796 	22.7043 
3745	Guangzhou	113.5801 	22.7040 
3746	Guangzhou	113.5807 	22.7035 
3747	Guangzhou	113.5837 	22.6999 
3748	Guangzhou	113.5843 	22.6990 
3749	Guangzhou	113.5846 	22.6985 
3750	Guangzhou	113.5846 	22.6971 
3751	Guangzhou	113.5849 	22.6963 
3752	Guangzhou	113.5893 	22.6932 
3753	Guangzhou	113.5904 	22.6926 
3754	Guangzhou	113.5912 	22.6924 
3755	Guangzhou	113.5929 	22.6912 
3756	Guangzhou	113.5929 	22.6910 
3757	Guangzhou	113.5935 	22.6907 
3758	Guangzhou	113.5963 	22.6907 
3759	Guangzhou	113.6010 	22.6885 
3760	Guangzhou	113.6015 	22.6879 
3761	Guangzhou	113.6018 	22.6876 
3762	Guangzhou	113.6029 	22.6868 
3763	Guangzhou	113.6035 	22.6865 
3764	Guangzhou	113.6040 	22.6865 
3765	Guangzhou	113.6040 	22.6857 
3766	Guangzhou	113.6032 	22.6857 
3767	Guangzhou	113.6026 	22.6860 
3768	Guangzhou	113.6010 	22.6871 
3769	Guangzhou	113.6007 	22.6876 
3770	Guangzhou	113.6004 	22.6879 
3771	Guangzhou	113.5996 	22.6885 
3772	Guangzhou	113.5979 	22.6885 
3773	Guangzhou	113.5979 	22.6882 
3774	Guangzhou	113.6001 	22.6863 
3775	Guangzhou	113.6007 	22.6863 
3776	Guangzhou	113.6010 	22.6860 
3777	Guangzhou	113.6018 	22.6851 
3778	Guangzhou	113.6026 	22.6843 
3779	Guangzhou	113.6029 	22.6832 
3780	Guangzhou	113.6032 	22.6826 
3781	Guangzhou	113.6038 	22.6826 
3782	Guangzhou	113.6043 	22.6832 
3783	Guangzhou	113.6043 	22.6835 
3784	Guangzhou	113.6046 	22.6838 
3785	Guangzhou	113.6051 	22.6843 
3786	Guangzhou	113.6057 	22.6843 
3787	Guangzhou	113.6065 	22.6838 
3788	Guangzhou	113.6107 	22.6790 
3789	Guangzhou	113.6115 	22.6776 
3790	Guangzhou	113.6126 	22.6763 
3791	Guangzhou	113.6129 	22.6760 
3792	Guangzhou	113.6143 	22.6746 
3793	Guangzhou	113.6149 	22.6746 
3794	Guangzhou	113.6154 	22.6740 
3795	Guangzhou	113.6207 	22.6674 
3796	Guangzhou	113.6229 	22.6651 
3797	Guangzhou	113.6246 	22.6632 
3798	Guangzhou	113.6260 	22.6615 
3799	Guangzhou	113.6271 	22.6601 
3800	Guangzhou	113.6282 	22.6588 
3801	Guangzhou	113.6282 	22.6582 
3802	Guangzhou	113.6293 	22.6568 
3803	Guangzhou	113.6321 	22.6535 
3804	Guangzhou	113.6349 	22.6504 
3805	Guangzhou	113.6354 	22.6499 
3806	Guangzhou	113.6357 	22.6496 
3807	Guangzhou	113.6360 	22.6493 
3808	Guangzhou	113.6363 	22.6490 
3809	Guangzhou	113.6365 	22.6490 
3810	Guangzhou	113.6376 	22.6479 
3811	Guangzhou	113.6379 	22.6476 
3812	Guangzhou	113.6393 	22.6457 
3813	Guangzhou	113.6396 	22.6451 
3814	Guangzhou	113.6404 	22.6440 
3815	Guangzhou	113.6407 	22.6437 
3816	Guangzhou	113.6410 	22.6437 
3817	Guangzhou	113.6413 	22.6435 
3818	Guangzhou	113.6415 	22.6432 
3819	Guangzhou	113.6440 	22.6401 
3820	Guangzhou	113.6449 	22.6379 
3821	Guangzhou	113.6451 	22.6371 
3822	Guangzhou	113.6460 	22.6340 
3823	Guangzhou	113.6465 	22.6315 
3824	Guangzhou	113.6465 	22.6296 
3825	Guangzhou	113.6468 	22.6276 
3826	Guangzhou	113.6476 	22.6232 
3827	Guangzhou	113.6479 	22.6232 
3828	Guangzhou	113.6485 	22.6210 
3829	Guangzhou	113.6488 	22.6199 
3830	Guangzhou	113.6488 	22.6187 
3831	Guangzhou	113.6490 	22.6176 
3832	Guangzhou	113.6493 	22.6168 
3833	Guangzhou	113.6499 	22.6157 
3834	Guangzhou	113.6507 	22.6143 
3835	Guangzhou	113.6537 	22.6093 
3836	Guangzhou	113.6540 	22.6093 
3837	Guangzhou	113.6543 	22.6090 
3838	Guangzhou	113.6560 	22.6063 
3839	Guangzhou	113.6576 	22.6035 
3840	Guangzhou	113.6582 	22.6024 
3841	Guangzhou	113.6585 	22.6018 
3842	Guangzhou	113.6585 	22.6010 
3843	Guangzhou	113.6582 	22.6001 
3844	Guangzhou	113.6576 	22.5996 
3845	Guangzhou	113.6571 	22.5996 
3846	Guangzhou	113.6549 	22.5976 
3847	Guangzhou	113.6546 	22.5974 
3848	Guangzhou	113.6537 	22.5965 
3849	Guangzhou	113.6515 	22.5946 
3850	Guangzhou	113.6499 	22.5932 
3851	Guangzhou	113.6496 	22.5929 
3852	Guangzhou	113.6493 	22.5924 
3853	Guangzhou	113.6493 	22.5921 
3854	Guangzhou	113.6493 	22.5915 
3855	Guangzhou	113.6499 	22.5907 
3856	Guangzhou	113.6501 	22.5907 
3857	Guangzhou	113.6504 	22.5904 
3858	Guangzhou	113.6524 	22.5876 
3859	Guangzhou	113.6529 	22.5868 
3860	Guangzhou	113.6546 	22.5843 
3861	Guangzhou	113.6551 	22.5835 
3862	Guangzhou	113.6560 	22.5821 
3863	Guangzhou	113.6563 	22.5815 
3864	Guangzhou	113.6563 	22.5807 
3865	Guangzhou	113.6560 	22.5804 
3866	Guangzhou	113.6557 	22.5801 
3867	Guangzhou	113.6507 	22.5763 
3868	Guangzhou	113.6482 	22.5743 
3869	Guangzhou	113.6451 	22.5721 
3870	Guangzhou	113.6424 	22.5699 
3871	Guangzhou	113.6393 	22.5674 
3872	Guangzhou	113.6363 	22.5649 
3873	Guangzhou	113.6360 	22.5646 
3874	Guangzhou	113.6357 	22.5643 
3875	Guangzhou	113.6354 	22.5638 
3876	Guangzhou	113.6354 	22.5632 
3877	Guangzhou	113.6351 	22.5629 
3878	Guangzhou	113.6349 	22.5627 
3879	Guangzhou	113.6346 	22.5627 
3880	Guangzhou	113.6347 	22.5737 
3881	Guangzhou	113.6295 	22.5825 
3882	Guangzhou	113.6272 	22.5837 
3883	Guangzhou	113.6171 	22.5890 
3884	Guangzhou	113.6101 	22.5980 
3885	Guangzhou	113.5951 	22.6203 
3886	Guangzhou	113.5830 	22.6338 
3887	Guangzhou	113.5787 	22.6386 
3888	Guangzhou	113.5759 	22.6413 
3889	Guangzhou	113.5657 	22.6543 
3890	Guangzhou	113.5517 	22.6643 
3891	Guangzhou	113.5443 	22.6703 
3892	Guangzhou	113.5087 	22.6934 
3893	Guangzhou	113.5033 	22.6965 
3894	Guangzhou	113.4972 	22.6985 
3895	Guangzhou	113.4907 	22.7038 
3896	Guangzhou	113.4893 	22.7060 
3897	Guangzhou	113.4709 	22.7180 
3898	Guangzhou	113.4675 	22.7191 
3899	Guangzhou	113.4595 	22.7228 
3900	Guangzhou	113.4551 	22.7261 
3901	Guangzhou	113.4546 	22.7278 
3902	Guangzhou	113.4374 	22.7380 
3903	Guangzhou	113.4301 	22.7377 
3904	Guangzhou	113.4233 	22.7381 
3905	Guangzhou	113.4165 	22.7398 
3906	Guangzhou	113.4096 	22.7426 
3907	Guangzhou	113.4025 	22.7469 
3908	Guangzhou	113.3986 	22.7496 
3909	Guangzhou	113.3930 	22.7529 
3910	Guangzhou	113.3857 	22.7565 
3911	Guangzhou	113.3784 	22.7604 
3912	Guangzhou	113.3744 	22.7637 
3913	Guangzhou	113.3688 	22.7678 
3914	Guangzhou	113.3638 	22.7721 
3915	Guangzhou	113.3612 	22.7762 
3916	Guangzhou	113.3584 	22.7817 
3917	Guangzhou	113.3560 	22.7839 
3918	Guangzhou	113.3521 	22.7897 
3919	Guangzhou	113.3518 	22.7957 
3920	Guangzhou	113.3555 	22.8009 
3921	Guangzhou	113.3559 	22.8015 
3922	Guangzhou	113.3619 	22.8028 
3923	Guangzhou	113.3690 	22.7999 
3924	Guangzhou	113.3764 	22.7993 
3925	Guangzhou	113.3843 	22.8048 
3926	Guangzhou	113.3866 	22.8192 
3927	Guangzhou	113.3846 	22.8271 
3928	Guangzhou	113.3760 	22.8314 
3929	Guangzhou	113.3674 	22.8323 
3930	Guangzhou	113.3616 	22.8294 
3931	Guangzhou	113.3536 	22.8257 
3932	Guangzhou	113.3481 	22.8251 
3933	Guangzhou	113.3439 	22.8252 
3934	Guangzhou	113.3389 	22.8236 
3935	Guangzhou	113.3337 	22.8233 
3936	Guangzhou	113.3317 	22.8233 
3937	Guangzhou	113.3275 	22.8236 
3938	Guangzhou	113.3226 	22.8247 
3939	Guangzhou	113.3186 	22.8272 
3940	Guangzhou	113.3140 	22.8303 
3941	Guangzhou	113.3077 	22.8361 
3942	Guangzhou	113.3061 	22.8414 
3943	Guangzhou	113.3056 	22.8472 
3944	Guangzhou	113.3047 	22.8535 
3945	Guangzhou	113.3036 	22.8597 
3946	Guangzhou	113.3027 	22.8639 
3947	Guangzhou	113.3017 	22.8683 
3948	Guangzhou	113.3001 	22.8733 
3949	Guangzhou	113.2976 	22.8777 
3950	Guangzhou	113.2959 	22.8805 
3951	Guangzhou	113.2925 	22.8831 
3952	Guangzhou	113.2903 	22.8846 
3953	Guangzhou	113.2868 	22.8868 
3954	Guangzhou	113.2806 	22.8909 
3955	Guangzhou	113.2758 	22.8948 
3956	Guangzhou	113.2738 	22.9001 
3957	Guangzhou	113.2742 	22.9068 
3958	Guangzhou	113.2754 	22.9160 
3959	Guangzhou	113.2756 	22.9226 
3960	Guangzhou	113.2759 	22.9270 
3961	Guangzhou	113.2783 	22.9308 
3962	Guangzhou	113.2833 	22.9337 
3963	Guangzhou	113.2896 	22.9356 
3964	Guangzhou	113.2949 	22.9396 
3965	Guangzhou	113.2965 	22.9456 
3966	Guangzhou	113.2928 	22.9560 
3967	Guangzhou	113.2869 	22.9595 
3968	Guangzhou	113.2796 	22.9620 
3969	Guangzhou	113.2702 	22.9663 
3970	Guangzhou	113.2649 	22.9708 
3971	Guangzhou	113.2595 	22.9760 
3972	Guangzhou	113.2565 	22.9822 
3973	Guangzhou	113.2544 	22.9885 
3974	Guangzhou	113.2524 	22.9878 
3975	Guangzhou	113.2498 	22.9922 
3976	Guangzhou	113.2476 	22.9959 
3977	Guangzhou	113.2462 	22.9992 
3978	Guangzhou	113.2444 	23.0050 
3979	Guangzhou	113.2450 	23.0111 
3980	Guangzhou	113.2467 	23.0171 
3981	Guangzhou	113.2495 	23.0200 
3982	Guangzhou	113.2530 	23.0234 
3983	Guangzhou	113.2541 	23.0266 
3984	Guangzhou	113.2537 	23.0298 
3985	Guangzhou	113.2500 	23.0331 
3986	Guangzhou	113.2467 	23.0366 
3987	Guangzhou	113.2446 	23.0377 
3988	Guangzhou	113.2429 	23.0383 
3989	Guangzhou	113.2404 	23.0389 
3990	Guangzhou	113.2379 	23.0392 
3991	Guangzhou	113.2354 	23.0392 
3992	Guangzhou	113.2316 	23.0396 
3993	Guangzhou	113.2286 	23.0402 
3994	Guangzhou	113.2251 	23.0418 
3995	Guangzhou	113.2216 	23.0430 
3996	Guangzhou	113.2198 	23.0435 
3997	Guangzhou	113.2181 	23.0435 
3998	Guangzhou	113.2066 	23.0496 
3999	Guangzhou	113.2050 	23.0517 
4000	Guangzhou	113.1892 	23.0584 
4001	Guangzhou	113.1874 	23.0599 
4002	Guangzhou	113.1873 	23.0710 
4003	Guangzhou	113.1885 	23.0775 
4004	Guangzhou	113.1900 	23.0795 
4005	Guangzhou	113.1944 	23.0831 
4006	Guangzhou	113.1992 	23.0874 
4007	Guangzhou	113.2026 	23.0928 
4008	Guangzhou	113.2039 	23.0971 
4009	Guangzhou	113.2047 	23.1008 
4010	Guangzhou	113.2061 	23.1051 
4011	Guangzhou	113.2072 	23.1085 
4012	Guangzhou	113.2066 	23.1150 
4013	Guangzhou	113.2074 	23.1208 
4014	Guangzhou	113.2067 	23.1240 
4015	Guangzhou	113.2059 	23.1331 
4016	Guangzhou	113.2029 	23.1389 
4017	Guangzhou	113.2020 	23.1446 
4018	Guangzhou	113.2001 	23.1533 
4019	Guangzhou	113.2022 	23.1590 
4020	Guangzhou	113.2025 	23.1752 
4021	Guangzhou	113.2015 	23.1829 
4022	Guangzhou	113.2019 	23.2068 
4023	Guangzhou	113.2011 	23.2202 
4024	Guangzhou	113.1991 	23.2260 
4025	Guangzhou	113.1910 	23.2357 
4026	Guangzhou	113.1910 	23.2405 
4027	Guangzhou	113.1901 	23.2453 
4028	Guangzhou	113.1892 	23.2577 
4029	Guangzhou	113.1778 	23.2667 
4030	Guangzhou	113.1750 	23.2700 
4031	Guangzhou	113.1724 	23.2772 
4032	Guangzhou	113.1718 	23.2832 
4033	Guangzhou	113.1616 	23.2885 
4034	Guangzhou	113.1579 	23.2899 
4035	Guangzhou	113.1544 	23.2916 
4036	Guangzhou	113.1508 	23.2942 
4037	Guangzhou	113.1449 	23.2994 
4038	Guangzhou	113.1433 	23.3047 
4039	Guangzhou	113.1417 	23.3090 
4040	Guangzhou	113.1357 	23.3110 
4041	Guangzhou	113.1316 	23.3127 
4042	Guangzhou	113.1256 	23.3142 
4043	Guangzhou	113.1201 	23.3136 
4044	Guangzhou	113.1136 	23.3108 
4045	Guangzhou	113.1080 	23.3084 
4046	Guangzhou	113.1037 	23.3041 
4047	Guangzhou	113.1032 	23.3020 
4048	Guangzhou	113.0973 	23.2973 
4049	Guangzhou	113.0928 	23.2970 
4050	Guangzhou	113.0871 	23.2975 
4051	Guangzhou	113.0806 	23.2954 
4052	Guangzhou	113.0745 	23.2905 
4053	Guangzhou	113.0715 	23.2809 
4054	Guangzhou	113.0752 	23.2696 
4055	Guangzhou	113.0764 	23.2675 
4056	Guangzhou	113.0796 	23.2624 
4057	Guangzhou	113.0808 	23.2525 
4058	Guangzhou	113.0771 	23.2436 
4059	Guangzhou	113.0717 	23.2368 
4060	Guangzhou	113.0657 	23.2333 
4061	Guangzhou	113.0600 	23.2338 
4062	Guangzhou	113.0585 	23.2369 
4063	Guangzhou	113.0559 	23.2408 
4064	Guangzhou	113.0540 	23.2459 
4065	Guangzhou	113.0524 	23.2505 
4066	Guangzhou	113.0495 	23.2517 
4067	Guangzhou	113.0487 	23.2513 
4068	Guangzhou	113.0431 	23.2484 
4069	Guangzhou	113.0385 	23.2515 
4070	Guangzhou	113.0372 	23.2586 
4071	Guangzhou	113.0380 	23.2646 
4072	Guangzhou	113.0402 	23.2703 
4073	Guangzhou	113.0393 	23.2765 
4074	Guangzhou	113.0366 	23.2859 
4075	Guangzhou	113.0362 	23.2917 
4076	Guangzhou	113.0373 	23.2962 
4077	Guangzhou	113.0377 	23.3013 
4078	Guangzhou	113.0385 	23.3070 
4079	Guangzhou	113.0386 	23.3102 
4080	Guangzhou	113.0380 	23.3146 
4081	Guangzhou	113.0347 	23.3229 
4082	Guangzhou	113.0316 	23.3289 
4083	Guangzhou	113.0261 	23.3375 
4084	Guangzhou	113.0264 	23.3396 
4085	Guangzhou	113.0312 	23.3455 
4086	Guangzhou	113.0341 	23.3523 
4087	Guangzhou	113.0312 	23.3556 
4088	Guangzhou	113.0265 	23.3550 
4089	Guangzhou	113.0222 	23.3530 
4090	Guangzhou	113.0147 	23.3513 
4091	Guangzhou	113.0085 	23.3539 
4092	Guangzhou	113.0048 	23.3561 
4093	Guangzhou	113.0014 	23.3571 
4094	Guangzhou	112.9932 	23.3584 
4095	Guangzhou	112.9863 	23.3624 
4096	Guangzhou	112.9836 	23.3648 
4097	Guangzhou	112.9809 	23.3676 
4098	Guangzhou	112.9796 	23.3752 
4099	Guangzhou	112.9808 	23.3820 
4100	Guangzhou	112.9852 	23.3906 
4101	Guangzhou	112.9881 	23.3963 
4102	Guangzhou	112.9905 	23.4025 
4103	Guangzhou	112.9891 	23.4096 
4104	Guangzhou	112.9870 	23.4158 
4105	Guangzhou	112.9843 	23.4253 
4106	Guangzhou	112.9810 	23.4334 
4107	Guangzhou	112.9783 	23.4385 
4108	Guangzhou	112.9739 	23.4420 
4109	Guangzhou	112.9667 	23.4419 
4110	Guangzhou	112.9613 	23.4441 
4111	Guangzhou	112.9596 	23.4487 
4112	Guangzhou	112.9635 	23.4553 
4113	Guangzhou	112.9659 	23.4624 
4114	Guangzhou	112.9653 	23.4660 
4115	Guangzhou	112.9719 	23.4658 
4116	Guangzhou	112.9802 	23.4691 
4117	Guangzhou	112.9862 	23.4697 
4118	Guangzhou	112.9910 	23.4703 
4119	Guangzhou	113.0010 	23.4714 
4120	Guangzhou	113.0087 	23.4720 
4121	Guangzhou	113.0155 	23.4737 
4122	Guangzhou	113.0230 	23.4744 
4123	Guangzhou	113.0290 	23.4746 
4124	Guangzhou	113.0380 	23.4762 
4125	Guangzhou	113.0488 	23.4806 
4126	Guangzhou	113.0553 	23.4832 
4127	Guangzhou	113.0617 	23.4884 
4128	Guangzhou	113.0688 	23.4935 
4129	Guangzhou	113.0771 	23.4975 
4130	Guangzhou	113.0876 	23.5002 
4131	Guangzhou	113.0944 	23.5022 
4132	Guangzhou	113.1049 	23.5049 
4133	Guangzhou	113.1225 	23.5092 
4134	Guangzhou	113.1305 	23.5122 
4135	Guangzhou	113.1381 	23.5137 
4136	Guangzhou	113.1470 	23.5128 
4137	Guangzhou	113.1546 	23.5092 
4138	Guangzhou	113.1688 	23.5055 
4139	Guangzhou	113.1740 	23.5042 
4140	Guangzhou	113.1785 	23.5051 
4141	Guangzhou	113.1838 	23.5091 
4142	Guangzhou	113.1865 	23.5189 
4143	Guangzhou	113.1892 	23.5255 
4144	Guangzhou	113.1941 	23.5332 
4145	Guangzhou	113.1988 	23.5404 
4146	Guangzhou	113.2009 	23.5454 
4147	Guangzhou	113.2006 	23.5519 
4148	Guangzhou	113.1970 	23.5570 
4149	Guangzhou	113.1928 	23.5619 
4150	Guangzhou	113.1909 	23.5654 
4151	Guangzhou	113.1904 	23.5727 
4152	Guangzhou	113.1933 	23.5791 
4153	Guangzhou	113.1981 	23.5829 
4154	Guangzhou	113.2057 	23.5864 
4155	Guangzhou	113.2142 	23.5892 
4156	Guangzhou	113.2263 	23.5931 
4157	Guangzhou	113.2323 	23.5955 
4158	Guangzhou	113.2407 	23.5994 
4159	Guangzhou	113.2508 	23.6070 
4160	Guangzhou	113.2547 	23.6104 
4161	Guangzhou	113.2572 	23.6119 
4162	Guangzhou	113.2692 	23.6153 
4163	Guangzhou	113.2767 	23.6147 
4164	Guangzhou	113.2806 	23.6117 
4165	Guangzhou	113.2834 	23.6125 
4166	Guangzhou	113.2880 	23.6165 
4167	Guangzhou	113.2898 	23.6204 
4168	Guangzhou	113.2918 	23.6279 
4169	Guangzhou	113.2896 	23.6392 
4170	Guangzhou	113.2915 	23.6451 
4171	Guangzhou	113.2953 	23.6483 
4172	Guangzhou	113.3038 	23.6481 
4173	Guangzhou	113.3120 	23.6463 
4174	Guangzhou	113.3179 	23.6446 
4175	Guangzhou	113.3237 	23.6465 
4176	Guangzhou	113.3273 	23.6513 
4177	Guangzhou	113.3299 	23.6540 
4178	Guangzhou	113.3323 	23.6576 
4179	Guangzhou	113.3361 	23.6629 
4180	Guangzhou	113.3409 	23.6710 
4181	Guangzhou	113.3475 	23.6810 
4182	Guangzhou	113.3538 	23.6904 
4183	Guangzhou	113.3554 	23.6961 
4184	Guangzhou	113.3554 	23.7052 
4185	Guangzhou	113.3566 	23.7139 
4186	Guangzhou	113.3586 	23.7215 
4187	Guangzhou	113.3614 	23.7253 
4188	Guangzhou	113.3633 	23.7289 
4189	Guangzhou	113.3675 	23.7295 
4190	Guangzhou	113.3741 	23.7317 
4191	Guangzhou	113.3823 	23.7315 
4192	Guangzhou	113.3938 	23.7310 
4193	Guangzhou	113.4134 	23.7294 
4194	Guangzhou	113.4256 	23.7280 
4195	Guangzhou	113.4372 	23.7223 
4196	Guangzhou	113.4467 	23.7113 
4197	Guangzhou	113.4508 	23.7084 
4198	Guangzhou	113.4592 	23.7053 
4199	Guangzhou	113.4658 	23.6994 
4200	Guangzhou	113.4740 	23.6889 
4201	Guangzhou	113.4920 	23.6890 
4202	Guangzhou	113.5060 	23.6896 
4203	Guangzhou	113.5180 	23.6902 
4204	Guangzhou	113.5299 	23.6975 
4205	Guangzhou	113.5376 	23.7028 
4206	Guangzhou	113.5525 	23.7025 
4207	Guangzhou	113.5616 	23.6961 
4208	Guangzhou	113.5671 	23.6898 
4209	Guangzhou	113.5748 	23.6777 
4210	Guangzhou	113.5816 	23.6716 
4211	Guangzhou	113.5943 	23.6708 
4212	Guangzhou	113.5992 	23.6748 
4213	Guangzhou	113.6051 	23.6802 
4214	Guangzhou	113.6127 	23.6929 
4215	Guangzhou	113.6215 	23.7039 
4216	Guangzhou	113.6283 	23.7081 
4217	Guangzhou	113.6289 	23.7209 
4218	Guangzhou	113.6276 	23.7272 
4219	Guangzhou	113.6275 	23.7327 
4220	Guangzhou	113.6294 	23.7466 
4221	Guangzhou	113.6277 	23.7588 
4222	Guangzhou	113.6230 	23.7688 
4223	Guangzhou	113.6207 	23.7842 
4224	Guangzhou	113.6235 	23.7940 
4225	Guangzhou	113.6327 	23.8128 
4226	Guangzhou	113.6382 	23.8196 
4227	Guangzhou	113.6510 	23.8218 
4228	Guangzhou	113.6624 	23.8197 
4229	Guangzhou	113.6674 	23.8180 
4230	Guangzhou	113.6733 	23.8165 
4231	Guangzhou	113.6773 	23.8164 
4232	Guangzhou	113.6896 	23.8177 
4233	Guangzhou	113.6956 	23.8229 
4234	Guangzhou	113.6999 	23.8286 
4235	Guangzhou	113.7073 	23.8371 
4236	Guangzhou	113.7069 	23.8462 
4237	Guangzhou	113.7095 	23.8594 
4238	Guangzhou	113.7191 	23.8624 
4239	Guangzhou	113.7315 	23.8603 
4240	Guangzhou	113.7450 	23.8602 
4241	Guangzhou	113.7533 	23.8616 
4242	Guangzhou	113.7581 	23.8640 
4243	Guangzhou	113.7658 	23.8698 
4244	Guangzhou	113.7689 	23.8752 
4245	Guangzhou	113.7717 	23.8827 
4246	Guangzhou	113.7730 	23.8955 
4247	Guangzhou	113.7767 	23.9032 
4248	Guangzhou	113.7891 	23.9057 
4249	Guangzhou	113.7956 	23.9083 
4250	Guangzhou	113.7979 	23.9096 
4251	Guangzhou	113.8044 	23.9087 
4252	Guangzhou	113.8114 	23.9097 
4253	Guangzhou	113.8185 	23.9125 
4254	Guangzhou	113.8279 	23.9176 
4255	Guangzhou	113.8355 	23.9220 
4256	Guangzhou	113.8429 	23.9259 
4257	Guangzhou	113.8515 	23.9298 
4258	Guangzhou	113.8636 	23.9330 
4259	Guangzhou	113.8727 	23.9341 
4260	Guangzhou	113.8814 	23.9355 
4261	Guangzhou	113.8882 	23.9344 
4262	Guangzhou	113.8928 	23.9288 
4263	Guangzhou	113.8956 	23.9242 
4264	Guangzhou	113.9022 	23.9203 
4265	Guangzhou	113.9133 	23.9217 
4266	Guangzhou	113.9181 	23.9232 
4267	Guangzhou	113.9326 	23.9251 
4268	Guangzhou	113.9513 	23.9308 
4269	Guangzhou	113.9604 	23.9333 
4270	Guangzhou	113.9712 	23.9349 
4271	Guangzhou	113.9792 	23.9361 
4272	Guangzhou	113.9887 	23.9361 
4273	Guangzhou	113.9970 	23.9359 
4274	Guangzhou	114.0000 	23.9356 
4275	Guangzhou	114.0125 	23.9305 
4276	Guangzhou	114.0202 	23.9291 
4277	Guangzhou	114.0272 	23.9284 
4278	Guangzhou	114.0299 	23.9261 
4279	Guangzhou	114.0337 	23.9245 
4280	Guangzhou	114.0339 	23.9190 
4281	Guangzhou	114.0318 	23.9089 
4282	Guangzhou	114.0307 	23.8995 
4283	Guangzhou	114.0302 	23.8894 
4284	Guangzhou	114.0321 	23.8816 
4285	Guangzhou	114.0350 	23.8731 
4286	Guangzhou	114.0377 	23.8649 
4287	Guangzhou	114.0402 	23.8607 
4288	Guangzhou	114.0439 	23.8566 
4289	Guangzhou	114.0493 	23.8499 
4290	Guangzhou	114.0508 	23.8433 
4291	Guangzhou	114.0490 	23.8380 
4292	Guangzhou	114.0437 	23.8321 
4293	Guangzhou	114.0352 	23.8246 
4294	Guangzhou	114.0296 	23.8182 
4295	Guangzhou	114.0271 	23.8150 
4296	Guangzhou	114.0238 	23.8091 
4297	Guangzhou	114.0235 	23.8031 
4298	Guangzhou	114.0247 	23.7983 
4299	Guangzhou	114.0292 	23.7921 
4300	Guangzhou	114.0344 	23.7907 
4301	Guangzhou	114.0421 	23.7870 
4302	Guangzhou	114.0449 	23.7833 
4303	Guangzhou	114.0441 	23.7794 
4304	Guangzhou	114.0405 	23.7741 
4305	Guangzhou	114.0370 	23.7719 
4306	Guangzhou	114.0308 	23.7708 
4307	Guangzhou	114.0242 	23.7690 
4308	Guangzhou	114.0145 	23.7676 
4309	Guangzhou	114.0078 	23.7652 
4310	Guangzhou	114.0051 	23.7642 
4311	Guangzhou	114.0000 	23.7640 
4312	Guangzhou	113.9950 	23.7632 
4313	Guangzhou	113.9902 	23.7626 
4314	Guangzhou	113.9819 	23.7603 
4315	Guangzhou	113.9742 	23.7527 
4316	Guangzhou	113.9671 	23.7435 
4317	Guangzhou	113.9538 	23.7395 
4318	Guangzhou	113.9288 	23.7380 
4319	Guangzhou	113.9163 	23.7372 
4320	Guangzhou	113.9071 	23.7301 
4321	Guangzhou	113.9059 	23.7244 
4322	Guangzhou	113.9039 	23.7153 
4323	Guangzhou	113.9014 	23.7075 
4324	Guangzhou	113.8952 	23.7001 
4325	Guangzhou	113.8852 	23.6930 
4326	Guangzhou	113.8729 	23.6894 
4327	Guangzhou	113.8628 	23.6869 
4328	Guangzhou	113.8548 	23.6848 
4329	Guangzhou	113.8533 	23.6752 
4330	Guangzhou	113.8475 	23.6742 
4331	Guangzhou	113.8418 	23.6764 
4332	Guangzhou	113.8336 	23.6780 
4333	Guangzhou	113.8255 	23.6748 
4334	Guangzhou	113.8198 	23.6650 
4335	Guangzhou	113.8173 	23.6559 
4336	Guangzhou	113.8166 	23.6520 
4337	Guangzhou	113.8171 	23.6415 
4338	Guangzhou	113.8214 	23.6352 
4339	Guangzhou	113.8264 	23.6261 
4340	Guangzhou	113.8279 	23.6199 
4341	Guangzhou	113.8299 	23.6198 
4342	Guangzhou	113.8386 	23.6175 
4343	Guangzhou	113.8475 	23.6137 
4344	Guangzhou	113.8505 	23.6067 
4345	Guangzhou	113.8516 	23.5936 
4346	Guangzhou	113.8529 	23.5855 
4347	Guangzhou	113.8504 	23.5783 
4348	Guangzhou	113.8490 	23.5723 
4349	Guangzhou	113.8532 	23.5649 
4350	Guangzhou	113.8590 	23.5586 
4351	Guangzhou	113.8609 	23.5523 
4352	Guangzhou	113.8639 	23.5465 
4353	Guangzhou	113.8683 	23.5423 
4354	Guangzhou	113.8769 	23.5379 
4355	Guangzhou	113.8815 	23.5325 
4356	Guangzhou	113.9163 	23.5051 
4357	Guangzhou	113.9259 	23.5012 
4358	Guangzhou	113.9336 	23.4927 
4359	Guangzhou	113.9445 	23.4895 
4360	Guangzhou	113.9592 	23.4895 
4361	Guangzhou	113.9666 	23.4882 
4362	Guangzhou	113.9708 	23.4856 
4363	Guangzhou	113.9725 	23.4835 
4364	Guangzhou	113.9726 	23.4782 
4365	Guangzhou	113.9689 	23.4737 
4366	Guangzhou	113.9602 	23.4728 
4367	Guangzhou	113.9564 	23.4717 
4368	Guangzhou	113.9516 	23.4679 
4369	Guangzhou	113.9513 	23.4659 
4370	Guangzhou	113.9505 	23.4586 
4371	Guangzhou	113.9512 	23.4480 
4372	Guangzhou	113.9547 	23.4387 
4373	Guangzhou	113.9628 	23.4360 
4374	Guangzhou	113.9766 	23.4375 
4375	Guangzhou	113.9840 	23.4361 
4376	Guangzhou	113.9846 	23.4325 
4377	Guangzhou	113.9797 	23.4269 
4378	Guangzhou	113.9789 	23.4234 
4379	Guangzhou	113.9822 	23.4169 
4380	Guangzhou	113.9892 	23.4101 
4381	Guangzhou	113.9913 	23.4041 
4382	Guangzhou	113.9898 	23.3961 
4383	Guangzhou	113.9862 	23.3923 
4384	Guangzhou	113.9836 	23.3889 
4385	Guangzhou	113.9805 	23.3851 
4386	Guangzhou	113.9784 	23.3755 
4387	Guangzhou	113.9815 	23.3685 
4388	Guangzhou	113.9862 	23.3611 
4389	Guangzhou	113.9892 	23.3489 
4390	Guangzhou	113.9864 	23.3469 
4391	Guangzhou	113.9820 	23.3443 
4392	Guangzhou	113.9746 	23.3378 
4393	Guangzhou	113.9643 	23.3333 
4394	Guangzhou	113.9489 	23.3343 
4395	Guangzhou	113.9351 	23.3388 
4396	Guangzhou	113.9222 	23.3435 
4397	Guangzhou	113.9102 	23.3482 
4398	Guangzhou	113.8941 	23.3502 
4399	Guangzhou	113.8861 	23.3435 
4400	Guangzhou	113.8862 	23.3293 
4401	Guangzhou	113.8886 	23.3175 
4402	Guangzhou	113.8898 	23.3088 
4403	Guangzhou	113.8869 	23.2951 
4404	Guangzhou	113.8813 	23.2821 
4405	Guangzhou	113.8762 	23.2784 
4406	Guangzhou	113.8708 	23.2727 
4407	Guangzhou	113.8704 	23.2654 
4408	Guangzhou	113.8795 	23.2613 
4409	Guangzhou	113.8863 	23.2574 
4410	Guangzhou	113.8874 	23.2443 
4411	Guangzhou	113.8878 	23.2397 
4412	Guangzhou	113.8911 	23.2337 
4413	Guangzhou	113.8925 	23.2213 
4414	Guangzhou	113.8865 	23.2138 
4415	Guangzhou	113.8811 	23.2062 
4416	Guangzhou	113.8816 	23.1974 
4417	Guangzhou	113.8902 	23.1895 
4418	Guangzhou	113.8902 	23.1817 
4419	Guangzhou	113.8891 	23.1774 
4420	Guangzhou	113.8757 	23.1595 
4421	Guangzhou	113.8735 	23.1594 
4422	Guangzhou	113.8662 	23.1552 
4423	Guangzhou	113.8631 	23.1522 
4424	Guangzhou	113.8585 	23.1475 
4425	Guangzhou	113.8561 	23.1437 
4426	Guangzhou	113.8502 	23.1365 
4427	Guangzhou	113.8464 	23.1343 
4428	Guangzhou	113.8428 	23.1324 
4429	Guangzhou	113.8341 	23.1322 
4430	Guangzhou	113.8306 	23.1311 
4431	Guangzhou	113.8266 	23.1301 
4432	Guangzhou	113.8126 	23.1283 
4433	Guangzhou	113.8048 	23.1269 
4434	Guangzhou	113.7971 	23.1271 
4435	Guangzhou	113.7865 	23.1296 
4436	Guangzhou	113.7797 	23.1298 
4437	Guangzhou	113.7735 	23.1293 
4438	Guangzhou	113.7678 	23.1283 
4439	Guangzhou	113.7636 	23.1284 
4440	Guangzhou	113.7589 	23.1281 
4441	Guangzhou	113.7502 	23.1316 
4442	Guangzhou	113.7462 	23.1353 
4443	Guangzhou	113.7411 	23.1384 
4444	Guangzhou	113.7343 	23.1420 
4445	Guangzhou	113.7333 	23.1401 
4446	Guangzhou	113.7260 	23.1373 
4447	Guangzhou	113.7187 	23.1326 
4448	Guangzhou	113.7082 	23.1271 
4449	Guangzhou	113.7009 	23.1205 
4450	Guangzhou	113.6935 	23.1168 
4451	Guangzhou	113.6832 	23.1169 
4452	Guangzhou	113.6728 	23.1152 
4453	Guangzhou	113.6618 	23.1148 
4454	Guangzhou	113.6547 	23.1117 
4455	Guangzhou	113.6420 	23.1072 
4456	Guangzhou	113.6356 	23.1074 
4457	Guangzhou	113.6232 	23.1067 
4458	Guangzhou	113.6103 	23.1064 
4459	Guangzhou	113.6029 	23.1093 
4460	Guangzhou	113.6014 	23.1134 
4461	Guangzhou	113.5944 	23.1117 
4462	Guangzhou	113.5893 	23.1084 
4463	Guangzhou	113.5867 	23.1059 
4464	Guangzhou	113.5819 	23.1014 
4465	Guangzhou	113.5751 	23.0988 
4466	Guangzhou	113.5696 	23.0983 
4467	Guangzhou	113.5649 	23.0977 
4468	Guangzhou	113.5620 	23.0951 
4469	Guangzhou	113.5590 	23.0933 
4470	Guangzhou	113.5549 	23.0893 
4471	Guangzhou	113.5513 	23.0853 
4472	Guangzhou	113.5468 	23.0813 
4473	Guangzhou	113.5442 	23.0772 
4474	Guangzhou	113.5417 	23.0708 
4475	Guangzhou	113.5390 	23.0642 
4476	Guangzhou	113.5353 	23.0595 
4477	Guangzhou	113.5297 	23.0540 
4478	Guangzhou	113.5241 	23.0481 
4479	Guangzhou	113.5196 	23.0447 
4480	Guangzhou	113.5170 	23.0437 
4481	Guangzhou	113.5153 	23.0394 
4482	Guangzhou	113.5147 	23.0334 
4483	Guangzhou	113.5167 	23.0260 
4484	Guangzhou	113.5209 	23.0158 
4485	Guangzhou	113.5263 	23.0029 
4486	Guangzhou	113.5305 	22.9918 
4487	Guangzhou	113.5319 	22.9883 
4488	Guangzhou	113.5338 	22.9832 
4489	Guangzhou	113.5359 	22.9787 
4490	Guangzhou	113.5376 	22.9735 
4491	Guangzhou	113.5398 	22.9673 
4492	Guangzhou	113.5414 	22.9612 
4493	Guangzhou	113.5428 	22.9568 
4494	Guangzhou	113.5494 	22.9395 
4495	Guangzhou	113.5516 	22.9353 
4496	Guangzhou	113.5533 	22.9309 
4497	Guangzhou	113.5547 	22.9267 
4498	Guangzhou	113.5568 	22.9222 
4499	Guangzhou	113.5593 	22.9184 
4500	Guangzhou	113.5615 	22.9112 
4501	Guangzhou	113.5634 	22.9043 
4502	Guangzhou	113.5651 	22.8959 
4503	Guangzhou	113.5668 	22.8874 
4504	Guangzhou	113.5677 	22.8776 
4505	Guangzhou	113.5673 	22.8663 
4506	Guangzhou	113.5677 	22.8615 
4507	Guangzhou	113.5686 	22.8582 
4508	Guangzhou	113.5777 	22.8463 
4509	Guangzhou	113.5849 	22.8381 
4510	Guangzhou	113.5901 	22.8334 
4511	Guangzhou	113.5936 	22.8291 
4512	Guangzhou	113.5966 	22.8262 
4513	Guangzhou	113.6008 	22.8212 
4514	Guangzhou	113.6054 	22.8146 
4515	Guangzhou	113.6073 	22.8123 
4516	Guangzhou	113.6092 	22.8078 
4517	Guangzhou	113.6115 	22.8049 
4518	Guangzhou	113.6110 	22.8046 
4519	Guangzhou	113.6104 	22.8043 
4520	Guangzhou	113.6029 	22.7999 
4521	Guangzhou	113.6021 	22.7993 
4522	Guangzhou	113.6021 	22.7990 
4523	Guangzhou	113.6007 	22.7982 
4524	Guangzhou	113.5993 	22.7974 
4525	Guangzhou	113.5926 	22.7935 
4526	Guangzhou	113.5921 	22.7932 
4527	Guangzhou	113.5915 	22.7932 
4528	Guangzhou	113.5910 	22.7901 
4529	Guangzhou	113.5910 	22.7890 
4530	Guangzhou	113.5915 	22.7882 
4531	Guangzhou	113.5921 	22.7879 
4532	Guangzhou	113.5951 	22.7854 
4533	Guangzhou	113.5957 	22.7849 
4534	Guangzhou	113.5960 	22.7843 
4535	Guangzhou	113.5960 	22.7832 
4536	Guangzhou	113.5968 	22.7824 
4537	Guangzhou	113.5985 	22.7810 
4538	Guangzhou	113.6001 	22.7804 
4539	Guangzhou	113.6015 	22.7801 
4540	Guangzhou	113.6021 	22.7799 
4541	Guangzhou	113.6024 	22.7796 
4542	Guangzhou	113.6029 	22.7790 
4543	Guangzhou	113.6035 	22.7782 
4544	Guangzhou	113.6038 	22.7776 
4545	Guangzhou	113.6038 	22.7765 
4546	Guangzhou	113.6040 	22.7760 
4547	Guangzhou	113.6043 	22.7754 
4548	Guangzhou	113.6051 	22.7746 
4549	Guangzhou	113.6054 	22.7743 
4550	Guangzhou	113.6060 	22.7740 
4551	Guangzhou	113.6079 	22.7726 
4552	Guangzhou	113.6082 	22.7721 
4553	Guangzhou	113.6087 	22.7710 
4554	Guangzhou	113.6090 	22.7707 
4555	Guangzhou	113.6093 	22.7704 
4556	Guangzhou	113.6104 	22.7696 
4557	Guangzhou	113.6110 	22.7693 
4558	Guangzhou	113.6115 	22.7693 
4559	Guangzhou	113.6124 	22.7685 
4560	Guangzhou	113.6129 	22.7676 
4561	Guangzhou	113.6140 	22.7657 
4562	Guangzhou	113.6146 	22.7640 
4563	Guangzhou	113.6149 	22.7638 
4564	Guangzhou	113.6162 	22.7638 
4565	Guangzhou	113.6165 	22.7635 
4566	Guangzhou	113.6176 	22.7615 
4567	Guangzhou	113.6179 	22.7610 
4568	Guangzhou	113.6182 	22.7604 
4569	Guangzhou	113.6188 	22.7590 
4570	Guangzhou	113.6188 	22.7579 
4571	Guangzhou	113.6179 	22.7574 
4572	Guangzhou	113.6146 	22.7554 
4573	Guangzhou	113.6140 	22.7551 
4574	Guangzhou	113.6129 	22.7551 
4575	Guangzhou	113.6124 	22.7549 
4576	Guangzhou	113.6071 	22.7518 
4577	Guangzhou	113.6071 	22.7513 
4578	Guangzhou	113.6068 	22.7510 
4579	Guangzhou	113.6054 	22.7501 
4580	Guangzhou	113.6026 	22.7488 
4581	Guangzhou	113.6010 	22.7479 
4582	Guangzhou	113.5996 	22.7471 
4583	Guangzhou	113.5982 	22.7460 
4584	Guangzhou	113.5976 	22.7457 
4585	Guangzhou	113.5963 	22.7457 
4586	Guangzhou	113.5963 	22.7471 
4587	Guangzhou	113.5965 	22.7471 
4588	Guangzhou	113.5965 	22.7488 
4589	Guangzhou	113.5960 	22.7493 
4590	Guangzhou	113.5949 	22.7499 
4591	Guangzhou	113.5935 	22.7499 
4592	Guangzhou	113.5932 	22.7496 
4593	Guangzhou	113.5932 	22.7474 
4594	Guangzhou	113.5921 	22.7471 
4595	Guangzhou	113.5918 	22.7471 
4596	Guangzhou	113.5899 	22.7474 
4597	Guangzhou	113.5893 	22.7474 
4598	Guangzhou	113.5890 	22.7474 
4599	Guangzhou	113.5860 	22.7474 
4600	Guangzhou	113.5857 	22.7476 
4601	Guangzhou	113.5854 	22.7482 
4602	Guangzhou	113.5854 	22.7496 
4603	Guangzhou	113.5849 	22.7501 
4604	Guangzhou	113.5835 	22.7501 
4605	Guangzhou	113.5829 	22.7499 
4606	Guangzhou	113.5826 	22.7496 
4607	Guangzhou	113.5826 	22.7490 
4608	Guangzhou	113.5832 	22.7468 
4609	Guangzhou	113.5835 	22.7468 
4610	Guangzhou	113.5837 	22.7460 
4611	Guangzhou	113.5843 	22.7440 
4612	Guangzhou	113.5843 	22.7432 
4613	Guangzhou	113.5837 	22.7413 
4614	Guangzhou	113.5813 	22.7413 
4615	Guangzhou	113.5810 	22.7413 
4616	Guangzhou	113.5801 	22.7413 
4617	Guangzhou	113.5799 	22.7413 
4618	Guangzhou	113.5790 	22.7413 
4619	Guangzhou	113.5788 	22.7413 
4620	Guangzhou	113.5768 	22.7413 
4621	Guangzhou	113.5762 	22.7413 
4622	Guangzhou	113.5740 	22.7413 
4623	Guangzhou	113.5740 	22.7404 
4624	Guangzhou	113.5732 	22.7404 
4625	Guangzhou	113.5718 	22.7407 
4626	Guangzhou	113.5718 	22.7413 
4627	Guangzhou	113.5715 	22.7415 
4628	Guangzhou	113.5687 	22.7426 
4629	Guangzhou	113.5685 	22.7426 
4630	Guangzhou	113.5671 	22.7426 
4631	Guangzhou	113.5668 	22.7424 
4632	Guangzhou	113.5668 	22.7424 
4633	Guangzhou	113.6096 	22.7896 
4634	Guangzhou	113.6096 	22.7899 
4635	Guangzhou	113.6113 	22.7899 
4636	Guangzhou	113.6113 	22.7890 
4637	Guangzhou	113.6107 	22.7885 
4638	Guangzhou	113.6101 	22.7882 
4639	Guangzhou	113.6076 	22.7879 
4640	Guangzhou	113.6062 	22.7879 
4641	Guangzhou	113.6062 	22.7885 
4642	Guangzhou	113.6079 	22.7896 
4643	Guangzhou	113.6082 	22.7896 
4644	Guangzhou	113.6087 	22.7896 
4645	Guangzhou	113.6096 	22.7896 
4646	Guangzhou	113.6096 	22.7896 
4647	Guangzhou	113.6051 	22.7974 
4648	Guangzhou	113.6051 	22.7976 
4649	Guangzhou	113.6060 	22.7976 
4650	Guangzhou	113.6076 	22.7974 
4651	Guangzhou	113.6082 	22.7965 
4652	Guangzhou	113.6082 	22.7957 
4653	Guangzhou	113.6065 	22.7949 
4654	Guangzhou	113.6054 	22.7946 
4655	Guangzhou	113.6046 	22.7946 
4656	Guangzhou	113.6038 	22.7954 
4657	Guangzhou	113.6038 	22.7957 
4658	Guangzhou	113.6043 	22.7971 
4659	Guangzhou	113.6049 	22.7974 
4660	Guangzhou	113.6051 	22.7974 
4661	Guangzhou	113.6051 	22.7974 
4662	Guangzhou	113.6202 	22.7982 
4663	Guangzhou	113.6196 	22.7985 
4664	Guangzhou	113.6196 	22.7988 
4665	Guangzhou	113.6200 	22.7985 
4666	Guangzhou	113.6202 	22.7982 
4667	Guangzhou	113.6202 	22.7982 
4668	Guangzhou	113.6196 	22.7988 
4669	Guangzhou	113.6193 	22.7987 
4670	Guangzhou	113.6193 	22.7990 
4671	Guangzhou	113.6196 	22.7988 
4672	Guangzhou	113.6196 	22.7988 
