0.0 2.0 4.0 6.0 8.0 10.0 15.0 20.0 25.0 30.0 35.0 40.0 
3.3717 3.3717 3.3717 3.3717 3.3717 3.3717 3.3717 3.3717 3.3717 3.3717 3.3717 3.3717 3.3717 3.3717 3.3717 3.3717 3.3717 3.3717 3.3717 3.3717 3.3717 
3.3717 3.3717 3.3717 3.3717 3.3717 3.3717 3.3717 3.3717 3.3717 3.3715 3.3712 3.3715 3.3717 3.3717 3.3717 3.3717 3.3717 3.3717 3.3717 3.3717 3.3717 
3.3717 3.3717 3.3714 3.3710 3.3702 3.3684 3.3656 3.3624 3.3610 3.3411 3.3209 3.3453 3.3515 3.3603 3.3659 3.3689 3.3704 3.3712 3.3716 3.3717 3.3717 
3.3717 3.3717 3.3713 3.3707 3.3687 3.3643 3.3562 3.3433 3.3699 3.3219 3.2749 3.4171 3.3733 3.3503 3.3588 3.3659 3.3691 3.3707 3.3714 3.3717 3.3717 
3.3717 3.3717 3.3717 3.3712 3.3679 3.3579 3.3300 3.2895 3.3912 3.4067 3.4101 3.5319 3.4104 3.3315 3.3472 3.3628 3.3678 3.3702 3.3712 3.3717 3.3717 
3.3717 3.3717 3.3726 3.3737 3.3705 3.3542 3.3229 3.3685 3.4284 3.4733 3.5234 3.5270 3.3770 3.2826 3.3295 3.3599 3.3669 3.3699 3.3711 3.3717 3.3717 
3.3717 3.3717 3.3744 3.3919 3.4204 3.3717 3.3237 3.4660 3.4717 3.5787 3.4274 3.4541 3.3406 3.2359 3.3095 3.3586 3.3670 3.3700 3.3712 3.3717 3.3717 
3.3717 3.3723 3.3686 3.4678 3.5525 3.3667 3.2180 3.7231 3.5666 3.6541 3.4618 3.3828 3.3376 3.3579 3.3712 3.3656 3.3687 3.3706 3.3713 3.3717 3.3717 
3.3717 3.3709 3.2748 3.3038 3.5974 3.4050 3.2596 3.6605 3.5651 3.5325 3.5249 3.5394 3.5139 3.4975 3.4396 3.3721 3.3700 3.3709 3.3714 3.3717 3.3717 
3.3717 3.3703 3.2559 3.2128 3.5288 3.5721 3.5519 3.5589 3.4695 3.4408 3.5165 3.5092 3.3086 3.2558 3.3517 3.3641 3.3688 3.3706 3.3713 3.3717 3.3717 
3.3717 3.3704 3.2922 3.3835 3.4655 3.4109 3.5263 3.5972 3.7599 3.5615 3.4986 3.3787 3.4429 3.4346 3.3562 3.3607 3.3675 3.3700 3.3711 3.3717 3.3717 
3.3717 3.3705 3.2872 3.2102 3.2422 3.4899 3.5304 3.5604 3.7718 3.5485 3.4133 3.3487 3.5074 3.3530 3.3167 3.3564 3.3661 3.3695 3.3710 3.3717 3.3717 
3.3717 3.3716 3.3375 3.3807 3.4065 3.5210 3.4774 3.4487 3.6665 3.4579 3.4203 3.2838 3.4094 3.3136 3.2679 3.3534 3.3657 3.3695 3.3710 3.3717 3.3717 
3.3717 3.3725 3.3696 3.4444 3.5797 3.5036 3.3323 3.2210 3.4684 3.6177 3.6280 3.4508 3.4871 3.5096 3.3594 3.3611 3.3676 3.3701 3.3712 3.3717 3.3717 
3.3717 3.3717 3.3157 3.2267 3.4137 3.4796 3.5770 3.4681 3.3217 3.4125 3.4090 3.2091 3.2923 3.3676 3.3721 3.3671 3.3694 3.3708 3.3714 3.3717 3.3717 
3.3717 3.3720 3.3545 3.3704 3.3660 3.3209 3.3542 3.3057 3.3342 3.4628 3.4611 3.3111 3.3058 3.3562 3.3654 3.3688 3.3704 3.3713 3.3716 3.3717 3.3717 
3.3717 3.3717 3.3652 3.3604 3.3413 3.3389 3.3164 3.2762 3.3186 3.3928 3.4177 3.3846 3.3602 3.3645 3.3681 3.3700 3.3711 3.3716 3.3718 3.3717 3.3717 
3.3717 3.3717 3.3685 3.3651 3.3611 3.3572 3.3525 3.3492 3.3563 3.3661 3.3703 3.3684 3.3673 3.3685 3.3699 3.3709 3.3715 3.3718 3.3719 3.3717 3.3717 
3.3717 3.3717 3.3704 3.3690 3.3674 3.3658 3.3644 3.3642 3.3662 3.3691 3.3706 3.3704 3.3702 3.3705 3.3710 3.3714 3.3717 3.3718 3.3718 3.3717 3.3717 
3.3717 3.3717 3.3717 3.3717 3.3717 3.3717 3.3717 3.3717 3.3717 3.3717 3.3717 3.3717 3.3717 3.3717 3.3717 3.3717 3.3717 3.3717 3.3717 3.3717 3.3717 
3.3717 3.3717 3.3717 3.3717 3.3717 3.3717 3.3717 3.3717 3.3717 3.3717 3.3717 3.3717 3.3717 3.3717 3.3717 3.3717 3.3717 3.3717 3.3717 3.3717 3.3717 
3.3810 3.3810 3.3810 3.3810 3.3810 3.3810 3.3810 3.3810 3.3810 3.3810 3.3810 3.3810 3.3810 3.3810 3.3810 3.3810 3.3810 3.3810 3.3810 3.3810 3.3810 
3.3810 3.3810 3.3807 3.3803 3.3795 3.3777 3.3749 3.3716 3.3687 3.3582 3.3518 3.3625 3.3640 3.3696 3.3752 3.3782 3.3797 3.3805 3.3809 3.3810 3.3810 
3.3810 3.3807 3.3752 3.3666 3.3522 3.3311 3.3058 3.2818 3.2620 3.2331 3.2238 3.2571 3.2720 3.2906 3.3142 3.3351 3.3515 3.3638 3.3731 3.3809 3.3810 
3.3810 3.3806 3.3718 3.3566 3.3291 3.2869 3.2369 3.1946 3.1779 3.1416 3.1375 3.2133 3.2140 3.2229 3.2576 3.2950 3.3256 3.3487 3.3662 3.3807 3.3810 
3.3810 3.3810 3.3716 3.3535 3.3151 3.2499 3.1736 3.1239 3.1383 3.1436 3.1692 3.2372 3.1973 3.1713 3.2084 3.2612 3.3046 3.3368 3.3608 3.3805 3.3810 
3.3810 3.3819 3.3731 3.3590 3.3171 3.2298 3.1438 3.1362 3.1611 3.1952 3.2209 3.2369 3.1653 3.1187 3.1684 3.2383 3.2918 3.3299 3.3577 3.3804 3.3810 
3.3810 3.3823 3.3684 3.3699 3.3436 3.2259 3.1336 3.2046 3.2342 3.2760 3.2204 3.2018 3.1366 3.0980 3.1597 3.2364 3.2911 3.3294 3.3574 3.3805 3.3810 
3.3810 3.3752 3.3311 3.3557 3.3719 3.2157 3.1154 3.3205 3.3339 3.3552 3.2664 3.2087 3.1681 3.1733 3.2165 3.2613 3.3015 3.3336 3.3589 3.3806 3.3810 
3.3810 3.3375 3.2237 3.2149 3.3215 3.2183 3.1482 3.3372 3.3582 3.3473 3.3163 3.2886 3.2481 3.2447 3.2654 3.2815 3.3099 3.3370 3.3601 3.3807 3.3810 
3.3810 3.3251 3.1570 3.1004 3.2285 3.2519 3.2650 3.3507 3.3662 3.3289 3.3032 3.2496 3.1645 3.1538 3.2179 3.2670 3.3056 3.3356 3.3596 3.3806 3.3810 
3.3810 3.3357 3.1511 3.0837 3.1214 3.1643 3.2696 3.4017 3.5076 3.4009 3.2848 3.1848 3.1862 3.1894 3.2064 3.2536 3.2978 3.3318 3.3580 3.3804 3.3810 
3.3810 3.3336 3.1425 3.0140 3.0122 3.1356 3.2431 3.3701 3.5179 3.3976 3.2420 3.1456 3.1949 3.1668 3.1768 3.2387 3.2909 3.3287 3.3569 3.3803 3.3810 
3.3810 3.3526 3.1970 3.1083 3.0996 3.1565 3.1747 3.2351 3.3915 3.3315 3.2344 3.1287 3.1765 3.1660 3.1681 3.2388 3.2925 3.3300 3.3575 3.3803 3.3810 
3.3810 3.3662 3.2421 3.1835 3.2024 3.1687 3.0883 3.0658 3.2184 3.3187 3.3028 3.1968 3.2250 3.2584 3.2371 3.2694 3.3068 3.3368 3.3603 3.3805 3.3810 
3.3810 3.3506 3.2296 3.1347 3.1653 3.1631 3.1446 3.0878 3.1058 3.2027 3.2057 3.1065 3.1512 3.2302 3.2660 3.2954 3.3228 3.3456 3.3643 3.3807 3.3810 
3.3810 3.3663 3.2727 3.2022 3.1607 3.1069 3.0754 3.0423 3.0973 3.2161 3.2399 3.1683 3.1823 3.2446 3.2866 3.3151 3.3369 3.3541 3.3683 3.3809 3.3810 
3.3810 3.3742 3.3095 3.2517 3.1971 3.1464 3.1042 3.0845 3.1441 3.2418 3.2838 3.2634 3.2611 3.2873 3.3135 3.3339 3.3495 3.3619 3.3721 3.3811 3.3810 
3.3810 3.3778 3.3374 3.2989 3.2617 3.2279 3.2027 3.1984 3.2321 3.2825 3.3111 3.3128 3.3145 3.3256 3.3391 3.3512 3.3610 3.3689 3.3754 3.3812 3.3810 
3.3810 3.3797 3.3599 3.3406 3.3220 3.3055 3.2944 3.2941 3.3093 3.3311 3.3454 3.3493 3.3510 3.3553 3.3610 3.3666 3.3713 3.3752 3.3784 3.3811 3.3810 
3.3810 3.3810 3.3797 3.3783 3.3767 3.3751 3.3737 3.3735 3.3755 3.3784 3.3799 3.3797 3.3795 3.3798 3.3803 3.3807 3.3810 3.3811 3.3811 3.3810 3.3810 
3.3810 3.3810 3.3810 3.3810 3.3810 3.3810 3.3810 3.3810 3.3810 3.3810 3.3810 3.3810 3.3810 3.3810 3.3810 3.3810 3.3810 3.3810 3.3810 3.3810 3.3810 
3.4115 3.4115 3.4115 3.4115 3.4115 3.4115 3.4115 3.4115 3.4115 3.4115 3.4115 3.4115 3.4115 3.4115 3.4115 3.4115 3.4115 3.4115 3.4115 3.4115 3.4115 
3.4115 3.4115 3.4111 3.4105 3.4091 3.4064 3.4021 3.3971 3.3920 3.3780 3.3711 3.3847 3.3873 3.3949 3.4028 3.4070 3.4094 3.4107 3.4112 3.4115 3.4115 
3.4115 3.4111 3.4023 3.3880 3.3643 3.3303 3.2906 3.2527 3.2198 3.1823 3.1769 3.2195 3.2449 3.2722 3.3050 3.3354 3.3610 3.3813 3.3974 3.4112 3.4115 
3.4115 3.4112 3.3973 3.3728 3.3283 3.2617 3.1849 3.1183 3.0753 3.0254 3.0308 3.1136 3.1378 3.1652 3.2153 3.2694 3.3168 3.3548 3.3851 3.4110 3.4115 
3.4115 3.4121 3.3985 3.3700 3.3090 3.2088 3.0957 3.0140 2.9872 2.9645 3.0017 3.0897 3.0859 3.0862 3.1408 3.2150 3.2815 3.3343 3.3756 3.4107 3.4115 
3.4115 3.4137 3.4027 3.3793 3.3110 3.1783 3.0423 2.9857 2.9749 2.9750 3.0162 3.0689 3.0371 3.0202 3.0869 3.1806 3.2611 3.3229 3.3705 3.4106 3.4115 
3.4115 3.4141 3.3954 3.3852 3.3256 3.1546 3.0003 3.0087 3.0212 3.0325 3.0209 3.0340 3.0042 3.0002 3.0800 3.1798 3.2611 3.3226 3.3702 3.4107 3.4115 
3.4115 3.4035 3.3418 3.3376 3.3093 3.1092 2.9520 3.0644 3.0996 3.1166 3.0746 3.0541 3.0428 3.0720 3.1413 3.2146 3.2783 3.3302 3.3730 3.4110 3.4115 
3.4115 3.3606 3.2153 3.1685 3.2011 3.0567 2.9433 3.0714 3.1764 3.1912 3.1286 3.1215 3.1107 3.1373 3.1926 3.2430 3.2923 3.3366 3.3754 3.4112 3.4115 
3.4115 3.3445 3.1214 3.0143 3.0557 3.0166 2.9985 3.1404 3.2594 3.2358 3.1340 3.0763 3.0399 3.0698 3.1560 3.2296 3.2879 3.3349 3.3748 3.4110 3.4115 
3.4115 3.3527 3.0895 2.9401 2.9093 2.9056 2.9942 3.2359 3.4016 3.2986 3.1000 3.0074 3.0315 3.0777 3.1376 3.2110 3.2761 3.3287 3.3721 3.4107 3.4115 
3.4115 3.3495 3.0760 2.8761 2.8095 2.8606 2.9683 3.2060 3.3737 3.2423 3.0630 2.9727 3.0354 3.0654 3.1116 3.1928 3.2659 3.3236 3.3699 3.4104 3.4115 
3.4115 3.3683 3.1319 2.9613 2.8911 2.8908 2.9087 3.0317 3.1896 3.1738 3.0683 2.9788 3.0417 3.0793 3.1144 3.1961 3.2686 3.3253 3.3707 3.4104 3.4115 
3.4115 3.3847 3.1908 3.0586 3.0102 2.9384 2.8494 2.8452 3.0110 3.1351 3.1229 3.0465 3.1005 3.1660 3.1852 3.2355 3.2892 3.3358 3.3752 3.4107 3.4115 
3.4115 3.3730 3.2027 3.0675 3.0343 2.9780 2.9076 2.8510 2.9149 3.0502 3.0738 3.0111 3.0721 3.1704 3.2268 3.2722 3.3135 3.3498 3.3817 3.4111 3.4115 
3.4115 3.3914 3.2550 3.1438 3.0672 2.9815 2.9116 2.8737 2.9508 3.0959 3.1417 3.0975 3.1272 3.2032 3.2608 3.3024 3.3357 3.3639 3.3885 3.4114 3.4115 
3.4115 3.4019 3.3040 3.2160 3.1352 3.0572 2.9946 2.9762 3.0532 3.1749 3.2332 3.2226 3.2290 3.2649 3.3017 3.3318 3.3564 3.3770 3.3950 3.4116 3.4115 
3.4115 3.4068 3.3439 3.2844 3.2277 3.1757 3.1379 3.1340 3.1834 3.2557 3.2986 3.3044 3.3077 3.3228 3.3420 3.3601 3.3758 3.3893 3.4009 3.4117 3.4115 
3.4115 3.4095 3.3781 3.3478 3.3188 3.2931 3.2759 3.2764 3.3002 3.3339 3.3561 3.3622 3.3643 3.3699 3.3780 3.3864 3.3940 3.4007 3.4064 3.4117 3.4115 
3.4115 3.4115 3.4095 3.4075 3.4051 3.4026 3.4006 3.4003 3.4034 3.4079 3.4102 3.4099 3.4095 3.4098 3.4104 3.4110 3.4114 3.4117 3.4117 3.4115 3.4115 
3.4115 3.4115 3.4115 3.4115 3.4115 3.4115 3.4115 3.4115 3.4115 3.4115 3.4115 3.4115 3.4115 3.4115 3.4115 3.4115 3.4115 3.4115 3.4115 3.4115 3.4115 
3.4495 3.4495 3.4495 3.4495 3.4495 3.4495 3.4495 3.4495 3.4495 3.4495 3.4495 3.4495 3.4495 3.4495 3.4495 3.4495 3.4495 3.4495 3.4495 3.4495 3.4495 
3.4495 3.4495 3.4493 3.4488 3.4473 3.4443 3.4401 3.4353 3.4303 3.4153 3.4085 3.4254 3.4301 3.4356 3.4414 3.4450 3.4472 3.4485 3.4492 3.4495 3.4495 
3.4495 3.4493 3.4391 3.4224 3.3949 3.3563 3.3132 3.2738 3.2398 3.2011 3.2005 3.2539 3.2849 3.3066 3.3326 3.3607 3.3877 3.4113 3.4314 3.4492 3.4495 
3.4495 3.4498 3.4352 3.4078 3.3573 3.2830 3.2002 3.1310 3.0845 3.0287 3.0426 3.1456 3.1795 3.1952 3.2329 3.2831 3.3335 3.3779 3.4155 3.4488 3.4495 
3.4495 3.4515 3.4413 3.4131 3.3468 3.2368 3.1151 3.0269 2.9884 2.9450 2.9934 3.1125 3.1197 3.1072 3.1486 3.2193 3.2907 3.3523 3.4035 3.4485 3.4495 
3.4495 3.4546 3.4545 3.4383 3.3675 3.2217 3.0679 2.9903 2.9560 2.9179 2.9756 3.0697 3.0537 3.0316 3.0893 3.1811 3.2675 3.3389 3.3974 3.4484 3.4495 
3.4495 3.4572 3.4573 3.4620 3.4012 3.2077 3.0152 2.9799 2.9582 2.9273 2.9487 3.0125 3.0092 3.0123 3.0883 3.1859 3.2710 3.3403 3.3977 3.4487 3.4495 
3.4495 3.4489 3.4094 3.4236 3.3886 3.1516 2.9331 2.9780 2.9665 2.9555 2.9754 3.0186 3.0503 3.0969 3.1652 3.2334 3.2960 3.3520 3.4022 3.4492 3.4495 
3.4495 3.4078 3.2817 3.2531 3.2665 3.0675 2.8769 2.9337 2.9256 2.9390 3.0111 3.0773 3.1261 3.1783 3.2310 3.2726 3.3165 3.3615 3.4059 3.4495 3.4495 
3.4495 3.3899 3.1765 3.0809 3.0930 2.9791 2.8793 2.9429 2.9609 2.9548 2.9979 3.0295 3.0588 3.1188 3.1997 3.2615 3.3128 3.3600 3.4051 3.4493 3.4495 
3.4495 3.3954 3.1323 2.9837 2.9225 2.8373 2.8473 3.0153 3.1391 3.0673 2.9807 2.9556 3.0402 3.1204 3.1781 3.2392 3.2978 3.3515 3.4013 3.4488 3.4495 
3.4495 3.3916 3.1167 2.9173 2.8224 2.7894 2.8209 2.9951 3.1740 3.1052 2.9708 2.9360 3.0506 3.1114 3.1511 3.2169 3.2836 3.3437 3.3978 3.4484 3.4495 
3.4495 3.4105 3.1764 3.0069 2.9123 2.8375 2.7846 2.8690 3.0702 3.0995 3.0230 2.9737 3.0714 3.1286 3.1549 3.2189 3.2847 3.3444 3.3981 3.4484 3.4495 
3.4495 3.4281 3.2428 3.1186 3.0543 2.9287 2.7787 2.7479 2.9361 3.1059 3.1160 3.0647 3.1402 3.2134 3.2235 3.2583 3.3061 3.3556 3.4031 3.4487 3.4495 
3.4495 3.4184 3.2599 3.1426 3.1041 3.0142 2.8965 2.8153 2.8952 3.0683 3.1093 3.0575 3.1200 3.2132 3.2587 3.2938 3.3319 3.3715 3.4107 3.4491 3.4495 
3.4495 3.4342 3.3044 3.2051 3.1335 3.0383 2.9453 2.8942 2.9792 3.1454 3.1997 3.1528 3.1714 3.2369 3.2863 3.3229 3.3559 3.3879 3.4190 3.4494 3.4495 
3.4495 3.4420 3.3442 3.2596 3.1821 3.1014 3.0302 3.0088 3.0939 3.2290 3.2912 3.2732 3.2674 3.2938 3.3253 3.3537 3.3796 3.4039 3.4271 3.4496 3.4495 
3.4495 3.4456 3.3792 3.3181 3.2605 3.2061 3.1650 3.1620 3.2193 3.3021 3.3485 3.3491 3.3439 3.3524 3.3684 3.3860 3.4032 3.4195 3.4349 3.4497 3.4495 
3.4495 3.4478 3.4134 3.3810 3.3504 3.3231 3.3047 3.3064 3.3351 3.3746 3.3993 3.4031 3.4009 3.4032 3.4097 3.4180 3.4265 3.4347 3.4423 3.4497 3.4495 
3.4495 3.4495 3.4478 3.4460 3.4439 3.4415 3.4393 3.4390 3.4426 3.4477 3.4502 3.4494 3.4484 3.4482 3.4487 3.4491 3.4495 3.4497 3.4497 3.4495 3.4495 
3.4495 3.4495 3.4495 3.4495 3.4495 3.4495 3.4495 3.4495 3.4495 3.4495 3.4495 3.4495 3.4495 3.4495 3.4495 3.4495 3.4495 3.4495 3.4495 3.4495 3.4495 
3.4819 3.4819 3.4819 3.4819 3.4819 3.4819 3.4819 3.4819 3.4819 3.4819 3.4819 3.4819 3.4819 3.4819 3.4819 3.4819 3.4819 3.4819 3.4819 3.4819 3.4819 
3.4819 3.4819 3.4820 3.4817 3.4803 3.4777 3.4744 3.4715 3.4685 3.4539 3.4473 3.4675 3.4737 3.4750 3.4765 3.4782 3.4798 3.4809 3.4815 3.4819 3.4819 
3.4819 3.4820 3.4707 3.4528 3.4245 3.3874 3.3503 3.3220 3.3006 3.2698 3.2759 3.3379 3.3661 3.3694 3.3763 3.3935 3.4164 3.4399 3.4616 3.4815 3.4819 
3.4819 3.4830 3.4681 3.4404 3.3906 3.3205 3.2502 3.2027 3.1787 3.1341 3.1584 3.2771 3.3029 3.2816 3.2840 3.3150 3.3586 3.4031 3.4438 3.4812 3.4819 
3.4819 3.4858 3.4803 3.4575 3.3970 3.2963 3.1936 3.1334 3.1172 3.0751 3.1316 3.2705 3.2640 3.2031 3.2020 3.2499 3.3133 3.3752 3.4305 3.4809 3.4819 
3.4819 3.4910 3.5066 3.5080 3.4531 3.3214 3.1867 3.1286 3.0953 3.0344 3.0965 3.2176 3.1928 3.1265 3.1442 3.2131 3.2906 3.3617 3.4241 3.4808 3.4819 
3.4819 3.4974 3.5292 3.5709 3.5390 3.3569 3.1666 3.1224 3.0671 2.9906 3.0228 3.1307 3.1387 3.1137 3.1552 3.2275 3.2997 3.3656 3.4253 3.4813 3.4819 
3.4819 3.4947 3.5022 3.5754 3.5797 3.3395 3.0891 3.0839 3.0020 2.9395 2.9939 3.1094 3.1826 3.2234 3.2592 3.2928 3.3341 3.3816 3.4315 3.4820 3.4819 
3.4819 3.4561 3.3846 3.4311 3.4909 3.2706 3.0094 2.9766 2.8746 2.8495 2.9880 3.1565 3.2726 3.3321 3.3484 3.3459 3.3614 3.3940 3.4362 3.4824 3.4819 
3.4819 3.4368 3.2802 3.2650 3.3242 3.1719 2.9720 2.9309 2.8655 2.8435 2.9685 3.1107 3.2121 3.2787 3.3189 3.3350 3.3572 3.3918 3.4350 3.4821 3.4819 
3.4819 3.4422 3.2380 3.1689 3.1488 3.0088 2.9003 2.9702 3.0425 2.9774 2.9689 3.0446 3.1978 3.2811 3.2918 3.3060 3.3369 3.3801 3.4296 3.4815 3.4819 
3.4819 3.4393 3.2277 3.1062 3.0478 2.9513 2.8572 2.9418 3.0972 3.0585 2.9971 3.0461 3.2150 3.2677 3.2549 3.2743 3.3161 3.3684 3.4243 3.4809 3.4819 
3.4819 3.4619 3.2984 3.2088 3.1483 3.0131 2.8454 2.8544 3.0575 3.1358 3.1162 3.1182 3.2413 3.2771 3.2495 3.2689 3.3124 3.3663 3.4234 3.4808 3.4819 
3.4819 3.4800 3.3654 3.3218 3.2999 3.1386 2.9056 2.8188 3.0185 3.2340 3.2750 3.2359 3.3078 3.3510 3.3102 3.3037 3.3315 3.3767 3.4281 3.4811 3.4819 
3.4819 3.4669 3.3656 3.3194 3.3309 3.2416 3.0888 2.9760 3.0584 3.2544 3.2985 3.2264 3.2594 3.3178 3.3248 3.3307 3.3550 3.3925 3.4360 3.4815 3.4819 
3.4819 3.4770 3.3848 3.3351 3.3072 3.2330 3.1370 3.0747 3.1604 3.3360 3.3801 3.2986 3.2764 3.3085 3.3319 3.3516 3.3774 3.4096 3.4450 3.4817 3.4819 
3.4819 3.4794 3.4004 3.3416 3.2913 3.2302 3.1655 3.1432 3.2319 3.3732 3.4265 3.3808 3.3424 3.3439 3.3590 3.3784 3.4014 3.4272 3.4543 3.4819 3.4819 
3.4819 3.4801 3.4203 3.3692 3.3239 3.2800 3.2447 3.2446 3.3067 3.3941 3.4361 3.4213 3.3971 3.3909 3.3978 3.4111 3.4275 3.4453 3.4636 3.4820 3.4819 
3.4819 3.4809 3.4480 3.4186 3.3923 3.3691 3.3536 3.3577 3.3896 3.4319 3.4550 3.4523 3.4417 3.4372 3.4396 3.4461 3.4545 3.4636 3.4728 3.4820 3.4819 
3.4819 3.4819 3.4809 3.4800 3.4788 3.4771 3.4752 3.4750 3.4788 3.4842 3.4864 3.4848 3.4825 3.4815 3.4815 3.4817 3.4819 3.4820 3.4820 3.4819 3.4819 
3.4819 3.4819 3.4819 3.4819 3.4819 3.4819 3.4819 3.4819 3.4819 3.4819 3.4819 3.4819 3.4819 3.4819 3.4819 3.4819 3.4819 3.4819 3.4819 3.4819 3.4819 
3.5086 3.5086 3.5086 3.5086 3.5086 3.5086 3.5086 3.5086 3.5086 3.5086 3.5086 3.5086 3.5086 3.5086 3.5086 3.5086 3.5086 3.5086 3.5086 3.5086 3.5086 
3.5086 3.5086 3.5088 3.5084 3.5070 3.5047 3.5027 3.5029 3.5044 3.4903 3.4819 3.5074 3.5144 3.5100 3.5062 3.5058 3.5067 3.5076 3.5082 3.5086 3.5086 
3.5086 3.5088 3.4935 3.4721 3.4417 3.4063 3.3782 3.3688 3.3721 3.3587 3.3714 3.4380 3.4544 3.4329 3.4180 3.4236 3.4421 3.4648 3.4871 3.5082 3.5086 
3.5086 3.5099 3.4883 3.4552 3.4028 3.3377 3.2872 3.2795 3.3077 3.2969 3.3329 3.4598 3.4549 3.3779 3.3372 3.3472 3.3832 3.4263 3.4683 3.5078 3.5086 
3.5086 3.5133 3.5013 3.4749 3.4159 3.3272 3.2589 3.2624 3.3205 3.3198 3.3842 3.5221 3.4618 3.3184 3.2607 3.2828 3.3370 3.3973 3.4542 3.5075 3.5086 
3.5086 3.5203 3.5348 3.5429 3.5023 3.3952 3.3128 3.3352 3.3644 3.3228 3.3784 3.4884 3.4019 3.2450 3.2051 3.2479 3.3150 3.3837 3.4476 3.5075 3.5086 
3.5086 3.5311 3.5734 3.6459 3.6540 3.5075 3.3741 3.4024 3.3685 3.2711 3.2791 3.3836 3.3465 3.2423 3.2290 3.2712 3.3285 3.3894 3.4494 3.5080 3.5086 
3.5086 3.5351 3.5656 3.7068 3.7861 3.5800 3.3627 3.4007 3.2819 3.1652 3.2040 3.3393 3.4006 3.3912 3.3691 3.3550 3.3706 3.4080 3.4564 3.5088 3.5086 
3.5086 3.4893 3.4498 3.5939 3.7732 3.5905 3.3223 3.2697 3.0879 3.0004 3.1610 3.3885 3.5182 3.5382 3.4868 3.4207 3.4021 3.4215 3.4612 3.5093 3.5086 
3.5086 3.4662 3.3489 3.4467 3.6492 3.5424 3.2988 3.1779 3.0254 2.9609 3.1369 3.3496 3.4605 3.4765 3.4457 3.4030 3.3939 3.4169 3.4588 3.5090 3.5086 
3.5086 3.4785 3.3244 3.3782 3.4890 3.3794 3.1992 3.1727 3.1881 3.1054 3.1531 3.2908 3.4607 3.4857 3.4072 3.3616 3.3653 3.4005 3.4513 3.5082 3.5086 
3.5086 3.4779 3.3280 3.3217 3.3819 3.3107 3.1266 3.1158 3.2432 3.2101 3.2000 3.2961 3.4749 3.4532 3.3467 3.3138 3.3350 3.3837 3.4438 3.5074 3.5086 
3.5086 3.5145 3.4233 3.4536 3.4956 3.3685 3.1126 3.0436 3.2459 3.3478 3.3622 3.3749 3.4819 3.4394 3.3217 3.2965 3.3248 3.3784 3.4415 3.5071 3.5086 
3.5086 3.5358 3.4885 3.5574 3.6379 3.4928 3.2030 3.0655 3.2778 3.5249 3.5729 3.4992 3.5267 3.5016 3.3798 3.3287 3.3424 3.3880 3.4459 3.5074 3.5086 
3.5086 3.5071 3.4505 3.4838 3.5931 3.5586 3.4161 3.2842 3.3562 3.5546 3.5726 3.4312 3.4048 3.4123 3.3718 3.3497 3.3653 3.4047 3.4545 3.5078 3.5086 
3.5086 3.5131 3.4415 3.4392 3.4736 3.4509 3.3873 3.3266 3.4105 3.5879 3.6022 3.4507 3.3672 3.3612 3.3592 3.3656 3.3883 3.4234 3.4647 3.5081 3.5086 
3.5086 3.5101 3.4360 3.3957 3.3754 3.3469 3.3050 3.2879 3.3825 3.5308 3.5696 3.4821 3.4017 3.3772 3.3783 3.3919 3.4148 3.4437 3.4754 3.5083 3.5086 
3.5086 3.5081 3.4462 3.3993 3.3648 3.3354 3.3122 3.3183 3.3864 3.4785 3.5146 3.4810 3.4365 3.4166 3.4165 3.4275 3.4447 3.4649 3.4865 3.5085 3.5086 
3.5086 3.5079 3.4726 3.4430 3.4197 3.4016 3.3912 3.3989 3.4344 3.4792 3.5004 3.4908 3.4723 3.4621 3.4616 3.4672 3.4762 3.4867 3.4975 3.5086 3.5086 
3.5086 3.5086 3.5079 3.5076 3.5073 3.5065 3.5052 3.5049 3.5090 3.5149 3.5170 3.5141 3.5105 3.5087 3.5082 3.5082 3.5084 3.5085 3.5086 3.5086 3.5086 
3.5086 3.5086 3.5086 3.5086 3.5086 3.5086 3.5086 3.5086 3.5086 3.5086 3.5086 3.5086 3.5086 3.5086 3.5086 3.5086 3.5086 3.5086 3.5086 3.5086 3.5086 
3.5733 3.5733 3.5733 3.5733 3.5733 3.5733 3.5733 3.5733 3.5733 3.5733 3.5733 3.5733 3.5733 3.5733 3.5733 3.5733 3.5733 3.5733 3.5733 3.5733 3.5733 
3.5733 3.5733 3.5731 3.5722 3.5701 3.5672 3.5656 3.5683 3.5753 3.5676 3.5600 3.5837 3.5867 3.5780 3.5712 3.5702 3.5710 3.5721 3.5728 3.5733 3.5733 
3.5733 3.5731 3.5494 3.5198 3.4817 3.4413 3.4148 3.4186 3.4474 3.4611 3.4817 3.5379 3.5357 3.5006 3.4796 3.4847 3.5043 3.5281 3.5511 3.5728 3.5733 
3.5733 3.5736 3.5343 3.4842 3.4165 3.3417 3.2963 3.3207 3.4088 3.4631 3.5161 3.6191 3.5686 3.4554 3.3980 3.4057 3.4434 3.4884 3.5317 3.5723 3.5733 
3.5733 3.5760 3.5354 3.4825 3.4012 3.3007 3.2480 3.3166 3.4815 3.5926 3.6722 3.7565 3.6175 3.4087 3.3218 3.3394 3.3954 3.4582 3.5171 3.5719 3.5733 
3.5733 3.5821 3.5556 3.5304 3.4676 3.3577 3.3219 3.4583 3.6190 3.7047 3.7548 3.7781 3.5885 3.3435 3.2656 3.3026 3.3717 3.4434 3.5099 3.5718 3.5733 
3.5733 3.5925 3.5816 3.6236 3.6285 3.5088 3.4717 3.6534 3.7415 3.7361 3.6946 3.6964 3.5494 3.3487 3.2926 3.3260 3.3841 3.4479 3.5110 3.5723 3.5733 
3.5733 3.5966 3.5614 3.6909 3.8139 3.6744 3.5863 3.7929 3.7596 3.6694 3.6233 3.6547 3.6112 3.5162 3.4480 3.4138 3.4255 3.4652 3.5171 3.5732 3.5733 
3.5733 3.5395 3.4250 3.5779 3.8710 3.8046 3.6686 3.7461 3.6143 3.5004 3.5741 3.7150 3.7413 3.6747 3.5725 3.4783 3.4539 3.4761 3.5206 3.5736 3.5733 
3.5733 3.5128 3.3234 3.4489 3.8123 3.8728 3.7462 3.6752 3.5362 3.4355 3.5507 3.6902 3.6859 3.5943 3.5095 3.4466 3.4375 3.4671 3.5163 3.5731 3.5733 
3.5733 3.5359 3.3233 3.4234 3.6906 3.7588 3.6730 3.6420 3.6509 3.5436 3.5677 3.6433 3.7055 3.6064 3.4541 3.3902 3.3997 3.4458 3.5066 3.5722 3.5733 
3.5733 3.5398 3.3453 3.3781 3.5766 3.6820 3.5735 3.5469 3.6618 3.6039 3.5799 3.6143 3.6936 3.5419 3.3645 3.3251 3.3604 3.4247 3.4973 3.5712 3.5733 
3.5733 3.5949 3.4697 3.5445 3.6956 3.7040 3.5101 3.4423 3.6323 3.6972 3.6905 3.6387 3.6555 3.5009 3.3203 3.2981 3.3457 3.4173 3.4942 3.5708 3.5733 
3.5733 3.6176 3.5322 3.6307 3.8023 3.7638 3.5441 3.4337 3.6400 3.8534 3.8732 3.7226 3.6606 3.5545 3.3846 3.3349 3.3657 3.4282 3.4992 3.5712 3.5733 
3.5733 3.5685 3.4590 3.4794 3.6563 3.7272 3.6852 3.5970 3.6533 3.8056 3.7784 3.5538 3.4618 3.4316 3.3782 3.3642 3.3949 3.4484 3.5093 3.5717 3.5733 
3.5733 3.5738 3.4473 3.4168 3.4707 3.5034 3.5142 3.4907 3.5763 3.7361 3.7204 3.5120 3.3901 3.3730 3.3739 3.3909 3.4260 3.4718 3.5215 3.5722 3.5733 
3.5733 3.5714 3.4542 3.3841 3.3580 3.3484 3.3401 3.3423 3.4464 3.5995 3.6325 3.5230 3.4265 3.4000 3.4068 3.4290 3.4605 3.4967 3.5345 3.5725 3.5733 
3.5733 3.5707 3.4811 3.4126 3.3680 3.3417 3.3308 3.3472 3.4234 3.5217 3.5591 3.5207 3.4726 3.4541 3.4586 3.4752 3.4975 3.5223 3.5476 3.5728 3.5733 
3.5733 3.5717 3.5229 3.4824 3.4529 3.4342 3.4276 3.4397 3.4794 3.5277 3.5508 3.5409 3.5223 3.5135 3.5154 3.5237 3.5352 3.5477 3.5604 3.5731 3.5733 
3.5733 3.5733 3.5717 3.5706 3.5699 3.5693 3.5685 3.5686 3.5730 3.5795 3.5817 3.5784 3.5745 3.5726 3.5722 3.5723 3.5726 3.5729 3.5731 3.5733 3.5733 
3.5733 3.5733 3.5733 3.5733 3.5733 3.5733 3.5733 3.5733 3.5733 3.5733 3.5733 3.5733 3.5733 3.5733 3.5733 3.5733 3.5733 3.5733 3.5733 3.5733 3.5733 
3.7662 3.7662 3.7662 3.7662 3.7662 3.7662 3.7662 3.7662 3.7662 3.7662 3.7662 3.7662 3.7662 3.7662 3.7662 3.7662 3.7662 3.7662 3.7662 3.7662 3.7662 
3.7662 3.7662 3.7652 3.7633 3.7599 3.7553 3.7515 3.7521 3.7590 3.7583 3.7540 3.7662 3.7610 3.7588 3.7590 3.7611 3.7632 3.7646 3.7656 3.7662 3.7662 
3.7662 3.7652 3.7319 3.6919 3.6423 3.5883 3.5474 3.5403 3.5688 3.5976 3.6201 3.6534 3.6421 3.6330 3.6422 3.6659 3.6942 3.7210 3.7445 3.7656 3.7662 
3.7662 3.7644 3.7024 3.6281 3.5336 3.4280 3.3501 3.3512 3.4424 3.5437 3.6061 3.6624 3.5997 3.5411 3.5385 3.5787 3.6314 3.6816 3.7255 3.7650 3.7662 
3.7662 3.7642 3.6799 3.5812 3.4504 3.2954 3.2279 3.3456 3.5346 3.6932 3.7449 3.7648 3.6233 3.4796 3.4523 3.5072 3.5815 3.6510 3.7109 3.7645 3.7662 
3.7662 3.7651 3.6631 3.5600 3.4203 3.2755 3.3091 3.5124 3.6998 3.8677 3.8639 3.8125 3.6196 3.4204 3.3906 3.4643 3.5539 3.6343 3.7029 3.7643 3.7662 
3.7662 3.7656 3.6350 3.5575 3.4672 3.4038 3.4733 3.7466 3.8652 3.9568 3.8567 3.7664 3.5950 3.4145 3.3988 3.4734 3.5578 3.6345 3.7022 3.7646 3.7662 
3.7662 3.7527 3.5471 3.5131 3.5981 3.5692 3.6295 3.9548 3.9846 3.9668 3.8374 3.7429 3.6303 3.5326 3.5143 3.5371 3.5864 3.6454 3.7058 3.7652 3.7662 
3.7662 3.6795 3.3520 3.3225 3.6629 3.7332 3.7628 3.9707 3.9571 3.8722 3.8194 3.8007 3.7052 3.6223 3.5940 3.5767 3.6018 3.6500 3.7067 3.7655 3.7662 
3.7662 3.6532 3.2368 3.2794 3.6981 3.9098 3.9312 3.9278 3.8764 3.7894 3.7852 3.7673 3.6272 3.5090 3.5067 3.5294 3.5765 3.6365 3.7005 3.7649 3.7662 
3.7662 3.6850 3.2522 3.3643 3.6883 3.8968 3.9295 3.8832 3.8903 3.8151 3.7917 3.7676 3.6989 3.5201 3.4396 3.4638 3.5334 3.6126 3.6898 3.7638 3.7662 
3.7662 3.6923 3.2834 3.3625 3.6013 3.8391 3.8585 3.8089 3.8591 3.7930 3.7526 3.7143 3.6805 3.4541 3.3361 3.3915 3.4910 3.5904 3.6801 3.7628 3.7662 
3.7662 3.7520 3.4192 3.5159 3.6987 3.8374 3.7890 3.7287 3.7974 3.7504 3.7369 3.6631 3.6197 3.4153 3.2915 3.3650 3.4770 3.5835 3.6772 3.7624 3.7662 
3.7662 3.7740 3.4868 3.5337 3.7331 3.8121 3.7529 3.6950 3.7703 3.8191 3.8428 3.6985 3.6000 3.4752 3.3771 3.4150 3.5038 3.5973 3.6833 3.7629 3.7662 
3.7662 3.7190 3.4214 3.3064 3.5166 3.6869 3.7868 3.7617 3.7279 3.7266 3.6795 3.4791 3.3923 3.4062 3.4206 3.4720 3.5459 3.6228 3.6953 3.7636 3.7662 
3.7662 3.7376 3.4662 3.2784 3.3350 3.4263 3.5252 3.5397 3.5674 3.6230 3.6088 3.4392 3.3771 3.4170 3.4698 3.5287 3.5911 3.6522 3.7096 3.7643 3.7662 
3.7662 3.7500 3.5413 3.3764 3.2757 3.2745 3.3162 3.3327 3.3945 3.5520 3.6072 3.5355 3.4871 3.5031 3.5433 3.5899 3.6371 3.6821 3.7245 3.7649 3.7662 
3.7662 3.7573 3.6190 3.5017 3.4168 3.3683 3.3579 3.3850 3.4712 3.5776 3.6297 3.6142 3.5934 3.5991 3.6220 3.6514 3.6819 3.7112 3.7388 3.7654 3.7662 
3.7662 3.7623 3.6926 3.6317 3.5851 3.5564 3.5485 3.5639 3.6074 3.6598 3.6897 3.6901 3.6835 3.6854 3.6955 3.7094 3.7243 3.7388 3.7526 3.7658 3.7662 
3.7662 3.7662 3.7623 3.7588 3.7558 3.7538 3.7529 3.7534 3.7584 3.7653 3.7684 3.7664 3.7639 3.7633 3.7637 3.7644 3.7650 3.7654 3.7658 3.7662 3.7662 
3.7662 3.7662 3.7662 3.7662 3.7662 3.7662 3.7662 3.7662 3.7662 3.7662 3.7662 3.7662 3.7662 3.7662 3.7662 3.7662 3.7662 3.7662 3.7662 3.7662 3.7662 
3.9436 3.9436 3.9436 3.9436 3.9436 3.9436 3.9436 3.9436 3.9436 3.9436 3.9436 3.9436 3.9436 3.9436 3.9436 3.9436 3.9436 3.9436 3.9436 3.9436 3.9436 
3.9436 3.9436 3.9421 3.9395 3.9352 3.9289 3.9217 3.9163 3.9155 3.9120 3.9070 3.9100 3.9017 3.9161 3.9297 3.9366 3.9401 3.9419 3.9430 3.9436 3.9436 
3.9436 3.9421 3.9058 3.8625 3.8077 3.7436 3.6829 3.6447 3.6395 3.6489 3.6578 3.6742 3.6766 3.7284 3.7904 3.8398 3.8766 3.9040 3.9251 3.9430 3.9436 
3.9436 3.9401 3.8682 3.7823 3.6717 3.5379 3.4086 3.3313 3.3866 3.4707 3.4815 3.4802 3.4721 3.5589 3.6631 3.7510 3.8186 3.8695 3.9089 3.9423 3.9436 
3.9436 3.9372 3.8264 3.6965 3.5259 3.3089 3.2002 3.2310 3.3544 3.5633 3.5947 3.5267 3.4178 3.4615 3.5671 3.6800 3.7723 3.8422 3.8962 3.9418 3.9436 
3.9436 3.9323 3.7722 3.5999 3.3793 3.2047 3.1406 3.2359 3.3501 3.6589 3.6873 3.5912 3.4763 3.3998 3.4995 3.6332 3.7434 3.8257 3.8885 3.9415 3.9436 
3.9436 3.9202 3.6818 3.4716 3.3251 3.2083 3.1910 3.3908 3.4600 3.7694 3.6816 3.5754 3.4824 3.3637 3.4747 3.6217 3.7369 3.8213 3.8862 3.9416 3.9436 
3.9436 3.8836 3.5087 3.2752 3.3430 3.2769 3.3085 3.6524 3.7144 3.9083 3.7235 3.5821 3.4873 3.4161 3.5133 3.6450 3.7469 3.8245 3.8868 3.9419 3.9436 
3.9436 3.7915 3.2410 3.0453 3.2816 3.3809 3.4589 3.7448 3.8871 3.9368 3.7692 3.6450 3.4838 3.4141 3.5166 3.6484 3.7464 3.8225 3.8854 3.9419 3.9436 
3.9436 3.7675 3.1080 2.9624 3.2663 3.5907 3.7297 3.7487 3.8338 3.8344 3.7315 3.5979 3.3807 3.2919 3.4114 3.5924 3.7173 3.8076 3.8788 3.9413 3.9436 
3.9436 3.8039 3.1273 3.0481 3.2188 3.5671 3.7805 3.7291 3.8142 3.7884 3.7502 3.6256 3.4879 3.3374 3.3507 3.5318 3.6777 3.7859 3.8692 3.9404 3.9436 
3.9436 3.8092 3.1614 3.0246 3.0692 3.4625 3.7220 3.7205 3.8265 3.7402 3.6958 3.5658 3.4776 3.2814 3.2597 3.4687 3.6413 3.7670 3.8611 3.9396 3.9436 
3.9436 3.8588 3.2717 3.1771 3.1871 3.4829 3.6610 3.6696 3.7320 3.5859 3.5878 3.4800 3.4336 3.2720 3.2347 3.4523 3.6326 3.7626 3.8592 3.9393 3.9436 
3.9436 3.8817 3.3521 3.2195 3.2654 3.4330 3.5412 3.5724 3.6357 3.6009 3.6544 3.5332 3.4527 3.3582 3.3514 3.5160 3.6646 3.7781 3.8656 3.9398 3.9436 
3.9436 3.8373 3.3341 3.0395 3.1063 3.2864 3.4864 3.5435 3.5258 3.4745 3.4645 3.3229 3.3040 3.3357 3.4677 3.6018 3.7156 3.8055 3.8777 3.9406 3.9436 
3.9436 3.8794 3.4710 3.1199 3.0863 3.1137 3.2295 3.2915 3.3577 3.4111 3.4100 3.3040 3.3125 3.4589 3.5829 3.6859 3.7693 3.8363 3.8919 3.9415 3.9436 
3.9436 3.9122 3.6317 3.3709 3.1788 3.1597 3.1939 3.2315 3.3160 3.4120 3.4864 3.4950 3.5368 3.6164 3.6953 3.7634 3.8198 3.8664 3.9061 3.9422 3.9436 
3.9436 3.9290 3.7604 3.6044 3.4777 3.3962 3.3735 3.4028 3.4926 3.6012 3.6709 3.6922 3.7136 3.7505 3.7922 3.8312 3.8650 3.8940 3.9194 3.9427 3.9436 
3.9436 3.9379 3.8580 3.7841 3.7234 3.6835 3.6706 3.6852 3.7279 3.7796 3.8154 3.8296 3.8394 3.8540 3.8716 3.8892 3.9052 3.9192 3.9316 3.9432 3.9436 
3.9436 3.9436 3.9379 3.9321 3.9266 3.9224 3.9207 3.9216 3.9267 3.9335 3.9375 3.9378 3.9378 3.9388 3.9402 3.9413 3.9422 3.9427 3.9432 3.9436 3.9436 
3.9436 3.9436 3.9436 3.9436 3.9436 3.9436 3.9436 3.9436 3.9436 3.9436 3.9436 3.9436 3.9436 3.9436 3.9436 3.9436 3.9436 3.9436 3.9436 3.9436 3.9436 
4.2026 4.2026 4.2026 4.2026 4.2026 4.2026 4.2026 4.2026 4.2026 4.2026 4.2026 4.2026 4.2026 4.2026 4.2026 4.2026 4.2026 4.2026 4.2026 4.2026 4.2026 
4.2026 4.2026 4.2014 4.1995 4.1963 4.1912 4.1842 4.1762 4.1690 4.1596 4.1530 4.1525 4.1461 4.1701 4.1893 4.1969 4.2000 4.2015 4.2022 4.2026 4.2026 
4.2026 4.2014 4.1763 4.1459 4.1061 4.0560 4.0002 3.9491 3.9131 3.8871 3.8753 3.8821 3.8915 3.9878 4.0765 4.1282 4.1587 4.1780 4.1914 4.2022 4.2026 
4.2026 4.1997 4.1479 4.0851 4.0010 3.8901 3.7595 3.6310 3.5439 3.5109 3.4958 3.5184 3.5555 3.7921 3.9681 4.0644 4.1208 4.1566 4.1817 4.2017 4.2026 
4.2026 4.1967 4.1114 4.0091 3.8689 3.6711 3.4222 3.2569 3.1987 3.3320 3.3370 3.3051 3.4109 3.7003 3.8921 4.0143 4.0903 4.1395 4.1738 4.2014 4.2026 
4.2026 4.1907 4.0564 3.9039 3.6990 3.3946 3.1614 3.0314 2.8500 3.1801 3.2480 3.2915 3.4286 3.6574 3.8374 3.9788 4.0697 4.1283 4.1688 4.2012 4.2026 
4.2026 4.1761 3.9576 3.7360 3.4838 3.2166 3.0057 2.9421 2.6681 3.1579 3.1207 3.2381 3.4236 3.5981 3.7948 3.9591 4.0604 4.1235 4.1666 4.2011 4.2026 
4.2026 4.1355 3.7675 3.4331 3.3075 3.1151 2.9106 3.1310 2.8966 3.3253 3.1928 3.2452 3.3746 3.5326 3.7738 3.9544 4.0590 4.1224 4.1660 4.2012 4.2026 
4.2026 4.0540 3.4904 2.9923 3.0682 3.0316 2.9252 3.1060 3.2242 3.4144 3.2927 3.3178 3.2672 3.3788 3.7270 3.9383 4.0517 4.1186 4.1642 4.2011 4.2026 
4.2026 4.0389 3.3835 2.8735 2.9373 3.1821 3.2281 3.0027 3.0984 3.2489 3.2142 3.1878 3.0690 3.1957 3.6377 3.8948 4.0301 4.1079 4.1596 4.2008 4.2026 
4.2026 4.0685 3.4155 2.9745 2.8101 3.0844 3.2631 2.9528 3.0622 3.1811 3.2828 3.2464 3.2557 3.2779 3.6054 3.8563 4.0049 4.0943 4.1536 4.2002 4.2026 
4.2026 4.0691 3.4204 2.9040 2.5841 2.9207 3.2114 3.0595 3.2674 3.2382 3.2993 3.2254 3.2822 3.2381 3.5401 3.8156 3.9824 4.0828 4.1488 4.1997 4.2026 
4.2026 4.0957 3.4992 3.0297 2.7307 3.0330 3.2390 3.1507 3.2491 3.0182 3.1845 3.1685 3.2959 3.2753 3.5234 3.8073 3.9786 4.0810 4.1480 4.1996 4.2026 
4.2026 4.1148 3.5754 3.1118 2.9116 3.0091 3.1067 3.1268 3.2187 3.1586 3.3672 3.3511 3.3914 3.4617 3.6407 3.8623 4.0040 4.0925 4.1525 4.1999 4.2026 
4.2026 4.0909 3.5854 2.9939 2.8940 2.9730 3.1581 3.2211 3.2214 3.1531 3.2411 3.2158 3.3507 3.6035 3.7921 3.9433 4.0445 4.1122 4.1608 4.2005 4.2026 
4.2026 4.1385 3.7653 3.3379 3.0942 2.9899 3.0460 3.1015 3.2127 3.2830 3.3366 3.3601 3.5811 3.7844 3.9210 4.0181 4.0858 4.1338 4.1702 4.2011 4.2026 
4.2026 4.1739 3.9415 3.6992 3.4771 3.3104 3.2693 3.2987 3.4341 3.5861 3.6911 3.7500 3.8449 3.9444 4.0218 4.0796 4.1221 4.1540 4.1794 4.2016 4.2026 
4.2026 4.1903 4.0607 3.9325 3.8180 3.7355 3.7065 3.7259 3.7965 3.8807 3.9424 3.9779 4.0167 4.0594 4.0975 4.1284 4.1527 4.1719 4.1878 4.2020 4.2026 
4.2026 4.1981 4.1394 4.0829 4.0334 3.9985 3.9855 3.9947 4.0251 4.0623 4.0907 4.1075 4.1223 4.1384 4.1539 4.1674 4.1785 4.1876 4.1953 4.2023 4.2026 
4.2026 4.2026 4.1981 4.1932 4.1882 4.1842 4.1824 4.1830 4.1868 4.1915 4.1947 4.1960 4.1972 4.1987 4.2000 4.2010 4.2016 4.2020 4.2023 4.2026 4.2026 
4.2026 4.2026 4.2026 4.2026 4.2026 4.2026 4.2026 4.2026 4.2026 4.2026 4.2026 4.2026 4.2026 4.2026 4.2026 4.2026 4.2026 4.2026 4.2026 4.2026 4.2026 
4.3377 4.3377 4.3377 4.3377 4.3377 4.3377 4.3377 4.3377 4.3377 4.3377 4.3377 4.3377 4.3377 4.3377 4.3377 4.3377 4.3377 4.3377 4.3377 4.3377 4.3377 
4.3377 4.3377 4.3377 4.3377 4.3377 4.3377 4.3377 4.3377 4.3377 4.3375 4.3372 4.3376 4.3377 4.3377 4.3377 4.3377 4.3377 4.3377 4.3377 4.3377 4.3377 
4.3377 4.3377 4.3365 4.3346 4.3313 4.3263 4.3193 4.3110 4.3005 4.2625 4.2487 4.2559 4.2034 4.2747 4.3244 4.3320 4.3351 4.3366 4.3373 4.3377 4.3377 
4.3377 4.3377 4.3348 4.3303 4.3222 4.3083 4.2844 4.2275 4.1501 3.9787 3.8797 3.8813 3.7189 4.1506 4.3075 4.3262 4.3326 4.3355 4.3369 4.3377 4.3377 
4.3377 4.3377 4.3318 4.3232 4.3067 4.2697 4.1659 3.8952 3.5827 3.5393 3.4199 3.4067 3.7040 4.1868 4.2914 4.3214 4.3304 4.3345 4.3365 4.3377 4.3377 
4.3377 4.3377 4.3258 4.3095 4.2701 4.1551 3.8820 3.5040 2.6495 3.0993 3.1815 3.4442 4.0016 4.1926 4.2686 4.3170 4.3287 4.3338 4.3363 4.3377 4.3377 
4.3377 4.3377 4.3096 4.2646 4.1748 3.9372 3.4773 3.1342 2.0000 3.0658 2.7387 3.3524 4.0192 4.1372 4.2353 4.3132 4.3281 4.3337 4.3362 4.3377 4.3377 
4.3377 4.3374 4.2229 4.0687 4.0704 3.7029 2.9513 3.2631 2.0000 3.3165 2.9061 3.3415 3.8911 4.0833 4.2154 4.3126 4.3289 4.3339 4.3363 4.3377 4.3377 
4.3377 4.3352 4.0225 3.3667 3.5870 3.3210 2.5297 2.6912 3.0076 3.3092 3.1313 3.6371 3.5995 3.8353 4.2158 4.3141 4.3289 4.3338 4.3362 4.3377 4.3377 
4.3377 4.3355 4.0573 3.2792 3.2288 3.6009 3.2444 2.2161 2.5803 2.8884 2.9215 3.2252 3.0625 3.5914 4.2078 4.3075 4.3261 4.3328 4.3358 4.3377 4.3377 
4.3377 4.3358 4.1439 3.7435 3.0383 3.0265 3.2164 2.0951 2.4759 2.7370 3.2194 3.3160 3.6898 3.8489 4.2053 4.3016 4.3230 4.3314 4.3353 4.3377 4.3377 
4.3377 4.3360 4.1413 3.5534 2.2924 2.5423 3.0554 2.4811 3.2027 3.1362 3.3785 3.2812 3.7042 3.6993 4.1417 4.2920 4.3195 4.3300 4.3348 4.3377 4.3377 
4.3377 4.3368 4.1558 3.6051 2.5869 3.0678 3.2833 2.8868 3.2254 2.4101 3.1662 3.1633 3.7826 3.7907 4.0395 4.2845 4.3182 4.3296 4.3347 4.3377 4.3377 
4.3377 4.3380 4.2048 3.7079 3.2064 3.1935 3.0144 2.8891 3.2177 3.1186 3.8038 3.7713 3.8959 4.0142 4.1017 4.2931 4.3216 4.3307 4.3350 4.3377 4.3377 
4.3377 4.3362 4.1418 3.3431 3.2689 3.2376 3.4676 3.4709 3.4437 3.2365 3.4797 3.4444 3.8923 4.1474 4.2591 4.3126 4.3266 4.3326 4.3356 4.3377 4.3377 
4.3377 4.3374 4.2490 4.0399 3.8086 3.3809 3.3431 3.3230 3.6041 3.7302 3.7821 3.8149 4.1395 4.2812 4.3104 4.3239 4.3307 4.3342 4.3362 4.3377 4.3377 
4.3377 4.3377 4.3091 4.2701 4.1639 4.0399 3.9868 3.9715 4.0822 4.1849 4.2317 4.2488 4.2872 4.3133 4.3239 4.3301 4.3335 4.3355 4.3367 4.3377 4.3377 
4.3377 4.3377 4.3254 4.3114 4.2952 4.2806 4.2740 4.2743 4.2881 4.3039 4.3137 4.3171 4.3217 4.3271 4.3311 4.3338 4.3354 4.3364 4.3371 4.3377 4.3377 
4.3377 4.3377 4.3332 4.3283 4.3233 4.3193 4.3175 4.3181 4.3219 4.3266 4.3298 4.3311 4.3323 4.3338 4.3351 4.3361 4.3367 4.3371 4.3374 4.3377 4.3377 
4.3377 4.3377 4.3377 4.3377 4.3377 4.3377 4.3377 4.3377 4.3377 4.3377 4.3377 4.3377 4.3377 4.3377 4.3377 4.3377 4.3377 4.3377 4.3377 4.3377 4.3377 
4.3377 4.3377 4.3377 4.3377 4.3377 4.3377 4.3377 4.3377 4.3377 4.3377 4.3377 4.3377 4.3377 4.3377 4.3377 4.3377 4.3377 4.3377 4.3377 4.3377 4.3377 
4.4641 4.4641 4.4641 4.4641 4.4641 4.4641 4.4641 4.4641 4.4641 4.4641 4.4641 4.4641 4.4641 4.4641 4.4641 4.4641 4.4641 4.4641 4.4641 4.4641 4.4641 
4.4641 4.4641 4.4641 4.4641 4.4641 4.4641 4.4641 4.4641 4.4641 4.4641 4.4641 4.4641 4.4641 4.4641 4.4641 4.4641 4.4641 4.4641 4.4641 4.4641 4.4641 
4.4641 4.4641 4.4641 4.4641 4.4641 4.4641 4.4641 4.4641 4.4641 4.4641 4.4641 4.4641 4.4641 4.4641 4.4641 4.4641 4.4641 4.4641 4.4641 4.4641 4.4641 
4.4641 4.4641 4.4641 4.4641 4.4641 4.4641 4.4641 4.4641 4.4641 4.4641 4.4641 4.4641 4.4641 4.4641 4.4641 4.4641 4.4641 4.4641 4.4641 4.4641 4.4641 
4.4641 4.4641 4.4641 4.4641 4.4641 4.4641 4.4641 4.4641 4.4641 4.4641 4.4641 4.4641 4.4641 4.4641 4.4641 4.4641 4.4641 4.4641 4.4641 4.4641 4.4641 
4.4641 4.4641 4.4641 4.4641 4.4641 4.4641 4.4641 4.4641 4.4641 4.4641 4.4641 4.4641 4.4641 4.4641 4.4641 4.4641 4.4641 4.4641 4.4641 4.4641 4.4641 
4.4641 4.4641 4.4641 4.4641 4.4641 4.4641 4.4641 4.4641 4.4641 4.4641 4.4641 4.4641 4.4641 4.4641 4.4641 4.4641 4.4641 4.4641 4.4641 4.4641 4.4641 
4.4641 4.4641 4.4641 4.4641 4.4641 4.4641 4.4641 4.4641 4.4641 4.4641 4.4641 4.4641 4.4641 4.4641 4.4641 4.4641 4.4641 4.4641 4.4641 4.4641 4.4641 
4.4641 4.4641 4.4641 4.4641 4.4641 4.4641 4.4641 4.4641 4.4641 4.4641 4.4641 4.4641 4.4641 4.4641 4.4641 4.4641 4.4641 4.4641 4.4641 4.4641 4.4641 
4.4641 4.4641 4.4641 4.4641 4.4641 4.4641 4.4641 4.4641 4.4641 4.4641 4.4641 4.4641 4.4641 4.4641 4.4641 4.4641 4.4641 4.4641 4.4641 4.4641 4.4641 
4.4641 4.4641 4.4641 4.4641 4.4641 4.4641 4.4641 4.4641 4.4641 4.4641 4.4641 4.4641 4.4641 4.4641 4.4641 4.4641 4.4641 4.4641 4.4641 4.4641 4.4641 
4.4641 4.4641 4.4641 4.4641 4.4641 4.4641 4.4641 4.4641 4.4641 4.4641 4.4641 4.4641 4.4641 4.4641 4.4641 4.4641 4.4641 4.4641 4.4641 4.4641 4.4641 
4.4641 4.4641 4.4641 4.4641 4.4641 4.4641 4.4641 4.4641 4.4641 4.4641 4.4641 4.4641 4.4641 4.4641 4.4641 4.4641 4.4641 4.4641 4.4641 4.4641 4.4641 
4.4641 4.4641 4.4641 4.4641 4.4641 4.4641 4.4641 4.4641 4.4641 4.4641 4.4641 4.4641 4.4641 4.4641 4.4641 4.4641 4.4641 4.4641 4.4641 4.4641 4.4641 
4.4641 4.4641 4.4641 4.4641 4.4641 4.4641 4.4641 4.4641 4.4641 4.4641 4.4641 4.4641 4.4641 4.4641 4.4641 4.4641 4.4641 4.4641 4.4641 4.4641 4.4641 
4.4641 4.4641 4.4641 4.4641 4.4641 4.4641 4.4641 4.4641 4.4641 4.4641 4.4641 4.4641 4.4641 4.4641 4.4641 4.4641 4.4641 4.4641 4.4641 4.4641 4.4641 
4.4641 4.4641 4.4641 4.4641 4.4641 4.4641 4.4641 4.4641 4.4641 4.4641 4.4641 4.4641 4.4641 4.4641 4.4641 4.4641 4.4641 4.4641 4.4641 4.4641 4.4641 
4.4641 4.4641 4.4641 4.4641 4.4641 4.4641 4.4641 4.4641 4.4641 4.4641 4.4641 4.4641 4.4641 4.4641 4.4641 4.4641 4.4641 4.4641 4.4641 4.4641 4.4641 
4.4641 4.4641 4.4641 4.4641 4.4641 4.4641 4.4641 4.4641 4.4641 4.4641 4.4641 4.4641 4.4641 4.4641 4.4641 4.4641 4.4641 4.4641 4.4641 4.4641 4.4641 
4.4641 4.4641 4.4641 4.4641 4.4641 4.4641 4.4641 4.4641 4.4641 4.4641 4.4641 4.4641 4.4641 4.4641 4.4641 4.4641 4.4641 4.4641 4.4641 4.4641 4.4641 
4.4641 4.4641 4.4641 4.4641 4.4641 4.4641 4.4641 4.4641 4.4641 4.4641 4.4641 4.4641 4.4641 4.4641 4.4641 4.4641 4.4641 4.4641 4.4641 4.4641 4.4641 
