97.000000 27.000000 3.234600
97.000000 26.750000 3.234600
97.000000 26.500000 3.234600
97.000000 26.250000 3.234600
97.000000 26.000000 3.234600
97.000000 25.750000 3.234600
97.000000 25.500000 3.234600
97.000000 25.250000 3.234600
97.000000 25.000000 3.234600
97.000000 24.750000 3.234600
97.000000 24.500000 3.234600
97.000000 24.250000 3.234600
97.000000 24.000000 3.234600
97.000000 23.750000 3.234600
97.000000 23.500000 3.234600
97.000000 23.250000 3.234600
97.000000 23.000000 3.234600
97.000000 22.750000 3.234600
97.000000 22.500000 3.234600
97.000000 22.250000 3.234600
97.000000 22.000000 3.234600
97.250000 27.000000 3.234600
97.250000 26.750000 3.234600
97.250000 26.500000 3.234600
97.250000 26.250000 3.234600
97.250000 26.000000 3.234600
97.250000 25.750000 3.234600
97.250000 25.500000 3.234600
97.250000 25.250000 3.234600
97.250000 25.000000 3.234600
97.250000 24.750000 3.234600
97.250000 24.500000 3.234600
97.250000 24.250000 3.234600
97.250000 24.000000 3.234600
97.250000 23.750000 3.234600
97.250000 23.500000 3.234600
97.250000 23.250000 3.234600
97.250000 23.000000 3.234600
97.250000 22.750000 3.234600
97.250000 22.500000 3.234600
97.250000 22.250000 3.234600
97.250000 22.000000 3.234600
97.500000 27.000000 3.234600
97.500000 26.750000 3.234600
97.500000 26.500000 3.234600
97.500000 26.250000 3.234600
97.500000 26.000000 3.234600
97.500000 25.750000 3.234600
97.500000 25.500000 3.234600
97.500000 25.250000 3.234600
97.500000 25.000000 3.234600
97.500000 24.750000 3.234600
97.500000 24.500000 3.234600
97.500000 24.250000 3.234600
97.500000 24.000000 3.234600
97.500000 23.750000 3.234600
97.500000 23.500000 3.234600
97.500000 23.250000 3.234600
97.500000 23.000000 3.234600
97.500000 22.750000 3.234600
97.500000 22.500000 3.234600
97.500000 22.250000 3.234600
97.500000 22.000000 3.234600
97.750000 27.000000 3.234600
97.750000 26.750000 3.234600
97.750000 26.500000 3.234600
97.750000 26.250000 3.234600
97.750000 26.000000 3.234600
97.750000 25.750000 3.234600
97.750000 25.500000 3.234600
97.750000 25.250000 3.234600
97.750000 25.000000 3.234600
97.750000 24.750000 3.234600
97.750000 24.500000 3.234600
97.750000 24.250000 3.234600
97.750000 24.000000 3.234600
97.750000 23.750000 3.234600
97.750000 23.500000 3.234600
97.750000 23.250000 3.234600
97.750000 23.000000 3.234600
97.750000 22.750000 3.234600
97.750000 22.500000 3.234600
97.750000 22.250000 3.234600
97.750000 22.000000 3.234600
98.000000 27.000000 3.234600
98.000000 26.750000 3.234600
98.000000 26.500000 3.234600
98.000000 26.250000 3.234600
98.000000 26.000000 3.234600
98.000000 25.750000 3.234600
98.000000 25.500000 3.234600
98.000000 25.250000 3.234600
98.000000 25.000000 3.234600
98.000000 24.750000 3.234600
98.000000 24.500000 3.234600
98.000000 24.250000 3.234600
98.000000 24.000000 3.234600
98.000000 23.750000 3.234600
98.000000 23.500000 3.234600
98.000000 23.250000 3.234600
98.000000 23.000000 3.234600
98.000000 22.750000 3.234600
98.000000 22.500000 3.234600
98.000000 22.250000 3.234600
98.000000 22.000000 3.234600
98.250000 27.000000 3.234600
98.250000 26.750000 3.234600
98.250000 26.500000 3.234600
98.250000 26.250000 3.234600
98.250000 26.000000 3.234600
98.250000 25.750000 3.234600
98.250000 25.500000 3.234600
98.250000 25.250000 3.234600
98.250000 25.000000 3.234600
98.250000 24.750000 3.234600
98.250000 24.500000 3.234600
98.250000 24.250000 3.234600
98.250000 24.000000 3.234600
98.250000 23.750000 3.234600
98.250000 23.500000 3.234600
98.250000 23.250000 3.234600
98.250000 23.000000 3.234600
98.250000 22.750000 3.234600
98.250000 22.500000 3.234600
98.250000 22.250000 3.234600
98.250000 22.000000 3.234600
98.500000 27.000000 3.234600
98.500000 26.750000 3.234600
98.500000 26.500000 3.234600
98.500000 26.250000 3.234600
98.500000 26.000000 3.234600
98.500000 25.750000 3.234600
98.500000 25.500000 3.234600
98.500000 25.250000 3.234600
98.500000 25.000000 3.234600
98.500000 24.750000 3.234600
98.500000 24.500000 3.234600
98.500000 24.250000 3.234600
98.500000 24.000000 3.234600
98.500000 23.750000 3.234600
98.500000 23.500000 3.234600
98.500000 23.250000 3.234600
98.500000 23.000000 3.234600
98.500000 22.750000 3.234600
98.500000 22.500000 3.234600
98.500000 22.250000 3.234600
98.500000 22.000000 3.234600
98.750000 27.000000 3.234600
98.750000 26.750000 3.234600
98.750000 26.500000 3.234600
98.750000 26.250000 3.234600
98.750000 26.000000 3.234600
98.750000 25.750000 3.234600
98.750000 25.500000 3.234600
98.750000 25.250000 3.234600
98.750000 25.000000 3.234600
98.750000 24.750000 3.234600
98.750000 24.500000 3.234600
98.750000 24.250000 3.234600
98.750000 24.000000 3.234600
98.750000 23.750000 3.234600
98.750000 23.500000 3.234600
98.750000 23.250000 3.234600
98.750000 23.000000 3.234600
98.750000 22.750000 3.234600
98.750000 22.500000 3.234600
98.750000 22.250000 3.234600
98.750000 22.000000 3.234600
99.000000 27.000000 3.234600
99.000000 26.750000 3.234600
99.000000 26.500000 3.234600
99.000000 26.250000 3.234600
99.000000 26.000000 3.234600
99.000000 25.750000 3.234600
99.000000 25.500000 3.234600
99.000000 25.250000 3.234600
99.000000 25.000000 3.234600
99.000000 24.750000 3.234600
99.000000 24.500000 3.234600
99.000000 24.250000 3.234600
99.000000 24.000000 3.234600
99.000000 23.750000 3.234600
99.000000 23.500000 3.234600
99.000000 23.250000 3.234600
99.000000 23.000000 3.234600
99.000000 22.750000 3.234600
99.000000 22.500000 3.234600
99.000000 22.250000 3.234600
99.000000 22.000000 3.234600
99.250000 27.000000 3.234600
99.250000 26.750000 3.234600
99.250000 26.500000 3.234600
99.250000 26.250000 3.234600
99.250000 26.000000 3.234600
99.250000 25.750000 3.234600
99.250000 25.500000 3.234600
99.250000 25.250000 3.234600
99.250000 25.000000 3.234600
99.250000 24.750000 3.234600
99.250000 24.500000 3.234600
99.250000 24.250000 3.234600
99.250000 24.000000 3.234600
99.250000 23.750000 3.234600
99.250000 23.500000 3.234600
99.250000 23.250000 3.234600
99.250000 23.000000 3.234600
99.250000 22.750000 3.234600
99.250000 22.500000 3.234600
99.250000 22.250000 3.234600
99.250000 22.000000 3.234600
99.500000 27.000000 3.234600
99.500000 26.750000 3.234600
99.500000 26.500000 3.234600
99.500000 26.250000 3.234600
99.500000 26.000000 3.234600
99.500000 25.750000 3.234600
99.500000 25.500000 3.234600
99.500000 25.250000 3.234600
99.500000 25.000000 3.234600
99.500000 24.750000 3.234600
99.500000 24.500000 3.234600
99.500000 24.250000 3.234600
99.500000 24.000000 3.234600
99.500000 23.750000 3.234600
99.500000 23.500000 3.234600
99.500000 23.250000 3.234600
99.500000 23.000000 3.234600
99.500000 22.750000 3.234600
99.500000 22.500000 3.234600
99.500000 22.250000 3.234600
99.500000 22.000000 3.234600
99.750000 27.000000 3.234600
99.750000 26.750000 3.234600
99.750000 26.500000 3.234600
99.750000 26.250000 3.234600
99.750000 26.000000 3.234600
99.750000 25.750000 3.234600
99.750000 25.500000 3.234600
99.750000 25.250000 3.234600
99.750000 25.000000 3.234600
99.750000 24.750000 3.234600
99.750000 24.500000 3.234600
99.750000 24.250000 3.234600
99.750000 24.000000 3.234600
99.750000 23.750000 3.234600
99.750000 23.500000 3.234600
99.750000 23.250000 3.234600
99.750000 23.000000 3.234600
99.750000 22.750000 3.234600
99.750000 22.500000 3.234600
99.750000 22.250000 3.234600
99.750000 22.000000 3.234600
100.000000 27.000000 3.234600
100.000000 26.750000 3.234600
100.000000 26.500000 3.234600
100.000000 26.250000 3.234600
100.000000 26.000000 3.234600
100.000000 25.750000 3.234600
100.000000 25.500000 3.234600
100.000000 25.250000 3.234600
100.000000 25.000000 3.234600
100.000000 24.750000 3.234600
100.000000 24.500000 3.234600
100.000000 24.250000 3.234600
100.000000 24.000000 3.234600
100.000000 23.750000 3.234600
100.000000 23.500000 3.234600
100.000000 23.250000 3.234600
100.000000 23.000000 3.234600
100.000000 22.750000 3.234600
100.000000 22.500000 3.234600
100.000000 22.250000 3.234600
100.000000 22.000000 3.234600
100.250000 27.000000 3.234600
100.250000 26.750000 3.234600
100.250000 26.500000 3.234600
100.250000 26.250000 3.234600
100.250000 26.000000 3.234600
100.250000 25.750000 3.234600
100.250000 25.500000 3.234600
100.250000 25.250000 3.234600
100.250000 25.000000 3.234600
100.250000 24.750000 3.234600
100.250000 24.500000 3.234600
100.250000 24.250000 3.234600
100.250000 24.000000 3.234600
100.250000 23.750000 3.234600
100.250000 23.500000 3.234600
100.250000 23.250000 3.234600
100.250000 23.000000 3.234600
100.250000 22.750000 3.234600
100.250000 22.500000 3.234600
100.250000 22.250000 3.234600
100.250000 22.000000 3.234600
100.500000 27.000000 3.234600
100.500000 26.750000 3.234600
100.500000 26.500000 3.234600
100.500000 26.250000 3.234600
100.500000 26.000000 3.234600
100.500000 25.750000 3.234600
100.500000 25.500000 3.234600
100.500000 25.250000 3.234600
100.500000 25.000000 3.234600
100.500000 24.750000 3.234600
100.500000 24.500000 3.234600
100.500000 24.250000 3.234600
100.500000 24.000000 3.234600
100.500000 23.750000 3.234600
100.500000 23.500000 3.234600
100.500000 23.250000 3.234600
100.500000 23.000000 3.234600
100.500000 22.750000 3.234600
100.500000 22.500000 3.234600
100.500000 22.250000 3.234600
100.500000 22.000000 3.234600
100.750000 27.000000 3.234600
100.750000 26.750000 3.234600
100.750000 26.500000 3.234600
100.750000 26.250000 3.234600
100.750000 26.000000 3.234600
100.750000 25.750000 3.234600
100.750000 25.500000 3.234600
100.750000 25.250000 3.234600
100.750000 25.000000 3.234600
100.750000 24.750000 3.234600
100.750000 24.500000 3.234600
100.750000 24.250000 3.234600
100.750000 24.000000 3.234600
100.750000 23.750000 3.234600
100.750000 23.500000 3.234600
100.750000 23.250000 3.234600
100.750000 23.000000 3.234600
100.750000 22.750000 3.234600
100.750000 22.500000 3.234600
100.750000 22.250000 3.234600
100.750000 22.000000 3.234600
101.000000 27.000000 3.234600
101.000000 26.750000 3.234600
101.000000 26.500000 3.234600
101.000000 26.250000 3.234600
101.000000 26.000000 3.234600
101.000000 25.750000 3.234600
101.000000 25.500000 3.234600
101.000000 25.250000 3.234600
101.000000 25.000000 3.234600
101.000000 24.750000 3.234600
101.000000 24.500000 3.234600
101.000000 24.250000 3.234600
101.000000 24.000000 3.234600
101.000000 23.750000 3.234600
101.000000 23.500000 3.234600
101.000000 23.250000 3.234600
101.000000 23.000000 3.234600
101.000000 22.750000 3.234600
101.000000 22.500000 3.234600
101.000000 22.250000 3.234600
101.000000 22.000000 3.234600
101.250000 27.000000 3.234600
101.250000 26.750000 3.234600
101.250000 26.500000 3.234600
101.250000 26.250000 3.234600
101.250000 26.000000 3.234600
101.250000 25.750000 3.234600
101.250000 25.500000 3.234600
101.250000 25.250000 3.234600
101.250000 25.000000 3.234600
101.250000 24.750000 3.234600
101.250000 24.500000 3.234600
101.250000 24.250000 3.234600
101.250000 24.000000 3.234600
101.250000 23.750000 3.234600
101.250000 23.500000 3.234600
101.250000 23.250000 3.234600
101.250000 23.000000 3.234600
101.250000 22.750000 3.234600
101.250000 22.500000 3.234600
101.250000 22.250000 3.234600
101.250000 22.000000 3.234600
101.500000 27.000000 3.234600
101.500000 26.750000 3.234600
101.500000 26.500000 3.234600
101.500000 26.250000 3.234600
101.500000 26.000000 3.234600
101.500000 25.750000 3.234600
101.500000 25.500000 3.234600
101.500000 25.250000 3.234600
101.500000 25.000000 3.234600
101.500000 24.750000 3.234600
101.500000 24.500000 3.234600
101.500000 24.250000 3.234600
101.500000 24.000000 3.234600
101.500000 23.750000 3.234600
101.500000 23.500000 3.234600
101.500000 23.250000 3.234600
101.500000 23.000000 3.234600
101.500000 22.750000 3.234600
101.500000 22.500000 3.234600
101.500000 22.250000 3.234600
101.500000 22.000000 3.234600
101.750000 27.000000 3.234600
101.750000 26.750000 3.234600
101.750000 26.500000 3.234600
101.750000 26.250000 3.234600
101.750000 26.000000 3.234600
101.750000 25.750000 3.234600
101.750000 25.500000 3.234600
101.750000 25.250000 3.234600
101.750000 25.000000 3.234600
101.750000 24.750000 3.234600
101.750000 24.500000 3.234600
101.750000 24.250000 3.234600
101.750000 24.000000 3.234600
101.750000 23.750000 3.234600
101.750000 23.500000 3.234600
101.750000 23.250000 3.234600
101.750000 23.000000 3.234600
101.750000 22.750000 3.234600
101.750000 22.500000 3.234600
101.750000 22.250000 3.234600
101.750000 22.000000 3.234600
102.000000 27.000000 3.234600
102.000000 26.750000 3.234600
102.000000 26.500000 3.234600
102.000000 26.250000 3.234600
102.000000 26.000000 3.234600
102.000000 25.750000 3.234600
102.000000 25.500000 3.234600
102.000000 25.250000 3.234600
102.000000 25.000000 3.234600
102.000000 24.750000 3.234600
102.000000 24.500000 3.234600
102.000000 24.250000 3.234600
102.000000 24.000000 3.234600
102.000000 23.750000 3.234600
102.000000 23.500000 3.234600
102.000000 23.250000 3.234600
102.000000 23.000000 3.234600
102.000000 22.750000 3.234600
102.000000 22.500000 3.234600
102.000000 22.250000 3.234600
102.000000 22.000000 3.234600
