97.000000 27.000000 4.337700
97.000000 26.750000 4.337700
97.000000 26.500000 4.337700
97.000000 26.250000 4.337700
97.000000 26.000000 4.337700
97.000000 25.750000 4.337700
97.000000 25.500000 4.337700
97.000000 25.250000 4.337700
97.000000 25.000000 4.337700
97.000000 24.750000 4.337700
97.000000 24.500000 4.337700
97.000000 24.250000 4.337700
97.000000 24.000000 4.337700
97.000000 23.750000 4.337700
97.000000 23.500000 4.337700
97.000000 23.250000 4.337700
97.000000 23.000000 4.337700
97.000000 22.750000 4.337700
97.000000 22.500000 4.337700
97.000000 22.250000 4.337700
97.000000 22.000000 4.337700
97.250000 27.000000 4.337700
97.250000 26.750000 4.337701
97.250000 26.500000 4.337577
97.250000 26.250000 4.337695
97.250000 26.000000 4.337645
97.250000 25.750000 4.337438
97.250000 25.500000 4.337207
97.250000 25.250000 4.337605
97.250000 25.000000 4.337663
97.250000 24.750000 4.337290
97.250000 24.500000 4.336791
97.250000 24.250000 4.337499
97.250000 24.000000 4.337949
97.250000 23.750000 4.337818
97.250000 23.500000 4.337696
97.250000 23.250000 4.337699
97.250000 23.000000 4.337700
97.250000 22.750000 4.337700
97.250000 22.500000 4.337700
97.250000 22.250000 4.337700
97.250000 22.000000 4.337700
97.500000 27.000000 4.337700
97.500000 26.750000 4.337612
97.500000 26.500000 4.336399
97.500000 26.250000 4.334156
97.500000 26.000000 4.330145
97.500000 25.750000 4.323964
97.500000 25.500000 4.317264
97.500000 25.250000 4.310899
97.500000 25.000000 4.299259
97.500000 24.750000 4.244534
97.500000 24.500000 4.224466
97.500000 24.250000 4.233528
97.500000 24.000000 4.146414
97.500000 23.750000 4.253677
97.500000 23.500000 4.322068
97.500000 23.250000 4.331198
97.500000 23.000000 4.334849
97.500000 22.750000 4.336410
97.500000 22.500000 4.337180
97.500000 22.250000 4.337700
97.500000 22.000000 4.337700
97.750000 27.000000 4.337700
97.750000 26.750000 4.337695
97.750000 26.500000 4.334647
97.750000 26.250000 4.329631
97.750000 26.000000 4.319115
97.750000 25.750000 4.302713
97.750000 25.500000 4.274825
97.750000 25.250000 4.218134
97.750000 25.000000 4.124502
97.750000 24.750000 3.899250
97.750000 24.500000 3.767139
97.750000 24.250000 3.768372
97.750000 24.000000 3.352980
97.750000 23.750000 4.087633
97.750000 23.500000 4.300638
97.750000 23.250000 4.324403
97.750000 23.000000 4.331930
97.750000 22.750000 4.335130
97.750000 22.500000 4.336650
97.750000 22.250000 4.337700
97.750000 22.000000 4.337700
98.000000 27.000000 4.337700
98.000000 26.750000 4.337698
98.000000 26.500000 4.331777
98.000000 26.250000 4.321937
98.000000 26.000000 4.300561
98.000000 25.750000 4.248845
98.000000 25.500000 4.099968
98.000000 25.250000 3.835627
98.000000 25.000000 3.457324
98.000000 24.750000 3.517540
98.000000 24.500000 3.247817
98.000000 24.250000 3.075677
98.000000 24.000000 3.438754
98.000000 23.750000 4.166326
98.000000 23.500000 4.277775
98.000000 23.250000 4.318520
98.000000 23.000000 4.329240
98.000000 22.750000 4.333940
98.000000 22.500000 4.336220
98.000000 22.250000 4.337700
98.000000 22.000000 4.337700
98.250000 27.000000 4.337700
98.250000 26.750000 4.337695
98.250000 26.500000 4.325429
98.250000 26.250000 4.307210
98.250000 26.000000 4.251542
98.250000 25.750000 4.073982
98.250000 25.500000 3.677291
98.250000 25.250000 3.499580
98.250000 25.000000 2.000027
98.250000 24.750000 3.147545
98.250000 24.500000 3.092791
98.250000 24.250000 3.341342
98.250000 24.000000 3.991419
98.250000 23.750000 4.167597
98.250000 23.500000 4.239091
98.250000 23.250000 4.312189
98.250000 23.000000 4.327059
98.250000 22.750000 4.333150
98.250000 22.500000 4.335890
98.250000 22.250000 4.337700
98.250000 22.000000 4.337700
98.500000 27.000000 4.337700
98.500000 26.750000 4.337634
98.500000 26.500000 4.306288
98.500000 26.250000 4.253859
98.500000 26.000000 4.142567
98.500000 25.750000 3.810220
98.500000 25.500000 3.199551
98.500000 25.250000 3.280843
98.500000 25.000000 1.999803
98.500000 24.750000 3.241474
98.500000 24.500000 2.000144
98.500000 24.250000 3.305613
98.500000 24.000000 4.007720
98.500000 23.750000 4.060408
98.500000 23.500000 4.180716
98.500000 23.250000 4.307067
98.500000 23.000000 4.326799
98.500000 22.750000 4.333210
98.500000 22.500000 4.335940
98.500000 22.250000 4.337700
98.500000 22.000000 4.337700
98.750000 27.000000 4.337700
98.750000 26.750000 4.337287
98.750000 26.500000 4.198553
98.750000 26.250000 4.048261
98.750000 26.000000 4.151349
98.750000 25.750000 3.687547
98.750000 25.500000 2.590535
98.750000 25.250000 3.863472
98.750000 25.000000 2.000001
98.750000 24.750000 3.588812
98.750000 24.500000 2.174833
98.750000 24.250000 3.182494
98.750000 24.000000 3.787938
98.750000 23.750000 4.013279
98.750000 23.500000 4.186685
98.750000 23.250000 4.311794
98.750000 23.000000 4.329639
98.750000 22.750000 4.334190
98.750000 22.500000 4.336220
98.750000 22.250000 4.337700
98.750000 22.000000 4.337700
99.000000 27.000000 4.337700
99.000000 26.750000 4.333981
99.000000 26.500000 3.889627
99.000000 26.250000 2.751011
99.000000 26.000000 3.440707
99.000000 25.750000 3.117452
99.000000 25.500000 1.999646
99.000000 25.250000 2.532032
99.000000 25.000000 3.137332
99.000000 24.750000 3.444509
99.000000 24.500000 2.861516
99.000000 24.250000 3.787021
99.000000 24.000000 3.449786
99.000000 23.750000 3.722138
99.000000 23.500000 4.250606
99.000000 23.250000 4.321729
99.000000 23.000000 4.331370
99.000000 22.750000 4.334619
99.000000 22.500000 4.336300
99.000000 22.250000 4.337700
99.000000 22.000000 4.337700
99.250000 27.000000 4.337700
99.250000 26.750000 4.334306
99.250000 26.500000 3.957233
99.250000 26.250000 2.750246
99.250000 26.000000 2.757059
99.250000 25.750000 3.740681
99.250000 25.500000 3.545714
99.250000 25.250000 2.000263
99.250000 25.000000 2.158401
99.250000 24.750000 2.770755
99.250000 24.500000 2.142767
99.250000 24.250000 3.025573
99.250000 24.000000 2.057652
99.250000 23.750000 3.133771
99.250000 23.500000 4.192563
99.250000 23.250000 4.309014
99.250000 23.000000 4.327371
99.250000 22.750000 4.333210
99.250000 22.500000 4.335840
99.250000 22.250000 4.337700
99.250000 22.000000 4.337700
99.500000 27.000000 4.337700
99.500000 26.750000 4.334585
99.500000 26.500000 4.115568
99.500000 26.250000 3.877606
99.500000 26.000000 2.999483
99.500000 25.750000 2.893848
99.500000 25.500000 3.379298
99.500000 25.250000 2.000168
99.500000 25.000000 1.999850
99.500000 24.750000 1.999982
99.500000 24.500000 3.131476
99.500000 24.250000 3.166651
99.500000 24.000000 3.763157
99.500000 23.750000 3.767544
99.500000 23.500000 4.192622
99.500000 23.250000 4.299684
99.500000 23.000000 4.322521
99.500000 22.750000 4.331070
99.500000 22.500000 4.335070
99.500000 22.250000 4.337700
99.500000 22.000000 4.337700
99.750000 27.000000 4.337700
99.750000 26.750000 4.334704
99.750000 26.500000 4.094966
99.750000 26.250000 3.400512
99.750000 26.000000 2.000141
99.750000 25.750000 1.999940
99.750000 25.500000 3.109557
99.750000 25.250000 1.999911
99.750000 25.000000 3.451432
99.750000 24.750000 3.170113
99.750000 24.500000 3.498291
99.750000 24.250000 2.980527
99.750000 24.000000 3.643851
99.750000 23.750000 3.341896
99.750000 23.500000 4.068222
99.750000 23.250000 4.281581
99.750000 23.000000 4.316186
99.750000 22.750000 4.328760
99.750000 22.500000 4.334320
99.750000 22.250000 4.337700
99.750000 22.000000 4.337700
100.000000 27.000000 4.337700
100.000000 26.750000 4.336208
100.000000 26.500000 4.137065
100.000000 26.250000 3.636824
100.000000 26.000000 2.091419
100.000000 25.750000 3.064878
100.000000 25.500000 3.456470
100.000000 25.250000 2.482856
100.000000 25.000000 3.284825
100.000000 24.750000 2.000171
100.000000 24.500000 3.023667
100.000000 24.250000 2.436376
100.000000 24.000000 3.706264
100.000000 23.750000 3.512142
100.000000 23.500000 3.878954
100.000000 23.250000 4.266991
100.000000 23.000000 4.313234
100.000000 22.750000 4.327848
100.000000 22.500000 4.334030
100.000000 22.250000 4.337700
100.000000 22.000000 4.337700
100.250000 27.000000 4.337700
100.250000 26.750000 4.338438
100.250000 26.500000 4.215866
100.250000 26.250000 3.742112
100.250000 26.000000 3.107695
100.250000 25.750000 2.923094
100.250000 25.500000 2.658562
100.250000 25.250000 2.357993
100.250000 25.000000 3.243530
100.250000 24.750000 2.890915
100.250000 24.500000 4.020298
100.250000 24.250000 3.847132
100.250000 24.000000 3.900486
100.250000 23.750000 3.981395
100.250000 23.500000 4.016139
100.250000 23.250000 4.281122
100.250000 23.000000 4.318021
100.250000 22.750000 4.329310
100.250000 22.500000 4.334470
100.250000 22.250000 4.337700
100.250000 22.000000 4.337700
100.500000 27.000000 4.337700
100.500000 26.750000 4.335502
100.500000 26.500000 4.078505
100.500000 26.250000 2.761190
100.500000 26.000000 2.974492
100.500000 25.750000 3.025362
100.500000 25.500000 3.549327
100.500000 25.250000 3.477636
100.500000 25.000000 3.389390
100.500000 24.750000 2.669024
100.500000 24.500000 3.280079
100.500000 24.250000 3.090837
100.500000 24.000000 3.797245
100.500000 23.750000 4.098074
100.500000 23.500000 4.243632
100.500000 23.250000 4.308080
100.500000 23.000000 4.324722
100.500000 22.750000 4.331691
100.500000 22.500000 4.335280
100.500000 22.250000 4.337700
100.500000 22.000000 4.337700
100.750000 27.000000 4.337700
100.750000 26.750000 4.337228
100.750000 26.500000 4.233484
100.750000 26.250000 3.999388
100.750000 26.000000 3.756138
100.750000 25.750000 2.993003
100.750000 25.500000 2.980531
100.750000 25.250000 2.895732
100.750000 25.000000 3.465720
100.750000 24.750000 3.583304
100.750000 24.500000 3.667521
100.750000 24.250000 3.646938
100.750000 24.000000 4.096201
100.750000 23.750000 4.274022
100.750000 23.500000 4.306948
100.750000 23.250000 4.322231
100.750000 23.000000 4.329802
100.750000 22.750000 4.333780
100.750000 22.500000 4.336040
100.750000 22.250000 4.337700
100.750000 22.000000 4.337700
101.000000 27.000000 4.337700
101.000000 26.750000 4.337700
101.000000 26.500000 4.307933
101.000000 26.250000 4.268503
101.000000 26.000000 4.131866
101.000000 25.750000 3.971296
101.000000 25.500000 3.922084
101.000000 25.250000 3.860463
101.000000 25.000000 4.007875
101.000000 24.750000 4.152594
101.000000 24.500000 4.230463
101.000000 24.250000 4.249641
101.000000 24.000000 4.284876
101.000000 23.750000 4.312133
101.000000 23.500000 4.323004
101.000000 23.250000 4.329408
101.000000 23.000000 4.333110
101.000000 22.750000 4.335300
101.000000 22.500000 4.336660
101.000000 22.250000 4.337700
101.000000 22.000000 4.337700
101.250000 27.000000 4.337700
101.250000 26.750000 4.337701
101.250000 26.500000 4.325475
101.250000 26.250000 4.311350
101.250000 26.000000 4.293320
101.250000 25.750000 4.276011
101.250000 25.500000 4.268551
101.250000 25.250000 4.264595
101.250000 25.000000 4.281737
101.250000 24.750000 4.303111
101.250000 24.500000 4.316744
101.250000 24.250000 4.319576
101.250000 24.000000 4.322761
101.250000 23.750000 4.327268
101.250000 23.500000 4.330951
101.250000 23.250000 4.333507
101.250000 23.000000 4.335210
101.250000 22.750000 4.336320
101.250000 22.500000 4.337100
101.250000 22.250000 4.337700
101.250000 22.000000 4.337700
101.500000 27.000000 4.337700
101.500000 26.750000 4.337700
101.500000 26.500000 4.333392
101.500000 26.250000 4.328582
101.500000 26.000000 4.323199
101.500000 25.750000 4.318533
101.500000 25.500000 4.316517
101.500000 25.250000 4.316609
101.500000 25.000000 4.321122
101.500000 24.750000 4.327271
101.500000 24.500000 4.331459
101.500000 24.250000 4.332540
101.500000 24.000000 4.333096
101.500000 23.750000 4.334068
101.500000 23.500000 4.335100
101.500000 23.250000 4.335950
101.500000 23.000000 4.336589
101.500000 22.750000 4.337100
101.500000 22.500000 4.337410
101.500000 22.250000 4.337700
101.500000 22.000000 4.337700
101.750000 27.000000 4.337700
101.750000 26.750000 4.337700
101.750000 26.500000 4.337700
101.750000 26.250000 4.337700
101.750000 26.000000 4.337700
101.750000 25.750000 4.337699
101.750000 25.500000 4.337700
101.750000 25.250000 4.337700
101.750000 25.000000 4.337700
101.750000 24.750000 4.337700
101.750000 24.500000 4.337700
101.750000 24.250000 4.337700
101.750000 24.000000 4.337699
101.750000 23.750000 4.337699
101.750000 23.500000 4.337700
101.750000 23.250000 4.337700
101.750000 23.000000 4.337700
101.750000 22.750000 4.337700
101.750000 22.500000 4.337700
101.750000 22.250000 4.337700
101.750000 22.000000 4.337700
102.000000 27.000000 4.337700
102.000000 26.750000 4.337700
102.000000 26.500000 4.337700
102.000000 26.250000 4.337700
102.000000 26.000000 4.337700
102.000000 25.750000 4.337700
102.000000 25.500000 4.337700
102.000000 25.250000 4.337700
102.000000 25.000000 4.337700
102.000000 24.750000 4.337700
102.000000 24.500000 4.337700
102.000000 24.250000 4.337700
102.000000 24.000000 4.337700
102.000000 23.750000 4.337700
102.000000 23.500000 4.337700
102.000000 23.250000 4.337700
102.000000 23.000000 4.337700
102.000000 22.750000 4.337700
102.000000 22.500000 4.337700
102.000000 22.250000 4.337700
102.000000 22.000000 4.337700
