97.000000 27.000000 4.202600
97.000000 26.750000 4.202600
97.000000 26.500000 4.202600
97.000000 26.250000 4.202600
97.000000 26.000000 4.202600
97.000000 25.750000 4.202600
97.000000 25.500000 4.202600
97.000000 25.250000 4.202600
97.000000 25.000000 4.202600
97.000000 24.750000 4.202600
97.000000 24.500000 4.202600
97.000000 24.250000 4.202600
97.000000 24.000000 4.202600
97.000000 23.750000 4.202600
97.000000 23.500000 4.202600
97.000000 23.250000 4.202600
97.000000 23.000000 4.202600
97.000000 22.750000 4.202600
97.000000 22.500000 4.202600
97.000000 22.250000 4.202600
97.000000 22.000000 4.202600
97.250000 27.000000 4.202600
97.250000 26.750000 4.202600
97.250000 26.500000 4.201197
97.250000 26.250000 4.199194
97.250000 26.000000 4.195291
97.250000 25.750000 4.189043
97.250000 25.500000 4.181455
97.250000 25.250000 4.175652
97.250000 25.000000 4.169520
97.250000 24.750000 4.156313
97.250000 24.500000 4.145200
97.250000 24.250000 4.143952
97.250000 24.000000 4.129001
97.250000 23.750000 4.162389
97.250000 23.500000 4.186918
97.250000 23.250000 4.196072
97.250000 23.000000 4.199761
97.250000 22.750000 4.201312
97.250000 22.500000 4.202102
97.250000 22.250000 4.202600
97.250000 22.000000 4.202600
97.500000 27.000000 4.202600
97.500000 26.750000 4.201263
97.500000 26.500000 4.175021
97.500000 26.250000 4.141949
97.500000 26.000000 4.096910
97.500000 25.750000 4.043009
97.500000 25.500000 3.989428
97.500000 25.250000 3.947481
97.500000 25.000000 3.915934
97.500000 24.750000 3.880597
97.500000 24.500000 3.850934
97.500000 24.250000 3.842990
97.500000 24.000000 3.826533
97.500000 23.750000 3.950407
97.500000 23.500000 4.059822
97.500000 23.250000 4.120171
97.500000 23.000000 4.154470
97.500000 22.750000 4.175770
97.500000 22.500000 4.190411
97.500000 22.250000 4.202080
97.500000 22.000000 4.202600
97.750000 27.000000 4.202600
97.750000 26.750000 4.199400
97.750000 26.500000 4.145560
97.750000 26.250000 4.077488
97.750000 26.000000 3.981339
97.750000 25.750000 3.858031
97.750000 25.500000 3.726984
97.750000 25.250000 3.621614
97.750000 25.000000 3.546236
97.750000 24.750000 3.519165
97.750000 24.500000 3.470129
97.750000 24.250000 3.455801
97.750000 24.000000 3.413464
97.750000 23.750000 3.727529
97.750000 23.500000 3.939076
97.750000 23.250000 4.049541
97.750000 23.000000 4.112651
97.750000 22.750000 4.152300
97.750000 22.500000 4.179719
97.750000 22.250000 4.201550
97.750000 22.000000 4.202600
98.000000 27.000000 4.202600
98.000000 26.750000 4.196592
98.000000 26.500000 4.108857
98.000000 26.250000 3.998987
98.000000 26.000000 3.837253
98.000000 25.750000 3.606944
98.000000 25.500000 3.343977
98.000000 25.250000 3.225797
98.000000 25.000000 3.157077
98.000000 24.750000 3.407055
98.000000 24.500000 3.362709
98.000000 24.250000 3.261639
98.000000 24.000000 3.331816
98.000000 23.750000 3.663942
98.000000 23.500000 3.861547
98.000000 23.250000 3.994841
98.000000 23.000000 4.079110
98.000000 22.750000 4.133639
98.000000 22.500000 4.171298
98.000000 22.250000 4.201109
98.000000 22.000000 4.202600
98.250000 27.000000 4.202600
98.250000 26.750000 4.190397
98.250000 26.500000 4.052541
98.250000 26.250000 3.893246
98.250000 26.000000 3.662074
98.250000 25.750000 3.299959
98.250000 25.500000 3.038099
98.250000 25.250000 2.991261
98.250000 25.000000 2.549695
98.250000 24.750000 3.265526
98.250000 24.500000 3.309768
98.250000 24.250000 3.368061
98.250000 24.000000 3.473490
98.250000 23.750000 3.646175
98.250000 23.500000 3.802302
98.250000 23.250000 3.956348
98.250000 23.000000 4.057939
98.250000 22.750000 4.122697
98.250000 22.500000 4.166487
98.250000 22.250000 4.200789
98.250000 22.000000 4.202600
98.500000 27.000000 4.202600
98.500000 26.750000 4.173650
98.500000 26.500000 3.943175
98.500000 26.250000 3.721509
98.500000 26.000000 3.471863
98.500000 25.750000 3.147129
98.500000 25.500000 2.907713
98.500000 25.250000 2.961830
98.500000 25.000000 2.131158
98.500000 24.750000 3.199926
98.500000 24.500000 2.887092
98.500000 24.250000 3.301971
98.500000 24.000000 3.482197
98.500000 23.750000 3.578516
98.500000 23.500000 3.758132
98.500000 23.250000 3.942711
98.500000 23.000000 4.054488
98.500000 22.750000 4.121527
98.500000 22.500000 4.165977
98.500000 22.250000 4.200829
98.500000 22.000000 4.202600
98.750000 27.000000 4.202600
98.750000 26.750000 4.122129
98.750000 26.500000 3.709396
98.750000 26.250000 3.374592
98.750000 26.000000 3.344621
98.750000 25.750000 3.123566
98.750000 25.500000 2.848857
98.750000 25.250000 3.298737
98.750000 25.000000 2.397786
98.750000 24.750000 3.448651
98.750000 24.500000 3.123895
98.750000 24.250000 3.312632
98.750000 24.000000 3.401898
98.750000 23.750000 3.523738
98.750000 23.500000 3.773885
98.750000 23.250000 3.962748
98.750000 23.000000 4.066643
98.750000 22.750000 4.127115
98.750000 22.500000 4.168007
98.750000 22.250000 4.201109
98.750000 22.000000 4.202600
99.000000 27.000000 4.202600
99.000000 26.750000 3.995618
99.000000 26.500000 3.321081
99.000000 26.250000 2.697237
99.000000 26.000000 2.991452
99.000000 25.750000 3.003444
99.000000 25.500000 2.742034
99.000000 25.250000 3.158565
99.000000 25.000000 3.341813
99.000000 24.750000 3.660911
99.000000 24.500000 3.383723
99.000000 24.250000 3.470099
99.000000 24.000000 3.258389
99.000000 23.750000 3.350162
99.000000 23.500000 3.757843
99.000000 23.250000 3.966301
99.000000 23.000000 4.069264
99.000000 22.750000 4.127816
99.000000 22.500000 4.167948
99.000000 22.250000 4.201200
99.000000 22.000000 4.202600
99.250000 27.000000 4.202600
99.250000 26.750000 3.988503
99.250000 26.500000 3.238417
99.250000 26.250000 2.620823
99.250000 26.000000 2.826055
99.250000 25.750000 3.307749
99.250000 25.500000 3.372688
99.250000 25.250000 2.816902
99.250000 25.000000 3.166263
99.250000 24.750000 3.411684
99.250000 24.500000 3.208712
99.250000 24.250000 3.219091
99.250000 24.000000 2.834017
99.250000 23.750000 3.018962
99.250000 23.500000 3.614440
99.250000 23.250000 3.905786
99.250000 23.000000 4.041929
99.250000 22.750000 4.115019
99.250000 22.500000 4.162579
99.250000 22.250000 4.200740
99.250000 22.000000 4.202600
99.500000 27.000000 4.202600
99.500000 26.750000 4.061251
99.500000 26.500000 3.390186
99.500000 26.250000 3.013471
99.500000 26.000000 2.846813
99.500000 25.750000 3.178727
99.500000 25.500000 3.437930
99.500000 25.250000 2.805299
99.500000 25.000000 3.098539
99.500000 24.750000 3.207393
99.500000 24.500000 3.422542
99.500000 24.250000 3.343522
99.500000 24.000000 3.309410
99.500000 23.750000 3.233145
99.500000 23.500000 3.579545
99.500000 23.250000 3.848112
99.500000 23.000000 4.003450
99.500000 22.750000 4.094379
99.500000 22.500000 4.153700
99.500000 22.250000 4.199970
99.500000 22.000000 4.202600
99.750000 27.000000 4.202600
99.750000 26.750000 4.055886
99.750000 26.500000 3.404855
99.750000 26.250000 2.868656
99.750000 26.000000 2.363154
99.750000 25.750000 2.825497
99.750000 25.500000 3.349813
99.750000 25.250000 2.962260
99.750000 25.000000 3.468278
99.750000 24.750000 3.364297
99.750000 24.500000 3.478572
99.750000 24.250000 3.243739
99.750000 24.000000 3.299379
99.750000 23.750000 3.099102
99.750000 23.500000 3.442156
99.750000 23.250000 3.769462
99.750000 23.000000 3.961914
99.750000 22.750000 4.073908
99.750000 22.500000 4.145179
99.750000 22.250000 4.199220
99.750000 22.000000 4.202600
100.000000 27.000000 4.202600
100.000000 26.750000 4.099633
100.000000 26.500000 3.519407
100.000000 26.250000 3.075052
100.000000 26.000000 2.651443
100.000000 25.750000 3.105762
100.000000 25.500000 3.417270
100.000000 25.250000 3.179007
100.000000 25.000000 3.366074
100.000000 24.750000 2.761618
100.000000 24.500000 3.195890
100.000000 24.250000 3.033320
100.000000 24.000000 3.260716
100.000000 23.750000 3.129630
100.000000 23.500000 3.382351
100.000000 23.250000 3.738619
100.000000 23.000000 3.946751
100.000000 22.750000 4.066466
100.000000 22.500000 4.142029
100.000000 22.250000 4.198930
100.000000 22.000000 4.202600
100.250000 27.000000 4.202600
100.250000 26.750000 4.120393
100.250000 26.500000 3.585296
100.250000 26.250000 3.129981
100.250000 26.000000 2.910929
100.250000 25.750000 3.001280
100.250000 25.500000 3.128373
100.250000 25.250000 3.117023
100.250000 25.000000 3.335894
100.250000 24.750000 3.147015
100.250000 24.500000 3.498909
100.250000 24.250000 3.403920
100.250000 24.000000 3.412611
100.250000 23.750000 3.419161
100.250000 23.500000 3.558174
100.250000 23.250000 3.811873
100.250000 23.000000 3.976861
100.250000 22.750000 4.078799
100.250000 22.500000 4.146670
100.250000 22.250000 4.199370
100.250000 22.000000 4.202600
100.500000 27.000000 4.202600
100.500000 26.750000 4.061827
100.500000 26.500000 3.508875
100.500000 26.250000 2.784148
100.500000 26.000000 2.783748
100.500000 25.750000 2.930130
100.500000 25.500000 3.245334
100.500000 25.250000 3.305041
100.500000 25.000000 3.279860
100.500000 24.750000 3.036581
100.500000 24.500000 3.200350
100.500000 24.250000 3.113501
100.500000 24.000000 3.296770
100.500000 23.750000 3.558934
100.500000 23.500000 3.750681
100.500000 23.250000 3.914649
100.500000 23.000000 4.027012
100.500000 22.750000 4.102471
100.500000 22.500000 4.156370
100.500000 22.250000 4.200180
100.500000 22.000000 4.202600
100.750000 27.000000 4.202600
100.750000 26.750000 4.129799
100.750000 26.500000 3.730167
100.750000 26.250000 3.268998
100.750000 26.000000 3.030049
100.750000 25.750000 2.845790
100.750000 25.500000 2.937511
100.750000 25.250000 2.998300
100.750000 25.000000 3.185090
100.750000 24.750000 3.237402
100.750000 24.500000 3.305643
100.750000 24.250000 3.290461
100.750000 24.000000 3.540074
100.750000 23.750000 3.760361
100.750000 23.500000 3.902160
100.750000 23.250000 4.004027
100.750000 23.000000 4.076232
100.750000 22.750000 4.128071
100.750000 22.500000 4.167540
100.750000 22.250000 4.200940
100.750000 22.000000 4.202600
101.000000 27.000000 4.202600
101.000000 26.750000 4.172244
101.000000 26.500000 3.933445
101.000000 26.250000 3.683502
101.000000 26.000000 3.446496
101.000000 25.750000 3.247186
101.000000 25.500000 3.209176
101.000000 25.250000 3.227926
101.000000 25.000000 3.398025
101.000000 24.750000 3.580607
101.000000 24.500000 3.707578
101.000000 24.250000 3.755017
101.000000 24.000000 3.843422
101.000000 23.750000 3.940665
101.000000 23.500000 4.016473
101.000000 23.250000 4.074199
101.000000 23.000000 4.117791
101.000000 22.750000 4.151190
101.000000 22.500000 4.178050
101.000000 22.250000 4.201560
101.000000 22.000000 4.202600
101.250000 27.000000 4.202600
101.250000 26.750000 4.190260
101.250000 26.500000 4.061113
101.250000 26.250000 3.932260
101.250000 26.000000 3.812086
101.250000 25.750000 3.719285
101.250000 25.500000 3.687659
101.250000 25.250000 3.703713
101.250000 25.000000 3.788229
101.250000 24.750000 3.891315
101.250000 24.500000 3.965180
101.250000 24.250000 3.996914
101.250000 24.000000 4.027573
101.250000 23.750000 4.063961
101.250000 23.500000 4.098113
101.250000 23.250000 4.127249
101.250000 23.000000 4.151159
101.250000 22.750000 4.170730
101.250000 22.500000 4.187210
101.250000 22.250000 4.202000
101.250000 22.000000 4.202600
101.500000 27.000000 4.202600
101.500000 26.750000 4.198280
101.500000 26.500000 4.140941
101.500000 26.250000 4.084924
101.500000 26.000000 4.033882
101.500000 25.750000 3.995827
101.500000 25.500000 3.981166
101.500000 25.250000 3.989676
101.500000 25.000000 4.025479
101.500000 24.750000 4.071082
101.500000 24.500000 4.104922
101.500000 24.250000 4.120492
101.500000 24.000000 4.130849
101.500000 23.750000 4.142799
101.500000 23.500000 4.155520
101.500000 23.250000 4.167520
101.500000 23.000000 4.178109
101.500000 22.750000 4.187239
101.500000 22.500000 4.195130
101.500000 22.250000 4.202310
101.500000 22.000000 4.202600
101.750000 27.000000 4.202600
101.750000 26.750000 4.202601
101.750000 26.500000 4.198292
101.750000 26.250000 4.193482
101.750000 26.000000 4.188100
101.750000 25.750000 4.183478
101.750000 25.500000 4.181418
101.750000 25.250000 4.181519
101.750000 25.000000 4.186011
101.750000 24.750000 4.192171
101.750000 24.500000 4.196371
101.750000 24.250000 4.197440
101.750000 24.000000 4.198007
101.750000 23.750000 4.198958
101.750000 23.500000 4.199979
101.750000 23.250000 4.200850
101.750000 23.000000 4.201489
101.750000 22.750000 4.202000
101.750000 22.500000 4.202310
101.750000 22.250000 4.202600
101.750000 22.000000 4.202600
102.000000 27.000000 4.202600
102.000000 26.750000 4.202600
102.000000 26.500000 4.202600
102.000000 26.250000 4.202600
102.000000 26.000000 4.202600
102.000000 25.750000 4.202600
102.000000 25.500000 4.202600
102.000000 25.250000 4.202600
102.000000 25.000000 4.202600
102.000000 24.750000 4.202600
102.000000 24.500000 4.202600
102.000000 24.250000 4.202600
102.000000 24.000000 4.202600
102.000000 23.750000 4.202600
102.000000 23.500000 4.202600
102.000000 23.250000 4.202600
102.000000 23.000000 4.202600
102.000000 22.750000 4.202600
102.000000 22.500000 4.202600
102.000000 22.250000 4.202600
102.000000 22.000000 4.202600
