0.0 2.0 4.0 6.0 8.0 10.0 15.0 20.0 25.0 30.0 35.0 40.0 45.0 50.0 55.0 60.0 
2.6438 2.6438 2.6438 2.6438 2.6438 2.6438 2.6438 2.6438 2.6438 2.6438 2.6438 2.6438 2.6438 2.6438 2.6438 2.6438 2.6438 2.6438 2.6438 2.6438 2.6438 
2.6438 2.6440 2.6454 2.6421 2.6449 2.6494 2.6454 2.6458 2.6475 2.6441 2.6458 2.6484 2.6468 2.6485 2.6476 2.6441 2.6438 2.6438 2.6438 2.6438 2.6438 
2.6438 2.6451 2.6895 2.6816 3.3680 2.1345 2.5823 2.6405 3.0648 3.1151 3.0550 2.9770 2.9478 2.6884 2.9176 2.6815 2.6553 2.6480 2.6458 2.6438 2.6438 
2.6438 2.6446 2.5831 2.3122 2.4787 2.5651 2.6152 2.1807 2.4788 1.8145 2.5326 2.5020 2.4978 2.7191 2.8248 2.6621 2.6529 2.6484 2.6463 2.6438 2.6438 
2.6438 2.6450 2.6782 2.9304 2.5214 2.2873 2.9980 3.0538 2.6490 2.7740 2.4907 2.5423 2.9598 2.8834 2.7171 2.6648 2.6524 2.6482 2.6460 2.6438 2.6438 
2.6438 2.6422 2.0342 1.5000 2.9561 2.7462 2.7188 2.8646 3.1287 2.7610 2.6873 2.0568 2.7769 2.6407 2.1965 2.6525 2.6490 2.6463 2.6452 2.6438 2.6438 
2.6438 2.6417 2.4783 2.7338 2.4484 2.7690 2.8089 2.1160 2.3053 2.7808 2.6341 2.7549 2.8319 3.2366 2.4793 2.6494 2.6453 2.6446 2.6440 2.6438 2.6438 
2.6438 2.6424 3.1222 2.9862 2.3687 3.4377 3.3482 3.4672 3.4091 3.0829 2.7923 3.0484 2.5746 2.3389 2.7213 2.6245 2.6379 2.6417 2.6429 2.6438 2.6438 
2.6438 2.6420 2.6593 2.6798 2.0002 2.4216 1.6117 2.1545 1.8669 2.3878 2.8647 2.6240 3.3573 2.4630 2.6307 2.6324 2.6377 2.6408 2.6422 2.6438 2.6438 
2.6438 2.6433 2.0468 2.6360 2.9082 2.4683 3.0888 3.2017 3.0549 2.7817 2.8028 2.6126 2.9805 2.9878 2.5407 2.6325 2.6382 2.6413 2.6422 2.6438 2.6438 
2.6438 2.6405 2.8188 2.6268 2.2330 2.3613 2.2201 2.3166 2.3861 2.1540 2.5287 2.4449 2.7776 2.4189 2.2405 2.6325 2.6394 2.6417 2.6422 2.6438 2.6438 
2.6438 2.6431 2.7994 3.5458 3.0547 2.3174 2.4485 2.3674 2.5723 2.6486 2.6515 2.4006 2.2314 2.6532 2.3654 2.6459 2.6422 2.6424 2.6423 2.6438 2.6438 
2.6438 2.6422 2.5642 2.3768 3.0418 3.1034 2.5600 2.5765 2.5886 2.6439 2.9037 2.9809 3.0929 3.0295 2.7846 2.6287 2.6396 2.6418 2.6422 2.6438 2.6438 
2.6438 2.6428 2.9396 2.5892 1.7982 2.6403 2.9405 2.5278 2.4949 2.6328 2.5654 2.7453 2.4364 1.8977 2.6785 2.6443 2.6430 2.6427 2.6426 2.6438 2.6438 
2.6438 2.6451 2.1076 2.9003 3.0777 2.7025 2.7540 2.4234 2.5900 2.6882 2.6491 2.4452 2.5492 2.2967 2.6943 2.6432 2.6449 2.6434 2.6427 2.6438 2.6438 
2.6438 2.6412 2.4984 1.9862 2.1653 2.7518 2.8331 2.7620 2.6750 2.7112 2.4285 2.9438 2.9552 3.0480 2.5571 2.6623 2.6497 2.6454 2.6435 2.6438 2.6438 
2.6438 2.6428 3.0112 2.7584 2.6865 2.3101 2.4568 2.6237 2.4419 2.7361 2.8384 2.7762 2.4152 3.0686 2.9311 2.6677 2.6522 2.6461 2.6443 2.6438 2.6438 
2.6438 2.6438 2.6600 2.6481 2.6326 2.6258 2.6179 2.6202 2.6201 2.6429 2.6506 2.6644 2.6651 2.6726 2.6606 2.6548 2.6494 2.6461 2.6446 2.6438 2.6438 
2.6438 2.6438 2.6464 2.6443 2.6405 2.6378 2.6357 2.6356 2.6366 2.6425 2.6464 2.6504 2.6524 2.6532 2.6508 2.6482 2.6466 2.6448 2.6444 2.6438 2.6438 
2.6438 2.6438 2.6438 2.6438 2.6438 2.6438 2.6438 2.6438 2.6438 2.6438 2.6438 2.6438 2.6438 2.6438 2.6438 2.6438 2.6438 2.6438 2.6438 2.6438 2.6438 
2.6438 2.6438 2.6438 2.6438 2.6438 2.6438 2.6438 2.6438 2.6438 2.6438 2.6438 2.6438 2.6438 2.6438 2.6438 2.6438 2.6438 2.6438 2.6438 2.6438 2.6438 
2.6438 2.6438 2.6438 2.6438 2.6438 2.6438 2.6438 2.6438 2.6438 2.6438 2.6438 2.6438 2.6438 2.6438 2.6438 2.6438 2.6438 2.6438 2.6438 2.6438 2.6438 
2.6438 2.6455 2.7643 2.6779 2.7349 2.6878 2.7290 2.7731 2.8359 2.7379 2.7525 2.7933 2.7553 2.7615 2.7967 2.6839 2.6556 2.6482 2.6458 2.6438 2.6438 
2.6438 2.7609 2.8602 2.8028 2.9222 2.6920 2.8144 2.8892 3.0130 2.9616 2.9514 2.9815 2.9809 2.9429 2.9851 2.8188 2.7308 2.6884 2.6638 2.6457 2.6438 
2.6438 2.6673 2.7176 2.6585 2.7258 2.6507 2.6843 2.5799 2.6048 2.6344 2.6449 2.6878 2.8490 2.8709 2.8843 2.8039 2.7456 2.7047 2.6735 2.6461 2.6438 
2.6438 2.6722 2.6362 2.6429 2.6647 2.6218 2.7069 2.8035 2.8106 2.7294 2.6983 2.6939 2.8880 2.8994 2.8416 2.7871 2.7429 2.7067 2.6755 2.6459 2.6438 
2.6438 2.5274 2.3635 2.3386 2.6388 2.6526 2.6920 2.7917 2.8230 2.7841 2.6842 2.6343 2.8386 2.8655 2.6795 2.7337 2.7212 2.6966 2.6710 2.6451 2.6438 
2.6438 2.5878 2.5091 2.5449 2.4537 2.5743 2.6475 2.5947 2.6144 2.8397 2.7764 2.7779 2.8564 2.8661 2.7036 2.7013 2.6917 2.6785 2.6621 2.6440 2.6438 
2.6438 2.6968 2.7374 2.7598 2.6333 2.7912 2.8312 2.8427 2.8886 2.8601 2.8558 2.8594 2.8512 2.7398 2.6436 2.6410 2.6542 2.6574 2.6521 2.6429 2.6438 
2.6438 2.5921 2.5494 2.6869 2.5476 2.5161 2.5092 2.5177 2.5847 2.6300 2.7278 2.8242 2.9113 2.6995 2.6338 2.6267 2.6380 2.6453 2.6457 2.6423 2.6438 
2.6438 2.5530 2.3455 2.4767 2.4753 2.4118 2.5620 2.6713 2.7138 2.6516 2.7252 2.7721 2.8527 2.7083 2.5939 2.6159 2.6337 2.6422 2.6435 2.6422 2.6438 
2.6438 2.5296 2.4117 2.3636 2.3225 2.3564 2.4075 2.4728 2.5747 2.5274 2.6060 2.6851 2.7669 2.6406 2.5190 2.6104 2.6373 2.6439 2.6437 2.6426 2.6438 
2.6438 2.6639 2.5440 2.5272 2.5505 2.3924 2.3749 2.4270 2.4543 2.5374 2.6500 2.6624 2.6351 2.6243 2.5914 2.6406 2.6486 2.6480 2.6450 2.6426 2.6438 
2.6438 2.5311 2.4178 2.3993 2.5400 2.5229 2.5301 2.5530 2.5607 2.5988 2.7312 2.7952 2.8211 2.7118 2.6535 2.6458 2.6515 2.6503 2.6460 2.6423 2.6438 
2.6438 2.6427 2.5951 2.5484 2.3965 2.4902 2.5810 2.5261 2.5172 2.5527 2.6617 2.7324 2.6040 2.5354 2.7004 2.6859 2.6714 2.6592 2.6496 2.6427 2.6438 
2.6438 2.6728 2.5353 2.6829 2.6622 2.5292 2.5523 2.5039 2.5163 2.6227 2.6652 2.6629 2.7015 2.6888 2.7312 2.7154 2.6924 2.6713 2.6550 2.6430 2.6438 
2.6438 2.5193 2.4432 2.4154 2.4191 2.4267 2.5455 2.5249 2.5551 2.6251 2.6569 2.7777 2.8609 2.8733 2.8088 2.7656 2.7184 2.6841 2.6606 2.6437 2.6438 
2.6438 2.6874 2.7008 2.5999 2.4613 2.3282 2.3880 2.4392 2.4639 2.6170 2.7125 2.7933 2.7615 2.9205 2.8988 2.7911 2.7283 2.6887 2.6630 2.6443 2.6438 
2.6438 2.6590 2.6622 2.6132 2.5422 2.4881 2.4819 2.4977 2.5305 2.6144 2.6826 2.7419 2.7641 2.8047 2.7901 2.7474 2.7096 2.6805 2.6603 2.6446 2.6438 
2.6438 2.6472 2.6472 2.6283 2.6006 2.5785 2.5690 2.5724 2.5902 2.6280 2.6641 2.6947 2.7123 2.7232 2.7150 2.6973 2.6797 2.6643 2.6534 2.6444 2.6438 
2.6438 2.6438 2.6464 2.6448 2.6404 2.6380 2.6355 2.6350 2.6367 2.6426 2.6468 2.6506 2.6523 2.6535 2.6510 2.6481 2.6467 2.6448 2.6444 2.6438 2.6438 
2.6438 2.6438 2.6438 2.6438 2.6438 2.6438 2.6438 2.6438 2.6438 2.6438 2.6438 2.6438 2.6438 2.6438 2.6438 2.6438 2.6438 2.6438 2.6438 2.6438 2.6438 
2.6438 2.6438 2.6438 2.6438 2.6438 2.6438 2.6438 2.6438 2.6438 2.6438 2.6438 2.6438 2.6438 2.6438 2.6438 2.6438 2.6438 2.6438 2.6438 2.6438 2.6438 
2.6438 2.6471 2.8408 2.6459 2.6954 2.8102 2.7999 2.8542 2.8887 2.7066 2.7555 2.8687 2.8016 2.8343 2.8515 2.7014 2.6617 2.6509 2.6472 2.6438 2.6438 
2.6438 2.8340 2.9933 2.8377 2.8791 2.9422 3.0008 3.0617 3.0624 2.9459 2.9408 3.0464 3.0559 3.0484 3.0502 2.8824 2.7763 2.7173 2.6793 2.6471 2.6438 
2.6438 2.7072 2.8292 2.7755 2.8474 2.8048 2.7749 2.6856 2.6306 2.8498 2.7109 2.7525 2.9366 2.8672 2.8715 2.8537 2.8011 2.7469 2.6968 2.6479 2.6438 
2.6438 2.6643 2.6743 2.6457 2.7443 2.7333 2.5718 2.6645 2.8049 2.7253 2.7845 2.7792 2.8578 2.8467 2.8751 2.8551 2.8085 2.7558 2.7022 2.6478 2.6438 
2.6438 2.5976 2.5613 2.6689 2.5942 2.5673 2.5744 2.7119 2.7031 2.7218 2.7046 2.8328 2.8735 2.8990 2.8487 2.8326 2.7917 2.7449 2.6968 2.6467 2.6438 
2.6438 2.5737 2.4983 2.4832 2.3976 2.4537 2.5148 2.6675 2.6173 2.7893 2.7663 2.7719 2.8144 2.7733 2.7911 2.7698 2.7444 2.7158 2.6820 2.6448 2.6438 
2.6438 2.6011 2.5313 2.6196 2.6631 2.5304 2.5584 2.5881 2.6368 2.6793 2.7737 2.7253 2.8456 2.8557 2.6692 2.6692 2.6820 2.6799 2.6649 2.6430 2.6438 
2.6438 2.5344 2.4411 2.6478 2.7091 2.5726 2.7001 2.6165 2.7356 2.6642 2.6265 2.7690 2.7435 2.7227 2.6563 2.6437 2.6542 2.6592 2.6535 2.6419 2.6438 
2.6438 2.6129 2.3983 2.4680 2.4208 2.4144 2.4109 2.4784 2.5807 2.5708 2.6634 2.8007 2.7642 2.6257 2.6310 2.6406 2.6508 2.6544 2.6498 2.6420 2.6438 
2.6438 2.4325 2.2197 2.2362 2.3274 2.3871 2.4886 2.5416 2.6537 2.6538 2.6484 2.7445 2.7594 2.7259 2.6508 2.6628 2.6635 2.6583 2.6502 2.6421 2.6438 
2.6438 2.6324 2.3404 2.1490 2.3410 2.3732 2.3761 2.4651 2.4242 2.5107 2.6596 2.7449 2.7405 2.6687 2.7216 2.6981 2.6771 2.6628 2.6511 2.6423 2.6438 
2.6438 2.4711 2.2680 2.3286 2.3646 2.3050 2.4504 2.5060 2.5439 2.5556 2.6411 2.6990 2.7346 2.6337 2.6429 2.6660 2.6700 2.6622 2.6511 2.6418 2.6438 
2.6438 2.5675 2.4550 2.5212 2.5243 2.3831 2.4169 2.4759 2.5030 2.5513 2.6614 2.7505 2.6857 2.7600 2.7871 2.7309 2.6980 2.6747 2.6559 2.6421 2.6438 
2.6438 2.7570 2.6319 2.6084 2.5838 2.4587 2.4236 2.4608 2.4696 2.6011 2.6741 2.7819 2.8224 2.8667 2.8119 2.7709 2.7301 2.6932 2.6645 2.6425 2.6438 
2.6438 2.4598 2.4065 2.5010 2.4807 2.3357 2.4204 2.4070 2.4746 2.5870 2.7062 2.7482 2.8293 2.8065 2.8693 2.8280 2.7658 2.7128 2.6737 2.6439 2.6438 
2.6438 2.6522 2.5949 2.5329 2.4137 2.3279 2.3344 2.3520 2.4208 2.5729 2.6848 2.7842 2.8304 2.8854 2.9064 2.8473 2.7769 2.7192 2.6775 2.6448 2.6438 
2.6438 2.6585 2.6344 2.5791 2.5098 2.4614 2.4322 2.4360 2.4842 2.5943 2.6893 2.7740 2.8262 2.8534 2.8375 2.7980 2.7497 2.7061 2.6724 2.6450 2.6438 
2.6438 2.6476 2.6406 2.6161 2.5863 2.5624 2.5422 2.5403 2.5650 2.6198 2.6740 2.7216 2.7530 2.7630 2.7500 2.7279 2.7026 2.6792 2.6604 2.6448 2.6438 
2.6438 2.6438 2.6469 2.6446 2.6409 2.6401 2.6339 2.6313 2.6338 2.6426 2.6488 2.6547 2.6589 2.6585 2.6538 2.6504 2.6484 2.6456 2.6448 2.6438 2.6438 
2.6438 2.6438 2.6438 2.6438 2.6438 2.6438 2.6438 2.6438 2.6438 2.6438 2.6438 2.6438 2.6438 2.6438 2.6438 2.6438 2.6438 2.6438 2.6438 2.6438 2.6438 
2.6438 2.6438 2.6438 2.6438 2.6438 2.6438 2.6438 2.6438 2.6438 2.6438 2.6438 2.6438 2.6438 2.6438 2.6438 2.6438 2.6438 2.6438 2.6438 2.6438 2.6438 
2.6438 2.6485 2.8745 2.6152 2.6648 2.8987 2.8499 2.8850 2.8883 2.6786 2.7384 2.8926 2.8205 2.8672 2.8627 2.7061 2.6641 2.6530 2.6484 2.6438 2.6438 
2.6438 2.8659 3.0633 2.8393 2.8847 3.0941 3.0882 3.1433 3.0576 2.9112 2.9068 3.0553 3.0692 3.0563 3.0423 2.8944 2.7965 2.7363 2.6907 2.6479 2.6438 
2.6438 2.7312 2.8942 2.8064 2.9049 2.9480 2.8527 2.6877 2.5951 2.8797 2.7171 2.7563 2.9075 2.7691 2.7927 2.8455 2.8259 2.7760 2.7153 2.6493 2.6438 
2.6438 2.6566 2.7063 2.6644 2.7822 2.7862 2.4787 2.5242 2.7182 2.6802 2.7905 2.8015 2.7826 2.7165 2.8178 2.8680 2.8476 2.7942 2.7256 2.6496 2.6438 
2.6438 2.6501 2.6743 2.7852 2.5639 2.4863 2.4382 2.5967 2.5984 2.6314 2.6891 2.8997 2.8446 2.8306 2.8849 2.8894 2.8474 2.7887 2.7216 2.6485 2.6438 
2.6438 2.5669 2.4782 2.4366 2.3590 2.3758 2.4052 2.6341 2.5577 2.6865 2.7014 2.7293 2.7338 2.6968 2.8137 2.8216 2.7955 2.7549 2.7038 2.6463 2.6438 
2.6438 2.5227 2.3727 2.4818 2.6234 2.3971 2.3923 2.4493 2.4767 2.5370 2.6614 2.5972 2.7542 2.8613 2.7011 2.7074 2.7192 2.7095 2.6814 2.6441 2.6438 
2.6438 2.4993 2.3479 2.5666 2.7417 2.5931 2.7108 2.6244 2.7327 2.6417 2.5557 2.6861 2.6370 2.7032 2.6812 2.6759 2.6843 2.6825 2.6663 2.6426 2.6438 
2.6438 2.6576 2.4252 2.5068 2.4762 2.4619 2.3548 2.3792 2.4873 2.5040 2.6079 2.7836 2.6986 2.5880 2.6627 2.6802 2.6829 2.6765 2.6613 2.6427 2.6438 
2.6438 2.3950 2.1485 2.2280 2.3944 2.4561 2.5449 2.5889 2.6811 2.6974 2.6584 2.7348 2.7190 2.7540 2.7340 2.7258 2.7033 2.6821 2.6612 2.6429 2.6438 
2.6438 2.6035 2.2291 2.0316 2.2996 2.4068 2.4184 2.5081 2.4335 2.5094 2.6567 2.7488 2.7500 2.6955 2.8020 2.7576 2.7131 2.6830 2.6601 2.6427 2.6438 
2.6438 2.4433 2.1832 2.3094 2.3314 2.2384 2.4097 2.4782 2.5393 2.5405 2.5852 2.6275 2.6689 2.5991 2.6543 2.6883 2.6896 2.6753 2.6571 2.6416 2.6438 
2.6438 2.5234 2.3815 2.5234 2.5992 2.3461 2.3393 2.4389 2.5064 2.5892 2.6479 2.7334 2.7076 2.8488 2.8417 2.7609 2.7172 2.6862 2.6608 2.6416 2.6438 
2.6438 2.7834 2.6491 2.5924 2.6083 2.4674 2.3788 2.4388 2.4642 2.6118 2.6637 2.8129 2.8616 2.9308 2.8577 2.8016 2.7521 2.7069 2.6705 2.6420 2.6438 
2.6438 2.4406 2.3924 2.5306 2.5338 2.3548 2.3965 2.3745 2.4469 2.5829 2.7159 2.7232 2.7841 2.7451 2.8617 2.8484 2.7891 2.7294 2.6814 2.6435 2.6438 
2.6438 2.6275 2.5478 2.5099 2.4367 2.3880 2.3572 2.3463 2.4113 2.5630 2.6737 2.7580 2.8276 2.8464 2.8875 2.8635 2.8005 2.7372 2.6860 2.6449 2.6438 
2.6438 2.6573 2.6176 2.5693 2.5278 2.5026 2.4526 2.4353 2.4761 2.5920 2.6937 2.7835 2.8517 2.8647 2.8461 2.8172 2.7706 2.7214 2.6802 2.6451 2.6438 
2.6438 2.6479 2.6375 2.6164 2.5984 2.5833 2.5541 2.5408 2.5616 2.6214 2.6823 2.7369 2.7762 2.7819 2.7637 2.7418 2.7157 2.6883 2.6650 2.6448 2.6438 
2.6438 2.6438 2.6470 2.6452 2.6448 2.6465 2.6378 2.6323 2.6339 2.6438 2.6507 2.6570 2.6635 2.6616 2.6541 2.6507 2.6491 2.6460 2.6448 2.6438 2.6438 
2.6438 2.6438 2.6438 2.6438 2.6438 2.6438 2.6438 2.6438 2.6438 2.6438 2.6438 2.6438 2.6438 2.6438 2.6438 2.6438 2.6438 2.6438 2.6438 2.6438 2.6438 
2.6438 2.6438 2.6438 2.6438 2.6438 2.6438 2.6438 2.6438 2.6438 2.6438 2.6438 2.6438 2.6438 2.6438 2.6438 2.6438 2.6438 2.6438 2.6438 2.6438 2.6438 
2.6438 2.6498 2.8971 2.5930 2.6434 2.9638 2.9033 2.9023 2.8780 2.6626 2.7167 2.8979 2.8301 2.8801 2.8614 2.7088 2.6663 2.6547 2.6496 2.6438 2.6438 
2.6438 2.8874 3.1171 2.8294 2.8985 3.1684 3.1636 3.2048 3.0414 2.8741 2.8593 3.0411 3.0579 3.0307 3.0111 2.8915 2.8088 2.7516 2.7012 2.6492 2.6438 
2.6438 2.7471 2.9351 2.7926 2.9334 3.0919 2.9378 2.6566 2.5381 2.8572 2.6884 2.7308 2.8401 2.6358 2.6889 2.8169 2.8393 2.8003 2.7331 2.6511 2.6438 
2.6438 2.6529 2.7254 2.6678 2.8022 2.8319 2.4110 2.3927 2.6208 2.6318 2.7706 2.8008 2.6963 2.5568 2.7239 2.8570 2.8760 2.8286 2.7485 2.6519 2.6438 
2.6438 2.6806 2.7333 2.8242 2.5339 2.4187 2.3115 2.4862 2.5192 2.5597 2.6708 2.9305 2.8027 2.7350 2.8688 2.9235 2.8962 2.8313 2.7469 2.6509 2.6438 
2.6438 2.5618 2.4467 2.3918 2.3252 2.3164 2.3218 2.5896 2.5106 2.6114 2.6511 2.6911 2.6567 2.6277 2.8128 2.8637 2.8458 2.7961 2.7273 2.6484 2.6438 
2.6438 2.4651 2.2312 2.3474 2.5696 2.3313 2.3119 2.4050 2.4185 2.4763 2.5941 2.5052 2.6615 2.8386 2.7295 2.7495 2.7622 2.7439 2.7005 2.6454 2.6438 
2.6438 2.4734 2.2551 2.4731 2.7366 2.6036 2.6929 2.6268 2.7259 2.6456 2.5417 2.6441 2.5775 2.6872 2.7094 2.7142 2.7208 2.7109 2.6818 2.6438 2.6438 
2.6438 2.6805 2.4357 2.5495 2.5611 2.5197 2.3368 2.3318 2.4357 2.4733 2.5923 2.7870 2.6651 2.5665 2.6878 2.7206 2.7193 2.7031 2.6749 2.6438 2.6438 
2.6438 2.3823 2.1223 2.2633 2.4937 2.5469 2.5986 2.6410 2.7125 2.7298 2.6762 2.7283 2.6850 2.7588 2.7913 2.7824 2.7442 2.7079 2.6736 2.6440 2.6438 
2.6438 2.5822 2.1705 2.0253 2.3491 2.4880 2.4899 2.5684 2.4674 2.5260 2.6648 2.7395 2.7303 2.6971 2.8472 2.8037 2.7454 2.7032 2.6694 2.6434 2.6438 
2.6438 2.4220 2.1275 2.3272 2.3739 2.2518 2.4181 2.4922 2.5663 2.5577 2.5649 2.5775 2.6067 2.5581 2.6487 2.6964 2.7015 2.6846 2.6614 2.6416 2.6438 
2.6438 2.5005 2.3410 2.5620 2.6901 2.3627 2.3215 2.4377 2.5452 2.6553 2.6449 2.6945 2.6818 2.8669 2.8604 2.7694 2.7237 2.6913 2.6629 2.6413 2.6438 
2.6438 2.7864 2.6512 2.6286 2.6995 2.5325 2.4033 2.4633 2.5034 2.6540 2.6512 2.7906 2.8430 2.9356 2.8697 2.8088 2.7586 2.7120 2.6725 2.6416 2.6438 
2.6438 2.4343 2.3824 2.5522 2.5966 2.4230 2.4419 2.4079 2.4698 2.6088 2.7165 2.6870 2.7269 2.6796 2.8220 2.8426 2.7958 2.7361 2.6850 2.6432 2.6438 
2.6438 2.6142 2.5251 2.5066 2.4811 2.4763 2.4321 2.3952 2.4345 2.5726 2.6653 2.7232 2.8003 2.8005 2.8516 2.8595 2.8093 2.7458 2.6908 2.6448 2.6438 
2.6438 2.6583 2.6142 2.5781 2.5723 2.5793 2.5171 2.4757 2.4943 2.6041 2.6999 2.7855 2.8623 2.8637 2.8372 2.8201 2.7800 2.7297 2.6849 2.6455 2.6438 
2.6438 2.6493 2.6405 2.6277 2.6281 2.6283 2.5924 2.5650 2.5739 2.6310 2.6918 2.7485 2.7927 2.7925 2.7670 2.7470 2.7226 2.6935 2.6682 2.6448 2.6438 
2.6438 2.6438 2.6482 2.6474 2.6503 2.6558 2.6443 2.6361 2.6352 2.6455 2.6528 2.6596 2.6683 2.6646 2.6540 2.6514 2.6498 2.6463 2.6448 2.6438 2.6438 
2.6438 2.6438 2.6438 2.6438 2.6438 2.6438 2.6438 2.6438 2.6438 2.6438 2.6438 2.6438 2.6438 2.6438 2.6438 2.6438 2.6438 2.6438 2.6438 2.6438 2.6438 
2.6438 2.6438 2.6438 2.6438 2.6438 2.6438 2.6438 2.6438 2.6438 2.6438 2.6438 2.6438 2.6438 2.6438 2.6438 2.6438 2.6438 2.6438 2.6438 2.6438 2.6438 
2.6438 2.6570 3.0192 2.5328 2.6153 3.1713 3.0647 3.0168 2.9768 2.6520 2.7283 3.0235 2.9202 3.0112 2.9615 2.7373 2.6734 2.6576 2.6526 2.6438 2.6438 
2.6438 3.0029 3.2347 2.8072 2.9091 3.2595 3.2596 3.2337 3.0816 2.8569 2.8239 3.0700 3.0857 3.0495 3.0250 2.9089 2.8277 2.7696 2.7136 2.6510 2.6438 
2.6438 2.8033 2.9930 2.7441 2.9558 3.1501 3.0690 2.6183 2.4702 2.8725 2.6452 2.6951 2.7904 2.4903 2.5814 2.7964 2.8579 2.8276 2.7526 2.6541 2.6438 
2.6438 2.6615 2.7369 2.6458 2.8343 2.9273 2.3568 2.2734 2.5733 2.6131 2.7758 2.8209 2.6279 2.3895 2.6360 2.8571 2.9107 2.8668 2.7739 2.6557 2.6438 
2.6438 2.6967 2.7798 2.8723 2.5052 2.3672 2.2030 2.4207 2.4916 2.5292 2.6758 3.0090 2.7989 2.6608 2.8660 2.9694 2.9505 2.8766 2.7742 2.6542 2.6438 
2.6438 2.5155 2.3998 2.3384 2.2836 2.2751 2.2691 2.6019 2.5099 2.6050 2.6498 2.6887 2.6069 2.5681 2.8245 2.9157 2.9005 2.8385 2.7514 2.6506 2.6438 
2.6438 2.3426 2.0588 2.1984 2.5348 2.2930 2.2844 2.4397 2.4470 2.4980 2.6009 2.4399 2.5991 2.8527 2.7621 2.7934 2.8065 2.7791 2.7199 2.6467 2.6438 
2.6438 2.3851 2.1236 2.3616 2.7360 2.6160 2.7124 2.6741 2.7925 2.7234 2.5844 2.6612 2.5502 2.6935 2.7485 2.7545 2.7571 2.7386 2.6964 2.6442 2.6438 
2.6438 2.7091 2.4339 2.5938 2.6401 2.5712 2.3087 2.2951 2.4106 2.4685 2.6200 2.8529 2.6660 2.5365 2.7073 2.7560 2.7520 2.7271 2.6870 2.6442 2.6438 
2.6438 2.2662 2.0624 2.2923 2.5991 2.6412 2.6617 2.7202 2.7877 2.7980 2.7225 2.7506 2.6654 2.7660 2.8390 2.8312 2.7791 2.7303 2.6840 2.6446 2.6438 
2.6438 2.5561 2.1180 2.0229 2.4292 2.5987 2.5730 2.6493 2.5007 2.5448 2.6992 2.7507 2.7141 2.6795 2.8851 2.8393 2.7694 2.7180 2.6758 2.6435 2.6438 
2.6438 2.3135 2.0361 2.3616 2.4369 2.2716 2.4571 2.5349 2.6233 2.5898 2.5633 2.5351 2.5415 2.4810 2.6084 2.6812 2.7006 2.6881 2.6622 2.6406 2.6438 
2.6438 2.4243 2.2821 2.6235 2.8123 2.3823 2.3183 2.4551 2.6091 2.7472 2.6494 2.6472 2.6180 2.8647 2.8653 2.7590 2.7176 2.6894 2.6609 2.6401 2.6438 
2.6438 2.8384 2.6655 2.6877 2.8304 2.6281 2.4625 2.5240 2.5667 2.7201 2.6271 2.7493 2.8019 2.9307 2.8647 2.7986 2.7539 2.7102 2.6706 2.6403 2.6438 
2.6438 2.3332 2.3301 2.5587 2.6544 2.4872 2.5246 2.4750 2.5201 2.6536 2.7202 2.6343 2.6595 2.5912 2.7658 2.8263 2.7938 2.7373 2.6854 2.6428 2.6438 
2.6438 2.5880 2.5025 2.4962 2.5100 2.5644 2.5264 2.4664 2.4683 2.5880 2.6517 2.6773 2.7679 2.7520 2.8099 2.8505 2.8122 2.7496 2.6933 2.6451 2.6438 
2.6438 2.6679 2.6203 2.5920 2.6231 2.6716 2.6003 2.5339 2.5217 2.6224 2.7084 2.7874 2.8777 2.8656 2.8226 2.8173 2.7847 2.7341 2.6877 2.6457 2.6438 
2.6438 2.6538 2.6486 2.6444 2.6658 2.6853 2.6435 2.5994 2.5927 2.6451 2.7041 2.7611 2.8119 2.8044 2.7673 2.7484 2.7266 2.6964 2.6700 2.6450 2.6438 
2.6438 2.6439 2.6507 2.6513 2.6592 2.6703 2.6541 2.6390 2.6359 2.6490 2.6572 2.6653 2.6778 2.6717 2.6548 2.6516 2.6515 2.6465 2.6450 2.6438 2.6438 
2.6438 2.6438 2.6438 2.6438 2.6438 2.6438 2.6438 2.6438 2.6438 2.6438 2.6438 2.6438 2.6438 2.6438 2.6438 2.6438 2.6438 2.6438 2.6438 2.6438 2.6438 
2.6777 2.6777 2.6777 2.6777 2.6777 2.6777 2.6777 2.6777 2.6777 2.6777 2.6777 2.6777 2.6777 2.6777 2.6777 2.6777 2.6777 2.6777 2.6777 2.6777 2.6777 
2.6777 2.7016 3.1377 2.5293 2.6263 3.3629 3.2620 3.1242 3.0725 2.7001 2.7628 3.1384 3.0327 3.1379 3.0608 2.8014 2.7167 2.6957 2.6902 2.6777 2.6777 
2.6777 3.1174 3.3309 2.8281 2.9619 3.3706 3.3930 3.2733 3.1381 2.8931 2.8286 3.1062 3.1301 3.0833 3.0565 2.9612 2.8832 2.8225 2.7604 2.6876 2.6777 
2.6777 2.8873 3.0645 2.7386 3.0121 3.2596 3.1579 2.6576 2.5184 2.9215 2.6723 2.7327 2.7973 2.4499 2.5715 2.8390 2.9212 2.8919 2.8071 2.6922 2.6777 
2.6777 2.7097 2.7922 2.6910 2.9098 3.0622 2.4263 2.2755 2.6044 2.6861 2.8322 2.8993 2.6546 2.3406 2.6319 2.9132 2.9866 2.9397 2.8331 2.6942 2.6777 
2.6777 2.7350 2.8336 2.9061 2.5428 2.4031 2.2000 2.4356 2.5575 2.5964 2.7570 3.1099 2.8628 2.6644 2.9077 3.0522 3.0382 2.9536 2.8334 2.6916 2.6777 
2.6777 2.5126 2.4045 2.3536 2.3167 2.3031 2.2981 2.6483 2.5858 2.6800 2.7219 2.7522 2.6427 2.6071 2.8840 3.0048 2.9871 2.9114 2.8069 2.6860 2.6777 
2.6777 2.2767 1.9767 2.1158 2.5196 2.3423 2.3650 2.5878 2.6048 2.6448 2.6861 2.4729 2.6040 2.8961 2.8482 2.8810 2.8851 2.8453 2.7704 2.6810 2.6777 
2.6777 2.3534 2.0594 2.2769 2.7122 2.6385 2.7267 2.7543 2.8879 2.8566 2.7099 2.7376 2.6041 2.7520 2.8317 2.8327 2.8256 2.7968 2.7424 2.6778 2.6777 
2.6777 2.7330 2.4321 2.6088 2.7119 2.6318 2.3571 2.3518 2.4734 2.5486 2.7132 2.9473 2.7167 2.5694 2.7590 2.8194 2.8117 2.7791 2.7296 2.6774 2.6777 
2.6777 2.2381 2.0717 2.3289 2.6764 2.7262 2.7167 2.7983 2.8661 2.8714 2.8119 2.8203 2.7019 2.7896 2.8978 2.8950 2.8348 2.7783 2.7243 2.6780 2.6777 
2.6777 2.5473 2.1156 2.0941 2.5123 2.6956 2.6658 2.7319 2.5751 2.5965 2.7600 2.7834 2.7201 2.6854 2.9126 2.8827 2.8124 2.7592 2.7123 2.6768 2.6777 
2.6777 2.2648 2.0146 2.4010 2.5051 2.3327 2.5094 2.5954 2.6865 2.6344 2.6029 2.5460 2.5231 2.4595 2.6044 2.6935 2.7263 2.7196 2.6941 2.6732 2.6777 
2.6777 2.4043 2.2802 2.6847 2.8869 2.4217 2.3504 2.4907 2.6838 2.8274 2.6766 2.6235 2.5859 2.8555 2.8746 2.7698 2.7382 2.7170 2.6903 2.6719 2.6777 
2.6777 2.8660 2.6746 2.7588 2.9460 2.7179 2.5562 2.6075 2.6549 2.7894 2.6332 2.7093 2.7672 2.9243 2.8786 2.8135 2.7767 2.7388 2.7009 2.6730 2.6777 
2.6777 2.3138 2.3386 2.5685 2.6946 2.5697 2.6282 2.5799 2.6040 2.7213 2.7353 2.6184 2.6356 2.5701 2.7403 2.8352 2.8195 2.7690 2.7182 2.6769 2.6777 
2.6777 2.5951 2.5176 2.5122 2.5539 2.6561 2.6424 2.5727 2.5388 2.6323 2.6687 2.6656 2.7652 2.7425 2.7983 2.8682 2.8435 2.7841 2.7286 2.6797 2.6777 
2.6777 2.7089 2.6572 2.6336 2.6916 2.7739 2.7065 2.6241 2.5849 2.6711 2.7464 2.8160 2.9157 2.8947 2.8388 2.8439 2.8196 2.7702 2.7239 2.6805 2.6777 
2.6777 2.6919 2.6890 2.6922 2.7301 2.7655 2.7230 2.6658 2.6457 2.6916 2.7475 2.8029 2.8586 2.8463 2.7995 2.7818 2.7628 2.7321 2.7050 2.6797 2.6777 
2.6777 2.6778 2.6872 2.6906 2.7026 2.7158 2.6980 2.6739 2.6726 2.6855 2.6963 2.7052 2.7215 2.7148 2.6900 2.6866 2.6877 2.6806 2.6797 2.6777 2.6777 
2.6777 2.6777 2.6777 2.6777 2.6777 2.6777 2.6777 2.6777 2.6777 2.6777 2.6777 2.6777 2.6777 2.6777 2.6777 2.6777 2.6777 2.6777 2.6777 2.6777 2.6777 
2.6777 2.6777 2.6777 2.6777 2.6777 2.6777 2.6777 2.6777 2.6777 2.6777 2.6777 2.6777 2.6777 2.6777 2.6777 2.6777 2.6777 2.6777 2.6777 2.6777 2.6777 
2.6777 2.7033 3.0705 2.5652 2.6335 3.2811 3.2465 3.0565 3.0021 2.7291 2.7353 3.0447 2.9907 3.0524 2.9902 2.7958 2.7188 2.6972 2.6916 2.6777 2.6777 
2.6777 3.0590 3.2616 2.8478 2.9842 3.3849 3.4245 3.2476 3.1116 2.9089 2.8197 3.0474 3.0797 3.0243 3.0089 2.9597 2.8972 2.8369 2.7693 2.6889 2.6777 
2.6777 2.8692 3.0478 2.7664 3.0381 3.3080 3.2000 2.7445 2.6327 2.9190 2.7208 2.7732 2.7888 2.4950 2.6225 2.8778 2.9547 2.9175 2.8230 2.6954 2.6777 
2.6777 2.7102 2.8191 2.7480 2.9497 3.1212 2.5751 2.3792 2.6481 2.7609 2.8596 2.9306 2.7068 2.4068 2.6751 2.9578 3.0282 2.9718 2.8515 2.6960 2.6777 
2.6777 2.7275 2.8100 2.8412 2.5840 2.4794 2.2876 2.4749 2.6167 2.6746 2.8201 3.1038 2.9021 2.7049 2.9340 3.0946 3.0824 2.9878 2.8533 2.6938 2.6777 
2.6777 2.5367 2.4038 2.3624 2.3540 2.3457 2.3567 2.6456 2.6324 2.7266 2.7624 2.7868 2.7025 2.6949 2.9312 3.0549 3.0310 2.9434 2.8248 2.6875 2.6777 
2.6777 2.3027 1.9818 2.0744 2.4496 2.3926 2.4556 2.6872 2.7179 2.7568 2.7286 2.5359 2.6269 2.8944 2.9095 2.9389 2.9264 2.8716 2.7838 2.6805 2.6777 
2.6777 2.3894 2.0513 2.1923 2.5906 2.5909 2.6636 2.7397 2.8718 2.8934 2.7763 2.7561 2.6448 2.7769 2.8726 2.8757 2.8567 2.8164 2.7528 2.6771 2.6777 
2.6777 2.6863 2.3768 2.5134 2.6622 2.6108 2.4074 2.4046 2.5248 2.6149 2.7521 2.9261 2.7186 2.6074 2.7813 2.8456 2.8322 2.7926 2.7375 2.6771 2.6777 
2.6777 2.3279 2.1203 2.3134 2.6259 2.6939 2.6705 2.7371 2.7968 2.8192 2.8173 2.8243 2.7077 2.7589 2.8898 2.9041 2.8466 2.7866 2.7296 2.6771 2.6777 
2.6777 2.5358 2.1296 2.1571 2.4930 2.6511 2.6474 2.6865 2.5692 2.5823 2.7330 2.7408 2.6721 2.6551 2.8629 2.8686 2.8130 2.7623 2.7147 2.6758 2.6777 
2.6777 2.3126 2.0533 2.3707 2.4759 2.3434 2.4781 2.5635 2.6282 2.5813 2.5785 2.5296 2.4950 2.4613 2.6023 2.6901 2.7243 2.7199 2.6947 2.6726 2.6777 
2.6777 2.4361 2.2950 2.6376 2.7870 2.3991 2.3442 2.4672 2.6455 2.7490 2.6284 2.5675 2.5477 2.7778 2.8247 2.7503 2.7286 2.7132 2.6884 2.6706 2.6777 
2.6777 2.7869 2.6113 2.7271 2.8925 2.6794 2.5639 2.6026 2.6527 2.7398 2.6009 2.6307 2.6948 2.8483 2.8429 2.7952 2.7664 2.7362 2.7001 2.6729 2.6777 
2.6777 2.3956 2.3720 2.5334 2.6538 2.5920 2.6485 2.6181 2.6231 2.7033 2.6819 2.5853 2.6069 2.5736 2.7048 2.8093 2.8083 2.7672 2.7189 2.6777 2.6777 
2.6777 2.5950 2.5154 2.5063 2.5629 2.6775 2.6901 2.6266 2.5724 2.6289 2.6475 2.6359 2.7303 2.7155 2.7627 2.8443 2.8355 2.7831 2.7296 2.6805 2.6777 
2.6777 2.7041 2.6520 2.6369 2.7049 2.7995 2.7513 2.6663 2.6129 2.6727 2.7357 2.7947 2.8904 2.8709 2.8201 2.8313 2.8163 2.7706 2.7254 2.6819 2.6777 
2.6777 2.6921 2.6892 2.6993 2.7438 2.7878 2.7520 2.6887 2.6620 2.6959 2.7453 2.7959 2.8510 2.8386 2.7942 2.7775 2.7627 2.7330 2.7057 2.6797 2.6777 
2.6777 2.6786 2.6868 2.6936 2.7047 2.7184 2.7057 2.6700 2.6756 2.6845 2.6952 2.7045 2.7214 2.7126 2.6953 2.6870 2.6882 2.6818 2.6797 2.6777 2.6777 
2.6777 2.6777 2.6777 2.6777 2.6777 2.6777 2.6777 2.6777 2.6777 2.6777 2.6777 2.6777 2.6777 2.6777 2.6777 2.6777 2.6777 2.6777 2.6777 2.6777 2.6777 
2.6777 2.6777 2.6777 2.6777 2.6777 2.6777 2.6777 2.6777 2.6777 2.6777 2.6777 2.6777 2.6777 2.6777 2.6777 2.6777 2.6777 2.6777 2.6777 2.6777 2.6777 
2.6777 2.7065 2.9948 2.6076 2.6598 3.1814 3.1806 2.9922 2.9457 2.7440 2.7220 2.9592 2.9437 2.9737 2.9241 2.7833 2.7166 2.6973 2.6913 2.6777 2.6777 
2.6777 2.9928 3.1721 2.8806 3.0258 3.3761 3.4143 3.2291 3.0910 2.9270 2.8321 2.9989 3.0332 2.9807 2.9761 2.9560 2.9045 2.8439 2.7721 2.6891 2.6777 
2.6777 2.8479 3.0240 2.8325 3.0606 3.3314 3.2346 2.8570 2.7611 2.9397 2.7889 2.8271 2.8157 2.5960 2.7122 2.9267 2.9826 2.9337 2.8295 2.6952 2.6777 
2.6777 2.7165 2.8463 2.8158 2.9965 3.1678 2.7425 2.5332 2.7227 2.8349 2.8978 2.9606 2.7862 2.5409 2.7629 3.0098 3.0595 2.9912 2.8605 2.6961 2.6777 
2.6777 2.7148 2.7849 2.8001 2.6481 2.5930 2.4350 2.5561 2.6762 2.7435 2.8683 3.0853 2.9508 2.7895 2.9829 3.1329 3.1113 3.0088 2.8651 2.6951 2.6777 
2.6777 2.5607 2.4245 2.3946 2.4173 2.4328 2.4568 2.6634 2.6657 2.7543 2.7893 2.8212 2.7836 2.8037 2.9914 3.0993 3.0653 2.9675 2.8379 2.6879 2.6777 
2.6777 2.3614 2.0461 2.0980 2.4235 2.4583 2.5468 2.7372 2.7607 2.8040 2.7497 2.6079 2.6820 2.9158 2.9684 2.9935 2.9637 2.8961 2.7962 2.6794 2.6777 
2.6777 2.4382 2.0846 2.1599 2.5004 2.5600 2.6289 2.7060 2.8193 2.8750 2.7942 2.7603 2.6834 2.8047 2.9098 2.9170 2.8894 2.8393 2.7652 2.6769 2.6777 
2.6777 2.6501 2.3357 2.4202 2.5874 2.5836 2.4563 2.4440 2.5460 2.6435 2.7518 2.8710 2.7108 2.6489 2.8090 2.8724 2.8563 2.8108 2.7492 2.6776 2.6777 
2.6777 2.4039 2.1721 2.2929 2.5501 2.6336 2.6200 2.6534 2.6940 2.7336 2.7775 2.7927 2.6995 2.7338 2.8758 2.9063 2.8584 2.7997 2.7397 2.6786 2.6777 
2.6777 2.5359 2.1625 2.1947 2.4421 2.5761 2.6023 2.6185 2.5364 2.5480 2.6820 2.6874 2.6313 2.6341 2.8202 2.8540 2.8149 2.7713 2.7233 2.6773 2.6777 
2.6777 2.3763 2.1177 2.3361 2.4248 2.3429 2.4496 2.5221 2.5589 2.5207 2.5450 2.5161 2.4918 2.4864 2.6176 2.7001 2.7309 2.7282 2.7014 2.6738 2.6777 
2.6777 2.4753 2.3216 2.5680 2.6651 2.3797 2.3497 2.4479 2.5845 2.6490 2.5820 2.5416 2.5429 2.7250 2.7844 2.7416 2.7270 2.7167 2.6923 2.6704 2.6777 
2.6777 2.7280 2.5600 2.6643 2.7897 2.6186 2.5467 2.5764 2.6200 2.6720 2.5812 2.5920 2.6568 2.7913 2.8100 2.7814 2.7613 2.7375 2.7034 2.6739 2.6777 
2.6777 2.4623 2.4084 2.5084 2.6110 2.5925 2.6412 2.6258 2.6189 2.6680 2.6435 2.5764 2.6062 2.5983 2.6956 2.7908 2.7977 2.7642 2.7205 2.6788 2.6777 
2.6777 2.6024 2.5203 2.5099 2.5709 2.6813 2.7068 2.6536 2.5944 2.6239 2.6366 2.6285 2.7127 2.7063 2.7450 2.8236 2.8245 2.7791 2.7293 2.6809 2.6777 
2.6777 2.6975 2.6444 2.6370 2.7054 2.8001 2.7703 2.6912 2.6344 2.6717 2.7235 2.7736 2.8592 2.8446 2.8042 2.8177 2.8100 2.7684 2.7246 2.6816 2.6777 
2.6777 2.6880 2.6856 2.7008 2.7463 2.7928 2.7645 2.7037 2.6732 2.6968 2.7382 2.7825 2.8333 2.8231 2.7856 2.7698 2.7603 2.7323 2.7061 2.6798 2.6777 
2.6777 2.6795 2.6875 2.6940 2.7054 2.7215 2.7080 2.6728 2.6740 2.6848 2.6898 2.7002 2.7160 2.7066 2.6959 2.6839 2.6892 2.6807 2.6801 2.6777 2.6777 
2.6777 2.6777 2.6777 2.6777 2.6777 2.6777 2.6777 2.6777 2.6777 2.6777 2.6777 2.6777 2.6777 2.6777 2.6777 2.6777 2.6777 2.6777 2.6777 2.6777 2.6777 
2.7854 2.7854 2.7854 2.7854 2.7854 2.7854 2.7854 2.7854 2.7854 2.7854 2.7854 2.7854 2.7854 2.7854 2.7854 2.7854 2.7854 2.7854 2.7854 2.7854 2.7854 
2.7854 2.8172 3.0492 2.7552 2.7877 3.2217 3.2319 3.0570 3.0148 2.8612 2.8249 3.0038 3.0163 3.0319 2.9889 2.8875 2.8291 2.8051 2.7941 2.7854 2.7854 
2.7854 3.0396 3.2105 3.0240 3.1819 3.4764 3.5048 3.3339 3.1963 3.0596 2.9675 3.0848 3.1207 3.0769 3.0784 3.0684 3.0181 2.9516 2.8761 2.7941 2.7854 
2.7854 2.9333 3.1183 3.0108 3.2115 3.4548 3.3665 3.0579 2.9792 3.0906 2.9707 2.9979 2.9806 2.8222 2.9192 3.0869 3.1126 3.0478 2.9348 2.7989 2.7854 
2.7854 2.8338 2.9832 2.9910 3.1581 3.3166 2.9795 2.7720 2.9056 3.0084 3.0525 3.1138 2.9943 2.8054 2.9774 3.1730 3.1931 3.1101 2.9691 2.8009 2.7854 
2.7854 2.8136 2.8877 2.9123 2.8432 2.8234 2.6851 2.7423 2.8229 2.8996 3.0177 3.2006 3.1369 3.0132 3.1614 3.2804 3.2406 3.1314 2.9777 2.8002 2.7854 
2.7854 2.6856 2.5721 2.5672 2.6238 2.6576 2.6724 2.7959 2.7833 2.8767 2.9255 2.9794 2.9952 3.0326 3.1737 3.2509 3.1997 3.0990 2.9586 2.7966 2.7854 
2.7854 2.5065 2.2386 2.2829 2.5733 2.6524 2.7366 2.8693 2.8714 2.9319 2.8857 2.7951 2.8732 3.0832 3.1472 3.1606 3.1146 3.0376 2.9249 2.7915 2.7854 
2.7854 2.5650 2.2331 2.2782 2.5845 2.6831 2.7469 2.7972 2.8843 2.9638 2.9133 2.8855 2.8408 2.9619 3.0744 3.0797 3.0442 2.9839 2.8954 2.7886 2.7854 
2.7854 2.7259 2.4117 2.4608 2.6495 2.7061 2.6331 2.5900 2.6657 2.7625 2.8506 2.9365 2.8181 2.8011 2.9610 3.0226 3.0042 2.9520 2.8773 2.7877 2.7854 
2.7854 2.5655 2.3163 2.3835 2.6030 2.7142 2.7255 2.7124 2.7332 2.7772 2.8468 2.8707 2.8044 2.8364 2.9843 3.0262 2.9898 2.9320 2.8640 2.7880 2.7854 
2.7854 2.6427 2.3016 2.3164 2.5013 2.6356 2.7020 2.6986 2.6349 2.6381 2.7580 2.7673 2.7286 2.7393 2.9101 2.9581 2.9350 2.8976 2.8456 2.7877 2.7854 
2.7854 2.5262 2.2857 2.4224 2.4931 2.4678 2.5776 2.6319 2.6402 2.5978 2.6442 2.6377 2.6315 2.6372 2.7524 2.8257 2.8509 2.8497 2.8225 2.7849 2.7854 
2.7854 2.6164 2.4607 2.6249 2.6891 2.4990 2.4987 2.5733 2.6639 2.6983 2.6889 2.6769 2.6964 2.8306 2.8802 2.8545 2.8426 2.8343 2.8122 2.7836 2.7854 
2.7854 2.7974 2.6341 2.7082 2.8074 2.6933 2.6645 2.6902 2.7169 2.7469 2.7084 2.7156 2.7796 2.8858 2.9071 2.8868 2.8705 2.8509 2.8189 2.7855 2.7854 
2.7854 2.6157 2.5420 2.5976 2.6846 2.6997 2.7528 2.7501 2.7378 2.7712 2.7612 2.7129 2.7450 2.7457 2.8159 2.8923 2.9017 2.8715 2.8305 2.7874 2.7854 
2.7854 2.7220 2.6329 2.6185 2.6784 2.7843 2.8217 2.7823 2.7306 2.7510 2.7664 2.7602 2.8306 2.8270 2.8559 2.9214 2.9262 2.8852 2.8373 2.7893 2.7854 
2.7854 2.7971 2.7413 2.7358 2.8007 2.8927 2.8810 2.8146 2.7661 2.7915 2.8369 2.8800 2.9510 2.9392 2.9067 2.9172 2.9127 2.8737 2.8317 2.7893 2.7854 
2.7854 2.7914 2.7862 2.7997 2.8415 2.8869 2.8688 2.8144 2.7902 2.8098 2.8458 2.8861 2.9285 2.9191 2.8855 2.8716 2.8645 2.8391 2.8134 2.7879 2.7854 
2.7854 2.7862 2.7957 2.7958 2.8104 2.8202 2.8167 2.7725 2.7793 2.7984 2.7958 2.8098 2.8229 2.8145 2.7952 2.7948 2.7971 2.7898 2.7880 2.7854 2.7854 
2.7854 2.7854 2.7854 2.7854 2.7854 2.7854 2.7854 2.7854 2.7854 2.7854 2.7854 2.7854 2.7854 2.7854 2.7854 2.7854 2.7854 2.7854 2.7854 2.7854 2.7854 
2.7854 2.7854 2.7854 2.7854 2.7854 2.7854 2.7854 2.7854 2.7854 2.7854 2.7854 2.7854 2.7854 2.7854 2.7854 2.7854 2.7854 2.7854 2.7854 2.7854 2.7854 
2.7854 2.8154 2.9996 2.7799 2.8155 3.1416 3.1549 3.0188 2.9778 2.8539 2.8258 2.9448 2.9811 2.9713 2.9499 2.8887 2.8259 2.8034 2.7927 2.7854 2.7854 
2.7854 2.9933 3.1568 3.0509 3.2068 3.4630 3.4797 3.3364 3.1872 3.0689 2.9897 3.0638 3.0985 3.0629 3.0707 3.0648 3.0112 2.9437 2.8704 2.7927 2.7854 
2.7854 2.9262 3.1084 3.0670 3.2626 3.4629 3.3885 3.1257 3.0533 3.1099 3.0216 3.0356 3.0231 2.9144 2.9911 3.1120 3.1118 3.0408 2.9274 2.7976 2.7854 
2.7854 2.8451 3.0025 3.0393 3.1975 3.3383 3.0771 2.8717 2.9560 3.0411 3.0794 3.1341 3.0643 2.9291 3.0521 3.1943 3.1926 3.1049 2.9636 2.8001 2.7854 
2.7854 2.8200 2.8908 2.9281 2.9285 2.9367 2.8143 2.8103 2.8534 2.9264 3.0452 3.1994 3.1930 3.1023 3.2058 3.2849 3.2384 3.1325 2.9768 2.8005 2.7854 
2.7854 2.7069 2.6184 2.6388 2.7315 2.7854 2.7884 2.8352 2.7976 2.8831 2.9545 3.0290 3.0859 3.1251 3.2236 3.2651 3.2063 3.1088 2.9642 2.7976 2.7854 
2.7854 2.5773 2.3398 2.3920 2.6599 2.7680 2.8365 2.8996 2.8769 2.9410 2.9256 2.8812 2.9595 3.1295 3.1919 3.1906 3.1403 3.0615 2.9389 2.7946 2.7854 
2.7854 2.5971 2.3090 2.3519 2.6318 2.7587 2.8159 2.8266 2.8837 2.9640 2.9448 2.9248 2.8973 2.9992 3.1074 3.1131 3.0773 3.0153 2.9141 2.7922 2.7854 
2.7854 2.7160 2.4330 2.4730 2.6716 2.7746 2.7421 2.6746 2.7226 2.8025 2.8767 2.9301 2.8385 2.8427 2.9945 3.0540 3.0372 2.9842 2.8965 2.7914 2.7854 
2.7854 2.6187 2.3763 2.4251 2.6223 2.7607 2.7958 2.7527 2.7523 2.7880 2.8602 2.8798 2.8237 2.8472 2.9912 3.0413 3.0149 2.9612 2.8823 2.7914 2.7854 
2.7854 2.6470 2.3602 2.3753 2.5321 2.6796 2.7825 2.7736 2.7096 2.6921 2.7909 2.7991 2.7621 2.7616 2.9142 2.9712 2.9568 2.9232 2.8622 2.7908 2.7854 
2.7854 2.5854 2.3662 2.4578 2.5331 2.5678 2.6999 2.7434 2.7175 2.6553 2.7058 2.7147 2.7101 2.7033 2.7968 2.8592 2.8739 2.8710 2.8366 2.7878 2.7854 
2.7854 2.6506 2.5110 2.6270 2.6919 2.5947 2.6342 2.6970 2.7399 2.7365 2.7549 2.7711 2.7929 2.8682 2.8944 2.8722 2.8562 2.8470 2.8222 2.7856 2.7854 
2.7854 2.7731 2.6355 2.6963 2.7901 2.7392 2.7497 2.7765 2.7840 2.7882 2.7824 2.8019 2.8577 2.9173 2.9205 2.8937 2.8754 2.8561 2.8238 2.7866 2.7854 
2.7854 2.6614 2.5839 2.6212 2.7063 2.7500 2.8095 2.8145 2.7962 2.8113 2.8116 2.7866 2.8177 2.8086 2.8450 2.8931 2.9003 2.8713 2.8308 2.7881 2.7854 
2.7854 2.7281 2.6527 2.6464 2.7098 2.8120 2.8573 2.8265 2.7795 2.7884 2.8030 2.8060 2.8647 2.8553 2.8682 2.9120 2.9173 2.8806 2.8349 2.7893 2.7854 
2.7854 2.7867 2.7412 2.7440 2.8061 2.8897 2.8940 2.8386 2.7954 2.8090 2.8454 2.8868 2.9453 2.9331 2.9036 2.9055 2.9020 2.8672 2.8282 2.7893 2.7854 
2.7854 2.7918 2.7844 2.7952 2.8347 2.8769 2.8696 2.8208 2.8017 2.8137 2.8429 2.8833 2.9172 2.9079 2.8771 2.8624 2.8569 2.8344 2.8110 2.7876 2.7854 
2.7854 2.7868 2.7963 2.7856 2.8088 2.8115 2.8214 2.7761 2.7860 2.7928 2.7921 2.8132 2.8178 2.8115 2.7946 2.7930 2.7954 2.7894 2.7876 2.7854 2.7854 
2.7854 2.7854 2.7854 2.7854 2.7854 2.7854 2.7854 2.7854 2.7854 2.7854 2.7854 2.7854 2.7854 2.7854 2.7854 2.7854 2.7854 2.7854 2.7854 2.7854 2.7854 
2.7854 2.7854 2.7854 2.7854 2.7854 2.7854 2.7854 2.7854 2.7854 2.7854 2.7854 2.7854 2.7854 2.7854 2.7854 2.7854 2.7854 2.7854 2.7854 2.7854 2.7854 
2.7854 2.8123 2.9710 2.8047 2.8274 3.0829 3.1029 2.9723 2.9511 2.8472 2.8366 2.9048 2.9499 2.9392 2.9150 2.8756 2.8222 2.8005 2.7919 2.7854 2.7854 
2.7854 2.9552 3.1175 3.0650 3.2073 3.4543 3.4574 3.3050 3.1651 3.0612 3.0006 3.0444 3.0748 3.0463 3.0484 3.0427 2.9909 2.9281 2.8611 2.7920 2.7854 
2.7854 2.9222 3.1022 3.1043 3.3078 3.4705 3.3983 3.1475 3.0796 3.1027 3.0466 3.0524 3.0421 2.9678 3.0206 3.1007 3.0866 3.0173 2.9129 2.7961 2.7854 
2.7854 2.8549 3.0159 3.0697 3.2217 3.3395 3.1251 2.9280 2.9696 3.0432 3.0883 3.1365 3.0994 3.0026 3.0804 3.1740 3.1600 3.0781 2.9478 2.7987 2.7854 
2.7854 2.8199 2.8993 2.9507 2.9986 3.0225 2.9033 2.8582 2.8624 2.9345 3.0599 3.1970 3.2225 3.1526 3.2128 3.2570 3.2086 3.1126 2.9645 2.8005 2.7854 
2.7854 2.7198 2.6669 2.7155 2.8365 2.9068 2.8868 2.8767 2.8165 2.8950 2.9865 3.0758 3.1492 3.1804 3.2416 3.2502 3.1942 3.1031 2.9595 2.7994 2.7854 
2.7854 2.6035 2.4315 2.5094 2.7637 2.8857 2.9326 2.9412 2.8976 2.9637 2.9796 2.9707 3.0384 3.1656 3.2157 3.1935 3.1460 3.0657 2.9407 2.7963 2.7854 
2.7854 2.6145 2.3912 2.4546 2.7161 2.8569 2.9020 2.8829 2.9220 2.9988 3.0024 2.9882 2.9606 3.0365 3.1308 3.1297 3.0965 3.0317 2.9227 2.7948 2.7854 
2.7854 2.7065 2.4829 2.5356 2.7413 2.8764 2.8673 2.7793 2.8130 2.8834 2.9406 2.9669 2.8829 2.8886 3.0219 3.0737 3.0553 3.0033 2.9081 2.7942 2.7854 
2.7854 2.6619 2.4544 2.5100 2.7001 2.8630 2.9157 2.8451 2.8325 2.8604 2.9206 2.9314 2.8737 2.8812 3.0010 3.0483 3.0255 2.9797 2.8946 2.7943 2.7854 
2.7854 2.6506 2.4351 2.4724 2.6261 2.7943 2.9235 2.9053 2.8379 2.8040 2.8753 2.8810 2.8366 2.8180 2.9319 2.9828 2.9716 2.9426 2.8743 2.7935 2.7854 
2.7854 2.6167 2.4531 2.5398 2.6391 2.7260 2.8770 2.9122 2.8595 2.7736 2.8154 2.8329 2.8225 2.7964 2.8499 2.8912 2.8972 2.8882 2.8462 2.7898 2.7854 
2.7854 2.6906 2.5719 2.6766 2.7645 2.7506 2.8221 2.8737 2.8806 2.8397 2.8668 2.8970 2.9140 2.9388 2.9267 2.8942 2.8752 2.8584 2.8277 2.7871 2.7854 
2.7854 2.7571 2.6592 2.7239 2.8319 2.8432 2.8826 2.9100 2.9043 2.8817 2.8868 2.9149 2.9623 2.9785 2.9491 2.9058 2.8829 2.8563 2.8233 2.7868 2.7854 
2.7854 2.6980 2.6280 2.6661 2.7594 2.8307 2.8943 2.9014 2.8809 2.8747 2.8758 2.8697 2.9033 2.8803 2.8818 2.8974 2.8943 2.8620 2.8255 2.7871 2.7854 
2.7854 2.7394 2.6771 2.6806 2.7470 2.8495 2.8993 2.8741 2.8319 2.8268 2.8334 2.8497 2.9036 2.8872 2.8831 2.9035 2.9027 2.8673 2.8274 2.7883 2.7854 
2.7854 2.7808 2.7459 2.7529 2.8097 2.8877 2.9030 2.8551 2.8203 2.8228 2.8457 2.8912 2.9428 2.9296 2.8994 2.8916 2.8854 2.8528 2.8203 2.7882 2.7854 
2.7854 2.7954 2.7840 2.7898 2.8265 2.8647 2.8649 2.8234 2.8091 2.8149 2.8329 2.8769 2.9078 2.8961 2.8663 2.8525 2.8447 2.8237 2.8055 2.7868 2.7854 
2.7854 2.7868 2.7963 2.7790 2.8102 2.8056 2.8141 2.7783 2.7857 2.7957 2.7842 2.8093 2.8171 2.8072 2.7877 2.7923 2.7928 2.7822 2.7870 2.7854 2.7854 
2.7854 2.7854 2.7854 2.7854 2.7854 2.7854 2.7854 2.7854 2.7854 2.7854 2.7854 2.7854 2.7854 2.7854 2.7854 2.7854 2.7854 2.7854 2.7854 2.7854 2.7854 
3.0175 3.0175 3.0175 3.0175 3.0175 3.0175 3.0175 3.0175 3.0175 3.0175 3.0175 3.0175 3.0175 3.0175 3.0175 3.0175 3.0175 3.0175 3.0175 3.0175 3.0175 
3.0175 3.0443 3.1965 3.0337 3.0691 3.2928 3.3089 3.1883 3.1650 3.0892 3.0998 3.1405 3.1788 3.1609 3.1326 3.1093 3.0512 3.0433 3.0233 3.0175 3.0175 
3.0175 3.1701 3.3167 3.2791 3.4010 3.6523 3.6542 3.4708 3.3587 3.2780 3.2434 3.2701 3.2920 3.2642 3.2510 3.2421 3.1926 3.1415 3.0808 3.0233 3.0175 
3.0175 3.1560 3.3158 3.3344 3.5017 3.7173 3.6206 3.3666 3.3056 3.3186 3.2962 3.2909 3.2817 3.2230 3.2465 3.2910 3.2703 3.2133 3.1233 3.0268 3.0175 
3.0175 3.0938 3.2468 3.3081 3.4453 3.5465 3.3782 3.1875 3.1948 3.2643 3.3238 3.3662 3.3467 3.2692 3.3044 3.3581 3.3356 3.2669 3.1534 3.0295 3.0175 
3.0175 3.0670 3.1447 3.2117 3.2819 3.3118 3.2074 3.1278 3.0926 3.1691 3.3026 3.4279 3.4618 3.3994 3.4206 3.4352 3.3858 3.3006 3.1705 3.0315 3.0175 
3.0175 2.9707 2.9550 3.0342 3.1679 3.2457 3.2133 3.1529 3.0541 3.1422 3.2544 3.3493 3.4234 3.4360 3.4652 3.4483 3.3872 3.3014 3.1708 3.0311 3.0175 
3.0175 2.8898 2.7631 2.8743 3.1085 3.2338 3.2537 3.2185 3.1531 3.2348 3.2769 3.2867 3.3393 3.4185 3.4455 3.4056 3.3552 3.2769 3.1589 3.0292 3.0175 
3.0175 2.8797 2.7169 2.8126 3.0557 3.1970 3.2232 3.1744 3.2156 3.3009 3.3179 3.3031 3.2605 3.2985 3.3641 3.3560 3.3229 3.2572 3.1486 3.0289 3.0175 
3.0175 2.9586 2.7866 2.8623 3.0743 3.2242 3.2201 3.1065 3.1544 3.2321 3.2817 3.2793 3.1851 3.1653 3.2632 3.3003 3.2847 3.2407 3.1403 3.0297 3.0175 
3.0175 2.9180 2.7678 2.8492 3.0361 3.2176 3.2687 3.1796 3.1860 3.2183 3.2690 3.2602 3.1901 3.1654 3.2427 3.2771 3.2526 3.2213 3.1298 3.0305 3.0175 
3.0175 2.9077 2.7549 2.8183 2.9740 3.1684 3.3075 3.2808 3.2326 3.1925 3.2419 3.2357 3.1810 3.1373 3.1936 3.2278 3.2071 3.1837 3.1094 3.0287 3.0175 
3.0175 2.8531 2.7718 2.8799 3.0045 3.1393 3.2957 3.3173 3.2608 3.1642 3.1975 3.2121 3.1921 3.1481 3.1437 3.1548 3.1445 3.1283 3.0805 3.0230 3.0175 
3.0175 2.9415 2.8632 2.9858 3.1077 3.1652 3.2475 3.2893 3.2836 3.2139 3.2396 3.2711 3.2859 3.2808 3.2138 3.1521 3.1214 3.0930 3.0592 3.0197 3.0175 
3.0175 2.9914 2.9226 3.0034 3.1405 3.2085 3.2582 3.2828 3.2757 3.2331 3.2403 3.2725 3.3168 3.3006 3.2307 3.1561 3.1212 3.0817 3.0510 3.0180 3.0175 
3.0175 2.9374 2.8951 2.9443 3.0546 3.1500 3.2165 3.2233 3.2043 3.1893 3.1905 3.1995 3.2318 3.1938 3.1582 3.1388 3.1241 3.0837 3.0506 3.0185 3.0175 
3.0175 2.9840 2.9299 2.9427 3.0089 3.1135 3.1689 3.1490 3.1167 3.1095 3.1125 3.1383 3.1837 3.1597 3.1352 3.1309 3.1223 3.0835 3.0502 3.0192 3.0175 
3.0175 3.0127 2.9824 2.9904 3.0386 3.1079 3.1294 3.0966 3.0737 3.0780 3.0893 3.1366 3.1810 3.1656 3.1299 3.1148 3.1017 3.0696 3.0433 3.0192 3.0175 
3.0175 3.0291 3.0168 3.0171 3.0474 3.0783 3.0852 3.0565 3.0462 3.0542 3.0638 3.1098 3.1345 3.1234 3.0935 3.0781 3.0676 3.0457 3.0317 3.0183 3.0175 
3.0175 3.0162 3.0316 3.0183 3.0360 3.0282 3.0277 3.0275 3.0130 3.0222 3.0140 3.0539 3.0449 3.0485 3.0269 3.0214 3.0307 3.0142 3.0184 3.0175 3.0175 
3.0175 3.0175 3.0175 3.0175 3.0175 3.0175 3.0175 3.0175 3.0175 3.0175 3.0175 3.0175 3.0175 3.0175 3.0175 3.0175 3.0175 3.0175 3.0175 3.0175 3.0175 
3.0175 3.0175 3.0175 3.0175 3.0175 3.0175 3.0175 3.0175 3.0175 3.0175 3.0175 3.0175 3.0175 3.0175 3.0175 3.0175 3.0175 3.0175 3.0175 3.0175 3.0175 
3.0175 3.0410 3.1567 3.0661 3.0805 3.2293 3.2235 3.1392 3.1196 3.1063 3.1068 3.1346 3.1368 3.1394 3.0889 3.0766 3.0435 3.0446 3.0214 3.0175 3.0175 
3.0175 3.1360 3.2414 3.1994 3.2771 3.4581 3.4576 3.3279 3.2472 3.2112 3.1964 3.2085 3.2122 3.1938 3.1640 3.1650 3.1317 3.1010 3.0568 3.0214 3.0175 
3.0175 3.1205 3.2318 3.2273 3.3385 3.5010 3.4351 3.2559 3.2050 3.2318 3.2399 3.2079 3.1871 3.1417 3.1473 3.1865 3.1754 3.1385 3.0809 3.0231 3.0175 
3.0175 3.0990 3.1760 3.2105 3.3021 3.3830 3.2824 3.1493 3.1280 3.1891 3.2461 3.2620 3.2447 3.1810 3.1868 3.2258 3.2170 3.1706 3.0992 3.0250 3.0175 
3.0175 3.0402 3.1012 3.1465 3.2003 3.2313 3.1834 3.1196 3.0552 3.1208 3.2268 3.3215 3.3389 3.2745 3.2717 3.2791 3.2486 3.1919 3.1103 3.0265 3.0175 
3.0175 3.0072 2.9751 3.0380 3.1454 3.2041 3.1915 3.1490 3.0198 3.1124 3.2013 3.2661 3.3247 3.3085 3.3146 3.2998 3.2570 3.1949 3.1115 3.0264 3.0175 
3.0175 2.9072 2.8363 2.9532 3.1291 3.2241 3.2239 3.2010 3.1072 3.1968 3.2261 3.2274 3.2811 3.3065 3.3090 3.2723 3.2344 3.1776 3.1042 3.0248 3.0175 
3.0175 2.9288 2.8172 2.9064 3.0805 3.1818 3.1954 3.1506 3.1954 3.2923 3.2963 3.2730 3.2197 3.2224 3.2455 3.2342 3.2116 3.1663 3.0992 3.0246 3.0175 
3.0175 2.9890 2.8775 2.9438 3.1023 3.2192 3.2139 3.0881 3.1637 3.2550 3.2874 3.2523 3.1482 3.1077 3.1692 3.1984 3.1897 3.1681 3.0982 3.0263 3.0175 
3.0175 2.9349 2.8620 2.9442 3.0789 3.2157 3.2528 3.1565 3.1991 3.2461 3.2845 3.2453 3.1743 3.1286 3.1627 3.1968 3.1724 3.1583 3.0936 3.0274 3.0175 
3.0175 2.9164 2.8467 2.9101 3.0253 3.1821 3.2936 3.2785 3.2723 3.2495 3.2631 3.2456 3.1754 3.1235 3.1343 3.1704 3.1439 3.1330 3.0799 3.0256 3.0175 
3.0175 2.9126 2.8547 2.9630 3.0651 3.1944 3.3310 3.3437 3.3030 3.2043 3.2225 3.2275 3.1966 3.1447 3.1081 3.1133 3.1088 3.0951 3.0593 3.0214 3.0175 
3.0175 2.9398 2.9044 3.0371 3.1498 3.2165 3.2852 3.3201 3.3096 3.2245 3.2514 3.2789 3.2865 3.2674 3.1819 3.1078 3.0883 3.0589 3.0419 3.0179 3.0175 
3.0175 2.9836 2.9462 3.0294 3.1692 3.2303 3.2680 3.2816 3.2754 3.2217 3.2239 3.2558 3.2921 3.2633 3.1924 3.1130 3.0881 3.0529 3.0358 3.0173 3.0175 
3.0175 2.9568 2.9316 2.9842 3.0795 3.1554 3.2079 3.2051 3.1881 3.1648 3.1562 3.1705 3.2026 3.1630 3.1240 3.0962 3.0889 3.0567 3.0360 3.0178 3.0175 
3.0175 2.9802 2.9523 2.9725 3.0153 3.0949 3.1280 3.1008 3.0905 3.0832 3.0832 3.1102 3.1486 3.1217 3.0951 3.0894 3.0838 3.0534 3.0351 3.0181 3.0175 
3.0175 3.0268 2.9978 2.9996 3.0300 3.0774 3.0893 3.0593 3.0550 3.0554 3.0561 3.0972 3.1365 3.1202 3.0892 3.0768 3.0670 3.0427 3.0301 3.0178 3.0175 
3.0175 3.0215 3.0177 3.0132 3.0379 3.0508 3.0602 3.0290 3.0265 3.0395 3.0439 3.0826 3.1001 3.0945 3.0694 3.0569 3.0487 3.0326 3.0245 3.0175 3.0175 
3.0175 3.0117 3.0283 3.0170 3.0231 3.0223 3.0320 3.0145 3.0020 3.0160 3.0097 3.0519 3.0329 3.0489 3.0280 3.0229 3.0272 3.0175 3.0175 3.0175 3.0175 
3.0175 3.0175 3.0175 3.0175 3.0175 3.0175 3.0175 3.0175 3.0175 3.0175 3.0175 3.0175 3.0175 3.0175 3.0175 3.0175 3.0175 3.0175 3.0175 3.0175 3.0175 
3.0443 3.0443 3.0443 3.0443 3.0443 3.0443 3.0443 3.0443 3.0443 3.0443 3.0443 3.0443 3.0443 3.0443 3.0443 3.0443 3.0443 3.0443 3.0443 3.0443 3.0443 
3.0443 3.0559 3.0548 3.0513 3.0510 3.0949 3.0965 3.0765 3.0722 3.0591 3.0678 3.0847 3.0795 3.0869 3.0712 3.0556 3.0504 3.0485 3.0443 3.0443 3.0443 
3.0443 3.0802 3.1819 3.0632 3.0831 3.2458 3.2598 3.1751 3.1153 3.1056 3.0973 3.1272 3.1284 3.1380 3.0851 3.0992 3.0730 3.0725 3.0481 3.0443 3.0443 
3.0443 3.0559 3.1334 3.0265 3.0887 3.2347 3.1871 3.0359 3.0344 3.1355 3.1587 3.0623 3.0357 3.0109 3.0164 3.0730 3.0728 3.0734 3.0497 3.0443 3.0443 
3.0443 3.0542 3.0669 3.0594 3.0854 3.1708 3.0823 3.0466 3.0232 3.1122 3.1551 3.0960 3.0984 3.0318 3.0347 3.0848 3.0874 3.0642 3.0518 3.0443 3.0443 
3.0443 3.0450 3.0718 3.0756 3.0653 3.0528 3.0915 3.1276 2.9760 3.0554 3.1103 3.2027 3.2017 3.1014 3.0833 3.1029 3.0852 3.0604 3.0534 3.0443 3.0443 
3.0443 3.0307 3.0139 3.0271 3.0822 3.0979 3.1081 3.1517 2.8474 3.0652 3.0898 3.1002 3.1737 3.0892 3.1073 3.1050 3.0881 3.0624 3.0531 3.0443 3.0443 
3.0443 3.0297 2.9026 3.0661 3.1741 3.1877 3.1252 3.2078 2.9516 3.1602 3.0857 3.0402 3.1652 3.1481 3.1216 3.0879 3.0714 3.0538 3.0515 3.0443 3.0443 
3.0443 3.0430 2.9157 2.9897 3.0692 3.0931 3.0873 3.0341 3.1280 3.3031 3.1967 3.1991 3.1045 3.1087 3.0973 3.0639 3.0648 3.0520 3.0515 3.0443 3.0443 
3.0443 3.0444 3.0071 3.0242 3.1085 3.2166 3.1756 2.9034 3.0721 3.2339 3.1976 3.1479 2.9981 2.9451 3.0505 3.0606 3.0613 3.0898 3.0530 3.0443 3.0443 
3.0443 3.0049 2.9855 3.0525 3.0910 3.1445 3.1705 2.9996 3.1055 3.1878 3.2294 3.1387 3.1169 3.0714 3.0772 3.1155 3.0580 3.0708 3.0541 3.0443 3.0443 
3.0443 3.0167 2.9787 2.9799 2.9820 3.0847 3.1460 3.1372 3.2309 3.2417 3.2080 3.1984 3.0863 3.0376 3.0431 3.1160 3.0452 3.0697 3.0525 3.0443 3.0443 
3.0443 3.0117 2.9420 3.0658 3.0423 3.1456 3.2899 3.2826 3.2793 3.0911 3.1441 3.1126 3.1039 3.0473 2.9998 3.0488 3.0607 3.0728 3.0482 3.0443 3.0443 
3.0443 3.0169 2.9693 3.1507 3.1567 3.1747 3.1880 3.2514 3.2527 3.0973 3.2051 3.2287 3.2133 3.2269 3.1204 3.0193 3.0414 3.0248 3.0446 3.0443 3.0443 
3.0443 3.0304 2.9999 3.0314 3.1988 3.1800 3.1779 3.1785 3.2003 3.1148 3.1443 3.1778 3.1863 3.1718 3.1276 3.0430 3.0587 3.0363 3.0440 3.0443 3.0443 
3.0443 3.0294 2.9909 3.0311 3.0745 3.0937 3.1279 3.1249 3.1267 3.1257 3.0938 3.0835 3.0944 3.0446 3.0442 3.0431 3.0670 3.0488 3.0447 3.0443 3.0443 
3.0443 3.0406 2.9931 3.0181 3.0043 3.0675 3.0585 2.9959 3.0449 3.0350 3.0522 3.0470 3.0768 3.0395 3.0329 3.0615 3.0655 3.0370 3.0448 3.0443 3.0443 
3.0443 3.0462 3.0456 3.0429 3.0442 3.0721 3.0669 3.0279 3.0660 3.0480 3.0342 3.0502 3.0951 3.0720 3.0506 3.0522 3.0553 3.0370 3.0445 3.0443 3.0443 
3.0443 3.0467 3.0490 3.0273 3.0713 3.0402 3.0683 3.0169 3.0187 3.0526 3.0472 3.0736 3.0742 3.0781 3.0535 3.0471 3.0544 3.0484 3.0442 3.0443 3.0443 
3.0443 3.0411 3.0468 3.0456 3.0456 3.0419 3.0506 3.0501 3.0478 3.0481 3.0390 3.0574 3.0490 3.0502 3.0467 3.0465 3.0419 3.0472 3.0443 3.0443 3.0443 
3.0443 3.0443 3.0443 3.0443 3.0443 3.0443 3.0443 3.0443 3.0443 3.0443 3.0443 3.0443 3.0443 3.0443 3.0443 3.0443 3.0443 3.0443 3.0443 3.0443 3.0443 
3.0443 3.0443 3.0443 3.0443 3.0443 3.0443 3.0443 3.0443 3.0443 3.0443 3.0443 3.0443 3.0443 3.0443 3.0443 3.0443 3.0443 3.0443 3.0443 3.0443 3.0443 
3.0443 3.0443 3.0443 3.0443 3.0443 3.0443 3.0443 3.0443 3.0443 3.0443 3.0443 3.0443 3.0443 3.0443 3.0443 3.0443 3.0443 3.0443 3.0443 3.0443 3.0443 
3.0443 3.0443 3.0443 3.0443 3.0443 3.0443 3.0443 3.0443 3.0443 3.0443 3.0443 3.0443 3.0443 3.0443 3.0443 3.0443 3.0443 3.0443 3.0443 3.0443 3.0443 
3.0443 3.0443 3.0443 3.0443 3.0443 3.0443 3.0443 3.0443 3.0443 3.0443 3.0443 3.0443 3.0443 3.0443 3.0443 3.0443 3.0443 3.0443 3.0443 3.0443 3.0443 
3.0443 3.0443 3.0443 3.0443 3.0443 3.0443 3.0443 3.0443 3.0443 3.0443 3.0443 3.0443 3.0443 3.0443 3.0443 3.0443 3.0443 3.0443 3.0443 3.0443 3.0443 
3.0443 3.0443 3.0443 3.0443 3.0443 3.0443 3.0443 3.0443 3.0443 3.0443 3.0443 3.0443 3.0443 3.0443 3.0443 3.0443 3.0443 3.0443 3.0443 3.0443 3.0443 
3.0443 3.0443 3.0443 3.0443 3.0443 3.0443 3.0443 3.0443 3.0443 3.0443 3.0443 3.0443 3.0443 3.0443 3.0443 3.0443 3.0443 3.0443 3.0443 3.0443 3.0443 
3.0443 3.0443 3.0443 3.0443 3.0443 3.0443 3.0443 3.0443 3.0443 3.0443 3.0443 3.0443 3.0443 3.0443 3.0443 3.0443 3.0443 3.0443 3.0443 3.0443 3.0443 
3.0443 3.0443 3.0443 3.0443 3.0443 3.0443 3.0443 3.0443 3.0443 3.0443 3.0443 3.0443 3.0443 3.0443 3.0443 3.0443 3.0443 3.0443 3.0443 3.0443 3.0443 
3.0443 3.0443 3.0443 3.0443 3.0443 3.0443 3.0443 3.0443 3.0443 3.0443 3.0443 3.0443 3.0443 3.0443 3.0443 3.0443 3.0443 3.0443 3.0443 3.0443 3.0443 
3.0443 3.0443 3.0443 3.0443 3.0443 3.0443 3.0443 3.0443 3.0443 3.0443 3.0443 3.0443 3.0443 3.0443 3.0443 3.0443 3.0443 3.0443 3.0443 3.0443 3.0443 
3.0443 3.0443 3.0443 3.0443 3.0443 3.0443 3.0443 3.0443 3.0443 3.0443 3.0443 3.0443 3.0443 3.0443 3.0443 3.0443 3.0443 3.0443 3.0443 3.0443 3.0443 
3.0443 3.0443 3.0443 3.0443 3.0443 3.0443 3.0443 3.0443 3.0443 3.0443 3.0443 3.0443 3.0443 3.0443 3.0443 3.0443 3.0443 3.0443 3.0443 3.0443 3.0443 
3.0443 3.0443 3.0443 3.0443 3.0443 3.0443 3.0443 3.0443 3.0443 3.0443 3.0443 3.0443 3.0443 3.0443 3.0443 3.0443 3.0443 3.0443 3.0443 3.0443 3.0443 
3.0443 3.0443 3.0443 3.0443 3.0443 3.0443 3.0443 3.0443 3.0443 3.0443 3.0443 3.0443 3.0443 3.0443 3.0443 3.0443 3.0443 3.0443 3.0443 3.0443 3.0443 
3.0443 3.0443 3.0443 3.0443 3.0443 3.0443 3.0443 3.0443 3.0443 3.0443 3.0443 3.0443 3.0443 3.0443 3.0443 3.0443 3.0443 3.0443 3.0443 3.0443 3.0443 
3.0443 3.0443 3.0443 3.0443 3.0443 3.0443 3.0443 3.0443 3.0443 3.0443 3.0443 3.0443 3.0443 3.0443 3.0443 3.0443 3.0443 3.0443 3.0443 3.0443 3.0443 
3.0443 3.0443 3.0443 3.0443 3.0443 3.0443 3.0443 3.0443 3.0443 3.0443 3.0443 3.0443 3.0443 3.0443 3.0443 3.0443 3.0443 3.0443 3.0443 3.0443 3.0443 
3.0443 3.0443 3.0443 3.0443 3.0443 3.0443 3.0443 3.0443 3.0443 3.0443 3.0443 3.0443 3.0443 3.0443 3.0443 3.0443 3.0443 3.0443 3.0443 3.0443 3.0443 
3.0443 3.0443 3.0443 3.0443 3.0443 3.0443 3.0443 3.0443 3.0443 3.0443 3.0443 3.0443 3.0443 3.0443 3.0443 3.0443 3.0443 3.0443 3.0443 3.0443 3.0443 
3.0443 3.0443 3.0443 3.0443 3.0443 3.0443 3.0443 3.0443 3.0443 3.0443 3.0443 3.0443 3.0443 3.0443 3.0443 3.0443 3.0443 3.0443 3.0443 3.0443 3.0443 
