0.000000 2.000000 4.000000 6.000000 8.000000 10.000000 15.000000 20.000000 25.000000 30.000000 35.000000 40.000000 45.000000 50.000000 55.000000 60.000000 
3.330700 3.330700 3.330700 3.330700 3.330700 3.330700 3.330700 3.330700 3.330700 3.330700 3.330700 3.330700 3.330700 3.330700 3.330700 3.330700 3.330700 3.330700 3.330700 3.330700 3.330700 
3.330700 3.330700 3.330700 3.330700 3.330700 3.330700 3.330700 3.330700 3.330700 3.330220 3.329640 3.330480 3.330740 3.330590 3.330700 3.330700 3.330700 3.330700 3.330700 3.330700 3.330700 
3.330700 3.330700 3.331210 3.331410 3.331090 3.330200 3.329360 3.330120 3.338540 3.318440 3.284250 3.322730 3.335190 3.336920 3.331540 3.330820 3.330670 3.330760 3.330800 3.330700 3.330700 
3.330700 3.330700 3.332130 3.332990 3.332410 3.329810 3.324560 3.316020 3.402750 3.342680 3.202490 3.390890 3.398050 3.354960 3.329890 3.329910 3.330230 3.330620 3.330780 3.330700 3.330700 
3.330700 3.330700 3.334090 3.336870 3.336430 3.328960 3.297870 3.234190 3.405080 3.344140 3.257640 3.447520 3.424500 3.328150 3.315890 3.326670 3.329060 3.330300 3.330740 3.330700 3.330700 
3.330700 3.330700 3.337970 3.346200 3.350800 3.339040 3.303570 3.338820 3.313300 3.215040 3.342840 3.438220 3.315730 3.219960 3.287190 3.322070 3.327810 3.330000 3.330700 3.330700 3.330700 
3.330700 3.330700 3.345730 3.386660 3.438620 3.327820 3.251730 3.363010 3.213100 3.310960 3.215600 3.385080 3.254850 3.119190 3.253260 3.320600 3.328220 3.330270 3.330840 3.330700 3.330700 
3.330700 3.331220 3.346290 3.509620 3.592940 3.235970 3.043270 3.691500 3.239890 3.450870 3.277400 3.260730 3.231000 3.329180 3.356750 3.333470 3.331420 3.331210 3.331090 3.330700 3.330700 
3.330700 3.329470 3.216850 3.208350 3.569520 3.295290 3.070210 3.481320 3.214250 3.277150 3.318580 3.445100 3.489950 3.551060 3.459310 3.343470 3.333420 3.331760 3.331240 3.330700 3.330700 
3.330700 3.329800 3.220970 3.071040 3.420320 3.496620 3.407050 3.271210 3.123730 3.101900 3.302260 3.396190 3.131780 3.106500 3.304490 3.328510 3.331010 3.331100 3.331020 3.330700 3.330700 
3.330700 3.330240 3.297220 3.447860 3.401130 3.142790 3.204160 3.258550 3.507440 3.273090 3.294590 3.153880 3.319340 3.444920 3.326130 3.324710 3.329140 3.330330 3.330760 3.330700 3.330700 
3.330700 3.330370 3.283320 3.148960 3.037540 3.336590 3.288180 3.199780 3.416140 3.206230 3.187260 3.210550 3.479500 3.315090 3.277910 3.319910 3.327430 3.329660 3.330500 3.330700 3.330700 
3.330700 3.330870 3.335690 3.337610 3.194200 3.324340 3.327100 3.201020 3.424260 3.195310 3.229760 3.133400 3.313230 3.232430 3.196650 3.316180 3.327240 3.329640 3.330480 3.330700 3.330700 
3.330700 3.331960 3.375220 3.437180 3.479200 3.298030 3.074310 2.892060 3.253340 3.504630 3.542170 3.372210 3.444720 3.583890 3.347570 3.329090 3.330220 3.330420 3.330660 3.330700 3.330700 
3.330700 3.330070 3.271940 3.152110 3.392760 3.345020 3.445630 3.305220 3.045310 3.198400 3.252100 3.080010 3.215790 3.358260 3.358160 3.334530 3.331710 3.330990 3.330840 3.330700 3.330700 
3.330700 3.330760 3.320140 3.373260 3.346440 3.234780 3.281960 3.243740 3.239910 3.408560 3.443760 3.307690 3.274940 3.331720 3.334990 3.333170 3.331750 3.331090 3.330850 3.330700 3.330700 
3.330700 3.330700 3.329290 3.330120 3.294830 3.301550 3.268230 3.205950 3.270200 3.382590 3.422970 3.385620 3.336150 3.333170 3.333000 3.332200 3.331440 3.330980 3.330760 3.330700 3.330700 
3.330700 3.330700 3.329790 3.328460 3.324630 3.321100 3.315360 3.310480 3.319830 3.333790 3.340940 3.338520 3.334130 3.332700 3.332140 3.331630 3.331130 3.330780 3.330650 3.330700 3.330700 
3.330700 3.330700 3.330280 3.329620 3.328280 3.326680 3.325150 3.324650 3.327160 3.331260 3.333740 3.333560 3.332450 3.331810 3.331490 3.331170 3.330900 3.330680 3.330620 3.330700 3.330700 
3.330700 3.330700 3.330700 3.330700 3.330700 3.330700 3.330700 3.330700 3.330700 3.330700 3.330700 3.330700 3.330700 3.330700 3.330700 3.330700 3.330700 3.330700 3.330700 3.330700 3.330700 
3.330700 3.330700 3.330700 3.330700 3.330700 3.330700 3.330700 3.330700 3.330700 3.330700 3.330700 3.330700 3.330700 3.330700 3.330700 3.330700 3.330700 3.330700 3.330700 3.330700 3.330700 
3.330700 3.330700 3.330700 3.330700 3.330700 3.330700 3.330700 3.330700 3.330700 3.330700 3.330700 3.330700 3.330700 3.330700 3.330700 3.330700 3.330700 3.330700 3.330700 3.330700 3.330700 
3.330700 3.330700 3.331210 3.331410 3.331090 3.330200 3.329360 3.330220 3.334680 3.326919 3.316070 3.330431 3.335340 3.334820 3.331760 3.330820 3.330670 3.330760 3.330800 3.330700 3.330700 
3.330700 3.331210 3.338469 3.341770 3.338507 3.329630 3.321052 3.321167 3.331070 3.313730 3.297080 3.338400 3.355230 3.346090 3.330660 3.324120 3.323810 3.325980 3.328470 3.330800 3.330700 
3.330700 3.332130 3.349638 3.358829 3.352958 3.332039 3.308771 3.304911 3.342235 3.315273 3.282079 3.376826 3.392394 3.352030 3.317760 3.310111 3.313680 3.320090 3.325920 3.330780 3.330700 
3.330700 3.334090 3.367839 3.389440 3.382885 3.342255 3.290716 3.267103 3.311461 3.293681 3.295599 3.400396 3.388490 3.309140 3.277216 3.285212 3.300260 3.313600 3.323340 3.330740 3.330700 
3.330700 3.337969 3.393381 3.438063 3.438290 3.368081 3.293271 3.280503 3.238425 3.219931 3.280392 3.359725 3.299744 3.208748 3.220071 3.260494 3.290341 3.309870 3.322190 3.330700 3.330700 
3.330700 3.343843 3.416223 3.501794 3.521160 3.377702 3.261605 3.289927 3.187410 3.214252 3.212441 3.284834 3.229030 3.158493 3.207235 3.263401 3.294790 3.312870 3.323640 3.330840 3.330700 
3.330700 3.342859 3.395089 3.521196 3.572333 3.338291 3.182970 3.359328 3.201809 3.250463 3.220410 3.253019 3.255106 3.282817 3.307730 3.309530 3.314950 3.321600 3.326980 3.331090 3.330700 
3.330700 3.294920 3.262377 3.318410 3.475155 3.314442 3.154024 3.253008 3.138408 3.163966 3.220078 3.315271 3.350061 3.389298 3.383430 3.341580 3.328650 3.327470 3.329230 3.331240 3.330700 
3.330700 3.286074 3.196315 3.172074 3.326236 3.312220 3.211830 3.140306 3.064424 3.053279 3.146010 3.214798 3.179482 3.208437 3.289022 3.312230 3.320130 3.324890 3.328390 3.331020 3.330700 
3.330700 3.312585 3.220776 3.208573 3.188290 3.110499 3.087753 3.095472 3.178135 3.100221 3.102809 3.107350 3.214087 3.283514 3.280384 3.294490 3.309340 3.319510 3.326120 3.330760 3.330700 
3.330700 3.307240 3.205198 3.091395 3.006598 3.069569 3.058194 3.046400 3.165192 3.090166 3.073862 3.113473 3.274234 3.268930 3.250970 3.279460 3.301880 3.315830 3.324480 3.330500 3.330700 
3.330700 3.329419 3.265703 3.195653 3.097843 3.094806 3.041524 2.990585 3.131302 3.113954 3.137798 3.141569 3.272934 3.281728 3.248787 3.285570 3.306280 3.317770 3.325070 3.330480 3.330700 
3.330700 3.344559 3.313671 3.296050 3.261960 3.130002 2.959061 2.855700 3.036101 3.222683 3.315713 3.293491 3.382999 3.453233 3.364840 3.332420 3.325320 3.325490 3.327840 3.330660 3.330700 
3.330700 3.311401 3.267090 3.220670 3.262904 3.182928 3.106129 2.991161 2.977110 3.139440 3.243320 3.211570 3.293841 3.389267 3.380650 3.352800 3.338030 3.332100 3.330570 3.330840 3.330700 
3.330700 3.325219 3.293900 3.280391 3.248383 3.152926 3.097290 3.042440 3.088006 3.260118 3.355537 3.316223 3.316108 3.359381 3.364190 3.352120 3.341210 3.334880 3.332000 3.330850 3.330700 
3.330700 3.328940 3.306685 3.283750 3.237660 3.181612 3.127473 3.095203 3.169097 3.312659 3.397279 3.386500 3.359811 3.358669 3.355340 3.347530 3.340100 3.335110 3.332300 3.330760 3.330700 
3.330700 3.329790 3.314380 3.295550 3.266671 3.233603 3.205159 3.199218 3.244360 3.318560 3.367969 3.373359 3.361489 3.354018 3.348229 3.342450 3.337530 3.334060 3.331950 3.330650 3.330700 
3.330700 3.330280 3.322100 3.311900 3.297850 3.282490 3.270820 3.271460 3.292680 3.324890 3.347880 3.353120 3.348880 3.344160 3.340290 3.337000 3.334360 3.332490 3.331330 3.330620 3.330700 
3.330700 3.330700 3.330280 3.329620 3.328280 3.326680 3.325150 3.324650 3.327160 3.331260 3.333740 3.333560 3.332450 3.331810 3.331490 3.331170 3.330900 3.330680 3.330620 3.330700 3.330700 
3.330700 3.330700 3.330700 3.330700 3.330700 3.330700 3.330700 3.330700 3.330700 3.330700 3.330700 3.330700 3.330700 3.330700 3.330700 3.330700 3.330700 3.330700 3.330700 3.330700 3.330700 
3.330700 3.330700 3.330700 3.330700 3.330700 3.330700 3.330700 3.330700 3.330700 3.330700 3.330700 3.330700 3.330700 3.330700 3.330700 3.330700 3.330700 3.330700 3.330700 3.330700 3.330700 
3.330700 3.330700 3.331570 3.331920 3.331330 3.329820 3.328560 3.329720 3.334639 3.326338 3.316621 3.333121 3.338760 3.336579 3.332319 3.330789 3.330620 3.330780 3.330780 3.330700 3.330700 
3.330700 3.331570 3.343829 3.349031 3.342840 3.327399 3.312941 3.311164 3.319991 3.305560 3.300470 3.347982 3.366970 3.351230 3.328550 3.318178 3.317929 3.321880 3.326520 3.330780 3.330700 
3.330700 3.333182 3.362621 3.377357 3.366486 3.331995 3.296472 3.288468 3.314051 3.295884 3.294301 3.384550 3.398947 3.349299 3.305079 3.293480 3.299770 3.311160 3.321770 3.330780 3.330700 
3.330700 3.336480 3.392641 3.426660 3.414470 3.352605 3.282660 3.254202 3.272891 3.259980 3.292821 3.395100 3.377790 3.288113 3.245010 3.253120 3.276840 3.299710 3.317170 3.330680 3.330700 
3.330700 3.342570 3.432731 3.500092 3.495151 3.395646 3.290074 3.250482 3.198180 3.180493 3.248319 3.333126 3.274769 3.174370 3.171305 3.216712 3.261020 3.293510 3.315160 3.330640 3.330700 
3.330700 3.350850 3.464650 3.577860 3.591257 3.423534 3.268555 3.247328 3.144969 3.148170 3.176861 3.248450 3.198590 3.129839 3.163893 3.223912 3.269140 3.299030 3.317910 3.330830 3.330700 
3.330700 3.349421 3.435488 3.577661 3.622601 3.392377 3.205112 3.268157 3.140831 3.162100 3.176399 3.232888 3.241252 3.252990 3.275610 3.287470 3.301020 3.314000 3.323920 3.331320 3.330700 
3.330700 3.297188 3.289596 3.369914 3.490185 3.330597 3.152136 3.167972 3.062693 3.087761 3.166008 3.270510 3.315392 3.350632 3.356500 3.332170 3.323320 3.324380 3.328040 3.331590 3.330700 
3.330700 3.281883 3.188442 3.183050 3.297180 3.252920 3.135818 3.060466 2.984421 2.982810 3.067875 3.146009 3.161700 3.207941 3.275881 3.302150 3.313590 3.321190 3.326900 3.331310 3.330700 
3.330700 3.303798 3.175408 3.124555 3.100146 3.034047 2.995641 3.002941 3.058832 3.006998 3.004171 3.038302 3.154400 3.233340 3.254220 3.276520 3.297130 3.312430 3.323000 3.330800 3.330700 
3.330700 3.297158 3.155434 3.022306 2.934995 2.949041 2.932601 2.944832 3.057031 3.016493 2.997985 3.051712 3.208318 3.240570 3.233660 3.259270 3.286140 3.306100 3.320000 3.330360 3.330700 
3.330700 3.322154 3.222389 3.123903 3.026145 2.983778 2.909713 2.874679 3.016830 3.057910 3.091060 3.122567 3.255519 3.286649 3.256540 3.273990 3.293570 3.308940 3.320680 3.330270 3.330700 
3.330700 3.341445 3.285717 3.243947 3.186328 3.039808 2.855293 2.757750 2.927963 3.138591 3.256593 3.280020 3.382850 3.446487 3.376080 3.334131 3.321150 3.320850 3.325080 3.330570 3.330700 
3.330700 3.312130 3.263531 3.220930 3.216050 3.099302 2.959528 2.839201 2.886582 3.098471 3.241990 3.257150 3.337550 3.417432 3.400640 3.363210 3.340690 3.331510 3.329660 3.330830 3.330700 
3.330700 3.325300 3.285450 3.257339 3.208521 3.090979 2.986981 2.923071 3.002405 3.214937 3.350602 3.345410 3.351470 3.386130 3.384170 3.363900 3.346430 3.336470 3.332230 3.330880 3.330700 
3.330700 3.328719 3.297105 3.262678 3.202921 3.119992 3.042890 3.014909 3.112295 3.291291 3.406889 3.411310 3.386880 3.380520 3.371300 3.357460 3.345250 3.337260 3.332980 3.330770 3.330700 
3.330700 3.329520 3.306050 3.277320 3.234910 3.184362 3.142601 3.139600 3.207360 3.314799 3.388698 3.400768 3.384809 3.371109 3.359910 3.349700 3.341500 3.335950 3.332630 3.330610 3.330700 
3.330700 3.330120 3.317150 3.301110 3.279380 3.255371 3.237821 3.240751 3.274830 3.325120 3.361119 3.369719 3.362699 3.353979 3.346750 3.340950 3.336560 3.333540 3.331720 3.330560 3.330700 
3.330700 3.330700 3.330120 3.329110 3.327100 3.324510 3.322020 3.321480 3.325520 3.331910 3.335790 3.335600 3.333790 3.332610 3.331960 3.331420 3.330960 3.330650 3.330560 3.330700 3.330700 
3.330700 3.330700 3.330700 3.330700 3.330700 3.330700 3.330700 3.330700 3.330700 3.330700 3.330700 3.330700 3.330700 3.330700 3.330700 3.330700 3.330700 3.330700 3.330700 3.330700 3.330700 
3.330700 3.330700 3.330700 3.330700 3.330700 3.330700 3.330700 3.330700 3.330700 3.330700 3.330700 3.330700 3.330700 3.330700 3.330700 3.330700 3.330700 3.330700 3.330700 3.330700 3.330700 
3.330700 3.330700 3.331750 3.332071 3.331120 3.329070 3.327339 3.328481 3.333317 3.322998 3.313511 3.334832 3.343040 3.338459 3.332719 3.330719 3.330520 3.330730 3.330810 3.330700 3.330700 
3.330700 3.331750 3.346330 3.351422 3.341611 3.320230 3.300921 3.297973 3.307171 3.291840 3.293069 3.353803 3.378760 3.356660 3.327270 3.313897 3.313669 3.318980 3.325140 3.330810 3.330700 
3.330700 3.333723 3.369185 3.384980 3.367650 3.321332 3.276108 3.265803 3.292369 3.272270 3.284040 3.394798 3.412827 3.348728 3.295108 3.281070 3.289640 3.304760 3.318830 3.330730 3.330700 
3.330700 3.337710 3.406043 3.444600 3.424332 3.344831 3.260240 3.228612 3.252060 3.233119 3.281969 3.403041 3.375271 3.266422 3.217743 3.228870 3.259780 3.289810 3.312830 3.330580 3.330700 
3.330700 3.345001 3.455082 3.532781 3.520452 3.399069 3.273964 3.228502 3.188970 3.156420 3.235514 3.330348 3.248670 3.131182 3.129200 3.184031 3.240090 3.282190 3.310410 3.330500 3.330700 
3.330700 3.354500 3.493795 3.623331 3.632628 3.443901 3.266954 3.236559 3.146739 3.126389 3.171040 3.244637 3.168180 3.086620 3.124910 3.195403 3.251940 3.290240 3.314410 3.330800 3.330700 
3.330700 3.353299 3.464264 3.626098 3.672786 3.429126 3.221252 3.264231 3.140900 3.141167 3.179289 3.240979 3.232638 3.232921 3.256719 3.274710 3.293790 3.310620 3.322790 3.331460 3.330700 
3.330700 3.301404 3.312836 3.419170 3.543368 3.372729 3.179250 3.177969 3.053570 3.069676 3.174550 3.286492 3.330550 3.357428 3.357130 3.333240 3.324310 3.325240 3.328650 3.331850 3.330700 
3.330700 3.282292 3.195761 3.213591 3.334486 3.275144 3.152158 3.085198 2.991149 2.985048 3.083338 3.164039 3.184773 3.227340 3.283740 3.305710 3.315210 3.322040 3.327380 3.331500 3.330700 
3.330700 3.299143 3.165769 3.122727 3.117375 3.049536 3.012660 3.044060 3.095437 3.035729 3.019920 3.047920 3.161780 3.242180 3.257490 3.275180 3.294350 3.310220 3.321930 3.330850 3.330700 
3.330700 3.291317 3.143690 3.020339 2.961477 2.975126 2.957514 2.992141 3.110136 3.068844 3.029047 3.073242 3.221900 3.254889 3.236440 3.253210 3.278560 3.300550 3.317200 3.330260 3.330700 
3.330700 3.317606 3.217460 3.129989 3.061840 3.021798 2.943894 2.922544 3.079000 3.139490 3.150560 3.164249 3.278709 3.302328 3.260860 3.267080 3.284450 3.302020 3.317130 3.330070 3.330700 
3.330700 3.340024 3.292170 3.265976 3.228896 3.087316 2.898909 2.804044 2.986270 3.218300 3.313519 3.316938 3.405510 3.457418 3.380100 3.330152 3.314390 3.315170 3.321990 3.330380 3.330700 
3.330700 3.316100 3.280649 3.259540 3.262468 3.144339 2.991039 2.866178 2.928541 3.168470 3.302248 3.301290 3.363640 3.430331 3.405240 3.362000 3.336920 3.327890 3.327560 3.330680 3.330700 
3.330700 3.328200 3.297179 3.280697 3.238488 3.122539 3.007589 2.941259 3.032915 3.267995 3.404140 3.385990 3.374100 3.396400 3.387980 3.363900 3.344630 3.334520 3.331040 3.330800 3.330700 
3.330700 3.329888 3.301246 3.270729 3.213301 3.127951 3.044570 3.019580 3.131653 3.330318 3.451438 3.446200 3.407060 3.389940 3.374940 3.358200 3.344650 3.336380 3.332400 3.330730 3.330700 
3.330700 3.329900 3.305629 3.276269 3.232270 3.178471 3.133982 3.135221 3.216500 3.340508 3.421487 3.428278 3.401769 3.379560 3.363420 3.350790 3.341540 3.335710 3.332440 3.330590 3.330700 
3.330700 3.330190 3.315850 3.298400 3.274820 3.248701 3.230172 3.236101 3.278210 3.337960 3.378639 3.385168 3.372739 3.359219 3.349060 3.341770 3.336730 3.333530 3.331680 3.330540 3.330700 
3.330700 3.330700 3.330190 3.329220 3.327090 3.324210 3.321360 3.320890 3.325830 3.333410 3.337830 3.337260 3.334700 3.332970 3.332030 3.331380 3.330870 3.330600 3.330540 3.330700 3.330700 
3.330700 3.330700 3.330700 3.330700 3.330700 3.330700 3.330700 3.330700 3.330700 3.330700 3.330700 3.330700 3.330700 3.330700 3.330700 3.330700 3.330700 3.330700 3.330700 3.330700 3.330700 
3.330700 3.330700 3.330700 3.330700 3.330700 3.330700 3.330700 3.330700 3.330700 3.330700 3.330700 3.330700 3.330700 3.330700 3.330700 3.330700 3.330700 3.330700 3.330700 3.330700 3.330700 
3.330700 3.330700 3.331711 3.331841 3.330420 3.327630 3.325248 3.326430 3.332025 3.318627 3.306891 3.334712 3.346961 3.340539 3.333119 3.330599 3.330390 3.330670 3.330790 3.330700 3.330700 
3.330700 3.331710 3.345939 3.348873 3.334412 3.307110 3.284051 3.282544 3.296351 3.277938 3.278859 3.355727 3.390640 3.364098 3.328640 3.312527 3.311919 3.317780 3.324560 3.330790 3.330700 
3.330700 3.333754 3.369425 3.381740 3.355405 3.296893 3.243899 3.237547 3.278307 3.255618 3.267760 3.405597 3.433176 3.355064 3.291550 3.275158 3.284910 3.301990 3.317620 3.330710 3.330700 
3.330700 3.338081 3.408713 3.444000 3.411053 3.312415 3.215929 3.192742 3.245826 3.229756 3.281779 3.423640 3.386872 3.254707 3.199925 3.214509 3.250960 3.285340 3.311040 3.330460 3.330700 
3.330700 3.346042 3.462109 3.539734 3.513940 3.368246 3.232762 3.208490 3.207829 3.176608 3.258308 3.354167 3.238545 3.094445 3.096069 3.163020 3.229170 3.277449 3.308740 3.330340 3.330700 
3.330700 3.356360 3.505333 3.641928 3.642609 3.427190 3.246727 3.254012 3.200539 3.175417 3.216739 3.274375 3.152770 3.046870 3.094416 3.179074 3.245110 3.288199 3.314080 3.330730 3.330700 
3.330700 3.354868 3.475863 3.655485 3.708103 3.442159 3.236782 3.326509 3.219545 3.207276 3.242339 3.283459 3.240157 3.228240 3.255818 3.276839 3.297069 3.313630 3.324590 3.331580 3.330700 
3.330700 3.300085 3.318496 3.454181 3.609705 3.433148 3.242840 3.274657 3.139981 3.139083 3.253910 3.357828 3.383310 3.398493 3.387159 3.352279 3.335930 3.332000 3.331890 3.332110 3.330700 
3.330700 3.279642 3.201381 3.255518 3.423463 3.374614 3.260716 3.218938 3.115008 3.092337 3.199303 3.266870 3.259785 3.279870 3.317509 3.325860 3.326720 3.328310 3.330260 3.331700 3.330700 
3.330700 3.298822 3.182037 3.181462 3.228103 3.180250 3.158791 3.220658 3.280259 3.200109 3.166020 3.161570 3.245270 3.301489 3.287940 3.288440 3.299860 3.312610 3.322920 3.330920 3.330700 
3.330700 3.291459 3.167886 3.087468 3.087080 3.138329 3.137972 3.196946 3.326782 3.262921 3.185886 3.188738 3.305030 3.304884 3.252028 3.253600 3.275230 3.297700 3.315740 3.330130 3.330700 
3.330700 3.320744 3.252289 3.210249 3.198692 3.197631 3.139507 3.140863 3.314961 3.360388 3.318020 3.270370 3.338320 3.326874 3.257472 3.255560 3.274070 3.295300 3.313940 3.329830 3.330700 
3.330700 3.345056 3.331153 3.352564 3.371955 3.268756 3.103398 3.024432 3.219726 3.442013 3.472359 3.395883 3.435679 3.464335 3.369359 3.315062 3.302031 3.307350 3.318290 3.330130 3.330700 
3.330700 3.320200 3.311149 3.331540 3.385117 3.311434 3.193697 3.078514 3.129571 3.350778 3.420648 3.338851 3.356530 3.413762 3.386921 3.345941 3.325271 3.320800 3.324260 3.330510 3.330700 
3.330700 3.331500 3.317309 3.328514 3.319327 3.239199 3.155221 3.097285 3.181988 3.407197 3.500160 3.419180 3.365500 3.377100 3.369701 3.349760 3.335110 3.328970 3.328550 3.330710 3.330700 
3.330700 3.331289 3.310447 3.293150 3.252960 3.188141 3.121231 3.103040 3.220150 3.421615 3.522817 3.479410 3.408579 3.378790 3.362330 3.348150 3.337970 3.332590 3.330760 3.330690 3.330700 
3.330700 3.330290 3.308089 3.283289 3.246480 3.202160 3.166341 3.173901 3.262500 3.391636 3.465076 3.452628 3.407460 3.375420 3.356720 3.344950 3.337550 3.333440 3.331500 3.330620 3.330700 
3.330700 3.330240 3.315880 3.299400 3.278180 3.255680 3.241021 3.250791 3.297680 3.360989 3.399458 3.398068 3.377078 3.358300 3.346310 3.339120 3.334890 3.332530 3.331270 3.330590 3.330700 
3.330700 3.330700 3.330240 3.329410 3.327500 3.324950 3.322270 3.321980 3.327520 3.335910 3.340310 3.338740 3.335080 3.332760 3.331650 3.331070 3.330730 3.330590 3.330590 3.330700 3.330700 
3.330700 3.330700 3.330700 3.330700 3.330700 3.330700 3.330700 3.330700 3.330700 3.330700 3.330700 3.330700 3.330700 3.330700 3.330700 3.330700 3.330700 3.330700 3.330700 3.330700 3.330700 
3.330700 3.330700 3.330700 3.330700 3.330700 3.330700 3.330700 3.330700 3.330700 3.330700 3.330700 3.330700 3.330700 3.330700 3.330700 3.330700 3.330700 3.330700 3.330700 3.330700 3.330700 
3.330700 3.330643 3.331354 3.331217 3.329222 3.325656 3.322406 3.323920 3.332416 3.313266 3.292972 3.331440 3.350486 3.343146 3.333454 3.330436 3.330247 3.330579 3.330770 3.330700 3.330700 
3.330700 3.331376 3.343627 3.343262 3.323924 3.291429 3.266194 3.269510 3.294068 3.271713 3.262116 3.353261 3.400008 3.373061 3.333709 3.315455 3.313794 3.318986 3.325178 3.330770 3.330700 
3.330700 3.333234 3.365028 3.371059 3.334525 3.264208 3.205083 3.209209 3.281283 3.259137 3.252409 3.417818 3.459796 3.371631 3.298495 3.279288 3.288070 3.304268 3.318787 3.330609 3.330700 
3.330700 3.337699 3.402899 3.429350 3.380323 3.260751 3.152999 3.147570 3.257868 3.260996 3.298658 3.459234 3.419964 3.264111 3.200530 3.216493 3.254330 3.288448 3.312786 3.330299 3.330700 
3.330700 3.345991 3.455865 3.525031 3.480320 3.304978 3.164220 3.185275 3.245298 3.241795 3.317680 3.405742 3.255855 3.078627 3.083371 3.161591 3.232999 3.281787 3.311296 3.330209 3.330700 
3.330700 3.357129 3.498936 3.634570 3.621930 3.365599 3.193555 3.285864 3.285909 3.287086 3.300837 3.328337 3.156955 3.019777 3.081283 3.181790 3.252926 3.295177 3.317908 3.330679 3.330700 
3.330700 3.353816 3.462593 3.656888 3.718454 3.406774 3.219369 3.435729 3.352258 3.345890 3.340238 3.335670 3.253051 3.240521 3.278373 3.298072 3.313505 3.324528 3.329979 3.331750 3.330700 
3.330700 3.279490 3.282902 3.440318 3.657932 3.471990 3.295190 3.420368 3.286008 3.265799 3.366278 3.450089 3.449670 3.464017 3.445436 3.389428 3.358539 3.345089 3.337999 3.332380 3.330700 
3.330700 3.259640 3.176980 3.261579 3.517268 3.504475 3.406872 3.399918 3.296094 3.247996 3.361439 3.407592 3.345191 3.336180 3.364075 3.357241 3.345980 3.339370 3.335350 3.331940 3.330700 
3.330700 3.298153 3.202020 3.259545 3.373785 3.357523 3.356714 3.445802 3.532270 3.421529 3.375289 3.324777 3.367040 3.385697 3.329649 3.308289 3.310259 3.318329 3.325599 3.330980 3.330700 
3.330700 3.291923 3.205509 3.173001 3.231162 3.350252 3.375100 3.448063 3.599619 3.494770 3.384480 3.335281 3.418849 3.360882 3.261004 3.251350 3.272669 3.296539 3.315470 3.330020 3.330700 
3.330700 3.331891 3.306661 3.315498 3.351676 3.408182 3.379746 3.401097 3.600391 3.600630 3.499649 3.372659 3.394570 3.334232 3.229122 3.232370 3.260420 3.288570 3.311290 3.329580 3.330700 
3.330700 3.359207 3.381101 3.454887 3.536696 3.478172 3.342578 3.281783 3.501211 3.700152 3.655735 3.465473 3.446270 3.457818 3.338152 3.287260 3.284600 3.298370 3.314620 3.329890 3.330700 
3.330700 3.316180 3.326128 3.380611 3.508445 3.505578 3.463006 3.364347 3.377603 3.546758 3.525759 3.318451 3.287680 3.358783 3.344730 3.316780 3.307960 3.311980 3.320700 3.330320 3.330700 
3.330700 3.331538 3.322625 3.357565 3.389118 3.361661 3.344415 3.303209 3.366262 3.562872 3.588690 3.409550 3.305800 3.322511 3.330219 3.324410 3.320629 3.321759 3.325739 3.330630 3.330700 
3.330700 3.331078 3.309442 3.300770 3.278929 3.246431 3.213201 3.203690 3.321740 3.520575 3.590258 3.490937 3.381185 3.344786 3.335110 3.330160 3.327690 3.327549 3.328849 3.330760 3.330700 
3.330700 3.329870 3.304788 3.281819 3.253140 3.224781 3.205638 3.220979 3.313740 3.442546 3.501426 3.462748 3.396770 3.358080 3.341300 3.334259 3.331359 3.330449 3.330450 3.330720 3.330700 
3.330700 3.329940 3.313360 3.296740 3.278500 3.262459 3.255039 3.269360 3.319050 3.382529 3.415277 3.403515 3.373565 3.351128 3.339408 3.334168 3.331999 3.331189 3.330870 3.330710 3.330700 
3.330700 3.330700 3.329940 3.329010 3.327240 3.325309 3.323240 3.323070 3.329190 3.338350 3.342510 3.339579 3.334618 3.331888 3.330919 3.330609 3.330579 3.330650 3.330710 3.330700 3.330700 
3.330700 3.330700 3.330700 3.330700 3.330700 3.330700 3.330700 3.330700 3.330700 3.330700 3.330700 3.330700 3.330700 3.330700 3.330700 3.330700 3.330700 3.330700 3.330700 3.330700 3.330700 
3.423900 3.423900 3.423900 3.423900 3.423900 3.423900 3.423900 3.423900 3.423900 3.423900 3.423900 3.423900 3.423900 3.423900 3.423900 3.423900 3.423900 3.423900 3.423900 3.423900 3.423900 
3.423900 3.423819 3.424179 3.423772 3.421356 3.417156 3.413500 3.415728 3.427255 3.407961 3.380836 3.418885 3.439094 3.435530 3.426347 3.423582 3.423416 3.423739 3.423930 3.423900 3.423900 
3.423900 3.424261 3.434397 3.431560 3.409430 3.374593 3.350093 3.360217 3.398013 3.381758 3.358905 3.440334 3.488038 3.470091 3.434762 3.416767 3.413454 3.416405 3.420407 3.423930 3.423900 
3.423900 3.425769 3.452797 3.453208 3.409856 3.333255 3.273194 3.290218 3.393509 3.393048 3.360447 3.508568 3.557628 3.483881 3.412069 3.390501 3.394850 3.406137 3.416116 3.423759 3.423900 
3.423900 3.429869 3.486088 3.502430 3.440723 3.307639 3.195693 3.209907 3.367916 3.424161 3.431449 3.566460 3.545685 3.400117 3.328597 3.337738 3.368020 3.394607 3.412125 3.423459 3.423900 
3.423900 3.437480 3.532225 3.586467 3.523176 3.326611 3.188998 3.255697 3.360902 3.434427 3.484582 3.537192 3.404413 3.224326 3.217400 3.288930 3.351688 3.391256 3.412275 3.423369 3.423900 
3.423900 3.447219 3.565084 3.683015 3.651120 3.367278 3.218774 3.394644 3.438319 3.513429 3.473957 3.458120 3.297623 3.156637 3.213800 3.311627 3.374475 3.406666 3.419877 3.423909 3.423900 
3.423900 3.438744 3.511070 3.688943 3.746262 3.410899 3.264235 3.603232 3.554461 3.583364 3.498430 3.441040 3.360073 3.368853 3.417582 3.432038 3.436873 3.436787 3.432248 3.425060 3.423900 
3.423900 3.346311 3.306956 3.443154 3.698314 3.526524 3.384822 3.606879 3.517100 3.483386 3.514688 3.566695 3.553120 3.592190 3.591874 3.524997 3.480928 3.456249 3.439689 3.425740 3.423900 
3.423900 3.332990 3.223680 3.297533 3.613181 3.660345 3.584525 3.596159 3.529385 3.455577 3.542029 3.574189 3.476248 3.458760 3.497262 3.482950 3.461880 3.446650 3.435319 3.425280 3.423900 
3.423900 3.397259 3.308610 3.394967 3.542571 3.570730 3.579274 3.644135 3.752078 3.631789 3.606960 3.542737 3.553430 3.533738 3.453489 3.420079 3.416078 3.419839 3.422969 3.424220 3.423900 
3.423900 3.395893 3.336279 3.324696 3.384271 3.555472 3.598638 3.643003 3.795680 3.671211 3.585245 3.510446 3.572069 3.466723 3.346713 3.339470 3.365359 3.391299 3.409979 3.423110 3.423900 
3.423900 3.442927 3.444358 3.468403 3.484916 3.572673 3.566625 3.586564 3.785322 3.731140 3.632020 3.473029 3.483300 3.396107 3.278700 3.299880 3.342260 3.378000 3.403630 3.422610 3.423900 
3.423900 3.465835 3.496591 3.576402 3.661638 3.626380 3.517920 3.475788 3.701216 3.851964 3.796876 3.545807 3.488146 3.499897 3.380519 3.348630 3.362250 3.385420 3.405980 3.422900 3.423900 
3.423900 3.397720 3.393490 3.432394 3.594839 3.650275 3.690741 3.623910 3.600983 3.684750 3.609547 3.317825 3.262540 3.364392 3.381390 3.378140 3.385790 3.399020 3.412020 3.423430 3.423900 
3.423900 3.417205 3.384788 3.407655 3.456190 3.469603 3.528161 3.514083 3.555799 3.700461 3.672078 3.425501 3.302310 3.342464 3.377059 3.391920 3.401550 3.410149 3.417539 3.423850 3.423900 
3.423900 3.420432 3.378713 3.358590 3.341039 3.335070 3.344190 3.349008 3.461942 3.643679 3.685020 3.548135 3.421311 3.392746 3.397909 3.406120 3.412650 3.417679 3.421319 3.424040 3.423900 
3.423900 3.421079 3.382747 3.351859 3.324900 3.310590 3.311968 3.336948 3.429390 3.550567 3.595228 3.539189 3.464070 3.427359 3.417480 3.417520 3.419839 3.422019 3.423370 3.424080 3.423900 
3.423900 3.422280 3.399020 3.378350 3.360700 3.350708 3.351799 3.371050 3.421290 3.481719 3.508507 3.489846 3.455986 3.433908 3.424949 3.422839 3.423089 3.423729 3.424060 3.424050 3.423900 
3.423900 3.423900 3.422280 3.420680 3.418679 3.417319 3.416269 3.416410 3.422650 3.431910 3.435690 3.431849 3.426368 3.423788 3.423209 3.423369 3.423679 3.423980 3.424050 3.423900 3.423900 
3.423900 3.423900 3.423900 3.423900 3.423900 3.423900 3.423900 3.423900 3.423900 3.423900 3.423900 3.423900 3.423900 3.423900 3.423900 3.423900 3.423900 3.423900 3.423900 3.423900 3.423900 
3.423900 3.423900 3.423900 3.423900 3.423900 3.423900 3.423900 3.423900 3.423900 3.423900 3.423900 3.423900 3.423900 3.423900 3.423900 3.423900 3.423900 3.423900 3.423900 3.423900 3.423900 
3.423900 3.423900 3.424170 3.423621 3.421278 3.417334 3.414203 3.417121 3.429699 3.418866 3.393388 3.414131 3.425524 3.429789 3.425410 3.423730 3.423550 3.423750 3.423880 3.423900 3.423900 
3.423900 3.424149 3.434140 3.431881 3.411369 3.379529 3.359409 3.375877 3.423406 3.425793 3.396169 3.437992 3.468881 3.467987 3.445587 3.430419 3.424698 3.423729 3.423890 3.423880 3.423900 
3.423900 3.425505 3.451022 3.451129 3.409886 3.337904 3.285175 3.311727 3.426132 3.466667 3.420659 3.496342 3.534800 3.502486 3.447134 3.423502 3.419310 3.421369 3.423249 3.423720 3.423900 
3.423900 3.428812 3.479393 3.491940 3.430398 3.302165 3.199396 3.224007 3.380277 3.503356 3.487280 3.552379 3.567538 3.476169 3.403191 3.395122 3.406820 3.417719 3.422749 3.423530 3.423900 
3.423900 3.434933 3.515319 3.557750 3.489513 3.297766 3.172096 3.249072 3.337677 3.507083 3.531212 3.541787 3.493088 3.359438 3.326131 3.365049 3.400859 3.419838 3.425249 3.423520 3.423900 
3.423900 3.441286 3.530774 3.622545 3.578754 3.307156 3.182341 3.370994 3.402090 3.573030 3.491588 3.455083 3.393783 3.296059 3.323623 3.388737 3.424877 3.436299 3.433440 3.424120 3.423900 
3.423900 3.426828 3.454333 3.585679 3.626926 3.320686 3.212243 3.568639 3.541432 3.632820 3.476153 3.403901 3.390940 3.437423 3.487556 3.491002 3.479356 3.463089 3.444580 3.425180 3.423900 
3.423900 3.332121 3.237935 3.307057 3.540445 3.414185 3.311556 3.554212 3.546261 3.529790 3.463482 3.494275 3.498160 3.578873 3.619607 3.562838 3.512629 3.477210 3.449840 3.425790 3.423900 
3.423900 3.328341 3.178810 3.192640 3.489010 3.598618 3.536642 3.513473 3.511408 3.439764 3.467294 3.508511 3.433070 3.444801 3.516084 3.509260 3.484880 3.462500 3.443190 3.425270 3.423900 
3.423900 3.407687 3.307014 3.359185 3.467711 3.538902 3.538358 3.506161 3.609801 3.522879 3.551310 3.534431 3.554830 3.521101 3.459759 3.434640 3.430919 3.430969 3.428780 3.424170 3.423900 
3.423900 3.412743 3.353791 3.309229 3.282355 3.454453 3.504524 3.472840 3.599633 3.500089 3.500036 3.456942 3.528060 3.420662 3.330871 3.340621 3.372480 3.398380 3.414070 3.423110 3.423900 
3.423900 3.455695 3.450840 3.429938 3.344440 3.414787 3.415522 3.395956 3.555119 3.462066 3.452909 3.353261 3.410910 3.343910 3.252491 3.292581 3.344100 3.382260 3.406570 3.422590 3.423900 
3.423900 3.466804 3.469715 3.488408 3.492638 3.443383 3.346101 3.304931 3.502170 3.590018 3.629755 3.442239 3.404304 3.434106 3.344764 3.336241 3.361360 3.388260 3.408340 3.422950 3.423900 
3.423900 3.382860 3.329932 3.296235 3.418799 3.480761 3.556561 3.520153 3.493033 3.498139 3.463630 3.211944 3.180828 3.305338 3.349890 3.367010 3.384890 3.401570 3.414210 3.423530 3.423900 
3.423900 3.403484 3.322631 3.292592 3.320494 3.336600 3.433094 3.446610 3.486332 3.575792 3.547409 3.323380 3.233990 3.300754 3.356292 3.385120 3.401970 3.412860 3.419680 3.423960 3.423900 
3.423900 3.413715 3.336738 3.285470 3.254812 3.255654 3.296951 3.321459 3.426560 3.577010 3.608620 3.481375 3.376132 3.366699 3.385840 3.402910 3.413990 3.420330 3.423210 3.424170 3.423900 
3.423900 3.417870 3.359019 3.311970 3.279241 3.271670 3.290662 3.326281 3.414281 3.520870 3.558121 3.504881 3.439559 3.413130 3.411190 3.416340 3.421270 3.424100 3.424810 3.424240 3.423900 
3.423900 3.421000 3.388250 3.360570 3.340851 3.334540 3.343340 3.367240 3.415710 3.470240 3.493329 3.475199 3.445109 3.427500 3.422160 3.422460 3.423990 3.424940 3.424870 3.424140 3.423900 
3.423900 3.423900 3.421000 3.418350 3.415800 3.414650 3.414670 3.415360 3.421190 3.429470 3.432770 3.429190 3.424480 3.422630 3.422630 3.423160 3.423710 3.424080 3.424140 3.423900 3.423900 
3.423900 3.423900 3.423900 3.423900 3.423900 3.423900 3.423900 3.423900 3.423900 3.423900 3.423900 3.423900 3.423900 3.423900 3.423900 3.423900 3.423900 3.423900 3.423900 3.423900 3.423900 
3.423900 3.423900 3.423900 3.423900 3.423900 3.423900 3.423900 3.423900 3.423900 3.423900 3.423900 3.423900 3.423900 3.423900 3.423900 3.423900 3.423900 3.423900 3.423900 3.423900 3.423900 
3.423900 3.423830 3.423888 3.423773 3.422058 3.418747 3.416465 3.420210 3.432639 3.431750 3.411286 3.412123 3.411953 3.423623 3.424301 3.423846 3.423751 3.423838 3.423880 3.423900 3.423900 
3.423900 3.423998 3.437527 3.440031 3.426308 3.402878 3.390243 3.410798 3.461671 3.483611 3.453370 3.449068 3.455307 3.469733 3.461478 3.448896 3.439405 3.433106 3.428292 3.423879 3.423900 
3.423900 3.425205 3.456191 3.464592 3.435964 3.380302 3.340682 3.369690 3.475801 3.551901 3.507177 3.504803 3.522234 3.531421 3.495112 3.467859 3.451590 3.441031 3.432297 3.423786 3.423900 
3.423900 3.428509 3.483323 3.504909 3.460320 3.356246 3.270842 3.290197 3.403040 3.567909 3.552760 3.559011 3.607891 3.577603 3.505074 3.472994 3.458360 3.447600 3.436164 3.423725 3.423900 
3.423900 3.433753 3.512687 3.559645 3.509649 3.349061 3.236789 3.278778 3.292413 3.523460 3.553759 3.560671 3.612692 3.540411 3.478026 3.469881 3.466306 3.456639 3.441554 3.423845 3.423900 
3.423900 3.437830 3.514913 3.597729 3.568042 3.339492 3.217981 3.336940 3.291419 3.539290 3.468343 3.467015 3.533402 3.492542 3.480577 3.494489 3.490647 3.473399 3.449938 3.424416 3.423900 
3.423900 3.420827 3.424127 3.521816 3.559284 3.307334 3.201030 3.470061 3.420749 3.589701 3.424288 3.394187 3.474451 3.551509 3.585682 3.566202 3.530883 3.493951 3.458773 3.425298 3.423900 
3.423900 3.329562 3.204032 3.210813 3.401088 3.323610 3.230729 3.408875 3.464746 3.511797 3.396179 3.434441 3.471513 3.579784 3.648253 3.602420 3.546803 3.500045 3.460846 3.425689 3.423900 
3.423900 3.332270 3.157199 3.105263 3.342767 3.494759 3.426629 3.320673 3.372497 3.353592 3.343376 3.403950 3.373824 3.423760 3.528598 3.534721 3.509460 3.479998 3.451907 3.425119 3.423900 
3.423900 3.414589 3.298189 3.286776 3.318646 3.415339 3.400649 3.253272 3.346970 3.327179 3.409190 3.455418 3.510987 3.486353 3.462452 3.454161 3.451518 3.446097 3.436468 3.424089 3.423900 
3.423900 3.422266 3.350313 3.243951 3.102602 3.252249 3.314799 3.211691 3.319503 3.266867 3.351332 3.368048 3.467205 3.381506 3.336852 3.362202 3.393636 3.413497 3.421728 3.423110 3.423900 
3.423900 3.458158 3.431681 3.344416 3.150357 3.198933 3.217054 3.150380 3.259330 3.145051 3.246620 3.249427 3.374109 3.339780 3.278415 3.322051 3.368086 3.398358 3.414579 3.422800 3.423900 
3.423900 3.461338 3.426602 3.371203 3.283901 3.220360 3.138950 3.088172 3.237080 3.265776 3.435300 3.385080 3.406097 3.447244 3.374814 3.367359 3.385950 3.404530 3.416419 3.423250 3.423900 
3.423900 3.371868 3.271365 3.164179 3.227790 3.269523 3.341955 3.324429 3.311480 3.274120 3.338949 3.214429 3.233709 3.350844 3.388517 3.398819 3.408580 3.416989 3.421839 3.423840 3.423900 
3.423900 3.392052 3.268215 3.185800 3.185675 3.186070 3.283560 3.317440 3.368760 3.423679 3.441550 3.303480 3.268620 3.341912 3.391977 3.413479 3.422650 3.426279 3.426349 3.424220 3.423900 
3.423900 3.407885 3.301300 3.222090 3.177909 3.176609 3.234369 3.276966 3.375639 3.495800 3.537440 3.453658 3.387514 3.391785 3.411350 3.424240 3.429920 3.430788 3.428458 3.424380 3.423900 
3.423900 3.415230 3.340056 3.279938 3.242589 3.238690 3.269948 3.314666 3.396300 3.486540 3.523810 3.488238 3.442649 3.426217 3.426420 3.429909 3.431738 3.431128 3.428369 3.424370 3.423900 
3.423900 3.419979 3.380070 3.347250 3.326359 3.323056 3.337856 3.365367 3.410480 3.457880 3.479618 3.467565 3.445493 3.432815 3.429067 3.428935 3.429156 3.428438 3.426689 3.424230 3.423900 
3.423900 3.423900 3.419979 3.416469 3.413517 3.412445 3.413306 3.414569 3.419620 3.426350 3.429289 3.426726 3.423364 3.422335 3.422697 3.423347 3.423898 3.424209 3.424209 3.423900 3.423900 
3.423900 3.423900 3.423900 3.423900 3.423900 3.423900 3.423900 3.423900 3.423900 3.423900 3.423900 3.423900 3.423900 3.423900 3.423900 3.423900 3.423900 3.423900 3.423900 3.423900 3.423900 
3.680300 3.680300 3.680300 3.680300 3.680300 3.680300 3.680300 3.680300 3.680300 3.680300 3.680300 3.680300 3.680300 3.680300 3.680300 3.680300 3.680300 3.680300 3.680300 3.680300 3.680300 
3.680300 3.680264 3.680765 3.681169 3.680460 3.678560 3.677756 3.681911 3.693012 3.699104 3.684668 3.670626 3.661286 3.676715 3.680799 3.681002 3.680672 3.680457 3.680370 3.680300 3.680300 
3.680300 3.680846 3.700549 3.711136 3.708041 3.696338 3.692439 3.714769 3.763277 3.798707 3.772571 3.732686 3.715959 3.738108 3.738407 3.725744 3.711403 3.699255 3.689261 3.680359 3.680300 
3.680300 3.682396 3.724827 3.748533 3.740898 3.708745 3.685552 3.712101 3.797010 3.891565 3.859950 3.803128 3.798661 3.832512 3.806922 3.771928 3.741617 3.717628 3.697956 3.680396 3.680300 
3.680300 3.685899 3.755873 3.798672 3.785639 3.718276 3.654339 3.656132 3.707966 3.881936 3.889450 3.869417 3.937900 3.947156 3.870671 3.811339 3.768117 3.734548 3.706263 3.680505 3.680300 
3.680300 3.691264 3.786417 3.856845 3.846025 3.734060 3.632741 3.613237 3.534657 3.781980 3.848871 3.888199 4.015655 3.987260 3.895266 3.836501 3.790476 3.750519 3.714463 3.680754 3.680300 
3.680300 3.695494 3.787302 3.888153 3.897166 3.729215 3.596336 3.599362 3.457820 3.745740 3.736771 3.806215 3.969693 3.965288 3.908416 3.863834 3.815250 3.767270 3.722808 3.681276 3.680300 
3.680300 3.680895 3.697145 3.796170 3.851754 3.665613 3.536580 3.656169 3.564020 3.803290 3.698957 3.740256 3.887611 3.964561 3.960971 3.905618 3.840657 3.781032 3.728962 3.681887 3.680300 
3.680300 3.600401 3.486950 3.475614 3.632923 3.601135 3.498533 3.563336 3.649647 3.786772 3.690400 3.746147 3.799883 3.896731 3.955647 3.905420 3.838714 3.778945 3.727815 3.682028 3.680300 
3.680300 3.603905 3.440746 3.364203 3.548611 3.723700 3.646715 3.461101 3.547864 3.618526 3.604796 3.664630 3.656745 3.713482 3.819532 3.825439 3.793720 3.754868 3.717196 3.681369 3.680300 
3.680300 3.676620 3.566657 3.515539 3.495157 3.614757 3.603814 3.389641 3.482019 3.542661 3.648684 3.719292 3.782493 3.755695 3.750385 3.746250 3.736998 3.721567 3.702037 3.680479 3.680300 
3.680300 3.684070 3.614652 3.476471 3.278144 3.419749 3.519448 3.402604 3.508184 3.502648 3.618687 3.666496 3.759317 3.678064 3.651010 3.670057 3.687185 3.692817 3.688887 3.679759 3.680300 
3.680300 3.712915 3.684220 3.571269 3.346978 3.414668 3.488575 3.417471 3.482342 3.361753 3.516475 3.588020 3.729186 3.693990 3.632024 3.649698 3.670744 3.681717 3.683349 3.679650 3.680300 
3.680300 3.713575 3.672203 3.593458 3.483604 3.457803 3.435814 3.400155 3.487201 3.457020 3.694319 3.760024 3.817357 3.832235 3.740159 3.701020 3.691510 3.689140 3.685719 3.680200 3.680300 
3.680300 3.631046 3.522415 3.399940 3.443920 3.492894 3.569588 3.576793 3.578282 3.519420 3.659422 3.658474 3.703246 3.769114 3.758076 3.729970 3.711430 3.699870 3.690309 3.680760 3.680300 
3.680300 3.646675 3.516140 3.422968 3.424470 3.431863 3.527112 3.580282 3.640820 3.672127 3.735779 3.686181 3.683813 3.728863 3.741688 3.731919 3.717870 3.704939 3.692929 3.681020 3.680300 
3.680300 3.663030 3.552842 3.471661 3.435179 3.443689 3.514000 3.572397 3.662069 3.752900 3.805971 3.767882 3.730860 3.730219 3.731251 3.724920 3.714840 3.703839 3.692568 3.681040 3.680300 
3.680300 3.671070 3.595146 3.536578 3.505989 3.511320 3.553238 3.604926 3.677790 3.750651 3.788381 3.771550 3.741860 3.727018 3.719890 3.713479 3.706269 3.698298 3.689819 3.680930 3.680300 
3.680300 3.676180 3.636510 3.605230 3.588249 3.590227 3.610476 3.640347 3.680660 3.719930 3.740338 3.734715 3.719364 3.708466 3.702357 3.698186 3.694296 3.690168 3.685569 3.680680 3.680300 
3.680300 3.680300 3.676180 3.672629 3.669977 3.669316 3.670857 3.672579 3.676670 3.681600 3.684079 3.682597 3.680415 3.679766 3.680007 3.680377 3.680668 3.680809 3.680679 3.680300 3.680300 
3.680300 3.680300 3.680300 3.680300 3.680300 3.680300 3.680300 3.680300 3.680300 3.680300 3.680300 3.680300 3.680300 3.680300 3.680300 3.680300 3.680300 3.680300 3.680300 3.680300 3.680300 
3.680300 3.680300 3.680300 3.680300 3.680300 3.680300 3.680300 3.680300 3.680300 3.680300 3.680300 3.680300 3.680300 3.680300 3.680300 3.680300 3.680300 3.680300 3.680300 3.680300 3.680300 
3.680300 3.680300 3.681560 3.682553 3.682869 3.682651 3.683438 3.687675 3.697177 3.707335 3.697428 3.674525 3.658919 3.676061 3.681751 3.682032 3.681301 3.680750 3.680460 3.680300 3.680300 
3.680300 3.681539 3.707689 3.726820 3.734925 3.735115 3.739508 3.762234 3.805687 3.847879 3.827278 3.765969 3.731989 3.755060 3.757690 3.742858 3.723898 3.706899 3.692790 3.680460 3.680300 
3.680300 3.683693 3.738783 3.779271 3.794263 3.786338 3.779304 3.802262 3.864812 3.964520 3.948291 3.861670 3.838411 3.880201 3.855260 3.810609 3.767997 3.733138 3.705069 3.680680 3.680300 
3.680300 3.687593 3.776661 3.844684 3.867028 3.838307 3.795980 3.780115 3.778152 3.943000 3.977259 3.952129 4.025851 4.049051 3.961390 3.877098 3.809796 3.757908 3.716679 3.680960 3.680300 
3.680300 3.693743 3.814382 3.917194 3.952733 3.892418 3.802689 3.727028 3.571315 3.809913 3.919356 3.998108 4.164208 4.150208 4.027618 3.925099 3.843459 3.779039 3.726920 3.681330 3.680300 
3.680300 3.699822 3.824509 3.961185 4.019957 3.912773 3.769613 3.666930 3.445270 3.747990 3.811428 3.947296 4.158552 4.157487 4.053915 3.956258 3.868720 3.795511 3.734951 3.681750 3.680300 
3.680300 3.690549 3.748937 3.880126 3.970762 3.845685 3.693490 3.675370 3.541630 3.832990 3.810099 3.912160 4.082986 4.129775 4.074133 3.977146 3.882879 3.803781 3.738801 3.682130 3.680300 
3.680300 3.620628 3.558444 3.573008 3.725603 3.734952 3.623229 3.586176 3.680036 3.898357 3.850489 3.914250 3.954118 4.005667 4.023508 3.951228 3.868150 3.795790 3.735350 3.682040 3.680300 
3.680300 3.622960 3.510796 3.457464 3.624407 3.819731 3.746668 3.517409 3.626391 3.781111 3.777349 3.809589 3.781508 3.804882 3.878609 3.865579 3.820100 3.770360 3.724220 3.681340 3.680300 
3.680300 3.684376 3.613668 3.572158 3.550816 3.703485 3.720283 3.501080 3.604229 3.727072 3.823723 3.868064 3.894287 3.835212 3.814790 3.794549 3.769200 3.740430 3.710560 3.680560 3.680300 
3.680300 3.690632 3.655822 3.540825 3.362874 3.530323 3.688178 3.609890 3.725048 3.747523 3.842481 3.869969 3.910553 3.796881 3.749850 3.740196 3.731529 3.717800 3.700030 3.680050 3.680300 
3.680300 3.715181 3.720559 3.643356 3.472400 3.602809 3.757931 3.725018 3.763639 3.638324 3.777645 3.850823 3.947548 3.868070 3.770624 3.741826 3.726169 3.712010 3.696670 3.680180 3.680300 
3.680300 3.717014 3.713013 3.676464 3.620540 3.678339 3.744963 3.748426 3.784255 3.701292 3.928301 4.035292 4.077835 4.032347 3.889708 3.798800 3.749780 3.720750 3.699560 3.680830 3.680300 
3.680300 3.642988 3.575727 3.500754 3.581350 3.677327 3.784726 3.824096 3.830533 3.752221 3.908943 3.967413 3.995570 3.985255 3.903869 3.821410 3.765210 3.728900 3.703040 3.681320 3.680300 
3.680300 3.652901 3.557970 3.501257 3.541644 3.586351 3.695243 3.767352 3.827261 3.835079 3.914450 3.912041 3.906182 3.899848 3.858396 3.805690 3.761550 3.728700 3.703370 3.681460 3.680300 
3.680300 3.666229 3.582067 3.528460 3.523168 3.558168 3.644600 3.714578 3.791190 3.853040 3.905300 3.891880 3.861510 3.839119 3.809850 3.776450 3.746100 3.721080 3.700190 3.681310 3.680300 
3.680300 3.672730 3.613638 3.572999 3.561779 3.583649 3.636570 3.692158 3.753790 3.808070 3.841019 3.833599 3.809060 3.786729 3.765410 3.744600 3.725680 3.709170 3.694630 3.681040 3.680300 
3.680300 3.676910 3.645700 3.623400 3.615790 3.625790 3.651290 3.681950 3.716090 3.746320 3.763249 3.760508 3.747659 3.734620 3.723080 3.712790 3.703600 3.695390 3.687880 3.680730 3.680300 
3.680300 3.680300 3.676910 3.674160 3.672470 3.672660 3.674800 3.676740 3.679770 3.683030 3.684920 3.684030 3.682440 3.681640 3.681350 3.681240 3.681130 3.680990 3.680730 3.680300 3.680300 
3.680300 3.680300 3.680300 3.680300 3.680300 3.680300 3.680300 3.680300 3.680300 3.680300 3.680300 3.680300 3.680300 3.680300 3.680300 3.680300 3.680300 3.680300 3.680300 3.680300 3.680300 
3.680300 3.680300 3.680300 3.680300 3.680300 3.680300 3.680300 3.680300 3.680300 3.680300 3.680300 3.680300 3.680300 3.680300 3.680300 3.680300 3.680300 3.680300 3.680300 3.680300 3.680300 
3.680300 3.680302 3.681847 3.683264 3.684371 3.684801 3.686108 3.690594 3.698992 3.711062 3.705143 3.678829 3.660385 3.676963 3.682550 3.682610 3.681686 3.680982 3.680553 3.680300 3.680300 
3.680300 3.681782 3.711481 3.735880 3.751683 3.761018 3.771459 3.793444 3.830986 3.874413 3.860062 3.790532 3.746790 3.766086 3.767031 3.749914 3.728504 3.709478 3.693914 3.680539 3.680300 
3.680300 3.684031 3.745963 3.797198 3.828533 3.839946 3.845950 3.866662 3.912129 4.008045 4.005420 3.907781 3.870469 3.907473 3.878230 3.827212 3.778275 3.738627 3.707346 3.680816 3.680300 
3.680300 3.688377 3.788010 3.872828 3.921361 3.924754 3.902952 3.880333 3.846186 3.992467 4.046488 4.022862 4.087366 4.105340 4.006202 3.906681 3.826746 3.766326 3.720050 3.681184 3.680300 
3.680300 3.695276 3.832406 3.958452 4.030220 4.014269 3.943335 3.839519 3.647210 3.861482 3.997533 4.098451 4.265123 4.242915 4.096213 3.966522 3.865296 3.789127 3.730687 3.681582 3.680300 
3.680300 3.703249 3.855207 4.021501 4.122226 4.069072 3.932357 3.769196 3.514665 3.805481 3.919479 4.087426 4.296481 4.275046 4.132994 3.999784 3.889764 3.804419 3.737960 3.681933 3.680300 
3.680300 3.699787 3.803643 3.970169 4.094432 4.023860 3.869575 3.764367 3.615987 3.924208 3.965173 4.093097 4.245212 4.244717 4.139232 4.009548 3.897232 3.809181 3.740345 3.682155 3.680300 
3.680300 3.642128 3.644246 3.703626 3.864315 3.909273 3.806285 3.711173 3.802609 4.065392 4.060548 4.112405 4.114606 4.104265 4.069619 3.972412 3.877065 3.798854 3.736019 3.681926 3.680300 
3.680300 3.643068 3.599314 3.596975 3.769118 3.978603 3.927988 3.705256 3.825417 4.028992 4.029946 4.016181 3.941010 3.908031 3.930813 3.891216 3.832078 3.775386 3.725851 3.681297 3.680300 
3.680300 3.691669 3.678926 3.681083 3.697703 3.884551 3.941409 3.766287 3.881586 4.032396 4.095192 4.081846 4.042996 3.934321 3.879114 3.833443 3.790656 3.750965 3.714722 3.680677 3.680300 
3.680300 3.696635 3.716093 3.663997 3.560610 3.766389 3.977598 3.961536 4.084618 4.113930 4.158389 4.131718 4.094782 3.931183 3.845487 3.800184 3.765547 3.735162 3.707163 3.680398 3.680300 
3.680300 3.717665 3.778161 3.774431 3.703874 3.904428 4.130632 4.153088 4.180486 4.052105 4.134180 4.160362 4.178088 4.037267 3.893848 3.818237 3.769185 3.733961 3.705845 3.680679 3.680300 
3.680300 3.721901 3.778841 3.819408 3.854259 4.002021 4.150934 4.198930 4.202486 4.081440 4.246425 4.330803 4.322670 4.208308 4.013637 3.875749 3.793247 3.743076 3.708907 3.681299 3.680300 
3.680300 3.659608 3.658850 3.663168 3.804010 3.959170 4.105689 4.175013 4.178706 4.081638 4.207126 4.264335 4.247571 4.161873 4.017749 3.889531 3.803221 3.748340 3.711149 3.681700 3.680300 
3.680300 3.663414 3.626473 3.629230 3.722266 3.815441 3.944374 4.029736 4.079099 4.061737 4.126677 4.130170 4.096806 4.036635 3.946607 3.858362 3.790872 3.743620 3.709549 3.681690 3.680300 
3.680300 3.671800 3.629684 3.617907 3.652291 3.718318 3.818725 3.893109 3.952140 3.985096 4.023189 4.012834 3.973246 3.924894 3.867727 3.811912 3.766081 3.731249 3.704339 3.681440 3.680300 
3.680300 3.675652 3.642873 3.628005 3.640302 3.679441 3.740022 3.794601 3.842488 3.877599 3.900086 3.892506 3.865256 3.832546 3.797953 3.765229 3.737468 3.715198 3.697068 3.681080 3.680300 
3.680300 3.678180 3.659922 3.650040 3.653487 3.671262 3.699925 3.728938 3.755704 3.776375 3.787690 3.784236 3.770684 3.754205 3.737535 3.722194 3.709004 3.698116 3.688968 3.680690 3.680300 
3.680300 3.680299 3.678189 3.676658 3.676185 3.677213 3.679755 3.681689 3.683781 3.685601 3.686740 3.685985 3.684463 3.683294 3.682465 3.681856 3.681376 3.681048 3.680669 3.680300 3.680300 
3.680300 3.680300 3.680300 3.680300 3.680300 3.680300 3.680300 3.680300 3.680300 3.680300 3.680300 3.680300 3.680300 3.680300 3.680300 3.680300 3.680300 3.680300 3.680300 3.680300 3.680300 
4.117400 4.117400 4.117400 4.117400 4.117400 4.117400 4.117400 4.117400 4.117400 4.117400 4.117400 4.117400 4.117400 4.117400 4.117400 4.117400 4.117400 4.117400 4.117400 4.117400 4.117400 
4.117400 4.117402 4.118929 4.120368 4.121685 4.122488 4.124116 4.128231 4.134889 4.145977 4.143183 4.119101 4.101964 4.115554 4.119933 4.119722 4.118798 4.118052 4.117602 4.117400 4.117400 
4.117400 4.118887 4.145610 4.168883 4.186375 4.199071 4.211943 4.231816 4.262393 4.302047 4.293441 4.226661 4.181420 4.196159 4.195270 4.179035 4.159598 4.142722 4.129156 4.117599 4.117400 
4.117400 4.120938 4.176919 4.226056 4.261542 4.282343 4.296613 4.316627 4.349461 4.434588 4.441000 4.343941 4.298859 4.328035 4.297119 4.248470 4.203594 4.168140 4.140760 4.117877 4.117400 
4.117400 4.124829 4.215831 4.297848 4.354808 4.376750 4.373365 4.355969 4.310223 4.432571 4.492288 4.465870 4.512862 4.519061 4.418309 4.321847 4.247144 4.192449 4.151735 4.118256 4.117400 
4.117400 4.131287 4.259622 4.383151 4.467956 4.482002 4.436294 4.337031 4.146864 4.328431 4.463694 4.558498 4.698990 4.660278 4.507796 4.378297 4.281745 4.212189 4.160763 4.118624 4.117400 
4.117400 4.139695 4.290507 4.457492 4.574150 4.560785 4.449596 4.279255 4.035903 4.295329 4.419985 4.578606 4.751683 4.703720 4.546390 4.408579 4.302387 4.224521 4.166524 4.118905 4.117400 
4.117400 4.140866 4.263878 4.440221 4.575815 4.545467 4.413427 4.280423 4.142850 4.434040 4.498658 4.616506 4.727256 4.683682 4.550555 4.414187 4.306597 4.227283 4.167917 4.119005 4.117400 
4.117400 4.098802 4.143034 4.230551 4.387059 4.452781 4.375342 4.267516 4.353793 4.618413 4.630215 4.656520 4.617148 4.556397 4.484843 4.379256 4.288058 4.218014 4.164059 4.118776 4.117400 
4.117400 4.098346 4.106939 4.146253 4.316846 4.523061 4.501006 4.314053 4.434909 4.647052 4.639584 4.580927 4.462128 4.383708 4.367124 4.312757 4.252238 4.199696 4.156250 4.118267 4.117400 
4.117400 4.132270 4.166244 4.209877 4.263039 4.461646 4.547492 4.427477 4.547237 4.696041 4.718319 4.649147 4.555233 4.411642 4.331719 4.271547 4.222687 4.182366 4.148331 4.117817 4.117400 
4.117400 4.136067 4.197128 4.204800 4.174914 4.395996 4.629318 4.663084 4.787072 4.809278 4.802515 4.722793 4.623013 4.427569 4.319151 4.254498 4.208233 4.172694 4.143623 4.117688 4.117400 
4.117400 4.152478 4.252703 4.312230 4.328752 4.565264 4.821868 4.883903 4.906949 4.775795 4.798890 4.770158 4.719988 4.540073 4.375685 4.278739 4.216171 4.174173 4.143555 4.117989 4.117400 
4.117400 4.157689 4.259911 4.362255 4.467207 4.665540 4.856292 4.932855 4.919367 4.774418 4.871552 4.912020 4.854788 4.698238 4.483074 4.329140 4.237018 4.182056 4.146227 4.118489 4.117400 
4.117400 4.111819 4.161939 4.228913 4.408011 4.593723 4.757095 4.840865 4.839277 4.727005 4.807708 4.838404 4.778819 4.647554 4.476711 4.334700 4.242060 4.184819 4.147429 4.118770 4.117400 
4.117400 4.110896 4.121573 4.170652 4.295733 4.415403 4.548907 4.633915 4.667926 4.628091 4.667485 4.658423 4.598017 4.505954 4.395749 4.297581 4.226271 4.178240 4.144979 4.118660 4.117400 
4.117400 4.114190 4.108154 4.128955 4.188425 4.269456 4.369326 4.436486 4.475148 4.482805 4.502665 4.486534 4.437917 4.376157 4.308823 4.247671 4.199920 4.165219 4.139549 4.118380 4.117400 
4.117400 4.115502 4.105834 4.111185 4.138391 4.184428 4.242531 4.288662 4.320886 4.338496 4.349383 4.338681 4.309532 4.272973 4.234721 4.199829 4.171418 4.149558 4.132569 4.118040 4.117400 
4.117400 4.116480 4.109762 4.109851 4.120279 4.140775 4.167517 4.191241 4.209523 4.221294 4.226819 4.221857 4.208264 4.191167 4.173536 4.157536 4.144217 4.133637 4.125139 4.117700 4.117400 
4.117400 4.117399 4.116480 4.116070 4.116488 4.117966 4.120386 4.122010 4.123221 4.123971 4.124489 4.123755 4.122293 4.120984 4.119906 4.119026 4.118457 4.118029 4.117689 4.117400 4.117400 
4.117400 4.117400 4.117400 4.117400 4.117400 4.117400 4.117400 4.117400 4.117400 4.117400 4.117400 4.117400 4.117400 4.117400 4.117400 4.117400 4.117400 4.117400 4.117400 4.117400 4.117400 
4.117400 4.117400 4.117400 4.117400 4.117400 4.117400 4.117400 4.117400 4.117400 4.117400 4.117400 4.117400 4.117400 4.117400 4.117400 4.117400 4.117400 4.117400 4.117400 4.117400 4.117400 
4.117400 4.117400 4.118387 4.119329 4.120208 4.121069 4.122469 4.125087 4.129278 4.137569 4.136988 4.119077 4.105947 4.116139 4.119119 4.118899 4.118240 4.117750 4.117530 4.117400 4.117400 
4.117400 4.118398 4.134799 4.149617 4.161651 4.171295 4.181433 4.195873 4.216999 4.249408 4.246614 4.187787 4.145228 4.163109 4.164858 4.154708 4.142649 4.132389 4.124290 4.117530 4.117400 
4.117400 4.119768 4.154449 4.186025 4.210973 4.228394 4.243311 4.263266 4.286666 4.363827 4.377007 4.266833 4.210922 4.255103 4.230945 4.197847 4.169288 4.147539 4.131169 4.117680 4.117400 
4.117400 4.122149 4.179820 4.233938 4.275817 4.299321 4.310567 4.317330 4.261560 4.366830 4.418620 4.361405 4.399326 4.408090 4.313834 4.244726 4.196047 4.162148 4.137699 4.117930 4.117400 
4.117400 4.126390 4.210858 4.296597 4.363841 4.391244 4.380620 4.326119 4.113780 4.288019 4.397000 4.450746 4.574894 4.514943 4.373825 4.280746 4.217317 4.173958 4.143019 4.118140 4.117400 
4.117400 4.132931 4.239529 4.368075 4.471208 4.479699 4.407989 4.275972 4.004154 4.281157 4.354081 4.473885 4.619956 4.544038 4.399127 4.299907 4.229788 4.181159 4.146309 4.118310 4.117400 
4.117400 4.137048 4.235933 4.393849 4.512420 4.487781 4.385790 4.280359 4.111955 4.423375 4.434787 4.526244 4.611911 4.543273 4.412109 4.305328 4.232399 4.182609 4.147019 4.118340 4.117400 
4.117400 4.109477 4.148141 4.216275 4.342661 4.402772 4.356138 4.256799 4.352507 4.617229 4.586319 4.597691 4.520290 4.441740 4.372172 4.284161 4.221190 4.177090 4.144699 4.118170 4.117400 
4.117400 4.109199 4.127539 4.157985 4.310012 4.516299 4.506168 4.303796 4.433040 4.647762 4.599459 4.511300 4.361260 4.281940 4.282352 4.241042 4.199841 4.166560 4.140289 4.117910 4.117400 
4.117400 4.131149 4.178088 4.237929 4.273742 4.455927 4.545469 4.415884 4.541809 4.687791 4.676949 4.574009 4.479720 4.336339 4.267242 4.218541 4.183740 4.157250 4.136110 4.117690 4.117400 
4.117400 4.132999 4.197108 4.220811 4.183415 4.380970 4.614654 4.651946 4.797602 4.803020 4.757630 4.645881 4.533450 4.333519 4.257680 4.210530 4.177040 4.152680 4.133850 4.117640 4.117400 
4.117400 4.144088 4.240829 4.320161 4.343118 4.569961 4.821823 4.875020 4.902263 4.730350 4.733560 4.665219 4.609302 4.431710 4.297988 4.228750 4.183630 4.154480 4.134180 4.117820 4.117400 
4.117400 4.149299 4.252940 4.372689 4.480231 4.663630 4.840470 4.919800 4.898740 4.701382 4.788360 4.808520 4.733501 4.589688 4.391980 4.265199 4.197490 4.159540 4.135880 4.118110 4.117400 
4.117400 4.117940 4.170790 4.238781 4.422242 4.584179 4.720749 4.797310 4.797770 4.647079 4.719450 4.735491 4.655941 4.525300 4.377980 4.265670 4.199380 4.160690 4.136370 4.118230 4.117400 
4.117400 4.116150 4.139040 4.193842 4.313080 4.407278 4.516129 4.582191 4.606950 4.540851 4.571400 4.550610 4.480100 4.395450 4.308390 4.236590 4.187480 4.155780 4.134560 4.118130 4.117400 
4.117400 4.117010 4.124760 4.151100 4.202639 4.267318 4.346930 4.390231 4.407090 4.396190 4.406060 4.388750 4.344230 4.294201 4.244370 4.201600 4.169610 4.147120 4.130990 4.117930 4.117400 
4.117400 4.117070 4.117980 4.128350 4.152030 4.186520 4.227260 4.255360 4.270970 4.275700 4.279220 4.269500 4.247080 4.220330 4.193450 4.169790 4.151120 4.137190 4.126610 4.117730 4.117400 
4.117400 4.117220 4.116350 4.119570 4.128850 4.143640 4.161270 4.175350 4.184600 4.189330 4.191060 4.186830 4.177160 4.165310 4.153330 4.142680 4.134010 4.127310 4.122050 4.117540 4.117400 
4.117400 4.117400 4.117220 4.117290 4.117860 4.119020 4.120640 4.121570 4.122060 4.122210 4.122350 4.121850 4.120860 4.119900 4.119120 4.118490 4.118050 4.117740 4.117540 4.117400 4.117400 
4.117400 4.117400 4.117400 4.117400 4.117400 4.117400 4.117400 4.117400 4.117400 4.117400 4.117400 4.117400 4.117400 4.117400 4.117400 4.117400 4.117400 4.117400 4.117400 4.117400 4.117400 
4.162100 4.162100 4.162100 4.162100 4.162100 4.162100 4.162100 4.162100 4.162100 4.162100 4.162100 4.162100 4.162100 4.162100 4.162100 4.162100 4.162100 4.162100 4.162100 4.162100 4.162100 
4.162100 4.162100 4.162099 4.162100 4.162100 4.162098 4.162098 4.162099 4.162100 4.162080 4.161930 4.162110 4.162710 4.162520 4.162100 4.162100 4.162100 4.162100 4.162100 4.162100 4.162100 
4.162100 4.162099 4.163110 4.164040 4.164920 4.165839 4.167259 4.169679 4.175169 4.193088 4.200746 4.160271 4.114922 4.152890 4.163940 4.163610 4.162940 4.162450 4.162230 4.162100 4.162100 
4.162100 4.162100 4.164480 4.166830 4.169051 4.171218 4.174647 4.189469 4.210280 4.308698 4.355576 4.145308 4.020319 4.191630 4.170640 4.166410 4.164190 4.163000 4.162380 4.162100 4.162100 
4.162100 4.162100 4.166860 4.171990 4.176880 4.181355 4.194698 4.286090 4.180370 4.298440 4.348320 4.148099 4.237843 4.305311 4.178841 4.170190 4.165720 4.163630 4.162630 4.162100 4.162100 
4.162100 4.162100 4.171090 4.182510 4.198138 4.228427 4.274529 4.390146 3.919060 4.227140 4.302902 4.236226 4.460922 4.317200 4.177612 4.172630 4.166890 4.164180 4.162840 4.162100 4.162100 
4.162100 4.162100 4.180313 4.229521 4.310200 4.337053 4.312541 4.301960 3.676469 4.305559 4.138412 4.221849 4.442838 4.280448 4.167950 4.173200 4.167670 4.164570 4.163010 4.162100 4.162100 
4.162100 4.163049 4.202548 4.383641 4.478782 4.365172 4.260602 4.317859 3.794416 4.459944 4.168218 4.273107 4.435132 4.342780 4.214656 4.176549 4.168360 4.164760 4.163040 4.162100 4.162100 
4.162100 4.162100 4.132181 4.098891 4.173400 4.169998 4.181057 4.076312 4.284923 4.646451 4.386221 4.494761 4.320321 4.266650 4.245309 4.177380 4.167750 4.164430 4.162870 4.162100 4.162100 
4.162100 4.162240 4.143030 4.042930 4.207879 4.546707 4.515746 4.017600 4.246154 4.549403 4.332527 4.249530 4.004052 4.011150 4.178220 4.168561 4.165490 4.163620 4.162610 4.162100 4.162100 
4.162100 4.162510 4.200720 4.313911 4.189259 4.355639 4.453510 4.071949 4.252239 4.457301 4.435463 4.298742 4.358749 4.224709 4.186590 4.166470 4.164080 4.162970 4.162390 4.162100 4.162100 
4.162100 4.162520 4.197420 4.187470 3.928050 4.080117 4.385670 4.323197 4.648809 4.609759 4.513227 4.380861 4.328931 4.067390 4.160290 4.164630 4.163340 4.162750 4.162340 4.162100 4.162100 
4.162100 4.162609 4.218340 4.304561 4.167110 4.395820 4.679426 4.585725 4.684697 4.267490 4.393750 4.236878 4.342366 4.163032 4.131310 4.165901 4.164240 4.163160 4.162520 4.162100 4.162100 
4.162100 4.163160 4.246061 4.384150 4.384705 4.480382 4.574449 4.651696 4.655576 4.208232 4.509608 4.566606 4.484515 4.454099 4.240950 4.174860 4.166670 4.164000 4.162810 4.162100 4.162100 
4.162100 4.161450 4.153230 4.090390 4.337969 4.410541 4.457263 4.506810 4.576480 4.239551 4.446699 4.478371 4.386013 4.289460 4.218930 4.175140 4.167220 4.164290 4.162930 4.162100 4.162100 
4.162100 4.162060 4.156240 4.173851 4.268703 4.240260 4.307480 4.329360 4.392050 4.254539 4.338930 4.291750 4.218950 4.191230 4.178670 4.170370 4.166090 4.163980 4.162820 4.162100 4.162100 
4.162100 4.162100 4.161750 4.165600 4.161310 4.179240 4.237070 4.227940 4.215730 4.198610 4.214830 4.207290 4.183520 4.175511 4.170550 4.166930 4.164700 4.163440 4.162630 4.162100 4.162100 
4.162100 4.162100 4.161770 4.162320 4.164260 4.168010 4.174190 4.175230 4.175050 4.174740 4.175400 4.173950 4.170950 4.168380 4.166260 4.164630 4.163560 4.162890 4.162430 4.162100 4.162100 
4.162100 4.162100 4.161920 4.161990 4.162570 4.163720 4.165340 4.166280 4.166760 4.166910 4.167050 4.166550 4.165560 4.164600 4.163820 4.163190 4.162750 4.162440 4.162240 4.162100 4.162100 
4.162100 4.162100 4.162100 4.162100 4.162100 4.162100 4.162100 4.162100 4.162100 4.162100 4.162100 4.162100 4.162100 4.162100 4.162100 4.162100 4.162100 4.162100 4.162100 4.162100 4.162100 
4.162100 4.162100 4.162100 4.162100 4.162100 4.162100 4.162100 4.162100 4.162100 4.162100 4.162100 4.162100 4.162100 4.162100 4.162100 4.162100 4.162100 4.162100 4.162100 4.162100 4.162100 
4.162100 4.162100 4.162100 4.162100 4.162100 4.162100 4.162100 4.162100 4.162100 4.162100 4.162100 4.162100 4.162100 4.162100 4.162100 4.162100 4.162100 4.162100 4.162100 4.162100 4.162100 
4.162100 4.162100 4.162100 4.162100 4.162100 4.162100 4.162100 4.162100 4.162100 4.162100 4.162100 4.162100 4.162100 4.162100 4.162100 4.162100 4.162100 4.162100 4.162100 4.162100 4.162100 
4.162100 4.162100 4.162100 4.162100 4.162100 4.162100 4.162100 4.162100 4.162100 4.162100 4.162100 4.162100 4.162100 4.162100 4.162100 4.162100 4.162100 4.162100 4.162100 4.162100 4.162100 
4.162100 4.162100 4.162100 4.162100 4.162100 4.162100 4.162100 4.162100 4.162100 4.162100 4.162100 4.162100 4.162100 4.162100 4.162100 4.162100 4.162100 4.162100 4.162100 4.162100 4.162100 
4.162100 4.162100 4.162100 4.162100 4.162100 4.162100 4.162100 4.162100 4.162100 4.162100 4.162100 4.162100 4.162100 4.162100 4.162100 4.162100 4.162100 4.162100 4.162100 4.162100 4.162100 
4.162100 4.162100 4.162100 4.162100 4.162100 4.162100 4.162100 4.162100 4.162100 4.162100 4.162100 4.162100 4.162100 4.162100 4.162100 4.162100 4.162100 4.162100 4.162100 4.162100 4.162100 
4.162100 4.162100 4.162100 4.162100 4.162100 4.162100 4.162100 4.162100 4.162100 4.162100 4.162100 4.162100 4.162100 4.162100 4.162100 4.162100 4.162100 4.162100 4.162100 4.162100 4.162100 
4.162100 4.162100 4.162100 4.162100 4.162100 4.162100 4.162100 4.162100 4.162100 4.162100 4.162100 4.162100 4.162100 4.162100 4.162100 4.162100 4.162100 4.162100 4.162100 4.162100 4.162100 
4.162100 4.162100 4.162100 4.162100 4.162100 4.162100 4.162100 4.162100 4.162100 4.162100 4.162100 4.162100 4.162100 4.162100 4.162100 4.162100 4.162100 4.162100 4.162100 4.162100 4.162100 
4.162100 4.162100 4.162100 4.162100 4.162100 4.162100 4.162100 4.162100 4.162100 4.162100 4.162100 4.162100 4.162100 4.162100 4.162100 4.162100 4.162100 4.162100 4.162100 4.162100 4.162100 
4.162100 4.162100 4.162100 4.162100 4.162100 4.162100 4.162100 4.162100 4.162100 4.162100 4.162100 4.162100 4.162100 4.162100 4.162100 4.162100 4.162100 4.162100 4.162100 4.162100 4.162100 
4.162100 4.162100 4.162100 4.162100 4.162100 4.162100 4.162100 4.162100 4.162100 4.162100 4.162100 4.162100 4.162100 4.162100 4.162100 4.162100 4.162100 4.162100 4.162100 4.162100 4.162100 
4.162100 4.162100 4.162100 4.162100 4.162100 4.162100 4.162100 4.162100 4.162100 4.162100 4.162100 4.162100 4.162100 4.162100 4.162100 4.162100 4.162100 4.162100 4.162100 4.162100 4.162100 
4.162100 4.162100 4.162100 4.162100 4.162100 4.162100 4.162100 4.162100 4.162100 4.162100 4.162100 4.162100 4.162100 4.162100 4.162100 4.162100 4.162100 4.162100 4.162100 4.162100 4.162100 
4.162100 4.162100 4.162100 4.162100 4.162100 4.162100 4.162100 4.162100 4.162100 4.162100 4.162100 4.162100 4.162100 4.162100 4.162100 4.162100 4.162100 4.162100 4.162100 4.162100 4.162100 
4.162100 4.162100 4.162100 4.162100 4.162100 4.162100 4.162100 4.162100 4.162100 4.162100 4.162100 4.162100 4.162100 4.162100 4.162100 4.162100 4.162100 4.162100 4.162100 4.162100 4.162100 
4.162100 4.162100 4.162100 4.162100 4.162100 4.162100 4.162100 4.162100 4.162100 4.162100 4.162100 4.162100 4.162100 4.162100 4.162100 4.162100 4.162100 4.162100 4.162100 4.162100 4.162100 
4.162100 4.162100 4.162100 4.162100 4.162100 4.162100 4.162100 4.162100 4.162100 4.162100 4.162100 4.162100 4.162100 4.162100 4.162100 4.162100 4.162100 4.162100 4.162100 4.162100 4.162100 
4.162100 4.162100 4.162100 4.162100 4.162100 4.162100 4.162100 4.162100 4.162100 4.162100 4.162100 4.162100 4.162100 4.162100 4.162100 4.162100 4.162100 4.162100 4.162100 4.162100 4.162100 
4.162100 4.162100 4.162100 4.162100 4.162100 4.162100 4.162100 4.162100 4.162100 4.162100 4.162100 4.162100 4.162100 4.162100 4.162100 4.162100 4.162100 4.162100 4.162100 4.162100 4.162100 
4.162100 4.162100 4.162100 4.162100 4.162100 4.162100 4.162100 4.162100 4.162100 4.162100 4.162100 4.162100 4.162100 4.162100 4.162100 4.162100 4.162100 4.162100 4.162100 4.162100 4.162100 
