97.000000 0.000000 2.500000
97.250000 0.000000 2.500000
97.500000 0.000000 2.499100
97.750000 0.000000 2.493030
98.000000 0.000000 2.456590
98.250000 0.000000 2.492300
98.500000 0.000000 2.636140
98.750000 0.000000 2.482390
99.000000 0.000000 2.408370
99.250000 0.000000 2.511340
99.500000 0.000000 2.612710
99.750000 0.000000 2.463400
100.000000 0.000000 2.418800
100.250000 0.000000 2.497310
100.500000 0.000000 2.685590
100.750000 0.000000 2.437990
101.000000 0.000000 2.463000
101.250000 0.000000 2.497340
101.500000 0.000000 2.499730
101.750000 0.000000 2.500000
102.000000 0.000000 2.500000
97.000000 2.000000 2.540000
97.250000 2.000000 2.539100
97.500000 2.000000 2.539488
97.750000 2.000000 2.531806
98.000000 2.000000 2.527946
98.250000 2.000000 2.577284
98.500000 2.000000 2.606116
98.750000 2.000000 2.512196
99.000000 2.000000 2.487360
99.250000 2.000000 2.525049
99.500000 2.000000 2.552746
99.750000 2.000000 2.494728
100.000000 2.000000 2.485154
100.250000 2.000000 2.530738
100.500000 2.000000 2.586363
100.750000 2.000000 2.511229
101.000000 2.000000 2.518895
101.250000 2.000000 2.537959
101.500000 2.000000 2.542438
101.750000 2.000000 2.539730
102.000000 2.000000 2.540000
97.000000 4.000000 2.580000
97.250000 4.000000 2.579200
97.500000 4.000000 2.582168
97.750000 4.000000 2.577139
98.000000 4.000000 2.581405
98.250000 4.000000 2.632131
98.500000 4.000000 2.646942
98.750000 4.000000 2.559985
99.000000 4.000000 2.536189
99.250000 4.000000 2.569108
99.500000 4.000000 2.589838
99.750000 4.000000 2.539921
100.000000 4.000000 2.535140
100.250000 4.000000 2.577679
100.500000 4.000000 2.615360
100.750000 4.000000 2.561696
101.000000 4.000000 2.566470
101.250000 4.000000 2.583335
101.500000 4.000000 2.586148
101.750000 4.000000 2.579740
102.000000 4.000000 2.580000
97.000000 6.000000 2.620000
97.250000 6.000000 2.619390
97.500000 6.000000 2.622960
97.750000 6.000000 2.619220
98.000000 6.000000 2.628357
98.250000 6.000000 2.686720
98.500000 6.000000 2.703717
98.750000 6.000000 2.612058
99.000000 6.000000 2.590975
99.250000 6.000000 2.635002
99.500000 6.000000 2.662175
99.750000 6.000000 2.605631
100.000000 6.000000 2.597602
100.250000 6.000000 2.641458
100.500000 6.000000 2.674599
100.750000 6.000000 2.613980
101.000000 6.000000 2.614135
101.250000 6.000000 2.629191
101.500000 6.000000 2.629689
101.750000 6.000000 2.619930
102.000000 6.000000 2.620000
97.000000 8.000000 2.660000
97.250000 8.000000 2.658890
97.500000 8.000000 2.658210
97.750000 8.000000 2.651580
98.000000 8.000000 2.663656
98.250000 8.000000 2.733362
98.500000 8.000000 2.754010
98.750000 8.000000 2.654150
99.000000 8.000000 2.640339
99.250000 8.000000 2.695135
99.500000 8.000000 2.729786
99.750000 8.000000 2.667418
100.000000 8.000000 2.655354
100.250000 8.000000 2.699077
100.500000 8.000000 2.729801
100.750000 8.000000 2.657360
101.000000 8.000000 2.655854
101.250000 8.000000 2.671477
101.500000 8.000000 2.671330
101.750000 8.000000 2.660060
102.000000 8.000000 2.660000
97.000000 10.000000 2.700000
97.250000 10.000000 2.697219
97.500000 10.000000 2.686200
97.750000 10.000000 2.670210
98.000000 10.000000 2.680276
98.250000 10.000000 2.765217
98.500000 10.000000 2.792892
98.750000 10.000000 2.677809
99.000000 10.000000 2.670738
99.250000 10.000000 2.730494
99.500000 10.000000 2.770348
99.750000 10.000000 2.703263
100.000000 10.000000 2.687682
100.250000 10.000000 2.733629
100.500000 10.000000 2.770412
100.750000 10.000000 2.681306
101.000000 10.000000 2.685779
101.250000 10.000000 2.707720
101.500000 10.000000 2.710149
101.750000 10.000000 2.699949
102.000000 10.000000 2.700000
97.000000 15.000000 2.800000
97.250000 15.000000 2.795200
97.500000 15.000000 2.770620
97.750000 15.000000 2.742878
98.000000 15.000000 2.746489
98.250000 15.000000 2.832567
98.500000 15.000000 2.864157
98.750000 15.000000 2.763374
99.000000 15.000000 2.764020
99.250000 15.000000 2.800730
99.500000 15.000000 2.826929
99.750000 15.000000 2.782025
100.000000 15.000000 2.769120
100.250000 15.000000 2.802029
100.500000 15.000000 2.838591
100.750000 15.000000 2.757567
101.000000 15.000000 2.774521
101.250000 15.000000 2.801821
101.500000 15.000000 2.807295
101.750000 15.000000 2.799878
102.000000 15.000000 2.800000
97.000000 20.000000 2.900000
97.250000 20.000000 2.893990
97.500000 20.000000 2.858539
97.750000 20.000000 2.823512
98.000000 20.000000 2.821369
98.250000 20.000000 2.892251
98.500000 20.000000 2.926706
98.750000 20.000000 2.875114
99.000000 20.000000 2.881459
99.250000 20.000000 2.879151
99.500000 20.000000 2.880470
99.750000 20.000000 2.875025
100.000000 20.000000 2.869056
100.250000 20.000000 2.874546
100.500000 20.000000 2.899508
100.750000 20.000000 2.851294
101.000000 20.000000 2.875051
101.250000 20.000000 2.899359
101.500000 20.000000 2.904962
101.750000 20.000000 2.899986
102.000000 20.000000 2.900000
97.000000 25.000000 3.000000
97.250000 25.000000 2.993980
97.500000 25.000000 2.954258
97.750000 25.000000 2.918728
98.000000 25.000000 2.915157
98.250000 25.000000 2.971885
98.500000 25.000000 3.011860
98.750000 25.000000 3.004497
99.000000 25.000000 3.015196
99.250000 25.000000 2.990341
99.500000 25.000000 2.977918
99.750000 25.000000 2.995119
100.000000 25.000000 2.992856
100.250000 25.000000 2.977318
100.500000 25.000000 2.992138
100.750000 25.000000 2.967381
101.000000 25.000000 2.986240
101.250000 25.000000 3.001338
101.500000 25.000000 3.004160
101.750000 25.000000 3.000235
102.000000 25.000000 3.000000
97.000000 30.000000 3.100000
97.250000 30.000000 3.094810
97.500000 30.000000 3.057348
97.750000 30.000000 3.026608
98.000000 30.000000 3.024736
98.250000 30.000000 3.070476
98.500000 30.000000 3.111238
98.750000 30.000000 3.127647
99.000000 30.000000 3.142403
99.250000 30.000000 3.115096
99.500000 30.000000 3.101714
99.750000 30.000000 3.123525
100.000000 30.000000 3.121968
100.250000 30.000000 3.097480
100.500000 30.000000 3.106150
100.750000 30.000000 3.091190
101.000000 30.000000 3.099689
101.250000 30.000000 3.104777
101.500000 30.000000 3.104070
101.750000 30.000000 3.100475
102.000000 30.000000 3.100000
97.000000 35.000000 3.200000
97.250000 35.000000 3.195959
97.500000 35.000000 3.164349
97.750000 35.000000 3.140062
98.000000 35.000000 3.139437
98.250000 35.000000 3.173708
98.500000 35.000000 3.206584
98.750000 35.000000 3.227384
99.000000 35.000000 3.243681
99.250000 35.000000 3.224382
99.500000 35.000000 3.216123
99.750000 35.000000 3.234028
100.000000 35.000000 3.232845
100.250000 35.000000 3.209577
100.500000 35.000000 3.216450
100.750000 35.000000 3.205630
101.000000 35.000000 3.206539
101.250000 35.000000 3.205778
101.500000 35.000000 3.203413
101.750000 35.000000 3.200476
102.000000 35.000000 3.200000
97.000000 40.000000 3.300000
97.250000 40.000000 3.297089
97.500000 40.000000 3.272330
97.750000 40.000000 3.253696
98.000000 40.000000 3.252198
98.250000 40.000000 3.273529
98.500000 40.000000 3.292277
98.750000 40.000000 3.305627
99.000000 40.000000 3.319895
99.250000 40.000000 3.309995
99.500000 40.000000 3.307304
99.750000 40.000000 3.319265
100.000000 40.000000 3.319225
100.250000 40.000000 3.303051
100.500000 40.000000 3.311588
100.750000 40.000000 3.305079
101.000000 40.000000 3.304479
101.250000 40.000000 3.303219
101.500000 40.000000 3.301696
101.750000 40.000000 3.300298
102.000000 40.000000 3.300000
97.000000 45.000000 3.400000
97.250000 45.000000 3.398079
97.500000 45.000000 3.380379
97.750000 45.000000 3.366649
98.000000 45.000000 3.363429
98.250000 45.000000 3.372880
98.500000 45.000000 3.377009
98.750000 45.000000 3.379578
99.000000 45.000000 3.390136
99.250000 45.000000 3.387125
99.500000 45.000000 3.387707
99.750000 45.000000 3.394073
100.000000 45.000000 3.395188
100.250000 45.000000 3.386929
100.500000 45.000000 3.398236
100.750000 45.000000 3.396429
101.000000 45.000000 3.398200
101.250000 45.000000 3.399391
101.500000 45.000000 3.399849
101.750000 45.000000 3.400039
102.000000 45.000000 3.400000
97.000000 50.000000 3.500000
97.250000 50.000000 3.498989
97.500000 50.000000 3.489129
97.750000 50.000000 3.480930
98.000000 50.000000 3.477500
98.250000 50.000000 3.479639
98.500000 50.000000 3.472759
98.750000 50.000000 3.467180
99.000000 50.000000 3.477757
99.250000 50.000000 3.479136
99.500000 50.000000 3.479679
99.750000 50.000000 3.480414
100.000000 50.000000 3.481700
100.250000 50.000000 3.477124
100.500000 50.000000 3.490817
100.750000 50.000000 3.490519
101.000000 50.000000 3.494689
101.250000 50.000000 3.497731
101.500000 50.000000 3.499131
101.750000 50.000000 3.499900
102.000000 50.000000 3.500000
97.000000 55.000000 3.600000
97.250000 55.000000 3.600000
97.500000 55.000000 3.598990
97.750000 55.000000 3.597810
98.000000 55.000000 3.596130
98.250000 55.000000 3.598089
98.500000 55.000000 3.577289
98.750000 55.000000 3.565250
99.000000 55.000000 3.597550
99.250000 55.000000 3.605349
99.500000 55.000000 3.597400
99.750000 55.000000 3.589020
100.000000 55.000000 3.591809
100.250000 55.000000 3.577261
100.500000 55.000000 3.600080
100.750000 55.000000 3.589979
101.000000 55.000000 3.596879
101.250000 55.000000 3.599719
101.500000 55.000000 3.599920
101.750000 55.000000 3.600000
102.000000 55.000000 3.600000
97.000000 60.000000 3.700000
97.250000 60.000000 3.700000
97.500000 60.000000 3.700000
97.750000 60.000000 3.700000
98.000000 60.000000 3.700000
98.250000 60.000000 3.700000
98.500000 60.000000 3.700000
98.750000 60.000000 3.700000
99.000000 60.000000 3.700000
99.250000 60.000000 3.700000
99.500000 60.000000 3.700000
99.750000 60.000000 3.700000
100.000000 60.000000 3.700000
100.250000 60.000000 3.700000
100.500000 60.000000 3.700000
100.750000 60.000000 3.700000
101.000000 60.000000 3.700000
101.250000 60.000000 3.700000
101.500000 60.000000 3.700000
101.750000 60.000000 3.700000
102.000000 60.000000 3.700000
