95 30 4.4641
95 29 4.4641
95 28 4.4641
95 27 4.4641
95 26 4.4641
95 25 4.4641
95 24 4.4641
95 23 4.4641
95 22 4.4641
95 21 4.4641
95 20 4.4641
95 19 4.4641
95 18 4.4641
95 17 4.4641
95 16 4.4641
95 15 4.4641
95 14 4.4641
95 13 4.4641
95 12 4.4641
95 11 4.4641
95 10 4.4641
95 9 4.4641
95 8 4.4641
95 7 4.4641
95 6 4.4641
95 5 4.4641
95 4 4.4641
95 3 4.4641
95 2 4.4641
95 1 4.4641
95 0 4.4641
95 -1 4.4641
95 -2 4.4641
95 -3 4.4641
95 -4 4.4641
95 -5 4.4641
95 -6 4.4641
95 -7 4.4641
95 -8 4.4641
95 -9 4.4641
95 -10 4.4641
95 -11 4.4641
95 -12 4.4641
96 30 4.4641
96 29 2.06884
96 28 3.42244
96 27 3.70701
96 26 3.82069
96 25 3.98305
96 24 4.10123
96 23 4.07379
96 22 4.09884
96 21 4.1396
96 20 4.10871
96 19 4.18792
96 18 4.19612
96 17 4.17635
96 16 4.1835
96 15 4.19447
96 14 4.23056
96 13 4.40683
96 12 4.43353
96 11 4.40663
96 10 4.35753
96 9 4.33693
96 8 4.32058
96 7 4.36802
96 6 4.37415
96 5 4.28323
96 4 4.24952
96 3 4.31826
96 2 4.56687
96 1 4.9
96 0 4.9
96 -1 4.86524
96 -2 4.79541
96 -3 4.84888
96 -4 4.85446
96 -5 4.88627
96 -6 4.89343
96 -7 4.9
96 -8 4.9
96 -9 4.9
96 -10 4.78753
96 -11 4.51788
96 -12 4.4641
97 30 4.4641
97 29 2.00801
97 28 3.51525
97 27 3.9579
97 26 4.16466
97 25 4.24996
97 24 4.29328
97 23 4.28289
97 22 4.27037
97 21 4.27961
97 20 4.26615
97 19 4.35019
97 18 4.38501
97 17 4.40422
97 16 4.38923
97 15 4.3795
97 14 4.35101
97 13 4.31821
97 12 4.27784
97 11 4.25916
97 10 4.26758
97 9 4.29076
97 8 4.32035
97 7 4.3735
97 6 4.39203
97 5 4.33728
97 4 4.31259
97 3 4.21264
97 2 4.0712
97 1 4.16549
97 0 4.34914
97 -1 4.49331
97 -2 4.52576
97 -3 4.52161
97 -4 4.51082
97 -5 4.51719
97 -6 4.51778
97 -7 4.51611
97 -8 4.50065
97 -9 4.45262
97 -10 4.45262
97 -11 4.41854
97 -12 4.4641
98 30 4.4641
98 29 2.15732
98 28 3.53135
98 27 3.93435
98 26 4.15247
98 25 4.1941
98 24 4.2433
98 23 4.30038
98 22 4.29598
98 21 4.30058
98 20 4.29097
98 19 4.32118
98 18 4.32394
98 17 4.37095
98 16 4.39372
98 15 4.37285
98 14 4.36467
98 13 4.33518
98 12 4.30714
98 11 4.29368
98 10 4.29956
98 9 4.31598
98 8 4.33928
98 7 4.38097
98 6 4.40777
98 5 4.39755
98 4 4.30478
98 3 4.17762
98 2 4.01125
98 1 3.92492
98 0 3.94638
98 -1 4.14737
98 -2 4.38288
98 -3 4.49198
98 -4 4.4896
98 -5 4.48702
98 -6 4.47902
98 -7 4.45874
98 -8 4.42533
98 -9 4.39078
98 -10 4.39826
98 -11 4.43609
98 -12 4.4641
99 30 4.4641
99 29 2.22735
99 28 3.47388
99 27 3.7748
99 26 4.02129
99 25 4.17842
99 24 4.24615
99 23 4.28983
99 22 4.30425
99 21 4.30076
99 20 4.27244
99 19 4.29644
99 18 4.30924
99 17 4.30664
99 16 4.27518
99 15 4.27289
99 14 4.30092
99 13 4.28662
99 12 4.30952
99 11 4.30469
99 10 4.30446
99 9 4.33008
99 8 4.35541
99 7 4.39097
99 6 4.4243
99 5 4.41674
99 4 4.35978
99 3 4.22816
99 2 4.07367
99 1 4.01046
99 0 3.98094
99 -1 3.93545
99 -2 4.07237
99 -3 4.34732
99 -4 4.48689
99 -5 4.49044
99 -6 4.48691
99 -7 4.4662
99 -8 4.43349
99 -9 4.41126
99 -10 4.44331
99 -11 4.46933
99 -12 4.4641
100 30 4.4641
100 29 2.14714
100 28 3.47463
100 27 3.80086
100 26 4.04217
100 25 4.16822
100 24 4.2153
100 23 4.27175
100 22 4.28244
100 21 4.30084
100 20 4.30303
100 19 4.28971
100 18 4.29731
100 17 4.28525
100 16 4.29946
100 15 4.29542
100 14 4.30215
100 13 4.2999
100 12 4.30842
100 11 4.31975
100 10 4.33545
100 9 4.35343
100 8 4.39025
100 7 4.40337
100 6 4.42374
100 5 4.40631
100 4 4.37855
100 3 4.32977
100 2 4.22409
100 1 4.1281
100 0 4.06131
100 -1 4.05781
100 -2 4.00726
100 -3 4.09966
100 -4 4.34782
100 -5 4.4747
100 -6 4.48236
100 -7 4.45224
100 -8 4.43627
100 -9 4.4486
100 -10 4.49605
100 -11 4.48872
100 -12 4.4641
101 30 4.4641
101 29 2.24455
101 28 3.5564
101 27 3.88326
101 26 4.07458
101 25 4.13801
101 24 4.18853
101 23 4.25256
101 22 4.30544
101 21 4.29977
101 20 4.27146
101 19 4.26659
101 18 4.24169
101 17 4.18858
101 16 4.2039
101 15 4.21128
101 14 4.25909
101 13 4.26656
101 12 4.28327
101 11 4.28572
101 10 4.31137
101 9 4.31929
101 8 4.35856
101 7 4.38724
101 6 4.3542
101 5 4.31687
101 4 4.35796
101 3 4.39023
101 2 4.34968
101 1 4.29314
101 0 4.25171
101 -1 4.21572
101 -2 4.17482
101 -3 4.0879
101 -4 4.15486
101 -5 4.31593
101 -6 4.48997
101 -7 4.48118
101 -8 4.46717
101 -9 4.50056
101 -10 4.53744
101 -11 4.49808
101 -12 4.4641
102 30 4.4641
102 29 2.67676
102 28 3.72324
102 27 3.9604
102 26 4.10094
102 25 4.12454
102 24 4.14119
102 23 4.17505
102 22 4.26306
102 21 4.29181
102 20 4.30014
102 19 4.2958
102 18 4.28498
102 17 4.19508
102 16 4.14654
102 15 4.16747
102 14 4.23055
102 13 4.26372
102 12 4.28978
102 11 4.29979
102 10 4.32623
102 9 4.34186
102 8 4.3549
102 7 4.3639
102 6 4.33443
102 5 4.25967
102 4 4.28101
102 3 4.36628
102 2 4.40946
102 1 4.42367
102 0 4.40767
102 -1 4.36636
102 -2 4.32999
102 -3 4.33259
102 -4 4.277
102 -5 4.24613
102 -6 4.40474
102 -7 4.55384
102 -8 4.53441
102 -9 4.52795
102 -10 4.55084
102 -11 4.48897
102 -12 4.4641
103 30 4.4641
103 29 3.15952
103 28 3.81796
103 27 3.93189
103 26 4.0497
103 25 4.09196
103 24 4.08248
103 23 4.1359
103 22 4.22767
103 21 4.27673
103 20 4.29631
103 19 4.27775
103 18 4.30162
103 17 4.27736
103 16 4.22012
103 15 4.23663
103 14 4.25487
103 13 4.24753
103 12 4.22519
103 11 4.31297
103 10 4.34927
103 9 4.36236
103 8 4.338
103 7 4.29764
103 6 4.28541
103 5 4.24725
103 4 4.23943
103 3 4.33293
103 2 4.42188
103 1 4.45931
103 0 4.49431
103 -1 4.46261
103 -2 4.40156
103 -3 4.3931
103 -4 4.3994
103 -5 4.34052
103 -6 4.26933
103 -7 4.46156
103 -8 4.57885
103 -9 4.55543
103 -10 4.57992
103 -11 4.51198
103 -12 4.4641
104 30 4.4641
104 29 3.49898
104 28 3.93605
104 27 3.98099
104 26 4.05971
104 25 4.11221
104 24 4.08049
104 23 4.10007
104 22 4.18004
104 21 4.15376
104 20 4.17523
104 19 4.22911
104 18 4.25773
104 17 4.33385
104 16 4.34238
104 15 4.3317
104 14 4.29472
104 13 4.2087
104 12 4.17948
104 11 4.26324
104 10 4.33144
104 9 4.34281
104 8 4.32062
104 7 4.26293
104 6 4.23642
104 5 4.25665
104 4 4.2457
104 3 4.29166
104 2 4.36903
104 1 4.43861
104 0 4.50959
104 -1 4.51445
104 -2 4.48915
104 -3 4.46622
104 -4 4.42953
104 -5 4.40925
104 -6 4.37978
104 -7 4.37337
104 -8 4.61192
104 -9 4.60177
104 -10 4.57595
104 -11 4.4931
104 -12 4.4641
105 30 4.4641
105 29 3.65194
105 28 4.02179
105 27 4.0427
105 26 4.11044
105 25 4.14128
105 24 4.1223
105 23 4.1593
105 22 4.25464
105 21 4.25401
105 20 4.27269
105 19 4.26094
105 18 4.21093
105 17 4.29929
105 16 4.37301
105 15 4.38847
105 14 4.3198
105 13 4.22096
105 12 4.23882
105 11 4.2753
105 10 4.32754
105 9 4.32583
105 8 4.29654
105 7 4.26301
105 6 4.25728
105 5 4.27554
105 4 4.28882
105 3 4.30734
105 2 4.35568
105 1 4.40678
105 0 4.45572
105 -1 4.49069
105 -2 4.51724
105 -3 4.53605
105 -4 4.49959
105 -5 4.44557
105 -6 4.44299
105 -7 4.28171
105 -8 4.43163
105 -9 4.61183
105 -10 4.58147
105 -11 4.47815
105 -12 4.4641
106 30 4.4641
106 29 3.6522
106 28 4.04272
106 27 4.07425
106 26 4.15412
106 25 4.18005
106 24 4.19914
106 23 4.20466
106 22 4.26148
106 21 4.3031
106 20 4.35308
106 19 4.31898
106 18 4.27158
106 17 4.30813
106 16 4.35049
106 15 4.37249
106 14 4.39221
106 13 4.3446
106 12 4.37004
106 11 4.38761
106 10 4.36349
106 9 4.29973
106 8 4.2598
106 7 4.28072
106 6 4.31252
106 5 4.30826
106 4 4.30919
106 3 4.29747
106 2 4.30759
106 1 4.35378
106 0 4.39439
106 -1 4.45191
106 -2 4.47221
106 -3 4.48915
106 -4 4.46789
106 -5 4.41772
106 -6 4.38866
106 -7 4.41742
106 -8 4.30044
106 -9 4.52635
106 -10 4.6314
106 -11 4.52134
106 -12 4.4641
107 30 4.4641
107 29 3.61888
107 28 4.04536
107 27 4.09013
107 26 4.17353
107 25 4.20685
107 24 4.22803
107 23 4.23101
107 22 4.26233
107 21 4.30692
107 20 4.30523
107 19 4.28476
107 18 4.28824
107 17 4.33519
107 16 4.32509
107 15 4.35855
107 14 4.43335
107 13 4.42351
107 12 4.42844
107 11 4.45078
107 10 4.3842
107 9 4.34191
107 8 4.30188
107 7 4.28039
107 6 4.29001
107 5 4.29332
107 4 4.3137
107 3 4.31316
107 2 4.31154
107 1 4.33122
107 0 4.36349
107 -1 4.37928
107 -2 4.40485
107 -3 4.40934
107 -4 4.40802
107 -5 4.38736
107 -6 4.31731
107 -7 4.42886
107 -8 4.40792
107 -9 4.38192
107 -10 4.64388
107 -11 4.5642
107 -12 4.4641
108 30 4.4641
108 29 3.56628
108 28 4.04699
108 27 4.10562
108 26 4.17612
108 25 4.22033
108 24 4.24725
108 23 4.27234
108 22 4.28126
108 21 4.30813
108 20 4.30206
108 19 4.36159
108 18 4.42448
108 17 4.45168
108 16 4.47638
108 15 4.43398
108 14 4.43765
108 13 4.44472
108 12 4.38742
108 11 4.41775
108 10 4.39542
108 9 4.39207
108 8 4.32477
108 7 4.3002
108 6 4.3071
108 5 4.29905
108 4 4.29616
108 3 4.28043
108 2 4.27219
108 1 4.27619
108 0 4.27527
108 -1 4.28152
108 -2 4.32349
108 -3 4.33668
108 -4 4.35968
108 -5 4.36467
108 -6 4.29995
108 -7 4.28403
108 -8 4.45405
108 -9 4.33368
108 -10 4.59858
108 -11 4.58825
108 -12 4.4641
109 30 4.4641
109 29 3.58882
109 28 4.08741
109 27 4.15988
109 26 4.21962
109 25 4.24803
109 24 4.2654
109 23 4.27272
109 22 4.29714
109 21 4.28359
109 20 4.31958
109 19 4.44766
109 18 4.51208
109 17 4.56035
109 16 4.56958
109 15 4.52832
109 14 4.46765
109 13 4.43469
109 12 4.39278
109 11 4.44933
109 10 4.47395
109 9 4.47941
109 8 4.40463
109 7 4.35918
109 6 4.30111
109 5 4.28268
109 4 4.26645
109 3 4.24174
109 2 4.23288
109 1 4.21438
109 0 4.23174
109 -1 4.23128
109 -2 4.26956
109 -3 4.30175
109 -4 4.3286
109 -5 4.31806
109 -6 4.29435
109 -7 4.23464
109 -8 4.39986
109 -9 4.34875
109 -10 4.50729
109 -11 4.58351
109 -12 4.4641
110 30 4.4641
110 29 3.7405
110 28 4.15347
110 27 4.18086
110 26 4.22232
110 25 4.26112
110 24 4.27773
110 23 4.27611
110 22 4.27004
110 21 4.28253
110 20 4.3249
110 19 4.45327
110 18 4.55257
110 17 4.63762
110 16 4.61017
110 15 4.5399
110 14 4.52541
110 13 4.53316
110 12 4.52842
110 11 4.47798
110 10 4.59059
110 9 4.61245
110 8 4.44856
110 7 4.45103
110 6 4.33114
110 5 4.24669
110 4 4.2507
110 3 4.23542
110 2 4.2514
110 1 4.21798
110 0 4.21834
110 -1 4.20905
110 -2 4.22232
110 -3 4.23837
110 -4 4.28752
110 -5 4.30719
110 -6 4.29364
110 -7 4.22308
110 -8 4.36522
110 -9 4.3465
110 -10 4.37811
110 -11 4.48743
110 -12 4.4641
111 30 4.4641
111 29 3.87964
111 28 4.13514
111 27 4.17154
111 26 4.22629
111 25 4.2517
111 24 4.29987
111 23 4.29155
111 22 4.26816
111 21 4.30471
111 20 4.34109
111 19 4.42688
111 18 4.56522
111 17 4.57154
111 16 4.59036
111 15 4.55921
111 14 4.57452
111 13 4.55721
111 12 4.59438
111 11 4.62369
111 10 4.67867
111 9 4.583
111 8 4.50134
111 7 4.46534
111 6 4.33574
111 5 4.21675
111 4 4.23288
111 3 4.24623
111 2 4.27976
111 1 4.26955
111 0 4.25931
111 -1 4.2392
111 -2 4.21832
111 -3 4.21768
111 -4 4.24399
111 -5 4.27575
111 -6 4.29718
111 -7 4.2529
111 -8 4.44307
111 -9 4.36951
111 -10 4.36334
111 -11 4.49848
111 -12 4.4641
112 30 4.4641
112 29 3.92331
112 28 4.16416
112 27 4.22583
112 26 4.27417
112 25 4.26239
112 24 4.28733
112 23 4.29509
112 22 4.27642
112 21 4.29715
112 20 4.3118
112 19 4.35536
112 18 4.53636
112 17 4.44542
112 16 4.39432
112 15 4.53528
112 14 4.48772
112 13 4.53394
112 12 4.57484
112 11 4.6176
112 10 4.54871
112 9 4.42243
112 8 4.4271
112 7 4.43968
112 6 4.35974
112 5 4.2519
112 4 4.23146
112 3 4.24569
112 2 4.29533
112 1 4.32505
112 0 4.29717
112 -1 4.30354
112 -2 4.28566
112 -3 4.27767
112 -4 4.27603
112 -5 4.28156
112 -6 4.31836
112 -7 4.30574
112 -8 4.38852
112 -9 4.4548
112 -10 4.39031
112 -11 4.4905
112 -12 4.4641
113 30 4.4641
113 29 3.92125
113 28 4.19626
113 27 4.24319
113 26 4.28167
113 25 4.27661
113 24 4.28945
113 23 4.3245
113 22 4.31263
113 21 4.32443
113 20 4.32936
113 19 4.34543
113 18 4.43855
113 17 4.41553
113 16 4.31533
113 15 4.51739
113 14 4.4575
113 13 4.51665
113 12 4.4888
113 11 4.47808
113 10 4.41677
113 9 4.4189
113 8 4.40938
113 7 4.39866
113 6 4.37332
113 5 4.30229
113 4 4.24646
113 3 4.27193
113 2 4.28582
113 1 4.33629
113 0 4.2958
113 -1 4.31904
113 -2 4.31408
113 -3 4.29843
113 -4 4.30529
113 -5 4.31683
113 -6 4.35699
113 -7 4.33204
113 -8 4.36685
113 -9 4.49033
113 -10 4.3654
113 -11 4.40427
113 -12 4.4641
114 30 4.4641
114 29 3.84608
114 28 4.17445
114 27 4.22001
114 26 4.24685
114 25 4.29028
114 24 4.30134
114 23 4.31627
114 22 4.32144
114 21 4.32439
114 20 4.34299
114 19 4.38565
114 18 4.46126
114 17 4.44917
114 16 4.1818
114 15 4.40625
114 14 4.50376
114 13 4.46661
114 12 4.43467
114 11 4.2958
114 10 4.3468
114 9 4.3621
114 8 4.36057
114 7 4.40894
114 6 4.41797
114 5 4.31443
114 4 4.29195
114 3 4.30533
114 2 4.26454
114 1 4.27085
114 0 4.2888
114 -1 4.30529
114 -2 4.29569
114 -3 4.27829
114 -4 4.30583
114 -5 4.32696
114 -6 4.37987
114 -7 4.37307
114 -8 4.36153
114 -9 4.50484
114 -10 4.4201
114 -11 4.3995
114 -12 4.4641
115 30 4.4641
115 29 3.88152
115 28 4.20314
115 27 4.26523
115 26 4.3138
115 25 4.31682
115 24 4.31971
115 23 4.31751
115 22 4.32919
115 21 4.34128
115 20 4.40708
115 19 4.49797
115 18 4.53736
115 17 4.42192
115 16 4.3431
115 15 4.46018
115 14 4.40227
115 13 4.42223
115 12 4.44509
115 11 4.26894
115 10 4.33047
115 9 4.39094
115 8 4.43866
115 7 4.47863
115 6 4.39002
115 5 4.31115
115 4 4.25443
115 3 4.22593
115 2 4.21918
115 1 4.24039
115 0 4.27538
115 -1 4.26605
115 -2 4.25284
115 -3 4.22103
115 -4 4.25102
115 -5 4.29965
115 -6 4.33785
115 -7 4.37318
115 -8 4.34439
115 -9 4.45636
115 -10 4.47545
115 -11 4.43346
115 -12 4.4641
116 30 4.4641
116 29 3.99421
116 28 4.21651
116 27 4.22869
116 26 4.3053
116 25 4.32543
116 24 4.34474
116 23 4.35087
116 22 4.36492
116 21 4.38574
116 20 4.42557
116 19 4.5022
116 18 4.54027
116 17 4.52754
116 16 4.52781
116 15 4.47518
116 14 4.419
116 13 4.47709
116 12 4.46903
116 11 4.36098
116 10 4.37484
116 9 4.38553
116 8 4.42118
116 7 4.40605
116 6 4.38761
116 5 4.31815
116 4 4.26936
116 3 4.26329
116 2 4.22493
116 1 4.2352
116 0 4.25914
116 -1 4.30263
116 -2 4.30556
116 -3 4.29092
116 -4 4.2773
116 -5 4.27118
116 -6 4.30918
116 -7 4.36297
116 -8 4.33776
116 -9 4.44698
116 -10 4.50327
116 -11 4.46651
116 -12 4.4641
117 30 4.4641
117 29 3.9755
117 28 4.20472
117 27 4.23822
117 26 4.28958
117 25 4.31168
117 24 4.34166
117 23 4.35346
117 22 4.35028
117 21 4.36294
117 20 4.4361
117 19 4.55371
117 18 4.57081
117 17 4.48482
117 16 4.48187
117 15 4.45002
117 14 4.4821
117 13 4.51703
117 12 4.42371
117 11 4.34137
117 10 4.41455
117 9 4.37265
117 8 4.34883
117 7 4.39787
117 6 4.43331
117 5 4.42014
117 4 4.44855
117 3 4.42259
117 2 4.34728
117 1 4.27596
117 0 4.21728
117 -1 4.26081
117 -2 4.34806
117 -3 4.37989
117 -4 4.35099
117 -5 4.33608
117 -6 4.3711
117 -7 4.39139
117 -8 4.35954
117 -9 4.47659
117 -10 4.48567
117 -11 4.44864
117 -12 4.4641
118 30 4.4641
118 29 3.9273
118 28 4.18641
118 27 4.2525
118 26 4.29383
118 25 4.33192
118 24 4.37916
118 23 4.34078
118 22 4.37665
118 21 4.45101
118 20 4.51902
118 19 4.61085
118 18 4.60383
118 17 4.59695
118 16 4.59595
118 15 4.54662
118 14 4.52824
118 13 4.52738
118 12 4.5261
118 11 4.47797
118 10 4.41884
118 9 4.3932
118 8 4.33193
118 7 4.32691
118 6 4.31824
118 5 4.35228
118 4 4.3769
118 3 4.36696
118 2 4.31706
118 1 4.3349
118 0 4.36031
118 -1 4.44743
118 -2 4.49825
118 -3 4.50004
118 -4 4.52416
118 -5 4.46617
118 -6 4.4183
118 -7 4.4023
118 -8 4.39627
118 -9 4.43884
118 -10 4.48357
118 -11 4.48041
118 -12 4.4641
119 30 4.4641
119 29 3.95506
119 28 4.17339
119 27 4.22661
119 26 4.31384
119 25 4.37593
119 24 4.43158
119 23 4.42191
119 22 4.55297
119 21 4.59338
119 20 4.54618
119 19 4.57727
119 18 4.57112
119 17 4.55001
119 16 4.54676
119 15 4.5281
119 14 4.51668
119 13 4.48221
119 12 4.38854
119 11 4.38597
119 10 4.40352
119 9 4.43233
119 8 4.45164
119 7 4.48011
119 6 4.3624
119 5 4.34686
119 4 4.46068
119 3 4.57506
119 2 4.49465
119 1 4.40624
119 0 4.48208
119 -1 4.487
119 -2 4.46137
119 -3 4.47188
119 -4 4.49687
119 -5 4.46639
119 -6 4.40095
119 -7 4.45408
119 -8 4.45559
119 -9 4.40855
119 -10 4.47689
119 -11 4.4714
119 -12 4.4641
120 30 4.4641
120 29 3.9557
120 28 4.18704
120 27 4.26142
120 26 4.37815
120 25 4.42165
120 24 4.44223
120 23 4.42543
120 22 4.52272
120 21 4.57543
120 20 4.57004
120 19 4.50978
120 18 4.45783
120 17 4.37164
120 16 4.33535
120 15 4.31618
120 14 4.31994
120 13 4.32062
120 12 4.32401
120 11 4.31831
120 10 4.36209
120 9 4.38806
120 8 4.59863
120 7 4.66241
120 6 4.43172
120 5 4.40317
120 4 4.52916
120 3 4.58498
120 2 4.60208
120 1 4.42185
120 0 4.37259
120 -1 4.30634
120 -2 4.27703
120 -3 4.38204
120 -4 4.39353
120 -5 4.3941
120 -6 4.39763
120 -7 4.5312
120 -8 4.46498
120 -9 4.37805
120 -10 4.46202
120 -11 4.44915
120 -12 4.4641
121 30 4.4641
121 29 3.9665
121 28 4.248
121 27 4.30864
121 26 4.38618
121 25 4.37611
121 24 4.33531
121 23 4.382
121 22 4.39299
121 21 4.44333
121 20 4.42039
121 19 4.40967
121 18 4.38326
121 17 4.32473
121 16 4.32336
121 15 4.2857
121 14 4.25703
121 13 4.26701
121 12 4.35469
121 11 4.34098
121 10 4.41406
121 9 4.52063
121 8 4.63466
121 7 4.52254
121 6 4.42969
121 5 4.60714
121 4 4.6034
121 3 4.55142
121 2 4.51288
121 1 4.37099
121 0 4.44042
121 -1 4.37814
121 -2 4.31747
121 -3 4.40915
121 -4 4.45492
121 -5 4.48904
121 -6 4.4768
121 -7 4.49044
121 -8 4.50191
121 -9 4.40028
121 -10 4.39293
121 -11 4.36642
121 -12 4.4641
122 30 4.4641
122 29 4.03621
122 28 4.26366
122 27 4.3039
122 26 4.37778
122 25 4.3978
122 24 4.47398
122 23 4.79228
122 22 4.7312
122 21 4.61248
122 20 4.51086
122 19 4.41162
122 18 4.37417
122 17 4.40875
122 16 4.46295
122 15 4.36591
122 14 4.37024
122 13 4.4199
122 12 4.45483
122 11 4.40286
122 10 4.49972
122 9 4.56848
122 8 4.52051
122 7 4.41328
122 6 4.58264
122 5 4.74117
122 4 4.67474
122 3 4.6686
122 2 4.56967
122 1 4.43633
122 0 4.44301
122 -1 4.38923
122 -2 4.35734
122 -3 4.36152
122 -4 4.35843
122 -5 4.43311
122 -6 4.51988
122 -7 4.50075
122 -8 4.52917
122 -9 4.4587
122 -10 4.37832
122 -11 4.34667
122 -12 4.4641
123 30 4.4641
123 29 4.09409
123 28 4.27658
123 27 4.3098
123 26 4.38927
123 25 4.53473
123 24 4.50562
123 23 4.74504
123 22 4.7469
123 21 4.63993
123 20 4.5964
123 19 4.57285
123 18 4.53773
123 17 4.57838
123 16 4.60197
123 15 4.39355
123 14 4.39229
123 13 4.45002
123 12 4.48973
123 11 4.51676
123 10 4.51312
123 9 4.45338
123 8 4.39861
123 7 4.53112
123 6 4.72529
123 5 4.70261
123 4 4.69263
123 3 4.72799
123 2 4.68951
123 1 4.50493
123 0 4.39556
123 -1 4.38292
123 -2 4.45878
123 -3 4.53231
123 -4 4.44576
123 -5 4.41728
123 -6 4.49795
123 -7 4.57202
123 -8 4.49358
123 -9 4.45529
123 -10 4.35809
123 -11 4.34796
123 -12 4.4641
124 30 4.4641
124 29 4.09794
124 28 4.28844
124 27 4.30282
124 26 4.42062
124 25 4.58517
124 24 4.50125
124 23 4.76054
124 22 4.76919
124 21 4.61345
124 20 4.5716
124 19 4.67091
124 18 4.67379
124 17 4.60246
124 16 4.59996
124 15 4.49386
124 14 4.42358
124 13 4.40697
124 12 4.46085
124 11 4.49634
124 10 4.54694
124 9 4.53922
124 8 4.4447
124 7 4.44832
124 6 4.583
124 5 4.69449
124 4 4.7117
124 3 4.72921
124 2 4.74184
124 1 4.58279
124 0 4.6086
124 -1 4.36281
124 -2 4.52382
124 -3 4.71776
124 -4 4.75487
124 -5 4.62363
124 -6 4.5025
124 -7 4.63449
124 -8 4.50303
124 -9 4.48673
124 -10 4.3015
124 -11 4.27232
124 -12 4.4641
125 30 4.4641
125 29 4.11115
125 28 4.28081
125 27 4.31146
125 26 4.52133
125 25 4.49502
125 24 4.49081
125 23 4.7139
125 22 4.69492
125 21 4.62007
125 20 4.53222
125 19 4.52295
125 18 4.52085
125 17 4.47902
125 16 4.51051
125 15 4.63832
125 14 4.56891
125 13 4.40162
125 12 4.43949
125 11 4.46504
125 10 4.47909
125 9 4.53039
125 8 4.47707
125 7 4.42689
125 6 4.40185
125 5 4.54383
125 4 4.6575
125 3 4.70169
125 2 4.6389
125 1 4.65102
125 0 4.58663
125 -1 4.35126
125 -2 4.70076
125 -3 4.76881
125 -4 4.74549
125 -5 4.6556
125 -6 4.5019
125 -7 4.61861
125 -8 4.5259
125 -9 4.39292
125 -10 4.28478
125 -11 4.25401
125 -12 4.4641
126 30 4.4641
126 29 4.13344
126 28 4.29963
126 27 4.41522
126 26 4.50988
126 25 4.33194
126 24 4.52359
126 23 4.64716
126 22 4.61978
126 21 4.62025
126 20 4.61719
126 19 4.50989
126 18 4.44853
126 17 4.45031
126 16 4.54556
126 15 4.6187
126 14 4.65069
126 13 4.5991
126 12 4.52362
126 11 4.51643
126 10 4.5413
126 9 4.50583
126 8 4.45931
126 7 4.43517
126 6 4.46428
126 5 4.51512
126 4 4.55784
126 3 4.52181
126 2 4.46439
126 1 4.45977
126 0 4.3548
126 -1 4.30636
126 -2 4.74653
126 -3 4.63475
126 -4 4.64103
126 -5 4.62567
126 -6 4.62043
126 -7 4.61926
126 -8 4.49339
126 -9 4.32078
126 -10 4.34918
126 -11 4.4295
126 -12 4.4641
127 30 4.4641
127 29 4.17942
127 28 4.37794
127 27 4.44923
127 26 4.36303
127 25 4.40644
127 24 4.65842
127 23 4.63414
127 22 4.61285
127 21 4.611
127 20 4.59797
127 19 4.4792
127 18 4.40243
127 17 4.38768
127 16 4.37628
127 15 4.4978
127 14 4.55391
127 13 4.60029
127 12 4.66308
127 11 4.6716
127 10 4.66
127 9 4.61168
127 8 4.6152
127 7 4.60893
127 6 4.38445
127 5 4.27107
127 4 4.40293
127 3 4.29503
127 2 4.32562
127 1 4.52551
127 0 4.67309
127 -1 4.46627
127 -2 4.72031
127 -3 4.51354
127 -4 4.58981
127 -5 4.65993
127 -6 4.65355
127 -7 4.6733
127 -8 4.48482
127 -9 4.34159
127 -10 4.38709
127 -11 4.45189
127 -12 4.4641
128 30 4.4641
128 29 4.38358
128 28 4.39386
128 27 4.36117
128 26 4.3846
128 25 4.63798
128 24 4.66386
128 23 4.5702
128 22 4.54858
128 21 4.54593
128 20 4.59243
128 19 4.46322
128 18 4.36036
128 17 4.35564
128 16 4.34364
128 15 4.38748
128 14 4.48956
128 13 4.56473
128 12 4.60523
128 11 4.62875
128 10 4.68413
128 9 4.7292
128 8 4.6959
128 7 4.75907
128 6 4.77118
128 5 4.59425
128 4 4.46936
128 3 4.42501
128 2 4.42392
128 1 4.4105
128 0 4.47553
128 -1 4.48481
128 -2 4.57978
128 -3 4.3959
128 -4 4.65193
128 -5 4.73649
128 -6 4.75043
128 -7 4.73286
128 -8 4.5101
128 -9 4.34431
128 -10 4.40388
128 -11 4.43314
128 -12 4.4641
129 30 4.4641
129 29 4.39211
129 28 4.31247
129 27 4.33479
129 26 4.57219
129 25 4.59711
129 24 4.56871
129 23 4.56854
129 22 4.55569
129 21 4.57971
129 20 4.60194
129 19 4.47775
129 18 4.39105
129 17 4.36167
129 16 4.37193
129 15 4.40942
129 14 4.50837
129 13 4.59348
129 12 4.60767
129 11 4.61214
129 10 4.61369
129 9 4.65331
129 8 4.62884
129 7 4.63911
129 6 4.67274
129 5 4.6867
129 4 4.63503
129 3 4.50037
129 2 4.44825
129 1 4.4142
129 0 4.46366
129 -1 4.52478
129 -2 4.48178
129 -3 4.31062
129 -4 4.60633
129 -5 4.8315
129 -6 4.80835
129 -7 4.71346
129 -8 4.55133
129 -9 4.44379
129 -10 4.43463
129 -11 4.44285
129 -12 4.4641
130 30 4.4641
130 29 4.13893
130 28 4.30306
130 27 4.47267
130 26 4.60832
130 25 4.56565
130 24 4.50908
130 23 4.56372
130 22 4.5921
130 21 4.60232
130 20 4.59777
130 19 4.56204
130 18 4.49326
130 17 4.44432
130 16 4.44392
130 15 4.49729
130 14 4.58622
130 13 4.5872
130 12 4.58915
130 11 4.59775
130 10 4.59706
130 9 4.61874
130 8 4.63694
130 7 4.64799
130 6 4.64789
130 5 4.6357
130 4 4.64775
130 3 4.59519
130 2 4.67519
130 1 4.55975
130 0 4.45869
130 -1 4.46323
130 -2 4.49648
130 -3 4.37932
130 -4 4.64164
130 -5 4.75077
130 -6 4.7433
130 -7 4.77133
130 -8 4.50421
130 -9 4.46273
130 -10 4.41778
130 -11 4.4233
130 -12 4.4641
131 30 4.4641
131 29 4.53149
131 28 4.53111
131 27 4.59392
131 26 4.44393
131 25 4.46193
131 24 4.48449
131 23 4.59439
131 22 4.58609
131 21 4.60426
131 20 4.60314
131 19 4.60351
131 18 4.60577
131 17 4.57413
131 16 4.56774
131 15 4.57938
131 14 4.58404
131 13 4.58089
131 12 4.58066
131 11 4.57459
131 10 4.58285
131 9 4.60511
131 8 4.57208
131 7 4.60431
131 6 4.64006
131 5 4.61039
131 4 4.60362
131 3 4.58508
131 2 4.64015
131 1 4.55845
131 0 4.51387
131 -1 4.50694
131 -2 4.54679
131 -3 4.43189
131 -4 4.60862
131 -5 4.82114
131 -6 4.745
131 -7 4.61957
131 -8 4.4572
131 -9 4.48859
131 -10 4.40432
131 -11 4.42299
131 -12 4.4641
132 30 4.4641
132 29 4.9
132 28 4.54881
132 27 4.6461
132 26 4.45308
132 25 4.48673
132 24 4.48198
132 23 4.60607
132 22 4.57517
132 21 4.59595
132 20 4.60123
132 19 4.59993
132 18 4.59766
132 17 4.60109
132 16 4.57902
132 15 4.56804
132 14 4.57202
132 13 4.5626
132 12 4.5722
132 11 4.56179
132 10 4.58148
132 9 4.57017
132 8 4.50736
132 7 4.52991
132 6 4.54641
132 5 4.50471
132 4 4.5186
132 3 4.52736
132 2 4.56436
132 1 4.62172
132 0 4.61
132 -1 4.47484
132 -2 4.57004
132 -3 4.55056
132 -4 4.42112
132 -5 4.44144
132 -6 4.48099
132 -7 4.45681
132 -8 4.5414
132 -9 4.45754
132 -10 4.37268
132 -11 4.41159
132 -12 4.4641
133 30 4.4641
133 29 4.9
133 28 4.56121
133 27 4.63349
133 26 4.50875
133 25 4.52082
133 24 4.49126
133 23 4.58514
133 22 4.59649
133 21 4.59249
133 20 4.60084
133 19 4.59738
133 18 4.59628
133 17 4.60007
133 16 4.61348
133 15 4.57655
133 14 4.59614
133 13 4.58622
133 12 4.59297
133 11 4.58348
133 10 4.57378
133 9 4.55163
133 8 4.56158
133 7 4.51096
133 6 4.48195
133 5 4.50659
133 4 4.52241
133 3 4.56099
133 2 4.53357
133 1 4.56981
133 0 4.57275
133 -1 4.37652
133 -2 4.41289
133 -3 4.54507
133 -4 4.60703
133 -5 4.57682
133 -6 4.52058
133 -7 4.48215
133 -8 4.5182
133 -9 4.43358
133 -10 4.38528
133 -11 4.4475
133 -12 4.4641
134 30 4.4641
134 29 4.9
134 28 4.58571
134 27 4.60409
134 26 4.54053
134 25 4.53129
134 24 4.53689
134 23 4.50747
134 22 4.60203
134 21 4.60154
134 20 4.60116
134 19 4.60957
134 18 4.60356
134 17 4.60351
134 16 4.58104
134 15 4.51179
134 14 4.54555
134 13 4.52308
134 12 4.57718
134 11 4.57808
134 10 4.54609
134 9 4.53636
134 8 4.51933
134 7 4.48438
134 6 4.53602
134 5 4.52806
134 4 4.51658
134 3 4.52984
134 2 4.51663
134 1 4.4938
134 0 4.51523
134 -1 4.38443
134 -2 4.30092
134 -3 4.36435
134 -4 4.47047
134 -5 4.51157
134 -6 4.43609
134 -7 4.46157
134 -8 4.41966
134 -9 4.36941
134 -10 4.34143
134 -11 4.42533
134 -12 4.4641
135 30 4.4641
135 29 4.9
135 28 4.5873
135 27 4.56305
135 26 4.52929
135 25 4.57414
135 24 4.58868
135 23 4.5001
135 22 4.59077
135 21 4.62524
135 20 4.61622
135 19 4.6174
135 18 4.56262
135 17 4.52677
135 16 4.53799
135 15 4.54819
135 14 4.5505
135 13 4.50686
135 12 4.5131
135 11 4.50381
135 10 4.48723
135 9 4.50178
135 8 4.47008
135 7 4.5435
135 6 4.60287
135 5 4.58508
135 4 4.61107
135 3 4.56019
135 2 4.54318
135 1 4.51588
135 0 4.44859
135 -1 4.38226
135 -2 4.38827
135 -3 4.33814
135 -4 4.33081
135 -5 4.37716
135 -6 4.36708
135 -7 4.38167
135 -8 4.36631
135 -9 4.32347
135 -10 4.30637
135 -11 4.39369
135 -12 4.4641
136 30 4.4641
136 29 4.56628
136 28 4.43303
136 27 4.49012
136 26 4.45598
136 25 4.51658
136 24 4.5448
136 23 4.43445
136 22 4.50842
136 21 4.52938
136 20 4.50597
136 19 4.52357
136 18 4.47269
136 17 4.44314
136 16 4.48508
136 15 4.52383
136 14 4.52583
136 13 4.48322
136 12 4.47603
136 11 4.47094
136 10 4.4613
136 9 4.4947
136 8 4.45032
136 7 4.5177
136 6 4.54019
136 5 4.4979
136 4 4.54416
136 3 4.49272
136 2 4.49716
136 1 4.5093
136 0 4.44197
136 -1 4.41717
136 -2 4.48818
136 -3 4.43106
136 -4 4.39501
136 -5 4.43333
136 -6 4.42204
136 -7 4.43118
136 -8 4.43969
136 -9 4.41411
136 -10 4.39291
136 -11 4.46152
136 -12 4.4641
137 30 4.4641
137 29 4.4641
137 28 4.4641
137 27 4.4641
137 26 4.4641
137 25 4.4641
137 24 4.4641
137 23 4.4641
137 22 4.4641
137 21 4.4641
137 20 4.4641
137 19 4.4641
137 18 4.4641
137 17 4.4641
137 16 4.4641
137 15 4.4641
137 14 4.4641
137 13 4.4641
137 12 4.4641
137 11 4.4641
137 10 4.4641
137 9 4.4641
137 8 4.4641
137 7 4.4641
137 6 4.4641
137 5 4.4641
137 4 4.4641
137 3 4.4641
137 2 4.4641
137 1 4.4641
137 0 4.4641
137 -1 4.4641
137 -2 4.4641
137 -3 4.4641
137 -4 4.4641
137 -5 4.4641
137 -6 4.4641
137 -7 4.4641
137 -8 4.4641
137 -9 4.4641
137 -10 4.4641
137 -11 4.4641
137 -12 4.4641
