113.763433991       23.0430238154
113.422060021       22.5451775145
112.050945959       22.9379756855
113.134025635       23.0350948405
113.307649675       23.1200491021
114.41065808        23.1135398524
116.379500855       23.5479994669
116.126403098       24.304570606 
116.728650288       23.3839084533
115.372924289       22.7787305002
113.078125341       22.5751167835
114.713721476       23.7572508505
114.025973657       22.5460535462
113.040773349       23.6984685504
110.365067263       21.2574631038
116.630075991       23.6618116765
113.562447026       22.2569146461
112.47965337        23.0786632829
110.931245331       21.6682257188
111.977009756       21.8715173045
113.594461107       24.8029603119
114.571476921132    23.786415852726208 

