45212	Zhongshan	113.1828 	22.5482 
45213	Zhongshan	113.1820 	22.5500 
45214	Zhongshan	113.1814 	22.5535 
45215	Zhongshan	113.1812 	22.5589 
45216	Zhongshan	113.1807 	22.5660 
45217	Zhongshan	113.1794 	22.5723 
45218	Zhongshan	113.1779 	22.5787 
45219	Zhongshan	113.1763 	22.5851 
45220	Zhongshan	113.1734 	22.5931 
45221	Zhongshan	113.1707 	22.5975 
45222	Zhongshan	113.1680 	22.6012 
45223	Zhongshan	113.1659 	22.6039 
45224	Zhongshan	113.1614 	22.6087 
45225	Zhongshan	113.1634 	22.6108 
45226	Zhongshan	113.1691 	22.6425 
45227	Zhongshan	113.1676 	22.6559 
45228	Zhongshan	113.1647 	22.6674 
45229	Zhongshan	113.1704 	22.6717 
45230	Zhongshan	113.1797 	22.6759 
45231	Zhongshan	113.1929 	22.6806 
45232	Zhongshan	113.1973 	22.6870 
45233	Zhongshan	113.1986 	22.6892 
45234	Zhongshan	113.1984 	22.6904 
45235	Zhongshan	113.2011 	22.6988 
45236	Zhongshan	113.2105 	22.7053 
45237	Zhongshan	113.2147 	22.7096 
45238	Zhongshan	113.2201 	22.7164 
45239	Zhongshan	113.2255 	22.7256 
45240	Zhongshan	113.2287 	22.7322 
45241	Zhongshan	113.2314 	22.7402 
45242	Zhongshan	113.2331 	22.7444 
45243	Zhongshan	113.2352 	22.7470 
45244	Zhongshan	113.2378 	22.7473 
45245	Zhongshan	113.2404 	22.7470 
45246	Zhongshan	113.2439 	22.7458 
45247	Zhongshan	113.2466 	22.7444 
45248	Zhongshan	113.2497 	22.7420 
45249	Zhongshan	113.2517 	22.7404 
45250	Zhongshan	113.2541 	22.7382 
45251	Zhongshan	113.2558 	22.7364 
45252	Zhongshan	113.2568 	22.7352 
45253	Zhongshan	113.2578 	22.7338 
45254	Zhongshan	113.2591 	22.7324 
45255	Zhongshan	113.2610 	22.7306 
45256	Zhongshan	113.2636 	22.7282 
45257	Zhongshan	113.2680 	22.7270 
45258	Zhongshan	113.2720 	22.7285 
45259	Zhongshan	113.2758 	22.7347 
45260	Zhongshan	113.2809 	22.7384 
45261	Zhongshan	113.2876 	22.7397 
45262	Zhongshan	113.2938 	22.7389 
45263	Zhongshan	113.3000 	22.7396 
45264	Zhongshan	113.3108 	22.7437 
45265	Zhongshan	113.3146 	22.7438 
45266	Zhongshan	113.3206 	22.7450 
45267	Zhongshan	113.3280 	22.7579 
45268	Zhongshan	113.3316 	22.7617 
45269	Zhongshan	113.3366 	22.7652 
45270	Zhongshan	113.3427 	22.7683 
45271	Zhongshan	113.3487 	22.7705 
45272	Zhongshan	113.3547 	22.7726 
45273	Zhongshan	113.3612 	22.7762 
45274	Zhongshan	113.3638 	22.7721 
45275	Zhongshan	113.3688 	22.7678 
45276	Zhongshan	113.3744 	22.7637 
45277	Zhongshan	113.3784 	22.7604 
45278	Zhongshan	113.3857 	22.7565 
45279	Zhongshan	113.3930 	22.7529 
45280	Zhongshan	113.3986 	22.7496 
45281	Zhongshan	113.4025 	22.7469 
45282	Zhongshan	113.4096 	22.7426 
45283	Zhongshan	113.4165 	22.7398 
45284	Zhongshan	113.4233 	22.7381 
45285	Zhongshan	113.4301 	22.7377 
45286	Zhongshan	113.4374 	22.7380 
45287	Zhongshan	113.4546 	22.7278 
45288	Zhongshan	113.4551 	22.7261 
45289	Zhongshan	113.4595 	22.7228 
45290	Zhongshan	113.4675 	22.7191 
45291	Zhongshan	113.4709 	22.7180 
45292	Zhongshan	113.4893 	22.7060 
45293	Zhongshan	113.4907 	22.7038 
45294	Zhongshan	113.4972 	22.6985 
45295	Zhongshan	113.5033 	22.6965 
45296	Zhongshan	113.5087 	22.6934 
45297	Zhongshan	113.5443 	22.6703 
45298	Zhongshan	113.5517 	22.6643 
45299	Zhongshan	113.5657 	22.6543 
45300	Zhongshan	113.5759 	22.6413 
45301	Zhongshan	113.5787 	22.6386 
45302	Zhongshan	113.5830 	22.6338 
45303	Zhongshan	113.5951 	22.6203 
45304	Zhongshan	113.6101 	22.5980 
45305	Zhongshan	113.6171 	22.5890 
45306	Zhongshan	113.6272 	22.5837 
45307	Zhongshan	113.6295 	22.5825 
45308	Zhongshan	113.6347 	22.5737 
45309	Zhongshan	113.6346 	22.5627 
45310	Zhongshan	113.6340 	22.5627 
45311	Zhongshan	113.6338 	22.5629 
45312	Zhongshan	113.6318 	22.5660 
45313	Zhongshan	113.6315 	22.5665 
45314	Zhongshan	113.6299 	22.5662 
45315	Zhongshan	113.6296 	22.5660 
45316	Zhongshan	113.6282 	22.5646 
45317	Zhongshan	113.6279 	22.5643 
45318	Zhongshan	113.6254 	22.5621 
45319	Zhongshan	113.6249 	22.5621 
45320	Zhongshan	113.6226 	22.5601 
45321	Zhongshan	113.6201 	22.5579 
45322	Zhongshan	113.6201 	22.5571 
45323	Zhongshan	113.6201 	22.5565 
45324	Zhongshan	113.6201 	22.5560 
45325	Zhongshan	113.6204 	22.5557 
45326	Zhongshan	113.6207 	22.5557 
45327	Zhongshan	113.6215 	22.5543 
45328	Zhongshan	113.6218 	22.5518 
45329	Zhongshan	113.6218 	22.5510 
45330	Zhongshan	113.6218 	22.5504 
45331	Zhongshan	113.6218 	22.5493 
45332	Zhongshan	113.6215 	22.5482 
45333	Zhongshan	113.6121 	22.5482 
45334	Zhongshan	113.6099 	22.5485 
45335	Zhongshan	113.6093 	22.5485 
45336	Zhongshan	113.6065 	22.5485 
45337	Zhongshan	113.6060 	22.5485 
45338	Zhongshan	113.6049 	22.5482 
45339	Zhongshan	113.6049 	22.5460 
45340	Zhongshan	113.6051 	22.5460 
45341	Zhongshan	113.6054 	22.5451 
45342	Zhongshan	113.6057 	22.5435 
45343	Zhongshan	113.6057 	22.5413 
45344	Zhongshan	113.6065 	22.5376 
45345	Zhongshan	113.6071 	22.5360 
45346	Zhongshan	113.6071 	22.5335 
45347	Zhongshan	113.6071 	22.5326 
45348	Zhongshan	113.6074 	22.5307 
45349	Zhongshan	113.6085 	22.5260 
45350	Zhongshan	113.6090 	22.5238 
45351	Zhongshan	113.6093 	22.5238 
45352	Zhongshan	113.6104 	22.5190 
45353	Zhongshan	113.6107 	22.5168 
45354	Zhongshan	113.6110 	22.5168 
45355	Zhongshan	113.6126 	22.5104 
45356	Zhongshan	113.6132 	22.5082 
45357	Zhongshan	113.6137 	22.5060 
45358	Zhongshan	113.6137 	22.5043 
45359	Zhongshan	113.6113 	22.5037 
45360	Zhongshan	113.6087 	22.5032 
45361	Zhongshan	113.6074 	22.5032 
45362	Zhongshan	113.6068 	22.5029 
45363	Zhongshan	113.6068 	22.5026 
45364	Zhongshan	113.6065 	22.5024 
45365	Zhongshan	113.6057 	22.5018 
45366	Zhongshan	113.6043 	22.5010 
45367	Zhongshan	113.6035 	22.5010 
45368	Zhongshan	113.6035 	22.5013 
45369	Zhongshan	113.6032 	22.5015 
45370	Zhongshan	113.6024 	22.5021 
45371	Zhongshan	113.6001 	22.5021 
45372	Zhongshan	113.5987 	22.5018 
45373	Zhongshan	113.5987 	22.5015 
45374	Zhongshan	113.5954 	22.5013 
45375	Zhongshan	113.5946 	22.5013 
45376	Zhongshan	113.5932 	22.5013 
45377	Zhongshan	113.5921 	22.5015 
45378	Zhongshan	113.5921 	22.5021 
45379	Zhongshan	113.5915 	22.5026 
45380	Zhongshan	113.5912 	22.5029 
45381	Zhongshan	113.5904 	22.5029 
45382	Zhongshan	113.5868 	22.5018 
45383	Zhongshan	113.5860 	22.5015 
45384	Zhongshan	113.5857 	22.5004 
45385	Zhongshan	113.5857 	22.4993 
45386	Zhongshan	113.5857 	22.4990 
45387	Zhongshan	113.5857 	22.4971 
45388	Zhongshan	113.5849 	22.4949 
45389	Zhongshan	113.5837 	22.4938 
45390	Zhongshan	113.5837 	22.4924 
45391	Zhongshan	113.5840 	22.4921 
45392	Zhongshan	113.5846 	22.4921 
45393	Zhongshan	113.5849 	22.4918 
45394	Zhongshan	113.5849 	22.4907 
45395	Zhongshan	113.5849 	22.4901 
45396	Zhongshan	113.5849 	22.4890 
45397	Zhongshan	113.5832 	22.4871 
45398	Zhongshan	113.5818 	22.4865 
45399	Zhongshan	113.5810 	22.4868 
45400	Zhongshan	113.5768 	22.4871 
45401	Zhongshan	113.5757 	22.4871 
45402	Zhongshan	113.5757 	22.4854 
45403	Zhongshan	113.5762 	22.4849 
45404	Zhongshan	113.5762 	22.4829 
45405	Zhongshan	113.5762 	22.4812 
45406	Zhongshan	113.5760 	22.4804 
45407	Zhongshan	113.5751 	22.4782 
45408	Zhongshan	113.5732 	22.4732 
45409	Zhongshan	113.5726 	22.4715 
45410	Zhongshan	113.5715 	22.4699 
45411	Zhongshan	113.5713 	22.4696 
45412	Zhongshan	113.5713 	22.4676 
45413	Zhongshan	113.5715 	22.4674 
45414	Zhongshan	113.5715 	22.4657 
45415	Zhongshan	113.5713 	22.4643 
45416	Zhongshan	113.5707 	22.4621 
45417	Zhongshan	113.5699 	22.4590 
45418	Zhongshan	113.5696 	22.4590 
45419	Zhongshan	113.5693 	22.4582 
45420	Zhongshan	113.5687 	22.4557 
45421	Zhongshan	113.5685 	22.4540 
45422	Zhongshan	113.5685 	22.4524 
45423	Zhongshan	113.5682 	22.4518 
45424	Zhongshan	113.5671 	22.4518 
45425	Zhongshan	113.5671 	22.4521 
45426	Zhongshan	113.5626 	22.4529 
45427	Zhongshan	113.5607 	22.4529 
45428	Zhongshan	113.5590 	22.4479 
45429	Zhongshan	113.5587 	22.4468 
45430	Zhongshan	113.5585 	22.4460 
45431	Zhongshan	113.5582 	22.4451 
45432	Zhongshan	113.5579 	22.4443 
45433	Zhongshan	113.5576 	22.4438 
45434	Zhongshan	113.5560 	22.4413 
45435	Zhongshan	113.5543 	22.4390 
45436	Zhongshan	113.5535 	22.4385 
45437	Zhongshan	113.5512 	22.4385 
45438	Zhongshan	113.5512 	22.4368 
45439	Zhongshan	113.5501 	22.4351 
45440	Zhongshan	113.5488 	22.4335 
45441	Zhongshan	113.5485 	22.4329 
45442	Zhongshan	113.5485 	22.4326 
45443	Zhongshan	113.5504 	22.4315 
45444	Zhongshan	113.5510 	22.4312 
45445	Zhongshan	113.5515 	22.4310 
45446	Zhongshan	113.5518 	22.4307 
45447	Zhongshan	113.5518 	22.4301 
45448	Zhongshan	113.5515 	22.4293 
45449	Zhongshan	113.5512 	22.4290 
45450	Zhongshan	113.5485 	22.4288 
45451	Zhongshan	113.5454 	22.4282 
45452	Zhongshan	113.5451 	22.4274 
45453	Zhongshan	113.5451 	22.4271 
45454	Zhongshan	113.5454 	22.4268 
45455	Zhongshan	113.5465 	22.4262 
45456	Zhongshan	113.5476 	22.4262 
45457	Zhongshan	113.5476 	22.4265 
45458	Zhongshan	113.5482 	22.4265 
45459	Zhongshan	113.5485 	22.4257 
45460	Zhongshan	113.5485 	22.4246 
45461	Zhongshan	113.5479 	22.4241 
45462	Zhongshan	113.5404 	22.4250 
45463	Zhongshan	113.5294 	22.4249 
45464	Zhongshan	113.5202 	22.4238 
45465	Zhongshan	113.5161 	22.4200 
45466	Zhongshan	113.5055 	22.4197 
45467	Zhongshan	113.4989 	22.4224 
45468	Zhongshan	113.4936 	22.4205 
45469	Zhongshan	113.4877 	22.4128 
45470	Zhongshan	113.4840 	22.4028 
45471	Zhongshan	113.4811 	22.3879 
45472	Zhongshan	113.4830 	22.3757 
45473	Zhongshan	113.4873 	22.3699 
45474	Zhongshan	113.4917 	22.3574 
45475	Zhongshan	113.4911 	22.3457 
45476	Zhongshan	113.4884 	22.3350 
45477	Zhongshan	113.4834 	22.3254 
45478	Zhongshan	113.4759 	22.3199 
45479	Zhongshan	113.4690 	22.3136 
45480	Zhongshan	113.4695 	22.3033 
45481	Zhongshan	113.4779 	22.2946 
45482	Zhongshan	113.4913 	22.2874 
45483	Zhongshan	113.5007 	22.2766 
45484	Zhongshan	113.5040 	22.2724 
45485	Zhongshan	113.5095 	22.2633 
45486	Zhongshan	113.5028 	22.2539 
45487	Zhongshan	113.4921 	22.2516 
45488	Zhongshan	113.4842 	22.2497 
45489	Zhongshan	113.4796 	22.2445 
45490	Zhongshan	113.4761 	22.2336 
45491	Zhongshan	113.4686 	22.2296 
45492	Zhongshan	113.4593 	22.2243 
45493	Zhongshan	113.4560 	22.2221 
45494	Zhongshan	113.4484 	22.2147 
45495	Zhongshan	113.4408 	22.2078 
45496	Zhongshan	113.4295 	22.2000 
45497	Zhongshan	113.4185 	22.1964 
45498	Zhongshan	113.4185 	22.1965 
45499	Zhongshan	113.4182 	22.1971 
45500	Zhongshan	113.4179 	22.1974 
45501	Zhongshan	113.4175 	22.1974 
45502	Zhongshan	113.4171 	22.1974 
45503	Zhongshan	113.4171 	22.1971 
45504	Zhongshan	113.4143 	22.1957 
45505	Zhongshan	113.4135 	22.1957 
45506	Zhongshan	113.4124 	22.1951 
45507	Zhongshan	113.4118 	22.1949 
45508	Zhongshan	113.4107 	22.1943 
45509	Zhongshan	113.4101 	22.1940 
45510	Zhongshan	113.4101 	22.1938 
45511	Zhongshan	113.4090 	22.1932 
45512	Zhongshan	113.4079 	22.1926 
45513	Zhongshan	113.4074 	22.1924 
45514	Zhongshan	113.4054 	22.1915 
45515	Zhongshan	113.4043 	22.1912 
45516	Zhongshan	113.4032 	22.1907 
45517	Zhongshan	113.4032 	22.1904 
45518	Zhongshan	113.4026 	22.1901 
45519	Zhongshan	113.4015 	22.1896 
45520	Zhongshan	113.4010 	22.1893 
45521	Zhongshan	113.3996 	22.1888 
45522	Zhongshan	113.3994 	22.1888 
45523	Zhongshan	113.3976 	22.1929 
45524	Zhongshan	113.3922 	22.1991 
45525	Zhongshan	113.3916 	22.2078 
45526	Zhongshan	113.3809 	22.2202 
45527	Zhongshan	113.3785 	22.2224 
45528	Zhongshan	113.3929 	22.2222 
45529	Zhongshan	113.3892 	22.2270 
45530	Zhongshan	113.3853 	22.2306 
45531	Zhongshan	113.3801 	22.2357 
45532	Zhongshan	113.3746 	22.2402 
45533	Zhongshan	113.3656 	22.2432 
45534	Zhongshan	113.3582 	22.2440 
45535	Zhongshan	113.3524 	22.2462 
45536	Zhongshan	113.3465 	22.2496 
45537	Zhongshan	113.3415 	22.2552 
45538	Zhongshan	113.3354 	22.2655 
45539	Zhongshan	113.3322 	22.2751 
45540	Zhongshan	113.3294 	22.2826 
45541	Zhongshan	113.3270 	22.2900 
45542	Zhongshan	113.3239 	22.2973 
45543	Zhongshan	113.3211 	22.3036 
45544	Zhongshan	113.3192 	22.3105 
45545	Zhongshan	113.3180 	22.3141 
45546	Zhongshan	113.3166 	22.3191 
45547	Zhongshan	113.3148 	22.3268 
45548	Zhongshan	113.3138 	22.3330 
45549	Zhongshan	113.3124 	22.3381 
45550	Zhongshan	113.3099 	22.3421 
45551	Zhongshan	113.3062 	22.3459 
45552	Zhongshan	113.2995 	22.3533 
45553	Zhongshan	113.2960 	22.3584 
45554	Zhongshan	113.2917 	22.3647 
45555	Zhongshan	113.2867 	22.3717 
45556	Zhongshan	113.2748 	22.3856 
45557	Zhongshan	113.2682 	22.3917 
45558	Zhongshan	113.2626 	22.3956 
45559	Zhongshan	113.2576 	22.3995 
45560	Zhongshan	113.2568 	22.4048 
45561	Zhongshan	113.2558 	22.4110 
45562	Zhongshan	113.2544 	22.4155 
45563	Zhongshan	113.2533 	22.4203 
45564	Zhongshan	113.2516 	22.4265 
45565	Zhongshan	113.2515 	22.4315 
45566	Zhongshan	113.2535 	22.4403 
45567	Zhongshan	113.2530 	22.4450 
45568	Zhongshan	113.2504 	22.4513 
45569	Zhongshan	113.2484 	22.4565 
45570	Zhongshan	113.2463 	22.4610 
45571	Zhongshan	113.2439 	22.4666 
45572	Zhongshan	113.2421 	22.4744 
45573	Zhongshan	113.2407 	22.4786 
45574	Zhongshan	113.2372 	22.4874 
45575	Zhongshan	113.2315 	22.4949 
45576	Zhongshan	113.2266 	22.4995 
45577	Zhongshan	113.2204 	22.5063 
45578	Zhongshan	113.2175 	22.5112 
45579	Zhongshan	113.2152 	22.5160 
45580	Zhongshan	113.2118 	22.5193 
45581	Zhongshan	113.2081 	22.5219 
45582	Zhongshan	113.2030 	22.5260 
45583	Zhongshan	113.1973 	22.5307 
45584	Zhongshan	113.1932 	22.5358 
45585	Zhongshan	113.1893 	22.5404 
45586	Zhongshan	113.1869 	22.5435 
45587	Zhongshan	113.1828 	22.5482 
45588	Zhongshan	113.1828 	22.5482 
