>
112.01591 24.739962
112.02962 24.770937
112.07713 24.803442
112.09766 24.831869
112.1181 24.835032
112.13591 24.810869
112.14929 24.815426
112.16705 24.915649
112.16013 24.9293
112.1088 24.966877
112.11293 24.989372
112.14488 25.0196
112.14124 25.05337 
112.15547 25.073309
112.18076 25.183929
112.19981 25.202015
112.24715 25.162123
112.27247 25.166393
112.29037 25.15691
112.30614 25.173384
112.35634 25.192699
112.38564 25.147097
112.39799 25.141529
112.41396 25.147425
112.43898 25.182446
112.4562 25.149746
112.48175 25.151455
112.53542 25.127052
112.651 25.131647
112.66518 25.106293
112.68684 25.097424
112.71735 25.060472
112.7007 25.03624
112.69794 25.010538
112.73523 25.000637
112.7374 24.96204
112.77531 24.941101
112.77395 24.896971
112.85538 24.896864
112.89095 24.919548
112.98813 24.921261
113.00189 24.932623
113.00326 24.963846
113.00233 24.992332
112.97742 25.000128
112.98015 25.018707
112.9687 25.034193
112.9724 25.047943
112.99701 25.056686
113.0089 25.079548
112.96378 25.135979
112.96023 25.157139
112.98117 25.175102
113.02563 25.192167
113.0238 25.20895
112.97398 25.254402
112.89535 25.23852
112.86255 25.247738
112.85276 25.329348
112.86664 25.324646
112.88553 25.338737
112.89658 25.306263
112.92036 25.304003
112.93948 25.339214
112.96103 25.340872
112.97991 25.3538
113.01506 25.348438
113.04117 25.371174
113.0793 25.382307
113.09519 25.417299
113.12275 25.412214
113.12354 25.454695
113.15414 25.487932
113.18932 25.483677
113.22728 25.515215
113.27576 25.499546
113.28463 25.517138
113.29404 25.518644
113.293 25.498903
113.30824 25.48243
113.30216 25.447124
113.31748 25.454996
113.35098 25.439236
113.36461 25.400726
113.39175 25.402485
113.41264 25.392826
113.43826 25.361746
113.46732 25.373116
113.50102 25.374084
113.51688 25.351151
113.53484 25.365858
113.57649 25.341442
113.56849 25.31913
113.57375 25.313457
113.61793 25.320236
113.63969 25.333961
113.67104 25.330557
113.68225 25.34947
113.71482 25.357525
113.72681 25.348402
113.74532 25.363075
113.75488 25.359266
113.76217 25.328156
113.81207 25.328133
113.82568 25.338501
113.83244 25.361374
113.86565 25.376736
113.87763 25.393784
113.88377 25.436417
113.93471 25.435879
113.95921 25.457323
113.99174 25.435686
113.97793 25.403744
114.00086 25.399853
114.03497 25.358137
114.02181 25.337051
114.02842 25.316957
114.01199 25.285378
114.01797 25.260246
114.02846 25.254763
114.11813 25.312195
114.15542 25.316029
114.21999 25.278435
114.27712 25.277002
114.3008 25.292791
114.29907 25.332993
114.35061 25.329586
114.38192 25.317654
114.39821 25.339787
114.42315 25.344973
114.42594 25.37314
114.44025 25.387051
114.47691 25.376356
114.49842 25.385048
114.5026 25.398726
114.52975 25.41853
114.55484 25.410376
114.56836 25.386881
114.58505 25.386492
114.5854 25.371794
114.60582 25.360069
114.6267 25.329279
114.67965 25.313786
114.69727 25.319328
114.73228 25.279917
114.73725 25.242842
114.69553 25.217232
114.69929 25.2075
114.67704 25.17292
114.71333 25.161026
114.7316 25.129366
114.70573 25.108881
114.66968 25.111359
114.66372 25.088779
114.64369 25.077553
114.58996 25.070791
114.57293 25.08473
114.55755 25.085548
114.52877 25.022869
114.51036 25.023293
114.49409 25.001173
114.46173 24.998924
114.39032 24.952095
114.3809 24.910994
114.39539 24.877853
114.32899 24.80702
114.34336 24.788349
114.33113 24.754192
114.28488 24.728569
114.26964 24.703651
114.17381 24.676746
114.17725 24.663364
114.18705 24.652607
114.22918 24.646908
114.27474 24.628273
114.30323 24.572586
114.34139 24.589199
114.37263 24.565882
114.39777 24.525309
114.3981 24.500059
114.42616 24.487041
114.52753 24.554033
114.55139 24.535351
114.56939 24.540667
114.58733 24.534967
114.60133 24.558962
114.65369 24.578138
114.66492 24.575344
114.68016 24.537109
114.70458 24.529861
114.71071 24.550137
114.73254 24.565895
114.72502 24.609224
114.78714 24.608608
114.79874 24.600973
114.8232 24.58659
114.83958 24.587553
114.86491 24.560516
114.88442 24.581821
114.9058 24.662975
114.92898 24.663525
114.93913 24.650177
114.9827 24.674974
115.01556 24.67135
115.03675 24.696493
115.06044 24.70504
115.08332 24.681013
115.09431 24.685766
115.10705 24.667517
115.116 24.679668
115.15101 24.680088
115.16156 24.687141
115.15936 24.696384
115.17798 24.696327
115.1838 24.70466
115.21117 24.725016
115.25216 24.730524
115.28629 24.756641
115.35347 24.739799
115.36476 24.774591
115.37771 24.770313
115.41084 24.780825
115.46642 24.764267
115.54506 24.68203
115.55527 24.644535
115.57247 24.619452
115.62135 24.621168
115.67007 24.598541
115.70903 24.544069
115.7216 24.537247
115.73283 24.541712
115.77604 24.560312
115.83157 24.565416
115.83516 24.573566
115.82703 24.597702
115.79756 24.616323
115.7622 24.665428
115.77658 24.68609
115.79782 24.688396
115.78979 24.702198
115.76771 24.710707
115.75169 24.746338
115.76171 24.797672
115.78276 24.827303
115.78159 24.849152
115.79965 24.860054
115.79951 24.882326
115.8119 24.902821
115.84228 24.899088
115.8642 24.872667
115.88884 24.870947
115.89568 24.878071
115.8744 24.90769
115.87075 24.930536
115.87727 24.935835
115.9269 24.921358
115.97313 24.922815
115.98659 24.89987
116.02613 24.898319
116.0464 24.857231
116.08569 24.856131
116.13918 24.844662
116.19223 24.865101
116.21189 24.852707
116.21861 24.826757
116.24606 24.826027
116.22717 24.802582
116.23911 24.792749
116.3038 24.802635
116.32224 24.826777
116.34055 24.830486
116.34813 24.866032
116.38504 24.87389
116.3949 24.851263
116.41285 24.84074
116.36874 24.817995
116.3708 24.801619
116.38883 24.798674
116.40263 24.774294
116.41707 24.770098
116.40957 24.754066
116.41473 24.739645
116.45667 24.713778
116.48509 24.712734
116.49194 24.702381
116.50969 24.654196
116.50639 24.614136
116.52923 24.606861
116.5441 24.612967
116.59433 24.649662
116.63311 24.644295
116.65476 24.655415
116.72196 24.665703
116.7521 24.658569
116.76997 24.674639
116.79304 24.677876
116.80933 24.644173
116.79018 24.63298
116.77232 24.584536
116.75097 24.558498
116.75189 24.545834
116.7888 24.501232
116.82679 24.49102
116.84347 24.476816
116.85299 24.454857
116.83786 24.453846
116.83678 24.430927
116.89721 24.375265
116.90677 24.365011
116.89551 24.350077
116.91129 24.317532
116.90631 24.308084
116.92767 24.271643
116.93019 24.224703
116.98443 24.189226
116.98414 24.167654
116.92851 24.121452
116.9199 24.088047
116.92862 24.055555
116.94318 24.056118
116.93936 24.028721
116.95451 24.004923
116.97567 24.000256
116.96444 23.904438
116.98636 23.857397
117.01509 23.839066
117.01673 23.800522
117.03866 23.772036
117.04617 23.703323
117.12708 23.652069
117.18108 23.637665
117.18981 23.621586
117.18053 23.618441
117.1656 23.609976
117.15921 23.607038
117.14558 23.597002
117.12975 23.578632
117.12534 23.56909
117.12316 23.566961
117.11736 23.568861
117.10814 23.568823
117.09702 23.565746
117.09115 23.56259
117.08824 23.552858
117.08788 23.548716
117.08463 23.54908
117.08008 23.558134
117.08096 23.561604
117.08459 23.564695
117.08619 23.569105
117.08575 23.574835
117.08407 23.580069
117.08427 23.588572
117.08258 23.594494
117.07819 23.598728
117.076 23.604406
117.07391 23.61445
117.07155 23.618055
117.05472 23.621469
117.04473 23.621866
117.03619 23.623453
117.03118 23.623169
117.02929 23.621183
117.02366 23.618032
117.01773 23.616478
117.00985 23.613491
117.0041 23.613781
116.99536 23.62133
116.99128 23.623964
116.98914 23.628036
116.98656 23.629658
116.97921 23.619703
116.97483 23.616587
116.96967 23.614138
116.96326 23.612108
116.96159 23.609991
116.96377 23.604774
116.97016 23.600142
116.97389 23.600483
116.97182 23.58136
116.96709 23.580988
116.96418 23.571486
116.9629 23.565475
116.96265 23.558119
116.96379 23.554249
116.96762 23.551607
116.97099 23.554922
116.97327 23.560963
116.97679 23.567497
116.98354 23.559889
116.98734 23.558165
117.00569 23.568125
117.01003 23.572617
117.01295 23.574308
117.01426 23.565392
117.01735 23.562498
117.01869 23.55978
117.01806 23.556547
117.01385 23.555504
117.00971 23.552855
117.00539 23.547905
117.00144 23.546869
116.99876 23.545181
116.99399 23.531719
116.9931 23.514467
116.99151 23.509827
116.98138 23.511446
116.96893 23.513979
116.96085 23.517183
116.95268 23.515562
116.94521 23.515339
116.94218 23.516396
116.93899 23.529392
116.93496 23.537539
116.94589 23.538555
116.95214 23.538054
116.95862 23.538246
116.96332 23.539307
116.96687 23.544172
116.96497 23.547731
116.95686 23.545546
116.9499 23.545107
116.9454 23.545431
116.94187 23.546474
116.93264 23.539766
116.92585 23.541399
116.91589 23.55534
116.9101 23.55652
116.89429 23.559742
116.88355 23.552885
116.88999 23.547209
116.89486 23.54368
116.89575 23.539576
116.89067 23.535286
116.88951 23.5326
116.88837 23.529934
116.88766 23.521645
116.88311 23.514959
116.87941 23.508303
116.87559 23.503822
116.87184 23.497049
116.86223 23.499399
116.864 23.481119
116.86469 23.474091
116.87476 23.470953
116.86901 23.459902
116.86316 23.460562
116.86054 23.462606
116.85554 23.463371
116.86478 23.45149
116.86372 23.438002
116.85323 23.42482
116.86204 23.422562
116.86433 23.421024
116.86179 23.415432
116.85072 23.418541
116.84975 23.424942
116.84278 23.42473
116.83535 23.423584
116.82933 23.417658
116.82275 23.41378
116.82181 23.405252
116.82024 23.400379
116.81905 23.392075
116.81744 23.385393
116.8078 23.379623
116.79897 23.382269
116.78091 23.365402
116.77244 23.358707
116.76802 23.356962
116.7627 23.357401
116.76221 23.356928
116.75411 23.34918
116.74354 23.345634
116.73752 23.346825
116.73305 23.348314
116.72231 23.352236
116.70775 23.350946
116.66073 23.349922
116.65838 23.352835
116.66064 23.359108
116.6619 23.365351
116.6609 23.376711
116.65829 23.378735
116.65696 23.370935
116.65629 23.362186
116.65497 23.35755
116.65356 23.355438
116.6504 23.35327
116.64444 23.35285
116.63748 23.354702
116.62029 23.359432
116.6142 23.362682
116.60382 23.373837
116.59969 23.377598
116.57574 23.388018
116.57007 23.390669
116.56528 23.393747
116.56292 23.395264
116.55544 23.401913
116.55143 23.413622
116.549 23.398455
116.54695 23.38567
116.56138 23.360298
116.57031 23.344505
116.57035 23.344496
116.58237 23.341677
116.58382 23.33621
116.58781 23.329449
116.59214 23.32683
116.59431 23.324671
116.5955 23.323492
116.59847 23.303831
116.60603 23.314642
116.6092 23.31658
116.61364 23.317642
116.63329 23.318039
116.64167 23.321672
116.64186 23.321756
116.64817 23.326094
116.65128 23.332333
116.65679 23.335325
116.66456 23.340626
116.67091 23.344042
116.67706 23.345844
116.68456 23.345163
116.68938 23.342787
116.69695 23.326487
116.70703 23.325115
116.71844 23.323946
116.72394 23.323429
116.72741 23.323769
116.73003 23.327065
116.7348 23.33939
116.75209 23.322701
116.76003 23.316517
116.75943 23.312592
116.75758 23.308628
116.76201 23.303253
116.7684 23.298628
116.77007 23.293627
116.77052 23.288128
116.77028 23.280998
116.76863 23.271528
116.77039 23.257341
116.77184 23.251873
116.77579 23.245792
116.77917 23.241762
116.78195 23.240471
116.79214 23.243607
116.80099 23.243586
116.80447 23.243923
116.81016 23.237667
116.80549 23.236145
116.79532 23.221588
116.79008 23.215223
116.78671 23.212133
116.7836 23.215483
116.77866 23.217735
116.7746 23.223085
116.76847 23.228107
116.75928 23.227821
116.75574 23.22909
116.75186 23.233334
116.74786 23.240789
116.74672 23.244659
116.7493 23.249104
116.75356 23.248089
116.75754 23.248211
116.75586 23.253443
116.74652 23.257057
116.73872 23.259342
116.73138 23.263018
116.72651 23.273661
116.72413 23.277491
116.7188 23.280312
116.70358 23.281441
116.70122 23.284813
116.69792 23.279655
116.69166 23.280836
116.6871 23.282761
116.68305 23.280287
116.68248 23.279938
116.68385 23.276686
116.69482 23.273453
116.69794 23.272533
116.70512 23.27322
116.7157 23.276539
116.71924 23.275042
116.72166 23.270063
116.72255 23.266186
116.72144 23.262476
116.72142 23.256273
116.72887 23.256506
116.73517 23.254406
116.73456 23.250711
116.72723 23.247265
116.71912 23.244255
116.71294 23.243372
116.70945 23.243492
116.70897 23.24317
116.68639 23.228064
116.67238 23.216595
116.66544 23.209253
116.66212 23.19812
116.66237 23.191465
116.65327 23.18865
116.64737 23.166637
116.62991 23.168379
116.63031 23.177582
116.624 23.179907
116.60794 23.183987
116.60616 23.18508
116.60561 23.199535
116.61536 23.204901
116.61809 23.218542
116.61615 23.223764
116.60982 23.226778
116.60269 23.231144
116.59425 23.237535
116.58807 23.236187
116.58369 23.233521
116.5797 23.234303
116.55672 23.229664
116.53455 23.230553
116.53131 23.229475
116.52903 23.227798
116.52582 23.225431
116.52809 23.223911
116.5397 23.225895
116.54691 23.22613
116.55341 23.22542
116.55871 23.222395
116.56689 23.224018
116.57302 23.226284
116.58267 23.227743
116.5969 23.226364
116.60546 23.223652
116.60927 23.221476
116.60986 23.212536
116.6092 23.209988
116.60681 23.207384
116.60029 23.195688
116.57541 23.182713
116.56641 23.177366
116.55896 23.170464
116.55496 23.164362
116.5443 23.137367
116.53491 23.125051
116.53375 23.12145
116.53329 23.113115
116.54283 23.103148
116.54545 23.100414
116.54691 23.094488
116.55027 23.091152
116.5551 23.088322
116.55494 23.086018
116.55022 23.079203
116.54551 23.059292
116.54777 23.052242
116.55137 23.048912
116.55386 23.048763
116.55246 23.033325
116.55717 23.027044
116.56071 23.025091
116.56741 23.018875
116.56113 23.014076
116.55746 23.012579
116.55221 23.013557
116.5496 23.010256
116.54741 23.002604
116.54472 23.001368
116.54008 23.005814
116.53477 23.008396
116.52847 23.005167
116.52522 22.998207
116.51361 22.983582
116.51804 22.984417
116.51788 22.982342
116.5156 22.976753
116.51575 22.973082
116.51296 22.967937
116.50746 22.962242
116.50632 22.959679
116.50645 22.956236
116.50356 22.954073
116.50492 22.950901
116.50568 22.944033
116.50205 22.941387
116.48415 22.935516
116.47688 22.944008
116.47251 22.947769
116.464 22.949558
116.45953 22.949869
116.45649 22.951378
116.45281 22.950108
116.44876 22.945608
116.44167 22.942844
116.43942 22.94323
116.42123 22.938721
116.41431 22.937801
116.40007 22.933651
116.39114 22.933353
116.38913 22.934204
116.38616 22.933874
116.38255 22.930996
116.3784 22.929251
116.37394 22.9291
116.36982 22.932867
116.36304 22.934938
116.35329 22.936678
116.3414 22.942251
116.33938 22.94511
116.33069 22.949472
116.32577 22.954592
116.32198 22.962505
116.31001 22.964849
116.30897 22.965052
116.30322 22.966686
116.29568 22.966379
116.29386 22.964079
116.27116 22.954344
116.26283 22.951302
116.25603 22.947622
116.24831 22.941843
116.23616 22.935452
116.22891 22.930378
116.22318 22.924665
116.20974 22.906969
116.19463 22.894037
116.18872 22.886709
116.16792 22.867144
116.16321 22.860775
116.15926 22.860178
116.15585 22.858681
116.15408 22.853334
116.14748 22.850805
116.13305 22.839731
116.12455 22.841272
116.12053 22.836535
116.11331 22.830996
116.10902 22.832684
116.10741 22.829639
116.10167 22.824381
116.09925 22.822918
116.09729 22.82239
116.09 22.82489
116.08675 22.825464
116.08363 22.840981
116.08023 22.845226
116.08003 22.850046
116.08057 22.85512
116.07823 22.86377
116.08096 22.86961
116.08585 22.871622
116.09476 22.878139
116.09879 22.882648
116.10096 22.884333
116.11649 22.892923
116.12773 22.897223
116.13397 22.896521
116.13554 22.896597
116.14017 22.896738
116.14445 22.901024
116.13454 22.906881
116.13187 22.905411
116.12586 22.900604
116.12003 22.897642
116.11269 22.90106
116.10917 22.902086
116.10446 22.90192
116.09972 22.902443
116.0906 22.906948
116.08823 22.910311
116.08069 22.918777
116.07613 22.920914
116.07314 22.920284
116.07275 22.920202
116.07597 22.912636
116.08043 22.906818
116.08284 22.902538
116.08692 22.899923
116.09248 22.897364
116.09256 22.895527
116.09119 22.892492
116.08492 22.885242
116.0771 22.879354
116.07269 22.871845
116.0703 22.869465
116.0652 22.866755
116.07239 22.861036
116.07474 22.852156
116.05799 22.855011
116.0543 22.85442
116.04089 22.848658
116.0323 22.846283
116.02721 22.843575
116.0116 22.837042
116.00311 22.838118
115.99373 22.837091
115.99107 22.835388
115.98153 22.826313
115.97239 22.819321
115.96911 22.814835
115.96267 22.808628
115.95907 22.80574
115.95374 22.80279
115.94779 22.802576
115.94984 22.807016
115.95507 22.812262
115.95846 22.814451
115.96671 22.824631
115.96925 22.829317
115.96873 22.835505
115.96236 22.833897
115.95877 22.834585
115.95663 22.822428
115.95506 22.818695
115.95245 22.815844
115.94177 22.809942
115.93878 22.810293
115.93188 22.809355
115.91588 22.800501
115.90597 22.794395
115.90108 22.792837
115.89658 22.793364
115.89501 22.795374
115.88815 22.799261
115.86603 22.788799
115.85923 22.785332
115.85392 22.781919
115.85108 22.778599
115.84321 22.771414
115.83373 22.760954
115.83139 22.757648
115.83221 22.75584
115.82732 22.754513
115.82351 22.744949
115.81699 22.746546
115.81631 22.739166
115.80856 22.746695
115.80785 22.751724
115.79974 22.755791
115.79684 22.75959
115.79688 22.764647
115.80077 22.766399
115.80331 22.77063
115.79929 22.777836
115.79664 22.78739
115.80213 22.798166
115.79301 22.808399
115.79506 22.818357
115.79497 22.820423
115.80048 22.819248
115.80596 22.818762
115.81148 22.811611
115.81445 22.811491
115.81796 22.816677
115.81832 22.819677
115.81106 22.821249
115.80955 22.827627
115.79922 22.825405
115.79446 22.826378
115.78879 22.82571
115.78244 22.829151
115.76387 22.845467
115.75604 22.848621
115.73456 22.851955
115.7194 22.852537
115.71149 22.851549
115.70232 22.851435
115.69913 22.850624
115.69677 22.853523
115.69769 22.860912
115.69738 22.868025
115.69617 22.873035
115.69347 22.877989
115.66998 22.881699
115.65929 22.881985
115.67421 22.886915
115.68053 22.889912
115.69109 22.898125
115.69264 22.902548
115.68138 22.898907
115.67763 22.903805
115.6747 22.898424
115.67416 22.893578
115.67053 22.891603
115.6619 22.890358
115.65333 22.887735
115.64699 22.885195
115.64179 22.884769
115.63937 22.883528
115.64443 22.881191
115.6441 22.877502
115.6394 22.877094
115.63426 22.875519
115.62443 22.869751
115.61675 22.868629
115.5905 22.849258
115.57182 22.834291
115.56483 22.829657
115.56053 22.825813
115.56191 22.822649
115.56231 22.819447
115.56499 22.814724
115.55543 22.802958
115.54995 22.796217
115.54382 22.794601
115.54038 22.782747
115.539 22.780396
115.53471 22.782068
115.51744 22.757957
115.5192 22.75182
115.51968 22.746552
115.5214 22.741562
115.52493 22.740089
115.53082 22.741467
115.53361 22.740196
115.53249 22.732107
115.53465 22.728054
115.5424 22.720999
115.54754 22.71706
115.55237 22.714489
115.55534 22.714375
115.56138 22.718054
115.56731 22.724028
115.57045 22.731504
115.56792 22.738071
115.56347 22.743418
115.55726 22.749153
115.55539 22.752298
115.55717 22.756735
115.56499 22.753819
115.56943 22.754448
115.57413 22.748884
115.57941 22.747477
115.58599 22.750029
115.59589 22.756153
115.60176 22.757757
115.60022 22.747816
115.60253 22.746065
115.60386 22.744047
115.60109 22.739346
115.59632 22.735025
115.58572 22.733929
115.58098 22.72892
115.57192 22.720758
115.56273 22.710062
115.55808 22.702988
115.55567 22.695999
115.55914 22.690388
115.57327 22.679211
115.5741 22.677402
115.57398 22.67441
115.57096 22.664412
115.57256 22.661715
115.56643 22.66033
115.56046 22.661018
115.55783 22.66988
115.55345 22.67362
115.54081 22.673592
115.53465 22.672663
115.53014 22.673868
115.52757 22.676065
115.5195 22.678972
115.51234 22.689266
115.50591 22.689016
115.49548 22.689531
115.48863 22.692942
115.48391 22.698734
115.47625 22.702469
115.4697 22.704176
115.45238 22.705317
115.43464 22.70278
115.4235 22.69154
115.40099 22.695938
115.38337 22.691105
115.37531 22.69906
115.36441 22.704372
115.36134 22.706551
115.35804 22.713543
115.34725 22.721621
115.34172 22.734041
115.33961 22.736715
115.34314 22.740992
115.34566 22.745232
115.34695 22.749649
115.34591 22.761559
115.34305 22.76972
115.34286 22.773849
115.3479 22.766697
115.35357 22.762094
115.36115 22.759178
115.37219 22.756168
115.39375 22.751276
115.40395 22.75053
115.40841 22.755991
115.41138 22.761625
115.43286 22.76362
115.43559 22.763498
115.42923 22.772671
115.42533 22.771137
115.42178 22.772837
115.42191 22.780888
115.42117 22.786144
115.41926 22.789976
115.41232 22.789932
115.40707 22.796162
115.40218 22.799877
115.39946 22.799768
115.39859 22.791691
115.39273 22.789619
115.38066 22.77696
115.37904 22.774368
115.37305 22.77528
115.3712 22.772449
115.37014 22.768499
115.36805 22.765429
115.3556 22.766542
115.35334 22.772429
115.35268 22.77585
115.34772 22.781399
115.33533 22.787802
115.32422 22.79183
115.29636 22.796541
115.27153 22.79283
115.26115 22.791952
115.25493 22.792391
115.25024 22.791971
115.23369 22.785095
115.2307 22.785435
115.23005 22.788626
115.23599 22.794155
115.2317 22.806162
115.23746 22.810534
115.2419 22.811172
115.25411 22.809826
115.26688 22.812639
115.2705 22.814854
115.27098 22.82062
115.26994 22.826784
115.29586 22.856325
115.30342 22.859158
115.3191 22.863691
115.32513 22.86738
115.3272 22.870911
115.32719 22.876656
115.32588 22.88327
115.32454 22.885513
115.31968 22.888538
115.31927 22.90259
115.31915 22.906412
115.3158 22.903641
115.31329 22.897936
115.31205 22.876511
115.31113 22.874865
115.29682 22.869127
115.2914 22.866949
115.28664 22.862621
115.28348 22.855829
115.28309 22.853516
115.28103 22.849754
115.27885 22.848518
115.27362 22.848997
115.27324 22.8458
115.27291 22.842993
115.2628 22.832705
115.26036 22.830076
115.25766 22.829508
115.24754 22.833694
115.23102 22.836706
115.22298 22.838907
115.21006 22.839071
115.20415 22.838144
115.19194 22.833969
115.18571 22.829117
115.18175 22.823898
115.18052 22.818333
115.17876 22.813435
115.17554 22.813532
115.17197 22.810169
115.17606 22.797234
115.17944 22.794153
115.18602 22.796492
115.18871 22.792233
115.19157 22.784075
115.17605 22.781832
115.17483 22.78661
115.16234 22.793684
115.15676 22.799204
115.15593 22.809254
115.1525 22.812819
115.1444 22.816166
115.13703 22.814484
115.12715 22.813618
115.12299 22.812527
115.11984 22.810789
115.10276 22.804798
115.09508 22.80471
115.08845 22.803288
115.07915 22.800604
115.07211 22.797323
115.06478 22.79495
115.05566 22.793882
115.05097 22.798285
115.05032 22.801706
115.05105 22.807022
115.05405 22.811745
115.04382 22.80764
115.03934 22.808144
115.03393 22.812286
115.03312 22.818687
115.02856 22.820099
115.02418 22.818775
115.01878 22.819986
115.02735 22.809713
115.02858 22.804708
115.03223 22.801182
115.03891 22.80146
115.04186 22.802042
115.04269 22.800238
115.04043 22.795776
115.03572 22.790524
115.03295 22.78627
115.03265 22.782122
115.03334 22.778242
115.02741 22.772478
115.03298 22.770182
115.04243 22.774942
115.04202 22.762741
115.04255 22.757017
115.03622 22.754684
115.03298 22.749723
115.02962 22.747284
115.02776 22.749964
115.02522 22.751238
115.02187 22.743513
115.01755 22.735516
115.01669 22.732721
115.02464 22.727308
115.03008 22.722477
115.03274 22.71891
115.03045 22.714907
115.0248 22.711178
115.023 22.709999
115.01888 22.707987
115.01426 22.706184
115.00422 22.703695
115.00053 22.703079
114.99606 22.703123
114.99154 22.699255
114.98753 22.69495
114.98248 22.691977
114.97656 22.691269
114.97375 22.692989
114.97251 22.697996
114.9696 22.70178
114.96149 22.700661
114.95326 22.705053
114.95287 22.709351
114.9566 22.714106
114.96159 22.718683
114.96046 22.721395
114.95435 22.724585
114.95342 22.728455
114.95447 22.737463
114.95172 22.742865
114.94444 22.749683
114.94332 22.757452
114.94501 22.763269
114.94463 22.766241
114.94228 22.773729
114.93893 22.776115
114.93871 22.770588
114.93921 22.765324
114.93773 22.760202
114.93659 22.758085
114.93422 22.755917
114.92558 22.755091
114.91673 22.753567
114.90903 22.753469
114.90832 22.747923
114.88764 22.769802
114.87067 22.767008
114.8681 22.76368
114.87356 22.756622
114.88082 22.747211
114.88704 22.741959
114.88544 22.739134
114.87601 22.734133
114.87369 22.731047
114.88377 22.727797
114.88728 22.724766
114.88726 22.722429
114.88909 22.720438
114.89137 22.719616
114.896 22.721193
114.90756 22.723063
114.90998 22.724316
114.91562 22.730532
114.92803 22.720255
114.93906 22.712904
114.94473 22.708317
114.9456 22.705824
114.94385 22.701265
114.95177 22.696201
114.95506 22.69496
114.96391 22.696484
114.96591 22.69105
114.96642 22.685783
114.96888 22.681061
114.96453 22.678579
114.9551 22.668755
114.94831 22.660654
114.94108 22.656439
114.93647 22.654406
114.93192 22.651224
114.92702 22.645039
114.92514 22.637833
114.91718 22.638414
114.91862 22.634338
114.91906 22.630449
114.91776 22.626715
114.90434 22.602236
114.90339 22.591391
114.90702 22.588097
114.90903 22.587494
114.90902 22.582664
114.91077 22.577452
114.91432 22.570477
114.91441 22.563583
114.91383 22.560339
114.9106 22.555605
114.89895 22.555799
114.89552 22.554962
114.89304 22.55003
114.89065 22.548319
114.88774 22.547045
114.88447 22.548054
114.88133 22.551369
114.88409 22.555855
114.88856 22.560644
114.88979 22.565754
114.88883 22.57008
114.89188 22.57366
114.88208 22.591402
114.87605 22.598042
114.87296 22.600668
114.86539 22.603104
114.85852 22.606947
114.85338 22.605577
114.84151 22.605068
114.83637 22.603928
114.82074 22.599348
114.81179 22.595053
114.80346 22.593086
114.80119 22.593906
114.7991 22.596115
114.79718 22.59971
114.78117 22.597868
114.77119 22.594448
114.76436 22.597141
114.75891 22.597134
114.75646 22.596567
114.75558 22.589403
114.74863 22.589561
114.74644 22.589005
114.74662 22.595221
114.74809 22.600342
114.74034 22.606672
114.73917 22.6103
114.74256 22.611826
114.74471 22.613529
114.74471 22.618357
114.74239 22.629982
114.74548 22.637472
114.74054 22.642086
114.73316 22.65073
114.73047 22.654982
114.72903 22.659056
114.73164 22.666067
114.74109 22.680271
114.74644 22.687172
114.7496 22.693516
114.74915 22.697405
114.74303 22.700817
114.74082 22.705318
114.73816 22.708881
114.73864 22.71419
114.73872 22.7194
114.73872 22.727297
114.74073 22.731752
114.74294 22.738863
114.74889 22.747049
114.75264 22.74894
114.75177 22.753841
114.76944 22.762424
114.77545 22.761305
114.77982 22.764006
114.78352 22.768551
114.7854 22.770702
114.79236 22.77537
114.79401 22.77705
114.79601 22.776678
114.80161 22.77393
114.80506 22.774309
114.81872 22.784092
114.82178 22.787212
114.82359 22.790968
114.82344 22.79372
114.81844 22.799482
114.80803 22.804321
114.80546 22.806049
114.80869 22.811016
114.80989 22.814787
114.8035 22.815392
114.79872 22.816793
114.79709 22.819712
114.79789 22.828482
114.78866 22.829462
114.78387 22.835922
114.77945 22.839869
114.77435 22.842407
114.76985 22.843132
114.7785 22.834082
114.78171 22.829391
114.77628 22.828697
114.77346 22.830645
114.76951 22.830244
114.77004 22.827778
114.77048 22.825689
114.77655 22.813536
114.77808 22.802799
114.77547 22.800388
114.77127 22.795149
114.77048 22.790977
114.76004 22.786615
114.75235 22.781685
114.74727 22.779163
114.7431 22.778294
114.7388 22.779716
114.73395 22.782494
114.72414 22.785055
114.7254 22.789707
114.72471 22.793585
114.71899 22.793795
114.71558 22.793295
114.71455 22.793142
114.71049 22.790205
114.70818 22.791714
114.70261 22.79377
114.68908 22.795048
114.68487 22.791386
114.68917 22.784906
114.68855 22.782579
114.67084 22.774677
114.66759 22.774994
114.664 22.777365
114.65462 22.771664
114.647 22.77018
114.6431 22.768858
114.64142 22.767864
114.63924 22.76202
114.63556 22.761169
114.63271 22.758745
114.62337 22.756952
114.623 22.759235
114.61893 22.761354
114.6171 22.758284
114.60988 22.754057
114.59862 22.751028
114.58941 22.746941
114.58507 22.74445
114.57873 22.744377
114.57727 22.741804
114.56599 22.744061
114.56178 22.743872
114.56496 22.739876
114.56459 22.73756
114.55963 22.73274
114.54111 22.735823
114.53203 22.741783
114.52241 22.737974
114.52575 22.735596
114.52201 22.731289
114.53638 22.731472
114.54175 22.728495
114.55319 22.718199
114.55721 22.71723
114.56507 22.718729
114.5652 22.716206
114.56247 22.711487
114.56953 22.709272
114.56815 22.707142
114.56731 22.704115
114.56522 22.701263
114.55865 22.70373
114.54871 22.709032
114.54085 22.71236
114.54109 22.717199
114.51943 22.709332
114.51881 22.707005
114.52074 22.703184
114.52657 22.700686
114.53655 22.699522
114.54209 22.697931
114.54413 22.696875
114.54304 22.694065
114.53372 22.687212
114.52439 22.685413
114.52025 22.684078
114.51278 22.684662
114.50892 22.68265
114.50965 22.678083
114.50905 22.675299
114.50668 22.671101
114.50201 22.662798
114.49422 22.650721
114.49612 22.647587
114.5019 22.646008
114.50613 22.645739
114.51095 22.653082
114.51378 22.65114
114.51742 22.652683
114.52388 22.65711
114.52853 22.658239
114.53462 22.655523
114.54385 22.654327
114.55427 22.654333
114.56174 22.656311
114.56913 22.658392
114.57356 22.659792
114.57899 22.660494
114.58698 22.659239
114.59119 22.659197
114.59026 22.653408
114.58683 22.647738
114.58649 22.644733
114.58492 22.641445
114.58124 22.635992
114.58043 22.62768
114.57639 22.619453
114.56406 22.613617
114.557 22.611002
114.54426 22.603535
114.54037 22.60198
114.53582 22.599018
114.52625 22.59721
114.51923 22.598734
114.51418 22.600576
114.50969 22.601065
114.50602 22.595381
114.50356 22.590443
114.50229 22.586246
114.50111 22.570789
114.49213 22.571995
114.48954 22.569349
114.49352 22.564468
114.49895 22.559885
114.50568 22.549612
114.50745 22.548773
114.51538 22.548899
114.52013 22.562218
114.52075 22.569374
114.52232 22.572662
114.5253 22.572565
114.52856 22.571564
114.53276 22.571981
114.53706 22.574934
114.53982 22.574368
114.54547 22.57048
114.55794 22.559313
114.56298 22.55287
114.56862 22.549213
114.57264 22.548012
114.58112 22.54701
114.58995 22.543726
114.59342 22.54365
114.60292 22.546831
114.60451 22.544832
114.60512 22.542561
114.6041 22.538376
114.60585 22.533165
114.61813 22.520836
114.62208 22.516182
114.62424 22.5126
114.61349 22.504993
114.60905 22.499741
114.59743 22.499453
114.58849 22.495148
114.58179 22.49531
114.57713 22.49464
114.5777 22.493767
114.58035 22.489727
114.57719 22.488667
114.57128 22.487942
114.56108 22.484039
114.55438 22.479601
114.55113 22.480146
114.54696 22.484327
114.54195 22.485252
114.53857 22.483721
114.52486 22.471149
114.52821 22.468542
114.53058 22.465889
114.52695 22.464346
114.5218 22.458597
114.51797 22.451298
114.51073 22.452353
114.49835 22.452484
114.49483 22.453705
114.49233 22.464636
114.48901 22.4676
114.48578 22.470539
114.48164 22.474318
114.48122 22.482061
114.48222 22.491302
114.48226 22.500042
114.47935 22.50359
114.47767 22.512022
114.47865 22.519821
114.4818 22.529936
114.48215 22.535709
114.47746 22.544432
114.47653 22.548069
114.46683 22.553608
114.46098 22.56139
114.45822 22.566553
114.45422 22.572121
114.45046 22.57287
114.44228 22.572958
114.43453 22.574217
114.43306 22.578749
114.4347 22.58526
114.42645 22.596151
114.41722 22.606541
114.41025 22.612778
114.39933 22.612162
114.39487 22.617016
114.39108 22.618223
114.38699 22.615967
114.37571 22.613613
114.37152 22.61319
114.36921 22.614695
114.35869 22.607544
114.35515 22.604162
114.34566 22.600967
114.33878 22.597639
114.33672 22.596647
114.3342 22.597452
114.33118 22.602831
114.32331 22.608448
114.32188 22.605391
114.32069 22.599819
114.31626 22.599155
114.31201 22.599878
114.30806 22.599695
114.30589 22.598677
114.30561 22.594524
114.30364 22.589603
114.30099 22.588102
114.29015 22.586912
114.28065 22.588541
114.26556 22.58946
114.26395 22.585926
114.25999 22.581142
114.25601 22.57222
114.24712 22.562609
114.23468 22.554213
114.2259 22.544956
114.22589 22.544992
114.22569 22.54599
114.2269 22.5478
114.2269 22.548
114.22762 22.548483
114.22696 22.548971
114.22646 22.549061
114.22612 22.549107
114.22577 22.549252
114.2254 22.549549
114.22508 22.550083
114.22454 22.550562
114.22444 22.550797
114.22398 22.551157
114.22338 22.551374
114.22254 22.551737
114.2218 22.552269
114.22119 22.552731
114.22025 22.553425
114.21951 22.55423
114.21867 22.555567
114.21841 22.556208
114.21819 22.556416
114.21782 22.556505
114.21759 22.556442
114.21745 22.555937
114.21719 22.555801
114.21675 22.555567
114.21616 22.555414
114.21546 22.555296
114.21492 22.555279
114.2144 22.555325
114.21386 22.555424
114.21319 22.555559
114.2124 22.555748
114.21173 22.556021
114.21104 22.556328
114.21035 22.55649
114.20949 22.556652
114.20835 22.556698
114.20756 22.556681
114.2067 22.556499
114.20602 22.556591
114.20541 22.556599
114.20472 22.556601
114.20363 22.556673
114.20301 22.556627
114.20222 22.5567
114.20165 22.556971
114.20111 22.557413
114.20079 22.557756
114.20047 22.557756
114.20017 22.557667
114.19975 22.55744
114.19923 22.557278
114.1983 22.557098
114.19765 22.557152
114.19735 22.557152
114.19693 22.557108
114.19646 22.557016
114.19621 22.556782
114.19595 22.556557
114.19552 22.556168
114.19522 22.55587
114.1949 22.555807
114.19436 22.555853
114.19396 22.555988
114.19352 22.556177
114.19283 22.556133
114.19241 22.555952
114.19209 22.555744
114.19164 22.555519
114.19119 22.555265
114.19038 22.554995
114.19006 22.554968
114.18948 22.555222
114.18907 22.555546
114.18858 22.5555
114.18818 22.555483
114.18756 22.555437
114.18662 22.555466
114.18588 22.555466
114.18519 22.555555
114.18459 22.5557
114.18385 22.555773
114.18311 22.5557
114.1824 22.555357
114.18182 22.55504
114.18128 22.55477
114.18093 22.55477
114.18031 22.554888
114.17987 22.55505
114.17931 22.555393
114.17879 22.555763
114.17844 22.556107
114.17812 22.556684
114.17786 22.557625
114.17771 22.558653
114.17717 22.5599
114.17677 22.560379
114.17635 22.560478
114.17587 22.560524
114.17522 22.560415
114.17428 22.560181
114.17374 22.560118
114.17287 22.560072
114.17205 22.560055
114.17171 22.560217
114.17131 22.560352
114.17077 22.560722
114.17008 22.561274
114.16919 22.561598
114.16853 22.561508
114.16805 22.561399
114.16759 22.561102
114.16702 22.560478
114.16669 22.560181
114.1661 22.559639
114.16547 22.559296
114.16503 22.559223
114.16429 22.559322
114.16385 22.559458
114.16321 22.560171
114.16264 22.561346
114.1623 22.561941
114.16198 22.56233
114.16158 22.562447
114.16126 22.562338
114.16084 22.562014
114.16024 22.561327
114.1597 22.560551
114.15898 22.559702
114.15808 22.558718
114.15734 22.557299
114.15662 22.556198
114.15622 22.555511
114.1559 22.555231
114.1554 22.555122
114.15484 22.555079
114.15449 22.555168
114.15392 22.555168
114.15338 22.555285
114.15301 22.555241
114.15273 22.555105
114.15251 22.554878
114.15244 22.554373
114.15234 22.553642
114.15231 22.552929
114.15225 22.552214
114.15199 22.551754
114.15154 22.551365
114.15067 22.550615
114.15027 22.550066
114.14997 22.549145
114.15005 22.548323
114.15031 22.547745
114.15063 22.547672
114.15086 22.548088
114.15118 22.548567
114.15167 22.548656
114.15195 22.548386
114.15219 22.548061
114.15234 22.547573
114.15221 22.546913
114.15192 22.546589
114.1514 22.546272
114.1509 22.545992
114.14996 22.545334
114.14939 22.544872
114.14892 22.544275
114.1488 22.543978
114.14884 22.543526
114.14904 22.542967
114.14913 22.542442
114.14893 22.542191
114.14827 22.542055
114.14728 22.541756
114.14503 22.541349
114.14407 22.541241
114.14382 22.541449
114.14372 22.541719
114.14348 22.542162
114.1433 22.542324
114.14229 22.542488
114.14143 22.542767
114.14069 22.543182
114.14022 22.54348
114.1396 22.543806
114.13889 22.543922
114.13821 22.54394
114.13775 22.543877
114.13705 22.543715
114.13646 22.543282
114.13602 22.542938
114.13503 22.542368
114.13463 22.542206
114.13421 22.542025
114.13364 22.541981
114.13292 22.542097
114.13191 22.542404
114.13122 22.542421
114.1307 22.542404
114.12984 22.542088
114.12931 22.541807
114.12875 22.541239
114.12815 22.540552
114.1275 22.539984
114.12674 22.539793
114.12624 22.5401
114.126 22.540579
114.12556 22.541084
114.12528 22.541065
114.12514 22.540857
114.12484 22.54047
114.12437 22.540009
114.12382 22.539621
114.12305 22.539322
114.12177 22.538889
114.12147 22.538572
114.12154 22.538157
114.12179 22.537634
114.12203 22.536964
114.12218 22.536505
114.12208 22.536386
114.12179 22.536343
114.12146 22.536369
114.12127 22.536442
114.1208 22.536694
114.12008 22.536667
114.11986 22.536575
114.11978 22.53644
114.11988 22.536116
114.12016 22.535683
114.12028 22.535357
114.12 22.535158
114.11943 22.535158
114.11891 22.535204
114.11825 22.535366
114.11755 22.535509
114.11699 22.535465
114.11642 22.535229
114.11597 22.534643
114.11558 22.533857
114.11555 22.533243
114.11527 22.532068
114.11492 22.531445
114.11423 22.530903
114.11334 22.530306
114.11247 22.530035
114.11176 22.530197
114.11089 22.530405
114.11005 22.531092
114.10963 22.531488
114.10939 22.532156
114.1093 22.532915
114.1093 22.533945
114.10933 22.535091
114.10911 22.535715
114.10883 22.535923
114.10839 22.535788
114.10789 22.535461
114.10744 22.535118
114.1069 22.534847
114.10638 22.534828
114.10577 22.535009
114.10525 22.535053
114.10487 22.534811
114.10471 22.534575
114.10443 22.534025
114.10403 22.533039
114.10368 22.532516
114.10326 22.532173
114.10277 22.532127
114.10245 22.532335
114.10233 22.532633
114.10238 22.532887
114.10245 22.533363
114.1025 22.533779
114.10265 22.534393
114.10278 22.534927
114.10283 22.535198
114.10261 22.535406
114.10239 22.535387
114.10216 22.535341
114.10164 22.535162
114.10092 22.535025
114.10023 22.534889
114.09959 22.534727
114.09882 22.534546
114.09791 22.534527
114.09695 22.534599
114.09588 22.534851
114.09537 22.535294
114.09431 22.536097
114.09344 22.536991
114.09299 22.537388
114.09253 22.537613
114.09189 22.537775
114.09129 22.537758
114.09068 22.537666
114.09 22.537395
114.08956 22.537098
114.08887 22.536709
114.08815 22.536068
114.08741 22.53529
114.08681 22.534369
114.08646 22.533772
114.08589 22.532995
114.0853 22.532606
114.08436 22.532354
114.08308 22.532244
114.08211 22.532181
114.08127 22.531973
114.08067 22.531765
114.07999 22.531267
114.07941 22.530626
114.07904 22.530003
114.07906 22.529289
114.07941 22.528215
114.08002 22.527754
114.08086 22.527222
114.08215 22.526762
114.08358 22.52614
114.08459 22.525581
114.08491 22.524958
114.08501 22.524019
114.08488 22.523079
114.08472 22.522005
114.08438 22.520876
114.08379 22.520008
114.08272 22.518906
114.08192 22.518084
114.08059 22.516964
114.07945 22.516321
114.07846 22.515951
114.07769 22.515869
114.07693 22.515869
114.07639 22.516003
114.07584 22.516256
114.07513 22.516626
114.07449 22.517113
114.07387 22.517601
114.07333 22.517809
114.07224 22.517853
114.0714 22.517834
114.07038 22.517742
114.06952 22.517725
114.06844 22.517633
114.06742 22.517469
114.06651 22.517225
114.06497 22.516657
114.06396 22.516239
114.06294 22.515652
114.06205 22.515011
114.06116 22.514278
114.06026 22.513447
114.05955 22.51285
114.05881 22.512011
114.05846 22.511269
114.05804 22.510033
114.05769 22.509119
114.05734 22.508062
114.05733 22.507484
114.05741 22.506384
114.05714 22.505516
114.05684 22.504776
114.05641 22.504278
114.05567 22.503799
114.05495 22.503311
114.05404 22.502768
114.0531 22.50256
114.05216 22.502333
114.05115 22.502125
114.05003 22.502178
114.04905 22.502295
114.04833 22.502384
114.04752 22.502665
114.04655 22.503078
114.04566 22.503241
114.04424 22.50371
114.04302 22.504143
114.04194 22.504421
114.04102 22.504475
114.04011 22.504429
114.03949 22.504433
114.0453 22.507935
114.0398 22.512352
114.04216 22.518904
114.03739 22.520056
114.02821 22.520308
114.0174 22.527836
114.01411 22.529058
114.00859 22.530174
114 22.530252
113.99431 22.527672
113.98066 22.532995
113.96878 22.533426
113.95551 22.530224
113.9388 22.533356
113.93402 22.531918
113.93108 22.526735
113.92798 22.511898
113.92843 22.504984
113.93134 22.497749
113.93787 22.488087
113.93693 22.483292
113.92673 22.488258
113.91756 22.487896
113.9128 22.480938
113.90947 22.478298
113.89191 22.466969
113.8884 22.466173
113.88679 22.46899
113.88621 22.472919
113.88712 22.476797
113.8857 22.478687
113.87218 22.475258
113.87051 22.476698
113.86994 22.480856
113.8718 22.48378
113.87032 22.49579
113.87215 22.498255
113.87801 22.499935
113.8871 22.500252
113.89195 22.503757
113.89511 22.508015
113.89484 22.513313
113.90462 22.516413
113.91151 22.526976
113.91273 22.53245
113.91182 22.534323
113.90424 22.536663
113.90019 22.540718
113.89398 22.552206
113.89355 22.552662
113.88805 22.558397
113.87714 22.558554
113.87249 22.55987
113.86942 22.563427
113.86714 22.562136
113.86271 22.556997
113.85777 22.56361
113.85748 22.568449
113.85349 22.57365
113.84075 22.5833
113.83456 22.589497
113.8329 22.597372
113.82034 22.61713
113.81649 22.626234
113.81155 22.632616
113.80653 22.643368
113.79281 22.659256
113.78618 22.673054
113.78143 22.678049
113.77918 22.683874
113.77804 22.692192
113.7753 22.698036
113.7764 22.700527
113.77561 22.705614
113.77084 22.716356
113.77255 22.721815
113.77262 22.729401
113.76781 22.739225
113.76775 22.739544
113.7672 22.742695
113.77268 22.749172
113.77045 22.753592
113.74822 22.757841
113.73779 22.763721
113.73077 22.762125
113.72737 22.763853
113.72048 22.771448
113.71735 22.767647
113.71267 22.756311
113.70956 22.753201
113.70456 22.752222
113.69814 22.753134
113.69112 22.751307
113.67343 22.743406
113.66999 22.744215
113.66562 22.746662
113.66367 22.753628
113.66012 22.757887
113.65879 22.762072
113.66605 22.775846
113.66615 22.78458
113.66214 22.790119
113.66024 22.789352
113.65145 22.785809
113.6433 22.792984
113.63548 22.794239
113.62681 22.788605
113.61411 22.780354
113.60215 22.772449
113.61019 22.769472
113.61588 22.76882
113.61853 22.766891
113.61958 22.762257
113.61583 22.755257
113.61662 22.750172
113.61528 22.747688
113.61193 22.744583
113.60688 22.742455
113.57814 22.737217
113.57132 22.740437
113.56674 22.744038
113.55455 22.755714
113.54176 22.76511
113.52869 22.779572
113.52525 22.781208
113.51478 22.768177
113.51247 22.766743
113.50859 22.766336
113.49509 22.764595
113.48042 22.764162
113.47716 22.763121
113.47057 22.75943
113.46 22.749432
113.44733 22.742722
113.43874 22.74115
113.43768 22.737898
113.43602 22.732866
113.44189 22.730255
113.45504 22.718708
113.46917 22.710962
113.48525 22.697098
113.4937 22.691069
113.49541 22.684114
113.52699 22.654552
113.53191 22.647032
113.53411 22.640059
113.53352 22.63755
113.53629 22.63217
113.54726 22.621454
113.54736 22.62042
113.5481 22.611755
113.55113 22.60638
113.55518 22.602104
113.5644 22.596968
113.56253 22.59358
113.54877 22.584404
113.54639 22.581097
113.55466 22.577486
113.56531 22.569805
113.56961 22.56575
113.57204 22.558311
113.5666 22.546078
113.56765 22.535006
113.5658 22.532045
113.56369 22.528931
113.5636 22.526634
113.57234 22.522202
113.57544 22.519108
113.57701 22.508707
113.5723 22.495991
113.55957 22.481014
113.55815 22.476463
113.56084 22.469475
113.55913 22.463552
113.55657 22.461571
113.55469 22.457724
113.55296 22.451574
113.54922 22.444572
113.54156 22.43885
113.5419 22.426271
113.54196 22.423891
113.53993 22.41637
113.53273 22.403046
113.53895 22.396032
113.53999 22.392685
113.54288 22.39052
113.54414 22.384958
113.54797 22.38138
113.55779 22.37944
113.56457 22.381741
113.56688 22.383963
113.57804 22.372089
113.58317 22.370306
113.5967 22.368238
113.60542 22.369553
113.61476 22.374292
113.61717 22.378811
113.61946 22.380342
113.62259 22.378166
113.6249 22.373949
113.62377 22.370539
113.61571 22.360695
113.61034 22.356279
113.60379 22.353512
113.60073 22.357525
113.59068 22.34108
113.59833 22.328173
113.59886 22.322866
113.60097 22.319805
113.60538 22.318737
113.60303 22.315598
113.59978 22.314787
113.5862 22.315477
113.57786 22.304953
113.57117 22.29207
113.56979 22.288439
113.58231 22.260881
113.58846 22.260214
113.59014 22.259007
113.5872 22.253586
113.58958 22.250977
113.5904 22.246809
113.5887 22.24135
113.58662 22.23889
113.57932 22.235456
113.56434 22.231825
113.559 22.228096
113.5514 22.217085
113.55077 22.213655
113.5541 22.210325
113.55615 22.206116
113.55985 22.205761
113.56443 22.202848
113.56482 22.200075
113.56242 22.195787
113.5583 22.191557
113.53908 22.180477
113.5312 22.174763
113.5285 22.175543
113.53185 22.185318
113.53964 22.194715
113.53909 22.199562
113.54134 22.206615
113.53447 22.214203
113.52124 22.236261
113.51692 22.239626
113.51347 22.23974
113.50747 22.238102
113.50163 22.234388
113.4941 22.231421
113.48069 22.230026
113.4818 22.22677
113.48498 22.225744
113.49545 22.227924
113.50503 22.232664
113.5147 22.233492
113.52063 22.220646
113.53236 22.204617
113.53235 22.197948
113.53037 22.191576
113.5256 22.183228
113.52592 22.179079
113.52377 22.174551
113.51096 22.175669
113.50624 22.168699
113.4958 22.173645
113.47999 22.173714
113.47169 22.17008
113.46407 22.164583
113.45962 22.164501
113.45646 22.165985
113.45989 22.171619
113.45889 22.174955
113.44943 22.176105
113.43974 22.174816
113.4341 22.175692
113.42567 22.181488
113.4228 22.19055
113.42323 22.195133
113.42339 22.195499
113.42758 22.205568
113.42435 22.215801
113.42334 22.217436
113.41848 22.213226
113.41513 22.212847
113.41026 22.211426
113.40755 22.211975
113.40099 22.224365
113.39171 22.223734
113.3812 22.222996
113.38092 22.220203
113.38438 22.206984
113.38999 22.200338
113.3915 22.186516
113.38942 22.183825
113.38263 22.180828
113.37868 22.180956
113.37358 22.183193
113.37133 22.182575
113.37044 22.172028
113.36808 22.169874
113.36973 22.166533
113.36768 22.16453
113.36207 22.153446
113.35529 22.144009
113.35418 22.141054
113.35444 22.134838
113.35101 22.135639
113.34824 22.134348
113.34567 22.130022
113.33321 22.109081
113.32154 22.081408
113.31372 22.070391
113.30976 22.063622
113.30327 22.06176
113.29599 22.045439
113.29138 22.041218
113.28434 22.037764
113.2799 22.037907
113.27475 22.044998
113.26529 22.050325
113.26003 22.047741
113.24815 22.047199
113.24509 22.044537
113.24341 22.039303
113.24408 22.037441
113.25913 22.037191
113.26082 22.035988
113.25874 22.033066
113.25316 22.029104
113.25205 22.025921
113.24856 22.024881
113.24313 22.025055
113.24184 22.023487
113.24475 22.015575
113.24718 22.014349
113.25214 22.01511
113.25433 22.01412
113.25119 22.002724
113.24743 22.001234
113.23534 22.001389
113.22946 22.002726
113.2245 22.001963
113.22295 22.000172
113.2233 21.996252
113.22215 21.99192
113.2093 21.991638
113.20766 21.987091
113.20168 21.985441
113.19988 21.983658
113.20381 21.976404
113.20532 21.970608
113.20454 21.962585
113.20189 21.95784
113.19859 21.955185
113.1851 21.957451
113.182 21.960537
113.18094 21.96517
113.18932 21.984909
113.18978 21.990873
113.18591 21.999733
113.186 22.002029
113.18958 22.005596
113.19042 22.008327
113.18869 22.028387
113.19011 22.033401
113.19344 22.036747
113.20567 22.040268
113.20699 22.042755
113.20748 22.055847
113.2076 22.056393
113.20895 22.062239
113.20851 22.07053
113.20762 22.073088
113.20593 22.074291
113.202 22.074646
113.19818 22.064878
113.19253 22.058849
113.18703 22.057182
113.16941 22.054747
113.16448 22.05513
113.15676 22.059971
113.13927 22.068106
113.11897 22.073336
113.11295 22.077662
113.11104 22.07933
113.11633 22.089283
113.12057 22.104095
113.12563 22.114056
113.13245 22.131779
113.13358 22.149218
113.12219 22.169117
113.12184 22.179705
113.12386 22.187689
113.11365 22.187607
113.1127 22.193554
113.11198 22.198336
113.10457 22.197281
113.09007 22.195215
113.07809 22.193472
113.05489 22.173492
113.04372 22.158428
113.02575 22.139433
113.0182 22.135525
113.01414 22.131041
113.00868 22.125008
113.00611 22.108301
113.00146 22.095795
113.00111 22.092588
112.99877 22.089439
112.99645 22.08675
112.99426 22.080608
112.9943 22.067732
112.99422 22.065664
112.99844 22.059101
112.99992 22.038132
113.00182 22.036003
113.00895 22.035099
113.01382 22.033112
113.01466 22.028948
113.01472 22.023886
113.01263 22.020731
113.00223 22.019667
113.00043 22.017883
112.99953 22.013311
113.00095 22.011658
113.00193 22.004272
113.00082 21.993958
113.0048 21.98786
113.01134 21.984211
113.01484 21.978586
113.0163 21.971184
113.01614 21.964365
113.02694 21.963745
113.03471 21.954298
113.03458 21.950853
113.03088 21.943838
113.02023 21.935656
113.01886 21.932018
113.01315 21.931042
113.00854 21.933022
113.00555 21.932423
113.00265 21.926992
112.99367 21.917149
112.98222 21.907608
112.98064 21.904438
112.98322 21.900909
112.9911 21.90044
112.98333 21.882973
112.97532 21.879536
112.96892 21.879959
112.96153 21.873283
112.95991 21.869194
112.95683 21.865608
112.9459 21.863407
112.94122 21.863548
112.93735 21.865732
112.93293 21.866325
112.92814 21.863251
112.91964 21.860054
112.92638 21.848356
112.9239 21.847742
112.92025 21.84923
112.90556 21.84507
112.90191 21.846329
112.89307 21.854639
112.88844 21.863514
112.8881 21.867662
112.89077 21.87356
112.88988 21.876575
112.88798 21.878473
112.87408 21.883024
112.87093 21.884954
112.86813 21.889406
112.86973 21.892809
112.87328 21.895462
112.87267 21.89962
112.8756 21.905741
112.87374 21.909016
112.87375 21.916372
112.86912 21.925245
112.85884 21.92762
112.85472 21.92981
112.85482 21.932566
112.85903 21.94026
112.85529 21.946117
112.85616 21.95023
112.85527 21.953016
112.8494 21.954567
112.84853 21.958042
112.84027 21.961735
112.83739 21.964119
112.83371 21.971813
112.82649 21.962828
112.82225 21.961573
112.82008 21.955658
112.82485 21.95092
112.82423 21.94726
112.81995 21.944626
112.81697 21.944023
112.81503 21.945
112.814 21.951008
112.81054 21.95088
112.79151 21.942696
112.7906 21.944792
112.79187 21.953262
112.77682 21.946112
112.76763 21.944309
112.76191 21.935507
112.75607 21.930618
112.74836 21.92877
112.74407 21.926136
112.74226 21.923658
112.74364 21.92063
112.74892 21.916109
112.75001 21.911709
112.7446 21.904968
112.74727 21.90374
112.74937 21.900232
112.74911 21.892422
112.74746 21.887411
112.7439 21.884295
112.7394 21.882586
112.73238 21.886236
112.72829 21.8967
112.72484 21.896799
112.72057 21.894621
112.7122 21.887505
112.69171 21.864868
112.68899 21.856899
112.69337 21.847807
112.69301 21.844368
112.68558 21.84343
112.67648 21.844149
112.66803 21.842089
112.65882 21.846949
112.65456 21.844999
112.65013 21.845125
112.65018 21.838903
112.65345 21.834198
112.65923 21.829233
112.65855 21.823965
112.65575 21.821285
112.65161 21.82255
112.64686 21.805672
112.64697 21.793713
112.65022 21.787872
112.64502 21.779512
112.64034 21.779644
112.62889 21.783876
112.62595 21.784189
112.62146 21.782705
112.62762 21.774944
112.62828 21.772627
112.62689 21.767838
112.62366 21.76701
112.61511 21.769318
112.6137 21.76384
112.61037 21.760025
112.60471 21.760181
112.59219 21.753864
112.58107 21.753027
112.56409 21.753727
112.56005 21.75062
112.55614 21.751419
112.55376 21.754013
112.55233 21.763248
112.54702 21.766846
112.54259 21.774784
112.52232 21.780399
112.51653 21.784239
112.51254 21.790554
112.49688 21.793972
112.49651 21.79812
112.50261 21.819105
112.49706 21.81535
112.4893 21.803604
112.485 21.800274
112.48333 21.801928
112.48468 21.805571
112.49163 21.814808
112.48968 21.81555
112.47952 21.813988
112.4754 21.816168
112.46867 21.813822
112.46603 21.816193
112.46326 21.822245
112.46334 21.824543
112.46588 21.827003
112.45087 21.827868
112.45038 21.820066
112.44659 21.817179
112.43756 21.819952
112.42862 21.82571
112.42362 21.831362
112.42294 21.83322
112.42464 21.840071
112.42229 21.851858
112.42336 21.854589
112.42918 21.859261
112.43079 21.863356
112.43404 21.864878
112.44431 21.861843
112.44625 21.861101
112.44975 21.854568
112.45534 21.852118
112.45908 21.853626
112.44595 21.867315
112.4398 21.867481
112.4269 21.873116
112.42554 21.877062
112.42939 21.881556
112.4297 21.883617
112.42281 21.89185
112.42563 21.895452
112.43124 21.893692
112.43348 21.894091
112.42973 21.900398
112.42588 21.903492
112.42191 21.910725
112.42905 21.917891
112.4351 21.922094
112.43934 21.923592
112.45044 21.91997
112.4584 21.923264
112.46291 21.919966
112.46764 21.921446
112.48656 21.934498
112.48952 21.934875
112.49744 21.927763
112.49964 21.93483
112.51227 21.944141
112.51479 21.953268
112.51262 21.954937
112.50547 21.947546
112.50074 21.961699
112.49857 21.963367
112.49512 21.963461
112.4935 21.966724
112.49455 21.968765
112.49728 21.969151
112.50089 21.97411
112.48976 21.973263
112.48305 21.963791
112.47798 21.967607
112.47432 21.968855
112.47183 21.968233
112.47275 21.96591
112.48554 21.96015
112.49069 21.954224
112.49141 21.94747
112.48984 21.944754
112.48685 21.943686
112.46557 21.949551
112.45986 21.948555
112.45429 21.944109
112.45308 21.936785
112.4451 21.93424
112.44203 21.930876
112.44006 21.930698
112.43177 21.93391
112.42505 21.932022
112.41866 21.932882
112.4132 21.931648
112.40967 21.929214
112.40625 21.930456
112.40041 21.940729
112.39575 21.941772
112.39742 21.947933
112.39539 21.953735
112.38339 21.964861
112.38644 21.975355
112.38553 21.977909
112.38052 21.983789
112.3725 21.98745
112.37255 21.989288
112.37881 22.000156
112.38447 21.999317
112.40405 22.002014
112.41036 22.006674
112.41159 22.010128
112.40797 22.009266
112.3974 22.010469
112.39267 22.009214
112.38904 22.011381
112.39189 22.015902
112.39224 22.019342
112.38691 22.022472
112.3993 22.023981
112.40334 22.026632
112.40489 22.029119
112.40398 22.031443
112.4006 22.033833
112.40543 22.046118
112.408 22.0495
112.41654 22.054327
112.41586 22.064001
112.40295 22.054001
112.40022 22.053385
112.39986 22.057762
112.40302 22.071701
112.40414 22.07604
112.40376 22.079958
112.40166 22.075645
112.40081 22.072157
112.39433 22.062508
112.39668 22.05072
112.39487 22.040194
112.39107 22.037075
112.3828 22.040974
112.37737 22.040888
112.37631 22.038847
112.37431 22.029934
112.37253 22.028372
112.37386 22.015232
112.36995 22.008898
112.36716 21.998396
112.36745 21.983906
112.372 21.979418
112.37361 21.975697
112.3735 21.972021
112.37122 21.970013
112.37115 21.968174
112.37433 21.958895
112.38136 21.955029
112.38374 21.952438
112.38562 21.933306
112.37717 21.931231
112.38001 21.929468
112.38104 21.928829
112.39271 21.915413
112.39489 21.90616
112.39378 21.902052
112.39721 21.893454
112.39607 21.888655
112.40276 21.873764
112.40267 21.871006
112.39852 21.86445
112.4025 21.857677
112.40405 21.851889
112.40182 21.843901
112.40293 21.839733
112.40556 21.836905
112.40809 21.831318
112.4082 21.826946
112.41366 21.820133
112.40665 21.801008
112.40723 21.795935
112.41486 21.787914
112.41623 21.784199
112.40929 21.782776
112.41309 21.778536
112.41706 21.771303
112.41353 21.768639
112.41116 21.763874
112.41144 21.756969
112.40533 21.750925
112.40373 21.74683
112.40665 21.737785
112.40605 21.734352
112.40353 21.73258
112.39558 21.730494
112.38229 21.723032
112.37958 21.722645
112.37207 21.726982
112.35793 21.723679
112.35516 21.721453
112.34863 21.709442
112.34661 21.708115
112.34443 21.709091
112.3429 21.71557
112.34102 21.718378
112.33604 21.716669
112.32648 21.718071
112.32569 21.708666
112.32367 21.706879
112.31645 21.70454
112.31012 21.698729
112.30296 21.698227
112.29565 21.700716
112.29544 21.700735
112.2846 21.701694
112.27917 21.701145
112.26498 21.696455
112.25919 21.700054
112.25453 21.701094
112.23978 21.701706
112.23788 21.704052
112.23682 21.710058
112.23914 21.713217
112.2401 21.720549
112.2383 21.726343
112.23401 21.731279
112.22267 21.730881
112.21348 21.728359
112.21056 21.729584
112.20947 21.734438
112.20753 21.735638
112.1917 21.733282
112.19447 21.743557
112.19207 21.753963
112.1929 21.757162
112.19779 21.764164
112.19801 21.766912
112.19898 21.779306
112.20827 21.793552
112.21592 21.801863
112.21702 21.805744
112.21178 21.828176
112.20707 21.835655
112.20643 21.83889
112.2085 21.842056
112.21545 21.843718
112.22049 21.847496
112.2109 21.848431
112.20515 21.845589
112.20422 21.847681
112.2015 21.849663
112.20084 21.84156
112.19576 21.845139
112.19355 21.845196
112.1984 21.834267
112.20554 21.825808
112.20786 21.82069
112.20849 21.80895
112.20518 21.805586
112.20274 21.806108
112.19762 21.816124
112.19518 21.817106
112.16875 21.815477
112.17631 21.812529
112.19205 21.811438
112.19691 21.809015
112.19931 21.806887
112.20107 21.799715
112.20045 21.795362
112.19764 21.792215
112.18823 21.799122
112.17702 21.803083
112.13183 21.800085
112.11345 21.795258
112.1077 21.792414
112.0929 21.783585
112.08627 21.784439
112.07314 21.782007
112.06844 21.789938
112.05959 21.790388
112.05064 21.787848
112.05572 21.784275
112.05833 21.780993
112.048 21.781706
112.03773 21.784258
112.03318 21.788967
112.03049 21.789722
112.02333 21.789207
112.02299 21.794733
112.02457 21.806879
112.01992 21.816647
112.0094 21.827938
112.01903 21.828623
112.02325 21.829899
112.05087 21.85589
112.05447 21.860859
112.05058 21.879807
112.0488 21.87801
112.04766 21.87298
112.047 21.858515
112.04496 21.856035
112.028 21.849325
112.0228 21.839565
112.01698 21.834421
111.99893 21.832682
112.00147 21.826752
112.00438 21.824842
112.00576 21.82136
112.00706 21.815121
112.00575 21.812386
112.01286 21.810841
112.01499 21.808031
112.01653 21.801558
112.01474 21.799072
112.00888 21.801054
112.00642 21.801113
112.00489 21.799541
112.01373 21.789442
112.00813 21.783371
112.0054 21.781902
112.00037 21.780142
111.99724 21.780893
111.98488 21.780256
111.97958 21.784752
111.97896 21.788675
111.98727 21.786406
111.98905 21.7882
111.98648 21.79332
111.97246 21.794119
111.96587 21.796347
111.96031 21.800388
111.95616 21.80164
111.95673 21.795418
111.9526 21.788851
111.95274 21.785168
111.9544 21.782831
111.96866 21.781567
111.97771 21.77928
111.9884 21.765457
111.99402 21.763483
111.99796 21.763388
112.00224 21.766502
112.01171 21.779146
112.01595 21.780882
112.01865 21.780815
112.01547 21.764111
112.01833 21.760822
112.02277 21.760714
112.02295 21.758642
112.01196 21.753391
112.00902 21.753923
112.00835 21.756239
112.00965 21.758736
112.00668 21.758118
111.9927 21.751791
112.00223 21.749031
111.99871 21.746588
111.98677 21.74251
111.97075 21.73324
111.9623 21.730686
111.96288 21.733889
111.96567 21.736582
111.97993 21.744513
111.98452 21.74992
111.98181 21.749985
111.96165 21.742655
111.95763 21.739763
111.94124 21.717398
111.93847 21.715393
111.93837 21.720684
111.93695 21.722557
111.93293 21.719894
111.92242 21.705202
111.91364 21.699205
111.91357 21.696447
111.92234 21.666813
111.92397 21.663557
111.93027 21.659958
111.93143 21.656942
111.92952 21.65032
111.93038 21.645933
111.93691 21.640162
111.93808 21.639542
111.94313 21.645555
111.94897 21.646776
111.95458 21.648571
111.95645 21.653812
111.95821 21.65538
111.96014 21.653954
111.96432 21.644659
111.96795 21.642502
111.97378 21.648338
111.98357 21.654999
111.98955 21.658291
112.00282 21.647713
112.00884 21.647575
112.01577 21.647911
112.01786 21.631866
112.01052 21.624689
112.00712 21.617414
112.00434 21.614954
112.00087 21.614119
111.99408 21.617731
111.98989 21.617603
111.97381 21.605808
111.95815 21.600437
111.9495 21.599037
111.94729 21.599091
111.94415 21.601463
111.94065 21.608215
111.93398 21.607454
111.92352 21.602877
111.92218 21.607737
111.92024 21.608702
111.91505 21.607906
111.90783 21.60486
111.90404 21.601271
111.90597 21.600077
111.9104 21.59997
111.91428 21.597811
111.88612 21.584913
111.87605 21.576876
111.86205 21.559963
111.8578 21.557533
111.85558 21.557127
111.85217 21.558355
111.84682 21.569744
111.84311 21.568913
111.82777 21.556625
111.8251 21.558296
111.82143 21.558842
111.81197 21.554693
111.80882 21.556147
111.80648 21.561028
111.80658 21.564474
111.80997 21.572622
111.82143 21.575977
111.82799 21.573862
111.82844 21.581207
111.82677 21.583546
111.81847 21.585808
111.81879 21.588558
111.82375 21.589823
111.82664 21.59556
111.83362 21.600647
111.83953 21.600462
111.84333 21.598362
111.84684 21.598333
111.84668 21.600782
111.84853 21.605566
111.85419 21.614401
111.85312 21.620173
111.84792 21.628109
111.84715 21.636173
111.84059 21.639315
111.8363 21.644472
111.83686 21.646759
111.84634 21.65987
111.8587 21.653234
111.86774 21.648127
111.87309 21.639244
111.87774 21.638445
111.88238 21.641956
111.89017 21.642979
111.90143 21.64938
111.90763 21.651302
111.91117 21.654436
111.91299 21.658072
111.91025 21.674458
111.90334 21.691633
111.90141 21.693518
111.89774 21.694065
111.8955 21.693428
111.89146 21.689846
111.88745 21.687181
111.86628 21.678255
111.85851 21.673609
111.85238 21.674212
111.8471 21.679394
111.83516 21.683809
111.83133 21.688036
111.82798 21.700529
111.83089 21.708277
111.81797 21.703749
111.816 21.704025
111.81322 21.710297
111.81358 21.714424
111.82259 21.710997
111.82605 21.711147
111.83227 21.713531
111.83456 21.716467
111.83332 21.725002
111.83956 21.728075
111.84062 21.730808
111.83997 21.734272
111.84203 21.737213
111.85017 21.737482
111.85001 21.740934
111.8462 21.745621
111.84559 21.750233
111.84818 21.75477
111.85013 21.771246
111.84341 21.769823
111.83891 21.776365
111.83646 21.777111
111.83627 21.769991
111.83781 21.763288
111.83239 21.754217
111.82838 21.751553
111.81489 21.753935
111.80234 21.750929
111.79477 21.765892
111.79681 21.7778
111.79459 21.777851
111.78681 21.772512
111.78411 21.772804
111.78168 21.77424
111.78127 21.777008
111.78284 21.780903
111.78265 21.780914
111.77154 21.781599
111.7734 21.759256
111.77155 21.754473
111.76885 21.754993
111.75922 21.763489
111.75436 21.766129
111.75043 21.766218
111.74469 21.76359
111.74532 21.768633
111.74443 21.772331
111.73846 21.769939
111.72158 21.756067
111.71835 21.755222
111.70977 21.765989
111.7088 21.775896
111.70618 21.779404
111.69827 21.768776
111.69327 21.76613
111.68958 21.766441
111.68423 21.778746
111.68008 21.779987
111.67757 21.778433
111.6647 21.776192
111.65766 21.770601
111.65089 21.769556
111.65362 21.766783
111.65852 21.765755
111.66853 21.771509
111.67249 21.772572
111.67618 21.772028
111.67662 21.77018
111.67507 21.767456
111.6673 21.762571
111.65025 21.760651
111.64702 21.759344
111.64301 21.756674
111.64316 21.752993
111.6526 21.756002
111.659 21.75563
111.66569 21.75732
111.66946 21.760225
111.68365 21.766115
111.68613 21.766289
111.69209 21.75857
111.69839 21.754751
111.69956 21.752426
111.69873 21.748997
111.69566 21.744698
111.6956 21.742399
111.71307 21.741318
111.71497 21.739206
111.71513 21.735754
111.71252 21.730066
111.72824 21.728561
111.73019 21.727367
111.73205 21.723419
111.72927 21.711527
111.72871 21.709011
111.73158 21.705729
111.73335 21.707527
111.73811 21.719831
111.74168 21.724579
111.74416 21.724752
111.77271 21.716957
111.78467 21.710955
111.78628 21.706549
111.78321 21.684092
111.78505 21.679222
111.78474 21.676701
111.78322 21.675356
111.76863 21.672932
111.76537 21.670477
111.76329 21.666616
111.76295 21.663177
111.76517 21.663126
111.77939 21.670156
111.78506 21.670485
111.78593 21.666328
111.78484 21.662214
111.77766 21.651346
111.77468 21.641529
111.77139 21.638157
111.76788 21.644674
111.76567 21.644953
111.7582 21.641907
111.7546 21.636011
111.74629 21.638269
111.74063 21.637032
111.74297 21.633747
111.75218 21.628481
111.76165 21.632862
111.76435 21.63257
111.76678 21.622169
111.78422 21.620621
111.78809 21.618233
111.7907 21.614494
111.78967 21.612679
111.77538 21.612318
111.75232 21.615145
111.73948 21.613596
111.72659 21.609982
111.69781 21.59201
111.68819 21.590616
111.68356 21.591204
111.6801 21.582521
111.67701 21.577303
111.66967 21.569422
111.66808 21.564859
111.66904 21.554493
111.66489 21.54631
111.67123 21.534676
111.67181 21.528915
111.66705 21.525343
111.66035 21.523424
111.65421 21.523331
111.64897 21.520458
111.64716 21.51705
111.65069 21.510765
111.64327 21.50955
111.63895 21.513325
111.63961 21.519976
111.63564 21.528339
111.63523 21.531567
111.62767 21.534033
111.62065 21.538324
111.61697 21.538406
111.61215 21.54265
111.60263 21.545387
111.59875 21.54777
111.59219 21.559662
111.58933 21.554642
111.5891 21.545221
111.61198 21.535986
111.62443 21.532265
111.62777 21.528282
111.62189 21.528873
111.61849 21.531015
111.61261 21.531605
111.59531 21.528305
111.57668 21.521126
111.54257 21.504623
111.53613 21.502691
111.54295 21.519556
111.54134 21.524189
111.53849 21.528158
111.53506 21.528921
111.53305 21.527126
111.53697 21.516697
111.53253 21.516333
111.52723 21.520584
111.52332 21.521587
111.51097 21.519552
111.50724 21.517794
111.49783 21.505579
111.48786 21.499815
111.47412 21.501255
111.4696 21.507097
111.45483 21.517061
111.45594 21.524263
111.4739 21.523224
111.48359 21.522448
111.49043 21.524887
111.48921 21.528002
111.48065 21.529385
111.46912 21.5296
111.46731 21.531908
111.482 21.541544
111.4762 21.545345
111.47346 21.544483
111.47138 21.5397
111.46762 21.536791
111.46045 21.535334
111.45982 21.539715
111.45838 21.541353
111.45152 21.541958
111.45059 21.544735
111.45225 21.551826
111.44938 21.565449
111.45211 21.566542
111.45391 21.56949
111.44635 21.572409
111.44083 21.57781
111.44643 21.58551
111.44075 21.595053
111.43624 21.591698
111.43228 21.590631
111.42826 21.587267
111.42859 21.580593
111.42748 21.575329
111.42521 21.575731
111.42454 21.575851
111.41613 21.573957
111.42166 21.568785
111.42204 21.56395
111.41136 21.570148
111.40694 21.5707
111.40616 21.568647
111.40681 21.565186
111.41518 21.555128
111.43344 21.547392
111.43582 21.544125
111.42963 21.542416
111.42836 21.540833
111.4283 21.538074
111.43021 21.535967
111.44701 21.528719
111.4457 21.525757
111.42094 21.518919
111.41706 21.521069
111.41185 21.529451
111.40149 21.528057
111.39851 21.526739
111.398 21.523376
111.40325 21.519514
111.40839 21.518259
111.40834 21.516422
111.37742 21.49844
111.37221 21.496477
111.34911 21.47649
111.32436 21.44849
111.31685 21.442894
111.3054 21.437147
111.29457 21.436216
111.28983 21.432861
111.28341 21.421267
111.2771 21.414267
111.26482 21.414513
111.25888 21.41256
111.25437 21.408972
111.25095 21.409498
111.24978 21.412281
111.25673 21.425936
111.24709 21.444975
111.24698 21.450724
111.2494 21.449066
111.25653 21.43881
111.26763 21.43339
111.27316 21.433548
111.28023 21.432364
111.28535 21.441456
111.28331 21.448853
111.28043 21.45167
111.2798 21.456509
111.28571 21.456619
111.28969 21.458839
111.28884 21.464603
111.29432 21.467482
111.29817 21.47476
111.30065 21.475399
111.30674 21.472979
111.3102 21.473598
111.30856 21.477541
111.30252 21.481798
111.29885 21.482561
111.29315 21.480608
111.29378 21.486572
111.29844 21.496592
111.29572 21.496187
111.28767 21.488302
111.28121 21.485443
111.27532 21.48579
111.27024 21.489338
111.26389 21.491074
111.24979 21.487446
111.24784 21.488173
111.24477 21.49398
111.24506 21.495813
111.24807 21.498281
111.25725 21.501549
111.25857 21.506821
111.25462 21.505049
111.24945 21.504692
111.23576 21.497835
111.23255 21.496979
111.22961 21.497496
111.23 21.503923
111.23353 21.507534
111.23569 21.515766
111.23506 21.520836
111.23314 21.522713
111.22543 21.508152
111.22068 21.504797
111.216 21.515461
111.21351 21.524704
111.2068 21.521618
111.21107 21.51441
111.21096 21.509813
111.20554 21.50923
111.19155 21.510651
111.1857 21.512833
111.16796 21.511335
111.15888 21.512199
111.15565 21.511112
111.15733 21.509012
111.16861 21.507416
111.17664 21.503813
111.18841 21.502207
111.19231 21.500523
111.19127 21.498014
111.18408 21.495625
111.17618 21.493938
111.16559 21.493454
111.16748 21.490198
111.18148 21.48947
111.20003 21.493937
111.20945 21.497431
111.21365 21.498268
111.21929 21.4977
111.22485 21.493683
111.227 21.490652
111.23031 21.48484
111.2309 21.478853
111.22939 21.477043
111.22048 21.474689
111.20721 21.474718
111.18971 21.472759
111.16665 21.46401
111.15479 21.461479
111.1429 21.457338
111.13604 21.458389
111.12902 21.46335
111.11393 21.458809
111.09986 21.456316
111.0904 21.462011
111.08441 21.469248
111.08351 21.472942
111.08624 21.473812
111.09801 21.472672
111.105 21.477365
111.11092 21.478174
111.11738 21.481499
111.12206 21.482101
111.12498 21.480896
111.13264 21.48259
111.13914 21.486834
111.14069 21.490711
111.13901 21.492352
111.13555 21.49173
111.12612 21.48777
111.12537 21.498358
111.12341 21.498625
111.11973 21.487661
111.11622 21.484739
111.10855 21.482586
111.09573 21.480989
111.08813 21.481592
111.08418 21.492008
111.07991 21.48818
111.07909 21.484518
111.07683 21.482033
111.07442 21.495869
111.07596 21.498598
111.08415 21.502354
111.0842 21.504421
111.07462 21.504599
111.07217 21.505104
111.06513 21.509604
111.05314 21.512123
111.04133 21.511883
111.03596 21.51405
111.0331 21.51824
111.03325 21.524904
111.0321 21.528833
111.02993 21.530712
111.02489 21.524828
111.02401 21.518408
111.02119 21.513403
111.015 21.510988
111.00636 21.509766
111.00654 21.506315
111.00866 21.502138
111.00611 21.497818
110.99607 21.488346
110.99529 21.486523
110.99596 21.482832
111.00799 21.482153
111.01209 21.478632
111.0125 21.474945
111.00523 21.456461
111.0059 21.453461
111.00764 21.454578
111.01124 21.461637
111.02435 21.477257
111.0288 21.478325
111.03535 21.473837
111.03877 21.473314
111.04224 21.474628
111.049 21.479792
111.05246 21.480877
111.05565 21.480587
111.06075 21.477734
111.07504 21.468044
111.0769 21.462954
111.07661 21.461119
111.07462 21.459778
111.04346 21.451162
111.03601 21.447851
111.02578 21.440454
111.00592 21.431395
110.99143 21.420393
110.98748 21.419317
110.98487 21.423962
110.97948 21.42429
110.96921 21.418926
110.95438 21.411179
110.94971 21.411263
110.94122 21.416471
110.93648 21.412878
110.92739 21.413271
110.92417 21.412178
110.90546 21.398489
110.89915 21.390095
110.88691 21.380655
110.86967 21.378658
110.86129 21.376965
110.8586 21.377932
110.85062 21.384275
110.84599 21.385965
110.82793 21.37961
110.81639 21.39245
110.8009 21.391794
110.79682 21.400723
110.79413 21.398626
110.79049 21.392525
110.7781 21.389196
110.7618 21.386667
110.74263 21.3787
110.73106 21.370522
110.6766 21.303322
110.67191 21.29495
110.66278 21.270384
110.65917 21.257156
110.65609 21.252874
110.64835 21.248949
110.64495 21.249962
110.64541 21.253937
110.63604 21.251482
110.6315 21.22827
110.62875 21.218924
110.62597 21.216242
110.61238 21.220978
110.60662 21.22504
110.59532 21.216845
110.58465 21.212996
110.58198 21.213987
110.57706 21.221243
110.56993 21.220976
110.56322 21.218397
110.55089 21.208158
110.53187 21.204071
110.5248 21.205637
110.50547 21.215342
110.49914 21.216888
110.49177 21.216394
110.48281 21.212494
110.47851 21.208012
110.46259 21.201077
110.45922 21.195192
110.45338 21.188452
110.44767 21.186302
110.42792 21.190264
110.42651 21.192368
110.43711 21.202202
110.44202 21.210346
110.44551 21.220366
110.45157 21.225721
110.452 21.232143
110.44504 21.237152
110.43115 21.240271
110.42948 21.241922
110.42757 21.259665
110.42802 21.266775
110.4304 21.272228
110.43318 21.274914
110.43336 21.280884
110.4371 21.282623
110.45507 21.276409
110.45961 21.280428
110.4633 21.28079
110.47012 21.278772
110.47339 21.273403
110.47269 21.266527
110.47423 21.260742
110.47686 21.258606
110.48687 21.256733
110.48958 21.257122
110.48992 21.26033
110.4867 21.267307
110.48497 21.274937
110.48071 21.280104
110.4837 21.281403
110.50079 21.29451
110.50934 21.293133
110.50989 21.294958
110.50412 21.299017
110.50202 21.302748
110.49934 21.303278
110.48714 21.297855
110.48714 21.289814
110.48363 21.287149
110.48093 21.287451
110.4803 21.290915
110.47794 21.293962
110.47404 21.294754
110.46764 21.294233
110.45847 21.291256
110.45284 21.291864
110.44851 21.294735
110.44709 21.296608
110.45164 21.300856
110.45885 21.304113
110.47816 21.309353
110.48785 21.321045
110.48893 21.324003
110.48682 21.327276
110.48227 21.331072
110.47779 21.321079
110.46841 21.31926
110.46279 21.320555
110.46148 21.333687
110.46344 21.341677
110.45733 21.334484
110.45433 21.324913
110.45404 21.315268
110.45068 21.309841
110.44541 21.306074
110.43755 21.30559
110.43347 21.300871
110.42785 21.301706
110.42451 21.31328
110.42503 21.321999
110.42755 21.332502
110.42317 21.35008
110.42412 21.356949
110.42989 21.361164
110.43245 21.364544
110.43088 21.369181
110.43067 21.378838
110.43787 21.389219
110.44463 21.393639
110.45798 21.396278
110.4588 21.399014
110.45753 21.40571
110.45762 21.416737
110.45583 21.414257
110.45098 21.400366
110.4465 21.398645
110.43497 21.399176
110.43086 21.393078
110.42607 21.389067
110.4247 21.376234
110.41813 21.370201
110.41344 21.377674
110.40981 21.379148
110.39779 21.379688
110.3973 21.387974
110.39217 21.397066
110.3844 21.400253
110.38264 21.404612
110.3812 21.408148
110.37433 21.416826
110.37331 21.423515
110.37393 21.428095
110.37895 21.431643
110.37672 21.439053
110.37855 21.442682
110.39111 21.443968
110.40002 21.448093
110.39474 21.450079
110.38417 21.450121
110.3819 21.456383
110.38428 21.470695
110.37806 21.459238
110.3744 21.443937
110.37156 21.439184
110.3515 21.433952
110.34765 21.436579
110.34444 21.43597
110.34081 21.42963
110.33217 21.428242
110.32851 21.429024
110.32846 21.428921
110.32297 21.416298
110.32016 21.412693
110.32507 21.412798
110.32955 21.414751
110.33202 21.423191
110.34429 21.422878
110.35082 21.427767
110.35803 21.430569
110.36245 21.430456
110.36436 21.428341
110.36408 21.419157
110.36722 21.417238
110.36811 21.414228
110.36317 21.413435
110.36018 21.411674
110.36108 21.408894
110.3654 21.405796
110.37975 21.400602
110.38036 21.396452
110.3787 21.390289
110.37979 21.385897
110.38969 21.379898
110.39001 21.366331
110.39133 21.361013
110.39801 21.36268
110.40105 21.341002
110.40926 21.328152
110.40744 21.324984
110.40446 21.323912
110.39487 21.323698
110.39219 21.323997
110.38573 21.329908
110.38461 21.325342
110.38568 21.32003
110.38998 21.316013
110.39156 21.311377
110.39016 21.309128
110.39001 21.308889
110.39266 21.307211
110.39827 21.305918
110.40501 21.301149
110.40831 21.296928
110.40989 21.292292
110.4071 21.280874
110.4037 21.274069
110.40192 21.272049
110.39962 21.277163
110.39546 21.269457
110.38503 21.265131
110.38519 21.262598
110.3871 21.260712
110.39146 21.258991
110.39422 21.252716
110.40122 21.248859
110.40478 21.236359
110.40838 21.23374
110.42136 21.233173
110.42214 21.226488
110.42197 21.220518
110.41911 21.215538
110.40944 21.20384
110.40968 21.18729
110.40845 21.179281
110.39902 21.159077
110.40107 21.153738
110.39877 21.15081
110.39429 21.148628
110.38039 21.151283
110.37212 21.137022
110.36836 21.134359
110.35975 21.116659
110.35364 21.109234
110.34791 21.106163
110.33904 21.104551
110.33455 21.10191
110.31851 21.09841
110.31942 21.087589
110.32397 21.075525
110.32654 21.071323
110.32964 21.068718
110.33822 21.068501
110.34439 21.070179
110.36056 21.069767
110.37123 21.082359
110.37859 21.08263
110.38673 21.084488
110.39271 21.087551
110.40451 21.080582
110.40791 21.079575
110.40739 21.070398
110.40936 21.062305
110.41209 21.055342
110.41515 21.051355
110.42091 21.052349
110.43486 21.046707
110.44369 21.046707
110.45525 21.048471
110.4719 21.047806
110.48161 21.052605
110.48664 21.057068
110.49061 21.058571
110.49174 21.055553
110.49436 21.052958
110.49613 21.054749
110.49948 21.054974
110.49342 21.062403
110.49397 21.064455
110.49649 21.066456
110.5194 21.070446
110.52404 21.069632
110.53694 21.058949
110.55182 21.056711
110.55241 21.052101
110.54991 21.042519
110.53936 21.018215
110.52769 20.981533
110.52618 20.972383
110.52748 20.942938
110.52666 20.924578
110.52531 20.920248
110.52034 20.917854
110.5132 20.916664
110.50684 20.916834
110.50272 20.918322
110.50089 20.922276
110.4975 20.939598
110.50269 20.949341
110.50134 20.952824
110.49364 20.957394
110.48853 20.958447
110.48397 20.961554
110.46918 20.982622
110.46301 20.989218
110.45964 20.991144
110.45084 20.991837
110.44492 20.990612
110.43327 20.985861
110.42812 20.985537
110.42348 20.986345
110.40974 20.993826
110.40384 20.99283
110.39195 20.988543
110.37643 20.985495
110.37369 20.988049
110.36839 20.98708
110.35207 20.990026
110.34395 20.988855
110.31916 20.970646
110.28808 20.962931
110.27294 20.956188
110.2486 20.952663
110.24873 20.965986
110.25054 20.969156
110.25899 20.973312
110.27034 20.984745
110.27513 20.99795
110.27876 21.004522
110.28483 21.011032
110.2963 21.017866
110.30046 21.01799
110.30814 21.020784
110.32136 21.020218
110.32098 21.023905
110.31524 21.028875
110.31464 21.033257
110.31851 21.040279
110.32103 21.042515
110.33208 21.043383
110.33631 21.04557
110.3407 21.053041
110.34962 21.05649
110.3492 21.058569
110.34729 21.060455
110.34239 21.060581
110.32951 21.055624
110.31544 21.052305
110.31004 21.051983
110.30369 21.052832
110.30008 21.054993
110.29725 21.058969
110.29967 21.066261
110.30322 21.070307
110.30769 21.072262
110.30935 21.070381
110.30939 21.063486
110.31573 21.070679
110.31583 21.073893
110.30665 21.095264
110.30356 21.098558
110.29633 21.094606
110.29289 21.094233
110.28959 21.098259
110.28871 21.10215
110.28471 21.107765
110.28113 21.111073
110.27628 21.113031
110.26364 21.108294
110.26031 21.103321
110.26138 21.09824
110.27068 21.089277
110.27057 21.085144
110.26801 21.081762
110.26527 21.080221
110.2494 21.081997
110.25077 21.087246
110.24209 21.092058
110.24836 21.096958
110.24149 21.105169
110.23812 21.107107
110.23688 21.098391
110.23383 21.094791
110.23301 21.091825
110.24176 21.080809
110.24332 21.075254
110.24224 21.072065
110.2337 21.064697
110.23228 21.058298
110.23167 21.045218
110.22899 21.037243
110.22343 21.031635
110.21527 21.046082
110.2149 21.058498
110.21091 21.064802
110.21461 21.065628
110.21947 21.064131
110.22124 21.065924
110.2159 21.084896
110.21568 21.094551
110.21284 21.098068
110.20636 21.102823
110.2075 21.10854
110.20506 21.108829
110.19787 21.105789
110.19223 21.105928
110.18637 21.106762
110.17912 21.110155
110.17735 21.115118
110.1773 21.115255
110.17702 21.123074
110.17502 21.130016
110.17222 21.135139
110.16982 21.136806
110.1694 21.130613
110.16721 21.122854
110.16074 21.127838
110.1409 21.137281
110.13826 21.139412
110.13503 21.146612
110.13136 21.149628
110.13061 21.146259
110.12611 21.143383
110.12446 21.14572
110.11719 21.148653
110.12521 21.13743
110.13802 21.131145
110.14217 21.121626
110.14755 21.121265
110.15176 21.122313
110.15865 21.117962
110.16235 21.115622
110.16919 21.114765
110.17599 21.1038
110.16944 21.097527
110.17213 21.097231
110.1852 21.099897
110.19231 21.099953
110.19595 21.098715
110.20574 21.089743
110.20038 21.073792
110.20334 21.065678
110.20324 21.062233
110.20219 21.059731
110.19791 21.055702
110.19633 21.043793
110.18761 21.029762
110.18076 21.02166
110.17994 21.018694
110.18036 21.016155
110.18273 21.01334
110.19547 21.004755
110.19389 21.000889
110.19067 20.99959
110.18331 20.999311
110.17799 20.993008
110.16589 20.989628
110.15984 20.984245
110.1571 20.981802
110.15422 20.984169
110.1463 20.998608
110.14322 21.002127
110.13641 21.003901
110.12508 21.010838
110.11658 21.01334
110.10613 21.033812
110.10359 21.021925
110.10538 21.01568
110.11132 21.009104
110.11222 21.006325
110.1151 21.003958
110.12312 21.001926
110.12913 20.997644
110.13936 20.995789
110.14322 20.993628
110.14754 20.982035
110.15086 20.978046
110.16408 20.968994
110.16522 20.957479
110.16487 20.953812
110.16333 20.951092
110.16391 20.945793
110.16238 20.935032
110.15939 20.932808
110.15676 20.92667
110.15613 20.921631
110.16599 20.900938
110.16565 20.894747
110.16782 20.884815
110.17464 20.875229
110.18465 20.856831
110.18633 20.855642
110.18712 20.84919
110.18626 20.844845
110.17656 20.83934
110.17438 20.840082
110.1737 20.841938
110.17698 20.854033
110.1771 20.858395
110.17569 20.860268
110.16846 20.864351
110.1643 20.864223
110.16201 20.861292
110.15936 20.854006
110.15466 20.852512
110.13194 20.853752
110.12679 20.853418
110.12479 20.851858
110.12718 20.849733
110.13203 20.848467
110.13787 20.847178
110.14083 20.847794
110.14496 20.846775
110.15377 20.84679
110.16065 20.848001
110.16344 20.851379
110.16454 20.855717
110.16883 20.860207
110.17068 20.856485
110.17141 20.847507
110.16935 20.843882
110.15076 20.827105
110.14661 20.826977
110.14998 20.816555
110.14204 20.812843
110.13192 20.809412
110.13477 20.797857
110.13015 20.789928
110.13439 20.784082
110.13429 20.780638
110.12849 20.774345
110.13166 20.77404
110.13813 20.777788
110.13922 20.781897
110.13905 20.793386
110.1406 20.796337
110.14409 20.798319
110.14588 20.801264
110.14204 20.803654
110.15005 20.810581
110.15253 20.81144
110.15544 20.810678
110.16221 20.816486
110.16618 20.818228
110.16949 20.822971
110.16865 20.827816
110.16381 20.829773
110.17967 20.836966
110.18954 20.839481
110.19486 20.837511
110.20507 20.826691
110.20799 20.826159
110.20741 20.831457
110.20258 20.842375
110.20614 20.846882
110.21133 20.848593
110.21818 20.848423
110.22487 20.851473
110.22751 20.849569
110.23814 20.83667
110.24348 20.834927
110.25469 20.833498
110.26871 20.835905
110.27332 20.834641
110.28494 20.838713
110.29537 20.835463
110.30054 20.836481
110.31269 20.841917
110.31612 20.84206
110.32015 20.837822
110.32406 20.828993
110.32743 20.827297
110.32832 20.83256
110.33076 20.832268
110.33981 20.823996
110.35651 20.817825
110.36333 20.81673
110.36827 20.810171
110.36942 20.799343
110.37153 20.796301
110.37685 20.794327
110.3802 20.791714
110.38035 20.788492
110.37771 20.781898
110.37808 20.777983
110.38853 20.775644
110.38809 20.769222
110.38352 20.755327
110.38795 20.756132
110.38831 20.743946
110.38749 20.740749
110.38559 20.742636
110.38447 20.746111
110.38135 20.748032
110.38322 20.736954
110.38704 20.725828
110.37652 20.71714
110.36932 20.705378
110.36455 20.701136
110.36092 20.702606
110.35439 20.712883
110.34507 20.720474
110.34225 20.724222
110.34073 20.730694
110.34041 20.744717
110.33907 20.748886
110.33131 20.759424
110.32972 20.763828
110.33068 20.771387
110.33247 20.774326
110.33472 20.775648
110.33553 20.778154
110.32408 20.771555
110.32222 20.766546
110.32153 20.759672
110.326 20.745314
110.32608 20.739798
110.32306 20.736889
110.31715 20.73543
110.31203 20.736019
110.29861 20.745319
110.30015 20.739307
110.30464 20.73414
110.30717 20.72879
110.30613 20.726519
110.29897 20.732445
110.29675 20.731812
110.29967 20.723009
110.30279 20.720861
110.3147 20.718721
110.31696 20.720503
110.31737 20.726234
110.31863 20.727812
110.32196 20.724279
110.3259 20.725328
110.3273 20.722996
110.32561 20.706957
110.3286 20.692406
110.32262 20.688423
110.31176 20.685024
110.30027 20.676584
110.29397 20.678352
110.29724 20.664944
110.29684 20.659441
110.29368 20.651709
110.29022 20.650648
110.28127 20.661901
110.27856 20.661051
110.27748 20.659197
110.27818 20.656466
110.27654 20.650534
110.2771 20.644547
110.27827 20.642679
110.2807 20.642389
110.28167 20.650635
110.28507 20.649858
110.29178 20.645325
110.29642 20.644978
110.30494 20.660843
110.32247 20.675102
110.3267 20.66925
110.32752 20.664175
110.32428 20.65346
110.32909 20.64254
110.32837 20.634747
110.32758 20.632929
110.32484 20.631161
110.3252 20.626539
110.32537 20.624254
110.32798 20.621431
110.33772 20.628765
110.34782 20.631493
110.35381 20.635704
110.36036 20.642199
110.36634 20.637909
110.36831 20.646589
110.37061 20.650206
110.38399 20.656063
110.38742 20.656435
110.38975 20.652699
110.39045 20.643261
110.38789 20.63965
110.38441 20.637444
110.38177 20.639351
110.38026 20.645821
110.37764 20.648186
110.37221 20.637989
110.36978 20.63047
110.38177 20.63085
110.38652 20.618092
110.39691 20.614145
110.39654 20.61002
110.39281 20.599779
110.39081 20.597992
110.38376 20.597515
110.38892 20.592297
110.3988 20.595488
110.4004 20.592001
110.40073 20.586477
110.40261 20.584362
110.40987 20.582106
110.41144 20.57724
110.40838 20.572954
110.42158 20.573301
110.42865 20.564844
110.43689 20.562561
110.44096 20.559698
110.44802 20.551012
110.45269 20.552038
110.45448 20.562559
110.46415 20.567589
110.46879 20.567467
110.48191 20.557241
110.49066 20.547821
110.50209 20.530287
110.50191 20.524319
110.50305 20.521761
110.51022 20.516516
110.51056 20.511911
110.51536 20.501215
110.51394 20.494591
110.51461 20.492735
110.52032 20.487757
110.52545 20.48004
110.53031 20.471409
110.53088 20.46611
110.52425 20.448599
110.5203 20.431475
110.52367 20.413923
110.52149 20.414671
110.51123 20.414257
110.50117 20.404186
110.49693 20.401312
110.47882 20.391455
110.4743 20.38744
110.47072 20.38179
110.46883 20.375868
110.46597 20.361929
110.46572 20.353666
110.46358 20.355331
110.4604 20.355185
110.45761 20.351583
110.45651 20.347477
110.4525 20.343906
110.44199 20.335224
110.44135 20.329727
110.43767 20.321095
110.43391 20.317747
110.41732 20.309221
110.40285 20.298115
110.39767 20.296412
110.39169 20.300011
110.38564 20.301317
110.37169 20.29961
110.35948 20.290735
110.35842 20.287777
110.35393 20.284447
110.33385 20.272789
110.33328 20.262005
110.33051 20.258862
110.32778 20.257322
110.32168 20.256788
110.30224 20.250393
110.29861 20.251633
110.29467 20.258394
110.29122 20.257105
110.283 20.25111
110.28535 20.239796
110.28262 20.237797
110.27711 20.241383
110.27237 20.254135
110.26981 20.258104
110.26765 20.259308
110.26302 20.259424
110.24784 20.257278
110.24922 20.262758
110.24874 20.266022
110.24685 20.265114
110.23764 20.266953
110.23479 20.26955
110.2277 20.268578
110.2253 20.270245
110.22063 20.277254
110.216 20.277369
110.2201 20.267159
110.22787 20.257549
110.2259 20.256908
110.21912 20.258455
110.20879 20.263536
110.1957 20.266386
110.19323 20.26507
110.18971 20.252752
110.19035 20.24929
110.18955 20.247013
110.18609 20.245262
110.18376 20.240496
110.18024 20.236677
110.15974 20.235804
110.148 20.234022
110.14081 20.238104
110.12836 20.23749
110.12614 20.236393
110.12484 20.233669
110.1217 20.234665
110.11797 20.240498
110.11411 20.242199
110.11318 20.243828
110.11498 20.247231
110.12051 20.25284
110.1196 20.255388
110.11646 20.256153
110.11263 20.258774
110.10774 20.258432
110.09888 20.254971
110.08688 20.261692
110.0825 20.262257
110.07584 20.267929
110.07304 20.27236
110.07118 20.267122
110.06926 20.268087
110.06438 20.276932
110.06284 20.282713
110.06368 20.286827
110.05957 20.288073
110.05294 20.286163
110.04953 20.286245
110.04617 20.287933
110.04125 20.286673
110.036 20.281744
110.02875 20.283983
110.02459 20.283623
110.02301 20.279066
110.01958 20.278458
110.01671 20.280592
110.0133 20.280672
110.00163 20.272909
109.99826 20.274366
109.99422 20.278366
109.98893 20.280788
109.98164 20.281418
109.97808 20.285177
109.9751 20.282949
109.97396 20.277004
109.97138 20.27178
109.96315 20.264624
109.96012 20.260788
109.95854 20.256462
109.94535 20.246201
109.93636 20.23768
109.93475 20.232435
109.93156 20.231361
109.92825 20.235571
109.92605 20.234934
109.92053 20.22909
109.91741 20.230997
109.91685 20.246401
109.91906 20.256456
109.92186 20.260756
109.92253 20.264133
109.9254 20.265728
109.93143 20.272249
109.93423 20.276779
109.93456 20.280216
109.93427 20.287573
109.92929 20.30216
109.92434 20.326851
109.92488 20.328905
109.92762 20.33091
109.92458 20.344994
109.92283 20.343424
109.91892 20.333868
109.91321 20.339283
109.90899 20.345581
109.90372 20.349377
109.89964 20.351538
109.88795 20.352495
109.88339 20.355124
109.87849 20.363506
109.87861 20.368097
109.87555 20.372301
109.87048 20.374023
109.87251 20.377424
109.88629 20.381933
109.88123 20.384115
109.87489 20.384031
109.87077 20.385504
109.86279 20.397169
109.86452 20.398279
109.88316 20.39303
109.89052 20.394241
109.89355 20.398308
109.89569 20.405607
109.89642 20.414551
109.90021 20.419518
109.9013 20.423857
109.90051 20.430996
109.9044 20.430449
109.90724 20.427166
109.90905 20.421843
109.9071 20.412468
109.91306 20.407049
109.92254 20.40591
109.92889 20.406454
109.93467 20.403564
109.9437 20.394167
109.96211 20.389833
109.96751 20.390858
109.97111 20.388706
109.96081 20.37746
109.96098 20.374701
109.97543 20.358742
109.9794 20.352448
109.98053 20.348976
109.97779 20.337786
109.98035 20.33359
109.98351 20.332829
109.98784 20.339617
109.99794 20.343513
110.00021 20.346447
110.00206 20.351686
110.00247 20.35788
110.00454 20.362194
110.00874 20.363934
110.02196 20.365919
110.02843 20.36186
110.03207 20.361086
110.04453 20.361708
110.04487 20.365376
110.04079 20.367769
110.0369 20.36832
110.035 20.370434
110.03443 20.37619
110.03326 20.377825
110.0308 20.377193
110.02048 20.374453
110.01049 20.374689
110.00777 20.373604
110.00448 20.368858
110.00124 20.366638
109.99861 20.350389
109.99168 20.346647
109.98754 20.346745
109.98147 20.356764
109.9813 20.359524
109.98477 20.36174
109.98608 20.364697
109.98469 20.367716
109.97846 20.371765
109.98071 20.37401
109.98762 20.376604
109.99969 20.390104
110.00886 20.395632
110.0109 20.398798
110.01413 20.409977
110.0134 20.427914
110.01472 20.431557
110.02014 20.433725
110.0202 20.436022
110.01585 20.437502
110.01495 20.439114
110.01469 20.439598
110.02355 20.442375
110.02387 20.445124
110.01629 20.444384
110.00349 20.44055
109.99718 20.441847
109.994 20.441463
109.98462 20.437317
109.97858 20.430569
109.97563 20.429949
109.9747 20.431578
109.9743 20.443991
109.9709 20.453718
109.97054 20.458321
109.97133 20.460371
109.97453 20.461674
109.97435 20.463745
109.95535 20.455917
109.95378 20.452278
109.96027 20.448454
109.95532 20.446041
109.94936 20.433086
109.94594 20.432476
109.94282 20.434616
109.94141 20.436716
109.94106 20.441776
109.94247 20.448866
109.93749 20.463682
109.94016 20.481539
109.9388 20.485016
109.93097 20.493696
109.9251 20.50256
109.92518 20.505316
109.92744 20.50779
109.93313 20.510645
109.93447 20.513937
109.92191 20.511133
109.91895 20.500404
109.92992 20.482004
109.9308 20.478079
109.92924 20.474442
109.92574 20.471535
109.92373 20.460094
109.92416 20.457788
109.92896 20.45492
109.93039 20.444321
109.92955 20.440205
109.926 20.435463
109.9213 20.433044
109.91814 20.433348
109.91753 20.437956
109.91922 20.446415
109.91867 20.45332
109.90903 20.467094
109.90797 20.473091
109.90704 20.47518
109.89867 20.481573
109.89369 20.486971
109.8767 20.481386
109.87405 20.482824
109.87178 20.489079
109.8726 20.492735
109.85263 20.494335
109.84397 20.489708
109.83543 20.48967
109.83295 20.497766
109.83064 20.493223
109.82662 20.489178
109.82488 20.497488
109.81926 20.506342
109.81823 20.513716
109.81493 20.518614
109.81483 20.523899
109.81192 20.534302
109.82366 20.535187
109.82825 20.533247
109.83376 20.538637
109.83898 20.541964
109.84464 20.543905
109.84954 20.544483
109.86556 20.540676
109.86369 20.543703
109.85503 20.548723
109.84556 20.550776
109.8409 20.550421
109.8378 20.553017
109.83744 20.55785
109.83855 20.563337
109.84085 20.566961
109.84534 20.570765
109.8456 20.580408
109.84747 20.586569
109.84475 20.585482
109.83997 20.580074
109.83658 20.571882
109.83355 20.568045
109.83179 20.566246
109.82909 20.565847
109.82671 20.567968
109.81771 20.588156
109.81112 20.59795
109.80139 20.609194
109.79351 20.61603
109.79624 20.617807
109.80089 20.617935
109.80168 20.620214
109.77148 20.633518
109.76731 20.632919
109.76356 20.629328
109.76043 20.621817
109.74432 20.6224
109.74269 20.62565
109.74457 20.632271
109.74429 20.649965
109.73787 20.656998
109.74345 20.665146
109.7531 20.669758
109.76021 20.68017
109.76892 20.686409
109.77286 20.687471
109.78281 20.685921
109.79462 20.672197
109.80199 20.679935
109.81158 20.682247
109.81296 20.68796
109.81568 20.689278
109.8206 20.690546
109.8306 20.689632
109.83224 20.68684
109.84294 20.69441
109.85134 20.697895
109.85617 20.704908
109.85984 20.714245
109.85585 20.713051
109.85269 20.712109
109.84699 20.709021
109.84183 20.707989
109.83035 20.708246
109.8243 20.71068
109.81837 20.708513
109.8147 20.708366
109.8023 20.710939
109.79613 20.708551
109.79433 20.705145
109.79303 20.683121
109.79038 20.684557
109.78802 20.688055
109.78373 20.701475
109.78149 20.700146
109.77668 20.69359
109.7706 20.694643
109.76459 20.698681
109.76153 20.703342
109.75797 20.717203
109.75543 20.723003
109.74789 20.734196
109.74992 20.747015
109.75452 20.754725
109.75554 20.76573
109.76098 20.758488
109.76362 20.756594
109.76591 20.759989
109.7634 20.776814
109.75915 20.78265
109.75546 20.801109
109.74954 20.808821
109.74986 20.8118
109.75801 20.814837
109.76065 20.812712
109.76414 20.805973
109.7662 20.810062
109.7649 20.816294
109.7541 20.8248
109.7547 20.828924
109.76043 20.832933
109.75613 20.836933
109.75568 20.838779
109.75726 20.84288
109.75613 20.846581
109.76308 20.850794
109.76041 20.861191
109.75703 20.863102
109.75286 20.862503
109.7497 20.863262
109.73038 20.854036
109.73052 20.850126
109.72836 20.842134
109.73336 20.826862
109.73579 20.806595
109.73512 20.799717
109.73336 20.797918
109.72948 20.799379
109.7252 20.804068
109.7107 20.83057
109.69952 20.842989
109.69777 20.841648
109.71484 20.810495
109.71559 20.801291
109.71003 20.803938
109.7027 20.813974
109.68556 20.842831
109.66943 20.862934
109.66646 20.871727
109.66615 20.888504
109.66245 20.897312
109.66145 20.906523
109.66138 20.933403
109.66251 20.939123
109.66508 20.944122
109.66853 20.945427
109.67195 20.944893
109.67184 20.940302
109.67352 20.939346
109.68269 20.943514
109.67906 20.945429
109.67349 20.957726
109.6722 20.954996
109.66998 20.953896
109.66903 20.955523
109.67458 20.981594
109.68112 20.998455
109.68295 21.00301
109.68924 21.009537
109.68917 21.006783
109.6839 20.991962
109.68723 20.988216
109.69569 20.993546
109.70307 20.994535
109.69872 20.997156
109.69733 21.000174
109.69593 21.00296
109.69592 21.003153
109.69539 21.010553
109.70284 21.024406
109.70406 21.034029
109.70866 21.05139
109.70805 21.056229
109.69416 21.078812
109.68587 21.090248
109.67728 21.099623
109.67331 21.107519
109.67493 21.123335
109.67843 21.126017
109.68105 21.123205
109.68349 21.122692
109.6831 21.126608
109.68295 21.130285
109.68454 21.135305
109.68849 21.146248
109.69131 21.150784
109.69482 21.154154
109.70249 21.156975
109.70823 21.160757
109.71526 21.167038
109.72359 21.176735
109.72798 21.1856
109.73174 21.188736
109.74007 21.188095
109.74026 21.186253
109.738 21.183775
109.73766 21.180336
109.7332 21.178366
109.73643 21.170254
109.73608 21.166586
109.73031 21.161198
109.73071 21.157513
109.73465 21.148697
109.75971 21.150677
109.74817 21.15943
109.74472 21.168465
109.7439 21.174686
109.74712 21.185873
109.76184 21.20508
109.77183 21.221403
109.77451 21.230534
109.76988 21.260502
109.76996 21.263487
109.77321 21.265713
109.76781 21.26606
109.76714 21.268373
109.77199 21.285269
109.76986 21.297951
109.7683 21.323488
109.76318 21.334167
109.76255 21.338547
109.7634 21.342896
109.7694 21.347128
109.77233 21.346375
109.783 21.331896
109.78571 21.331835
109.79256 21.340874
109.79807 21.344429
109.80425 21.346588
109.81533 21.347492
109.82915 21.340521
109.83282 21.340439
109.83198 21.345512
109.83278 21.348021
109.84093 21.349678
109.85618 21.350714
109.86758 21.355053
109.87399 21.356056
109.88651 21.355543
109.90172 21.354969
109.911 21.352919
109.92242 21.348751
109.93307 21.342995
109.94335 21.341608
109.9522 21.342094
109.95611 21.341314
109.96503 21.335365
109.96729 21.336922
109.96133 21.34395
109.95433 21.348249
109.94058 21.348335
109.92436 21.356979
109.91124 21.362103
109.90717 21.366102
109.90438 21.372139
109.9023 21.386202
109.90615 21.401737
109.9087 21.405127
109.9224 21.412167
109.92986 21.424862
109.93741 21.428354
109.93932 21.429239
109.94265 21.434446
109.9525 21.44433
109.95559 21.458733
109.95956 21.46048
109.96521 21.460119
109.967 21.462376
109.96044 21.465513
109.95185 21.465942
109.94912 21.464855
109.94399 21.447742
109.93557 21.436218
109.93208 21.43446
109.929 21.438665
109.91965 21.43819
109.91521 21.446564
109.90693 21.449509
109.9063 21.453659
109.92529 21.465174
109.92059 21.473322
109.92041 21.475624
109.92242 21.477415
109.93579 21.481016
109.94168 21.48065
109.94749 21.477301
109.95021 21.478155
109.94928 21.480017
109.94273 21.483152
109.93831 21.487452
109.9369 21.485815
109.93051 21.485962
109.92332 21.483599
109.91984 21.48184
109.91103 21.473999
109.90237 21.47213
109.88323 21.464062
109.88156 21.465939
109.87915 21.47702
109.877 21.48056
109.87643 21.476164
109.87304 21.468658
109.87006 21.467806
109.8659 21.468359
109.86111 21.473063
109.85203 21.473495
109.84157 21.477636
109.84075 21.484087
109.84339 21.49115
109.84277 21.495529
109.83897 21.500439
109.83951 21.502266
109.84846 21.50643
109.85125 21.509356
109.85058 21.511898
109.84167 21.510029
109.83794 21.508045
109.83615 21.505558
109.83433 21.501463
109.82838 21.471268
109.82182 21.455332
109.8193 21.45286
109.81535 21.452259
109.80634 21.455675
109.79669 21.462551
109.79511 21.467871
109.79945 21.483856
109.7973 21.495623
109.79786 21.498137
109.80182 21.499197
109.80496 21.49729
109.80503 21.499817
109.80268 21.504005
109.79498 21.510149
109.79431 21.513149
109.79493 21.527611
109.79769 21.539267
109.79665 21.543823
109.79356 21.541426
109.7862 21.532167
109.78146 21.529516
109.76942 21.539429
109.76846 21.550018
109.76378 21.55908
109.77773 21.566128
109.78352 21.580935
109.78311 21.586475
109.77487 21.579287
109.76702 21.570499
109.75626 21.563152
109.75233 21.563467
109.7514 21.565784
109.74934 21.571573
109.74738 21.585993
109.74457 21.583248
109.74361 21.587
109.74053 21.620956
109.76318 21.66732
109.77253 21.673515
109.78359 21.645969
109.79712 21.639767
109.85175 21.647541
109.87267 21.662214
109.8889 21.651871
109.899 21.6576
109.90274 21.697535
109.93063 21.750067
109.93542 21.827412
109.97936 21.879915
110.05622 21.864174
110.10037 21.879461
110.11866 21.899158
110.13637 21.886721
110.16671 21.895824
110.21674 21.892242
110.24256 21.877705
110.29594 21.914255
110.3254 21.886379
110.3449 21.892735
110.36779 21.885073
110.38187 21.893511
110.38643 21.918283
110.37247 21.940601
110.37971 21.958935
110.35099 21.987967
110.36025 22.018459
110.34875 22.041685
110.349 22.096769
110.3637 22.128618
110.32653 22.153545
110.32265 22.17169
110.34672 22.19685
110.36982 22.170139
110.38142 22.169863
110.41495 22.208748
110.43739 22.19993
110.49367 22.148497
110.52086 22.153418
110.55295 22.194805
110.59217 22.185884
110.60017 22.162201
110.62799 22.14851
110.67368 22.187046
110.64453 22.22508
110.65997 22.242208
110.68968 22.252596
110.6938 22.276672
110.72433 22.296459
110.76003 22.276043
110.78259 22.285311
110.78165 22.292662
110.7693 22.294117
110.76283 22.322159
110.74417 22.339029
110.73693 22.364321
110.70802 22.366789
110.70757 22.445057
110.69104 22.452955
110.68154 22.475733
110.69096 22.478432
110.71955 22.460821
110.7399 22.468731
110.73816 22.50202
110.75402 22.538414
110.74577 22.562334
110.75766 22.562948
110.76499 22.583788
110.77813 22.584394
110.7995 22.561077
110.81603 22.585756
110.8854 22.588039
110.89575 22.612295
110.94283 22.613333
110.95374 22.643318
110.96268 22.646006
110.99583 22.639099
111.05147 22.654041
111.08583 22.696909
111.05392 22.731133
111.11331 22.744648
111.17104 22.740025
111.22179 22.756327
111.23721 22.783268
111.28436 22.807617
111.28858 22.830984
111.35181 22.892569
111.37194 22.937349
111.35408 22.960474
111.35766 22.968929
111.39188 22.985342
111.38966 23.008541
111.4248 23.038248
111.42598 23.053839
111.41302 23.0721
111.38477 23.078119
111.37278 23.094761
111.37324 23.155106
111.38944 23.159073
111.39228 23.167536
111.35114 23.287716
111.37551 23.307438
111.37316 23.319622
111.35521 23.338614
111.38507 23.379387
111.3846 23.402563
111.38589 23.449354
111.40099 23.461592
111.39612 23.470819
111.42416 23.481318
111.44611 23.503117
111.48103 23.564924
111.48286 23.63212
111.49916 23.638372
111.56277 23.636078
111.58265 23.648935
111.61105 23.645405
111.61871 23.676516
111.66016 23.71435
111.64932 23.725256
111.61121 23.732115
111.63627 23.812113
111.65852 23.831583
111.67985 23.819637
111.69591 23.841927
111.74255 23.818892
111.79997 23.815207
111.82049 23.850962
111.8068 23.88875
111.85728 23.920225
111.84798 23.949932
111.8859 23.943941
111.90878 23.952131
111.92539 23.97439
111.91966 24.002579
111.91061 24.005816
111.90619 24.043701
111.87071 24.090345
111.8776 24.149345
111.86562 24.176908
111.86569 24.211578
111.87199 24.228792
111.89958 24.222105
111.91618 24.236092
111.93022 24.236073
111.94888 24.267733
111.97395 24.259657
111.98833 24.281446
112.01675 24.298384
112.0569 24.36512
112.01469 24.439373
111.99661 24.446985
111.98059 24.468597
111.99983 24.511045
111.99618 24.54917
111.94093 24.587379
111.92091 24.631266
111.94664 24.652357
111.93716 24.688654
111.95286 24.716417
112.01591 24.739962

