97.000000 27.000000 3.068900
97.000000 26.750000 3.068900
97.000000 26.500000 3.068900
97.000000 26.250000 3.068900
97.000000 26.000000 3.068900
97.000000 25.750000 3.068900
97.000000 25.500000 3.068900
97.000000 25.250000 3.068900
97.000000 25.000000 3.068900
97.000000 24.750000 3.068900
97.000000 24.500000 3.068900
97.000000 24.250000 3.068900
97.000000 24.000000 3.068900
97.000000 23.750000 3.068900
97.000000 23.500000 3.068900
97.000000 23.250000 3.068900
97.000000 23.000000 3.068900
97.000000 22.750000 3.068900
97.000000 22.500000 3.068900
97.000000 22.250000 3.068900
97.000000 22.000000 3.068900
97.250000 27.000000 3.068900
97.250000 26.750000 3.093851
97.250000 26.500000 3.293193
97.250000 26.250000 2.976110
97.250000 26.000000 3.015436
97.250000 25.750000 3.483742
97.250000 25.500000 3.489781
97.250000 25.250000 3.311669
97.250000 25.000000 3.269220
97.250000 24.750000 3.069428
97.250000 24.500000 3.043797
97.250000 24.250000 3.253305
97.250000 24.000000 3.253589
97.250000 23.750000 3.296455
97.250000 23.500000 3.248440
97.250000 23.250000 3.146680
97.250000 23.000000 3.097769
97.250000 22.750000 3.077914
97.250000 22.500000 3.072707
97.250000 22.250000 3.068900
97.250000 22.000000 3.068900
97.500000 27.000000 3.068900
97.500000 26.750000 3.275605
97.500000 26.500000 3.366599
97.500000 26.250000 3.075070
97.500000 26.000000 3.181186
97.500000 25.750000 3.719267
97.500000 25.500000 3.739518
97.500000 25.250000 3.423153
97.500000 25.000000 3.185869
97.500000 24.750000 3.008375
97.500000 24.500000 2.913040
97.500000 24.250000 3.077082
97.500000 24.000000 3.126020
97.500000 23.750000 3.128755
97.500000 23.500000 3.157375
97.500000 23.250000 3.163287
97.500000 23.000000 3.142297
97.500000 22.750000 3.118429
97.500000 22.500000 3.097213
97.500000 22.250000 3.072708
97.500000 22.000000 3.068900
97.750000 27.000000 3.068900
97.750000 26.750000 3.151387
97.750000 26.500000 3.208259
97.750000 26.250000 3.005277
97.750000 26.000000 3.224423
97.750000 25.750000 3.646343
97.750000 25.500000 3.477252
97.750000 25.250000 2.893165
97.750000 25.000000 2.771966
97.750000 24.750000 2.896085
97.750000 24.500000 2.742009
97.750000 24.250000 2.800267
97.750000 24.000000 2.838763
97.750000 23.750000 2.754336
97.750000 23.500000 2.902725
97.750000 23.250000 3.093211
97.750000 23.000000 3.145345
97.750000 22.750000 3.142401
97.750000 22.500000 3.113762
97.750000 22.250000 3.074786
97.750000 22.000000 3.068900
98.000000 27.000000 3.068900
98.000000 26.750000 3.036164
98.000000 26.500000 3.042906
98.000000 26.250000 3.010721
98.000000 26.000000 3.138294
98.000000 25.750000 3.262152
98.000000 25.500000 2.832991
98.000000 25.250000 2.559303
98.000000 25.000000 2.670730
98.000000 24.750000 2.749783
98.000000 24.500000 2.781146
98.000000 24.250000 2.832095
98.000000 24.000000 2.770911
98.000000 23.750000 2.708087
98.000000 23.500000 2.946824
98.000000 23.250000 3.143495
98.000000 23.000000 3.180539
98.000000 22.750000 3.163430
98.000000 22.500000 3.123611
98.000000 22.250000 3.075876
98.000000 22.000000 3.068900
98.250000 27.000000 3.068900
98.250000 26.750000 2.993104
98.250000 26.500000 2.962273
98.250000 26.250000 2.969444
98.250000 26.000000 2.797174
98.250000 25.750000 2.702848
98.250000 25.500000 2.517493
98.250000 25.250000 2.528649
98.250000 25.000000 2.547707
98.250000 24.750000 2.622127
98.250000 24.500000 2.724286
98.250000 24.250000 2.912109
98.250000 24.000000 2.904228
98.250000 23.750000 2.902141
98.250000 23.500000 3.107057
98.250000 23.250000 3.226325
98.250000 23.000000 3.207074
98.250000 22.750000 3.169833
98.250000 22.500000 3.123543
98.250000 22.250000 3.075436
98.250000 22.000000 3.068900
98.500000 27.000000 3.068900
98.500000 26.750000 2.835909
98.500000 26.500000 2.591130
98.500000 26.250000 2.543919
98.500000 26.000000 2.532931
98.500000 25.750000 2.535098
98.500000 25.500000 2.507400
98.500000 25.250000 2.568865
98.500000 25.000000 2.475912
98.500000 24.750000 2.624096
98.500000 24.500000 2.669233
98.500000 24.250000 2.744727
98.500000 24.000000 2.801382
98.500000 23.750000 2.906740
98.500000 23.500000 3.095571
98.500000 23.250000 3.190563
98.500000 23.000000 3.171440
98.500000 22.750000 3.145400
98.500000 22.500000 3.108976
98.500000 22.250000 3.072557
98.500000 22.000000 3.068900
98.750000 27.000000 3.068900
98.750000 26.750000 2.593747
98.750000 26.500000 2.132284
98.750000 26.250000 2.128926
98.750000 26.000000 2.453328
98.750000 25.750000 2.509822
98.750000 25.500000 2.558713
98.750000 25.250000 2.670627
98.750000 25.000000 2.601212
98.750000 24.750000 2.729169
98.750000 24.500000 2.691928
98.750000 24.250000 2.610604
98.750000 24.000000 2.697736
98.750000 23.750000 2.939861
98.750000 23.500000 3.040859
98.750000 23.250000 3.099894
98.750000 23.000000 3.106364
98.750000 22.750000 3.104734
98.750000 22.500000 3.086659
98.750000 22.250000 3.068648
98.750000 22.000000 3.068900
99.000000 27.000000 3.068900
99.000000 26.750000 2.650898
99.000000 26.500000 2.098459
99.000000 26.250000 2.102896
99.000000 26.000000 2.433198
99.000000 25.750000 2.511721
99.000000 25.500000 2.586586
99.000000 25.250000 2.625106
99.000000 25.000000 2.719437
99.000000 24.750000 2.834422
99.000000 24.500000 2.765394
99.000000 24.250000 2.742009
99.000000 24.000000 2.654700
99.000000 23.750000 2.769223
99.000000 23.500000 2.961561
99.000000 23.250000 3.026745
99.000000 23.000000 3.053771
99.000000 22.750000 3.068024
99.000000 22.500000 3.068450
99.000000 22.250000 3.066589
99.000000 22.000000 3.068900
99.250000 27.000000 3.068900
99.250000 26.750000 2.840752
99.250000 26.500000 2.318646
99.250000 26.250000 2.342377
99.250000 26.000000 2.488997
99.250000 25.750000 2.539578
99.250000 25.500000 2.499168
99.250000 25.250000 2.428210
99.250000 25.000000 2.506898
99.250000 24.750000 2.629659
99.250000 24.500000 2.706913
99.250000 24.250000 2.780907
99.250000 24.000000 2.622458
99.250000 23.750000 2.600841
99.250000 23.500000 2.850937
99.250000 23.250000 2.978252
99.250000 23.000000 3.025802
99.250000 22.750000 3.047851
99.250000 22.500000 3.057899
99.250000 22.250000 3.066319
99.250000 22.000000 3.068900
99.500000 27.000000 3.068900
99.500000 26.750000 2.636101
99.500000 26.500000 2.155956
99.500000 26.250000 2.223937
99.500000 26.000000 2.433936
99.500000 25.750000 2.562758
99.500000 25.500000 2.639209
99.500000 25.250000 2.597677
99.500000 25.000000 2.622869
99.500000 24.750000 2.685860
99.500000 24.500000 2.738780
99.500000 24.250000 2.714658
99.500000 24.000000 2.630625
99.500000 23.750000 2.670304
99.500000 23.500000 2.891363
99.500000 23.250000 2.992625
99.500000 23.000000 3.021779
99.500000 22.750000 3.037429
99.500000 22.500000 3.051309
99.500000 22.250000 3.066559
99.500000 22.000000 3.068900
99.750000 27.000000 3.068900
99.750000 26.750000 2.723676
99.750000 26.500000 2.129728
99.750000 26.250000 2.134224
99.750000 26.000000 2.343517
99.750000 25.750000 2.521112
99.750000 25.500000 2.641467
99.750000 25.250000 2.619103
99.750000 25.000000 2.569495
99.750000 24.750000 2.570461
99.750000 24.500000 2.695501
99.750000 24.250000 2.650896
99.750000 24.000000 2.595281
99.750000 23.750000 2.593401
99.750000 23.500000 2.843973
99.750000 23.250000 2.947386
99.750000 23.000000 2.986534
99.750000 22.750000 3.020412
99.750000 22.500000 3.042290
99.750000 22.250000 3.066240
99.750000 22.000000 3.068900
100.000000 27.000000 3.068900
100.000000 26.750000 2.591634
100.000000 26.500000 2.082279
100.000000 26.250000 2.254145
100.000000 26.000000 2.334851
100.000000 25.750000 2.370589
100.000000 25.500000 2.566638
100.000000 25.250000 2.603999
100.000000 25.000000 2.613605
100.000000 24.750000 2.515892
100.000000 24.500000 2.574266
100.000000 24.250000 2.538174
100.000000 24.000000 2.528950
100.000000 23.750000 2.508509
100.000000 23.500000 2.687348
100.000000 23.250000 2.832434
100.000000 23.000000 2.925906
100.000000 22.750000 2.992855
100.000000 22.500000 3.030811
100.000000 22.250000 3.064630
100.000000 22.000000 3.068900
100.250000 27.000000 3.068900
100.250000 26.750000 2.726037
100.250000 26.500000 2.321963
100.250000 26.250000 2.469558
100.250000 26.000000 2.539779
100.250000 25.750000 2.366822
100.250000 25.500000 2.437718
100.250000 25.250000 2.526896
100.250000 25.000000 2.615071
100.250000 24.750000 2.627514
100.250000 24.500000 2.610941
100.250000 24.250000 2.584771
100.250000 24.000000 2.587021
100.250000 23.750000 2.744207
100.250000 23.500000 2.847970
100.250000 23.250000 2.883492
100.250000 23.000000 2.935687
100.250000 22.750000 2.989921
100.250000 22.500000 3.028250
100.250000 22.250000 3.063800
100.250000 22.000000 3.068900
100.500000 27.000000 3.068900
100.500000 26.750000 2.960023
100.500000 26.500000 2.577733
100.500000 26.250000 2.560619
100.500000 26.000000 2.659259
100.500000 25.750000 2.548601
100.500000 25.500000 2.562061
100.500000 25.250000 2.601620
100.500000 25.000000 2.614381
100.500000 24.750000 2.631379
100.500000 24.500000 2.579420
100.500000 24.250000 2.608823
100.500000 24.000000 2.695303
100.500000 23.750000 2.859102
100.500000 23.500000 2.916890
100.500000 23.250000 2.937843
100.500000 23.000000 2.974515
100.500000 22.750000 3.012748
100.500000 22.500000 3.038159
100.500000 22.250000 3.065700
100.500000 22.000000 3.068900
100.750000 27.000000 3.068900
100.750000 26.750000 2.751876
100.750000 26.500000 2.501895
100.750000 26.250000 2.497010
100.750000 26.000000 2.545757
100.750000 25.750000 2.540938
100.750000 25.500000 2.605079
100.750000 25.250000 2.601486
100.750000 25.000000 2.597082
100.750000 24.750000 2.636780
100.750000 24.500000 2.637919
100.750000 24.250000 2.615332
100.750000 24.000000 2.724179
100.750000 23.750000 2.755718
100.750000 23.500000 2.856250
100.750000 23.250000 2.969229
100.750000 23.000000 3.016627
100.750000 22.750000 3.033918
100.750000 22.500000 3.049829
100.750000 22.250000 3.067150
100.750000 22.000000 3.068900
101.000000 27.000000 3.068900
101.000000 26.750000 2.897405
101.000000 26.500000 2.675075
101.000000 26.250000 2.601895
101.000000 26.000000 2.604156
101.000000 25.750000 2.673422
101.000000 25.500000 2.690547
101.000000 25.250000 2.650935
101.000000 25.000000 2.618432
101.000000 24.750000 2.665100
101.000000 24.500000 2.709604
101.000000 24.250000 2.734949
101.000000 24.000000 2.863732
101.000000 23.750000 2.880117
101.000000 23.500000 2.919204
101.000000 23.250000 3.015187
101.000000 23.000000 3.052229
101.000000 22.750000 3.053718
101.000000 22.500000 3.060039
101.000000 22.250000 3.068530
101.000000 22.000000 3.068900
101.250000 27.000000 3.068900
101.250000 26.750000 3.030600
101.250000 26.500000 2.864940
101.250000 26.250000 2.805074
101.250000 26.000000 2.835594
101.250000 25.750000 2.901375
101.250000 25.500000 2.869633
101.250000 25.250000 2.807791
101.250000 25.000000 2.777684
101.250000 24.750000 2.822870
101.250000 24.500000 2.883562
101.250000 24.250000 2.938825
101.250000 24.000000 3.033871
101.250000 23.750000 3.031117
101.250000 23.500000 3.002683
101.250000 23.250000 3.037403
101.250000 23.000000 3.065961
101.250000 22.750000 3.063109
101.250000 22.500000 3.065619
101.250000 22.250000 3.069030
101.250000 22.000000 3.068900
101.500000 27.000000 3.068900
101.500000 26.750000 3.052434
101.500000 26.500000 2.983431
101.500000 26.250000 2.964991
101.500000 26.000000 2.983505
101.500000 25.750000 3.014892
101.500000 25.500000 2.990005
101.500000 25.250000 2.940355
101.500000 25.000000 2.929347
101.500000 24.750000 2.957229
101.500000 24.500000 2.996372
101.500000 24.250000 3.036353
101.500000 24.000000 3.083203
101.500000 23.750000 3.080618
101.500000 23.500000 3.055197
101.500000 23.250000 3.055241
101.500000 23.000000 3.070721
101.500000 22.750000 3.067260
101.500000 22.500000 3.068150
101.500000 22.250000 3.068990
101.500000 22.000000 3.068900
101.750000 27.000000 3.068900
101.750000 26.750000 3.067419
101.750000 26.500000 3.062217
101.750000 26.250000 3.059289
101.750000 26.000000 3.075952
101.750000 25.750000 3.083442
101.750000 25.500000 3.083159
101.750000 25.250000 3.034088
101.750000 25.000000 3.045060
101.750000 24.750000 3.066649
101.750000 24.500000 3.060950
101.750000 24.250000 3.076902
101.750000 24.000000 3.089943
101.750000 23.750000 3.082941
101.750000 23.500000 3.064720
101.750000 23.250000 3.068161
101.750000 23.000000 3.073001
101.750000 22.750000 3.067630
101.750000 22.500000 3.068990
101.750000 22.250000 3.068900
101.750000 22.000000 3.068900
102.000000 27.000000 3.068900
102.000000 26.750000 3.068900
102.000000 26.500000 3.068900
102.000000 26.250000 3.068900
102.000000 26.000000 3.068900
102.000000 25.750000 3.068900
102.000000 25.500000 3.068900
102.000000 25.250000 3.068900
102.000000 25.000000 3.068900
102.000000 24.750000 3.068900
102.000000 24.500000 3.068900
102.000000 24.250000 3.068900
102.000000 24.000000 3.068900
102.000000 23.750000 3.068900
102.000000 23.500000 3.068900
102.000000 23.250000 3.068900
102.000000 23.000000 3.068900
102.000000 22.750000 3.068900
102.000000 22.500000 3.068900
102.000000 22.250000 3.068900
102.000000 22.000000 3.068900
