97.000000 0.000000 3.330700
97.250000 0.000000 3.330700
97.500000 0.000000 3.330400
97.750000 0.000000 3.328280
98.000000 0.000000 3.313560
98.250000 0.000000 3.332940
98.500000 0.000000 3.294300
98.750000 0.000000 3.111070
99.000000 0.000000 3.141590
99.250000 0.000000 3.446360
99.500000 0.000000 3.285260
99.750000 0.000000 3.345210
100.000000 0.000000 3.410180
100.250000 0.000000 3.204400
100.500000 0.000000 3.474150
100.750000 0.000000 3.317060
101.000000 0.000000 3.289110
101.250000 0.000000 3.320420
101.500000 0.000000 3.326780
101.750000 0.000000 3.330700
102.000000 0.000000 3.330700
97.000000 2.000000 3.330700
97.250000 2.000000 3.330400
97.500000 2.000000 3.330680
97.750000 2.000000 3.330610
98.000000 2.000000 3.330251
98.250000 2.000000 3.347091
98.500000 2.000000 3.329191
98.750000 2.000000 3.267163
99.000000 2.000000 3.251672
99.250000 2.000000 3.314187
99.500000 2.000000 3.227288
99.750000 2.000000 3.220503
100.000000 2.000000 3.242363
100.250000 2.000000 3.180659
100.500000 2.000000 3.257016
100.750000 2.000000 3.207293
101.000000 2.000000 3.199132
101.250000 2.000000 3.242261
101.500000 2.000000 3.286570
101.750000 2.000000 3.326780
102.000000 2.000000 3.330700
97.000000 4.000000 3.330700
97.250000 4.000000 3.329760
97.500000 4.000000 3.324910
97.750000 4.000000 3.322200
98.000000 4.000000 3.325060
98.250000 4.000000 3.343064
98.500000 4.000000 3.330087
98.750000 4.000000 3.278459
99.000000 4.000000 3.237627
99.250000 4.000000 3.222080
99.500000 4.000000 3.108603
99.750000 4.000000 3.068312
100.000000 4.000000 3.077286
100.250000 4.000000 3.036243
100.500000 4.000000 3.083989
100.750000 4.000000 3.080631
101.000000 4.000000 3.109640
101.250000 4.000000 3.181152
101.500000 4.000000 3.255251
101.750000 4.000000 3.323750
102.000000 4.000000 3.330700
97.000000 6.000000 3.330700
97.250000 6.000000 3.328100
97.500000 6.000000 3.309780
97.750000 6.000000 3.294479
98.000000 6.000000 3.288431
98.250000 6.000000 3.304364
98.500000 6.000000 3.295428
98.750000 6.000000 3.251305
99.000000 6.000000 3.213840
99.250000 6.000000 3.172059
99.500000 6.000000 3.036329
99.750000 6.000000 2.984781
100.000000 6.000000 2.982708
100.250000 6.000000 2.944971
100.500000 6.000000 3.006909
100.750000 6.000000 3.025090
101.000000 6.000000 3.065721
101.250000 6.000000 3.150103
101.500000 6.000000 3.238562
101.750000 6.000000 3.321930
102.000000 6.000000 3.330700
97.000000 8.000000 3.330700
97.250000 8.000000 3.325468
97.500000 8.000000 3.287831
97.750000 8.000000 3.251653
98.000000 8.000000 3.226522
98.250000 8.000000 3.238822
98.500000 8.000000 3.242689
98.750000 8.000000 3.226043
99.000000 8.000000 3.232340
99.250000 8.000000 3.222317
99.500000 8.000000 3.104910
99.750000 8.000000 3.069878
100.000000 8.000000 3.061661
100.250000 8.000000 3.028479
100.500000 8.000000 3.113996
100.750000 8.000000 3.103541
101.000000 8.000000 3.096531
101.250000 8.000000 3.157182
101.500000 8.000000 3.238292
101.750000 8.000000 3.321670
102.000000 8.000000 3.330700
97.000000 10.000000 3.330700
97.250000 10.000000 3.322266
97.500000 10.000000 3.265984
97.750000 10.000000 3.204996
98.000000 10.000000 3.152404
98.250000 10.000000 3.157990
98.500000 10.000000 3.175435
98.750000 10.000000 3.192238
99.000000 10.000000 3.272740
99.250000 10.000000 3.350169
99.500000 10.000000 3.278925
99.750000 10.000000 3.278348
100.000000 10.000000 3.258902
100.250000 10.000000 3.224859
100.500000 10.000000 3.356315
100.750000 10.000000 3.272985
101.000000 10.000000 3.170881
101.250000 10.000000 3.184929
101.500000 10.000000 3.246720
101.750000 10.000000 3.322220
102.000000 10.000000 3.330700
97.000000 15.000000 3.423900
97.250000 15.000000 3.413250
97.500000 15.000000 3.347693
97.750000 15.000000 3.269217
98.000000 15.000000 3.190935
98.250000 15.000000 3.182528
98.500000 15.000000 3.205052
98.750000 15.000000 3.243854
99.000000 15.000000 3.375562
99.250000 15.000000 3.545060
99.500000 15.000000 3.527183
99.750000 15.000000 3.539663
100.000000 15.000000 3.482323
100.250000 15.000000 3.440960
100.500000 15.000000 3.632875
100.750000 15.000000 3.491161
101.000000 15.000000 3.317200
101.250000 15.000000 3.296848
101.500000 15.000000 3.345289
101.750000 15.000000 3.415700
102.000000 15.000000 3.423900
97.000000 20.000000 3.423900
97.250000 20.000000 3.413903
97.500000 20.000000 3.355829
97.750000 20.000000 3.279157
98.000000 20.000000 3.193047
98.250000 20.000000 3.168726
98.500000 20.000000 3.178411
98.750000 20.000000 3.204733
99.000000 20.000000 3.315017
99.250000 20.000000 3.523429
99.500000 20.000000 3.526336
99.750000 20.000000 3.503963
100.000000 20.000000 3.402412
100.250000 20.000000 3.343181
100.500000 20.000000 3.571821
100.750000 20.000000 3.446552
101.000000 20.000000 3.297850
101.250000 20.000000 3.288631
101.500000 20.000000 3.342040
101.750000 20.000000 3.414920
102.000000 20.000000 3.423900
97.000000 25.000000 3.423900
97.250000 25.000000 3.416015
97.500000 25.000000 3.385593
97.750000 25.000000 3.332354
98.000000 25.000000 3.260965
98.250000 25.000000 3.230820
98.500000 25.000000 3.214660
98.750000 25.000000 3.195659
99.000000 25.000000 3.232520
99.250000 25.000000 3.423519
99.500000 25.000000 3.407519
99.750000 25.000000 3.343178
100.000000 25.000000 3.243364
100.250000 25.000000 3.172870
100.500000 25.000000 3.389665
100.750000 25.000000 3.318240
101.000000 25.000000 3.248429
101.250000 25.000000 3.274758
101.500000 25.000000 3.339496
101.750000 25.000000 3.413906
102.000000 25.000000 3.423900
97.000000 30.000000 3.680300
97.250000 30.000000 3.677187
97.500000 30.000000 3.687039
97.750000 30.000000 3.674933
98.000000 30.000000 3.639351
98.250000 30.000000 3.618492
98.500000 30.000000 3.583405
98.750000 30.000000 3.520889
99.000000 30.000000 3.484605
99.250000 30.000000 3.632446
99.500000 30.000000 3.597444
99.750000 30.000000 3.527660
100.000000 30.000000 3.488240
100.250000 30.000000 3.432812
100.500000 30.000000 3.584209
100.750000 30.000000 3.537932
101.000000 30.000000 3.516240
101.250000 30.000000 3.552948
101.500000 30.000000 3.610157
101.750000 30.000000 3.671237
102.000000 30.000000 3.680300
97.000000 35.000000 3.680300
97.250000 35.000000 3.683018
97.500000 35.000000 3.734738
97.750000 35.000000 3.769424
98.000000 35.000000 3.781079
98.250000 35.000000 3.786849
98.500000 35.000000 3.753613
98.750000 35.000000 3.673099
99.000000 35.000000 3.598610
99.250000 35.000000 3.721929
99.500000 35.000000 3.693773
99.750000 35.000000 3.659711
100.000000 35.000000 3.710616
100.250000 35.000000 3.685131
100.500000 35.000000 3.746353
100.750000 35.000000 3.668122
101.000000 35.000000 3.625910
101.250000 35.000000 3.625620
101.500000 35.000000 3.646380
101.750000 35.000000 3.674680
102.000000 35.000000 3.680300
97.000000 40.000000 3.680300
97.250000 40.000000 3.685969
97.500000 40.000000 3.768488
97.750000 40.000000 3.839459
98.000000 40.000000 3.892679
98.250000 40.000000 3.932043
98.500000 40.000000 3.919787
98.750000 40.000000 3.850966
99.000000 40.000000 3.778177
99.250000 40.000000 3.896462
99.500000 40.000000 3.897312
99.750000 40.000000 3.915984
100.000000 40.000000 4.043468
100.250000 40.000000 4.047862
100.500000 40.000000 4.026401
100.750000 40.000000 3.888668
101.000000 40.000000 3.784132
101.250000 40.000000 3.720681
101.500000 40.000000 3.691295
101.750000 40.000000 3.679265
102.000000 40.000000 3.680300
97.000000 45.000000 4.117400
97.250000 45.000000 4.124177
97.500000 45.000000 4.210953
97.750000 45.000000 4.294092
98.000000 45.000000 4.369013
98.250000 45.000000 4.431623
98.500000 45.000000 4.443357
98.750000 45.000000 4.400717
99.000000 45.000000 4.350783
99.250000 45.000000 4.470977
99.500000 45.000000 4.500813
99.750000 45.000000 4.559869
100.000000 45.000000 4.728364
100.250000 45.000000 4.749839
100.500000 45.000000 4.672421
100.750000 45.000000 4.490014
101.000000 45.000000 4.333775
101.250000 45.000000 4.222691
101.500000 45.000000 4.158567
101.750000 45.000000 4.119806
102.000000 45.000000 4.117400
97.000000 50.000000 4.117400
97.250000 50.000000 4.122599
97.500000 50.000000 4.181723
97.750000 50.000000 4.243931
98.000000 50.000000 4.312317
98.250000 50.000000 4.385800
98.500000 50.000000 4.414999
98.750000 50.000000 4.389210
99.000000 50.000000 4.350429
99.250000 50.000000 4.505367
99.500000 50.000000 4.535548
99.750000 50.000000 4.591295
100.000000 50.000000 4.789332
100.250000 50.000000 4.798400
100.500000 50.000000 4.687979
100.750000 50.000000 4.492269
101.000000 50.000000 4.331000
101.250000 50.000000 4.216410
101.500000 50.000000 4.155990
101.750000 50.000000 4.120360
102.000000 50.000000 4.117400
97.000000 55.000000 4.162100
97.250000 55.000000 4.162098
97.500000 55.000000 4.167389
97.750000 55.000000 4.174947
98.000000 55.000000 4.196467
98.250000 55.000000 4.284939
98.500000 55.000000 4.330651
98.750000 55.000000 4.275432
99.000000 55.000000 4.184997
99.250000 55.000000 4.559968
99.500000 55.000000 4.497940
99.750000 55.000000 4.430289
100.000000 55.000000 4.740346
100.250000 55.000000 4.617469
100.500000 55.000000 4.495752
100.750000 55.000000 4.329380
101.000000 55.000000 4.247230
101.250000 55.000000 4.173920
101.500000 55.000000 4.165060
101.750000 55.000000 4.162100
102.000000 55.000000 4.162100
97.000000 60.000000 4.162100
97.250000 60.000000 4.162100
97.500000 60.000000 4.162100
97.750000 60.000000 4.162100
98.000000 60.000000 4.162100
98.250000 60.000000 4.162100
98.500000 60.000000 4.162100
98.750000 60.000000 4.162100
99.000000 60.000000 4.162100
99.250000 60.000000 4.162100
99.500000 60.000000 4.162100
99.750000 60.000000 4.162100
100.000000 60.000000 4.162100
100.250000 60.000000 4.162100
100.500000 60.000000 4.162100
100.750000 60.000000 4.162100
101.000000 60.000000 4.162100
101.250000 60.000000 4.162100
101.500000 60.000000 4.162100
101.750000 60.000000 4.162100
102.000000 60.000000 4.162100
