  97.0   27.0    0   1.5931 
  97.2   27.0    0   2.2249 
  97.5   27.0    0   2.5393 
  97.8   27.0    0   2.8297 
  98.0   27.0    0   2.5567 
  98.2   27.0    0   2.1792 
  98.5   27.0    0   2.4372 
  98.8   27.0    0   2.8197 
  99.0   27.0    0   2.5630 
  99.2   27.0    0   2.1804 
  99.5   27.0    0   2.4370 
  99.8   27.0    0   2.8196 
 100.0   27.0    0   2.5630 
 100.2   27.0    0   2.1804 
 100.5   27.0    0   2.4369 
 100.8   27.0    0   2.8191 
 101.0   27.0    0   2.5620 
 101.2   27.0    0   2.1793 
 101.5   27.0    0   2.4484 
 101.8   27.0    0   2.9330 
 102.0   27.0    0   3.0098 
  97.0   26.8    0   1.8469 
  97.2   26.8    0   2.1000 
  97.5   26.8    0   2.5145 
  97.8   26.8    0   2.9000 
  98.0   26.8    0   2.5436 
  98.2   26.8    0   2.1000 
  98.5   26.8    0   2.4511 
  98.8   26.8    0   2.9000 
  99.0   26.8    0   2.5493 
  99.2   26.8    0   2.1000 
  99.5   26.8    0   2.4507 
  99.8   26.8    0   2.9000 
 100.0   26.8    0   2.5494 
 100.2   26.8    0   2.1000 
 100.5   26.8    0   2.4506 
 100.8   26.8    0   2.9000 
 101.0   26.8    0   2.5507 
 101.2   26.8    0   2.1000 
 101.5   26.8    0   2.4222 
 101.8   26.8    0   2.9000 
 102.0   26.8    0   2.9330 
  97.0   26.5    0   2.4180 
  97.2   26.5    0   2.5468 
  97.5   26.5    0   2.5576 
  97.8   26.5    0   2.4554 
  98.0   26.5    0   2.4587 
  98.2   26.5    0   2.5452 
  98.5   26.5    0   2.5390 
  98.8   26.5    0   2.4547 
  99.0   26.5    0   2.4613 
  99.2   26.5    0   2.5453 
  99.5   26.5    0   2.5387 
  99.8   26.5    0   2.4547 
 100.0   26.5    0   2.4613 
 100.2   26.5    0   2.5453 
 100.5   26.5    0   2.5387 
 100.8   26.5    0   2.4548 
 101.0   26.5    0   2.4612 
 101.2   26.5    0   2.5410 
 101.5   26.5    0   2.5174 
 101.8   26.5    0   2.4222 
 102.0   26.5    0   2.4484 
  97.0   26.2    0   2.7923 
  97.2   26.2    0   2.9000 
  97.5   26.2    0   2.5178 
  97.8   26.2    0   2.1000 
  98.0   26.2    0   2.4701 
  98.2   26.2    0   2.9000 
  98.5   26.2    0   2.5299 
  98.8   26.2    0   2.1000 
  99.0   26.2    0   2.4702 
  99.2   26.2    0   2.9000 
  99.5   26.2    0   2.5298 
  99.8   26.2    0   2.1000 
 100.0   26.2    0   2.4702 
 100.2   26.2    0   2.9000 
 100.5   26.2    0   2.5298 
 100.8   26.2    0   2.1000 
 101.0   26.2    0   2.4699 
 101.2   26.2    0   2.9000 
 101.5   26.2    0   2.5410 
 101.8   26.2    0   2.1000 
 102.0   26.2    0   2.1793 
  97.0   26.0    0   2.4851 
  97.2   26.0    0   2.4762 
  97.5   26.0    0   2.4539 
  97.8   26.0    0   2.5313 
  98.0   26.0    0   2.5479 
  98.2   26.0    0   2.4675 
  98.5   26.0    0   2.4518 
  98.8   26.0    0   2.5326 
  99.0   26.0    0   2.5483 
  99.2   26.0    0   2.4674 
  99.5   26.0    0   2.4517 
  99.8   26.0    0   2.5326 
 100.0   26.0    0   2.5483 
 100.2   26.0    0   2.4674 
 100.5   26.0    0   2.4517 
 100.8   26.0    0   2.5327 
 101.0   26.0    0   2.5489 
 101.2   26.0    0   2.4699 
 101.5   26.0    0   2.4612 
 101.8   26.0    0   2.5507 
 102.0   26.0    0   2.5620 
  97.0   25.8    0   2.1822 
  97.2   25.8    0   2.1000 
  97.5   25.8    0   2.4864 
  97.8   25.8    0   2.9000 
  98.0   25.8    0   2.5310 
  98.2   25.8    0   2.1000 
  98.5   25.8    0   2.4680 
  98.8   25.8    0   2.9000 
  99.0   25.8    0   2.5320 
  99.2   25.8    0   2.1000 
  99.5   25.8    0   2.4680 
  99.8   25.8    0   2.9000 
 100.0   25.8    0   2.5320 
 100.2   25.8    0   2.1000 
 100.5   25.8    0   2.4679 
 100.8   25.8    0   2.9000 
 101.0   25.8    0   2.5327 
 101.2   25.8    0   2.1000 
 101.5   25.8    0   2.4548 
 101.8   25.8    0   2.9000 
 102.0   25.8    0   2.8191 
  97.0   25.5    0   2.5096 
  97.2   25.5    0   2.5235 
  97.5   25.5    0   2.5476 
  97.8   25.5    0   2.4693 
  98.0   25.5    0   2.4520 
  98.2   25.5    0   2.5319 
  98.5   25.5    0   2.5480 
  98.8   25.5    0   2.4680 
  99.0   25.5    0   2.4520 
  99.2   25.5    0   2.5320 
  99.5   25.5    0   2.5480 
  99.8   25.5    0   2.4680 
 100.0   25.5    0   2.4520 
 100.2   25.5    0   2.5320 
 100.5   25.5    0   2.5480 
 100.8   25.5    0   2.4679 
 101.0   25.5    0   2.4517 
 101.2   25.5    0   2.5298 
 101.5   25.5    0   2.5387 
 101.8   25.5    0   2.4506 
 102.0   25.5    0   2.4369 
  97.0   25.2    0   2.8175 
  97.2   25.2    0   2.9000 
  97.5   25.2    0   2.5139 
  97.8   25.2    0   2.1000 
  98.0   25.2    0   2.4690 
  98.2   25.2    0   2.9000 
  98.5   25.2    0   2.5319 
  98.8   25.2    0   2.1000 
  99.0   25.2    0   2.4680 
  99.2   25.2    0   2.9000 
  99.5   25.2    0   2.5320 
  99.8   25.2    0   2.1000 
 100.0   25.2    0   2.4680 
 100.2   25.2    0   2.9000 
 100.5   25.2    0   2.5320 
 100.8   25.2    0   2.1000 
 101.0   25.2    0   2.4674 
 101.2   25.2    0   2.9000 
 101.5   25.2    0   2.5453 
 101.8   25.2    0   2.1000 
 102.0   25.2    0   2.1804 
  97.0   25.0    0   2.4908 
  97.2   25.0    0   2.4765 
  97.5   25.0    0   2.4524 
  97.8   25.0    0   2.5307 
  98.0   25.0    0   2.5480 
  98.2   25.0    0   2.4681 
  98.5   25.0    0   2.4520 
  98.8   25.0    0   2.5320 
  99.0   25.0    0   2.5480 
  99.2   25.0    0   2.4680 
  99.5   25.0    0   2.4520 
  99.8   25.0    0   2.5320 
 100.0   25.0    0   2.5480 
 100.2   25.0    0   2.4680 
 100.5   25.0    0   2.4520 
 100.8   25.0    0   2.5320 
 101.0   25.0    0   2.5483 
 101.2   25.0    0   2.4702 
 101.5   25.0    0   2.4613 
 101.8   25.0    0   2.5494 
 102.0   25.0    0   2.5630 
  97.0   24.8    0   2.1828 
  97.2   24.8    0   2.1000 
  97.5   24.8    0   2.4861 
  97.8   24.8    0   2.9000 
  98.0   24.8    0   2.5310 
  98.2   24.8    0   2.1000 
  98.5   24.8    0   2.4681 
  98.8   24.8    0   2.9000 
  99.0   24.8    0   2.5320 
  99.2   24.8    0   2.1000 
  99.5   24.8    0   2.4680 
  99.8   24.8    0   2.9000 
 100.0   24.8    0   2.5320 
 100.2   24.8    0   2.1000 
 100.5   24.8    0   2.4680 
 100.8   24.8    0   2.9000 
 101.0   24.8    0   2.5326 
 101.2   24.8    0   2.1000 
 101.5   24.8    0   2.4547 
 101.8   24.8    0   2.9000 
 102.0   24.8    0   2.8196 
  97.0   24.5    0   2.5093 
  97.2   24.5    0   2.5235 
  97.5   24.5    0   2.5476 
  97.8   24.5    0   2.4693 
  98.0   24.5    0   2.4520 
  98.2   24.5    0   2.5319 
  98.5   24.5    0   2.5480 
  98.8   24.5    0   2.4680 
  99.0   24.5    0   2.4520 
  99.2   24.5    0   2.5320 
  99.5   24.5    0   2.5480 
  99.8   24.5    0   2.4680 
 100.0   24.5    0   2.4520 
 100.2   24.5    0   2.5320 
 100.5   24.5    0   2.5480 
 100.8   24.5    0   2.4680 
 101.0   24.5    0   2.4517 
 101.2   24.5    0   2.5298 
 101.5   24.5    0   2.5387 
 101.8   24.5    0   2.4507 
 102.0   24.5    0   2.4370 
  97.0   24.2    0   2.8172 
  97.2   24.2    0   2.9000 
  97.5   24.2    0   2.5139 
  97.8   24.2    0   2.1000 
  98.0   24.2    0   2.4690 
  98.2   24.2    0   2.9000 
  98.5   24.2    0   2.5319 
  98.8   24.2    0   2.1000 
  99.0   24.2    0   2.4680 
  99.2   24.2    0   2.9000 
  99.5   24.2    0   2.5320 
  99.8   24.2    0   2.1000 
 100.0   24.2    0   2.4680 
 100.2   24.2    0   2.9000 
 100.5   24.2    0   2.5320 
 100.8   24.2    0   2.1000 
 101.0   24.2    0   2.4674 
 101.2   24.2    0   2.9000 
 101.5   24.2    0   2.5453 
 101.8   24.2    0   2.1000 
 102.0   24.2    0   2.1804 
  97.0   24.0    0   2.4905 
  97.2   24.0    0   2.4766 
  97.5   24.0    0   2.4524 
  97.8   24.0    0   2.5307 
  98.0   24.0    0   2.5480 
  98.2   24.0    0   2.4681 
  98.5   24.0    0   2.4520 
  98.8   24.0    0   2.5320 
  99.0   24.0    0   2.5480 
  99.2   24.0    0   2.4680 
  99.5   24.0    0   2.4520 
  99.8   24.0    0   2.5320 
 100.0   24.0    0   2.5480 
 100.2   24.0    0   2.4680 
 100.5   24.0    0   2.4520 
 100.8   24.0    0   2.5320 
 101.0   24.0    0   2.5483 
 101.2   24.0    0   2.4702 
 101.5   24.0    0   2.4613 
 101.8   24.0    0   2.5493 
 102.0   24.0    0   2.5630 
  97.0   23.8    0   2.1821 
  97.2   23.8    0   2.1000 
  97.5   23.8    0   2.4861 
  97.8   23.8    0   2.9000 
  98.0   23.8    0   2.5310 
  98.2   23.8    0   2.1000 
  98.5   23.8    0   2.4681 
  98.8   23.8    0   2.9000 
  99.0   23.8    0   2.5320 
  99.2   23.8    0   2.1000 
  99.5   23.8    0   2.4680 
  99.8   23.8    0   2.9000 
 100.0   23.8    0   2.5320 
 100.2   23.8    0   2.1000 
 100.5   23.8    0   2.4680 
 100.8   23.8    0   2.9000 
 101.0   23.8    0   2.5326 
 101.2   23.8    0   2.1000 
 101.5   23.8    0   2.4547 
 101.8   23.8    0   2.9000 
 102.0   23.8    0   2.8197 
  97.0   23.5    0   2.5075 
  97.2   23.5    0   2.5235 
  97.5   23.5    0   2.5476 
  97.8   23.5    0   2.4694 
  98.0   23.5    0   2.4521 
  98.2   23.5    0   2.5318 
  98.5   23.5    0   2.5480 
  98.8   23.5    0   2.4681 
  99.0   23.5    0   2.4520 
  99.2   23.5    0   2.5319 
  99.5   23.5    0   2.5480 
  99.8   23.5    0   2.4681 
 100.0   23.5    0   2.4520 
 100.2   23.5    0   2.5319 
 100.5   23.5    0   2.5480 
 100.8   23.5    0   2.4680 
 101.0   23.5    0   2.4518 
 101.2   23.5    0   2.5299 
 101.5   23.5    0   2.5390 
 101.8   23.5    0   2.4511 
 102.0   23.5    0   2.4372 
  97.0   23.2    0   2.8137 
  97.2   23.2    0   2.9000 
  97.5   23.2    0   2.5139 
  97.8   23.2    0   2.1000 
  98.0   23.2    0   2.4691 
  98.2   23.2    0   2.9000 
  98.5   23.2    0   2.5318 
  98.8   23.2    0   2.1000 
  99.0   23.2    0   2.4681 
  99.2   23.2    0   2.9000 
  99.5   23.2    0   2.5319 
  99.8   23.2    0   2.1000 
 100.0   23.2    0   2.4681 
 100.2   23.2    0   2.9000 
 100.5   23.2    0   2.5319 
 100.8   23.2    0   2.1000 
 101.0   23.2    0   2.4675 
 101.2   23.2    0   2.9000 
 101.5   23.2    0   2.5452 
 101.8   23.2    0   2.1000 
 102.0   23.2    0   2.1792 
  97.0   23.0    0   2.4866 
  97.2   23.0    0   2.4814 
  97.5   23.0    0   2.4553 
  97.8   23.0    0   2.5292 
  98.0   23.0    0   2.5475 
  98.2   23.0    0   2.4691 
  98.5   23.0    0   2.4521 
  98.8   23.0    0   2.5310 
  99.0   23.0    0   2.5480 
  99.2   23.0    0   2.4690 
  99.5   23.0    0   2.4520 
  99.8   23.0    0   2.5310 
 100.0   23.0    0   2.5480 
 100.2   23.0    0   2.4690 
 100.5   23.0    0   2.4520 
 100.8   23.0    0   2.5310 
 101.0   23.0    0   2.5479 
 101.2   23.0    0   2.4701 
 101.5   23.0    0   2.4587 
 101.8   23.0    0   2.5436 
 102.0   23.0    0   2.5567 
  97.0   22.8    0   2.1809 
  97.2   22.8    0   2.1000 
  97.5   22.8    0   2.4926 
  97.8   22.8    0   2.9000 
  98.0   22.8    0   2.5292 
  98.2   22.8    0   2.1000 
  98.5   22.8    0   2.4694 
  98.8   22.8    0   2.9000 
  99.0   22.8    0   2.5307 
  99.2   22.8    0   2.1000 
  99.5   22.8    0   2.4693 
  99.8   22.8    0   2.9000 
 100.0   22.8    0   2.5307 
 100.2   22.8    0   2.1000 
 100.5   22.8    0   2.4693 
 100.8   22.8    0   2.9000 
 101.0   22.8    0   2.5313 
 101.2   22.8    0   2.1000 
 101.5   22.8    0   2.4554 
 101.8   22.8    0   2.9000 
 102.0   22.8    0   2.8297 
  97.0   22.5    0   2.5610 
  97.2   22.5    0   2.4384 
  97.5   22.5    0   2.5216 
  97.8   22.5    0   2.4926 
  98.0   22.5    0   2.4553 
  98.2   22.5    0   2.5139 
  98.5   22.5    0   2.5476 
  98.8   22.5    0   2.4861 
  99.0   22.5    0   2.4524 
  99.2   22.5    0   2.5139 
  99.5   22.5    0   2.5476 
  99.8   22.5    0   2.4861 
 100.0   22.5    0   2.4524 
 100.2   22.5    0   2.5139 
 100.5   22.5    0   2.5476 
 100.8   22.5    0   2.4864 
 101.0   22.5    0   2.4539 
 101.2   22.5    0   2.5178 
 101.5   22.5    0   2.5576 
 101.8   22.5    0   2.5145 
 102.0   22.5    0   2.5393 
  97.0   22.2    0   3.2770 
  97.2   22.2    0   2.9000 
  97.5   22.2    0   2.4384 
  97.8   22.2    0   2.1000 
  98.0   22.2    0   2.4814 
  98.2   22.2    0   2.9000 
  98.5   22.2    0   2.5235 
  98.8   22.2    0   2.1000 
  99.0   22.2    0   2.4766 
  99.2   22.2    0   2.9000 
  99.5   22.2    0   2.5235 
  99.8   22.2    0   2.1000 
 100.0   22.2    0   2.4765 
 100.2   22.2    0   2.9000 
 100.5   22.2    0   2.5235 
 100.8   22.2    0   2.1000 
 101.0   22.2    0   2.4762 
 101.2   22.2    0   2.9000 
 101.5   22.2    0   2.5468 
 101.8   22.2    0   2.1000 
 102.0   22.2    0   2.2249 
  97.0   22.0    0   3.9920 
  97.2   22.0    0   3.2770 
  97.5   22.0    0   2.5610 
  97.8   22.0    0   2.1809 
  98.0   22.0    0   2.4866 
  98.2   22.0    0   2.8137 
  98.5   22.0    0   2.5075 
  98.8   22.0    0   2.1821 
  99.0   22.0    0   2.4905 
  99.2   22.0    0   2.8172 
  99.5   22.0    0   2.5093 
  99.8   22.0    0   2.1828 
 100.0   22.0    0   2.4908 
 100.2   22.0    0   2.8175 
 100.5   22.0    0   2.5096 
 100.8   22.0    0   2.1822 
 101.0   22.0    0   2.4851 
 101.2   22.0    0   2.7923 
 101.5   22.0    0   2.4180 
 101.8   22.0    0   1.8469 
 102.0   22.0    0   1.5931 
