  97.0   27.0    6   1.7131 
  97.2   27.0    6   2.3449 
  97.5   27.0    6   2.6593 
  97.8   27.0    6   2.9497 
  98.0   27.0    6   2.6767 
  98.2   27.0    6   2.2992 
  98.5   27.0    6   2.5572 
  98.8   27.0    6   2.9397 
  99.0   27.0    6   2.6830 
  99.2   27.0    6   2.3004 
  99.5   27.0    6   2.5570 
  99.8   27.0    6   2.9396 
 100.0   27.0    6   2.6830 
 100.2   27.0    6   2.3004 
 100.5   27.0    6   2.5569 
 100.8   27.0    6   2.9391 
 101.0   27.0    6   2.6820 
 101.2   27.0    6   2.2993 
 101.5   27.0    6   2.5684 
 101.8   27.0    6   3.0530 
 102.0   27.0    6   3.1298 
  97.0   26.8    6   1.9669 
  97.2   26.8    6   2.2200 
  97.5   26.8    6   2.6345 
  97.8   26.8    6   3.0200 
  98.0   26.8    6   2.6636 
  98.2   26.8    6   2.2200 
  98.5   26.8    6   2.5711 
  98.8   26.8    6   3.0200 
  99.0   26.8    6   2.6693 
  99.2   26.8    6   2.2200 
  99.5   26.8    6   2.5707 
  99.8   26.8    6   3.0200 
 100.0   26.8    6   2.6694 
 100.2   26.8    6   2.2200 
 100.5   26.8    6   2.5706 
 100.8   26.8    6   3.0200 
 101.0   26.8    6   2.6707 
 101.2   26.8    6   2.2200 
 101.5   26.8    6   2.5422 
 101.8   26.8    6   3.0200 
 102.0   26.8    6   3.0530 
  97.0   26.5    6   2.5380 
  97.2   26.5    6   2.6668 
  97.5   26.5    6   2.6776 
  97.8   26.5    6   2.5754 
  98.0   26.5    6   2.5787 
  98.2   26.5    6   2.6652 
  98.5   26.5    6   2.6590 
  98.8   26.5    6   2.5747 
  99.0   26.5    6   2.5813 
  99.2   26.5    6   2.6653 
  99.5   26.5    6   2.6587 
  99.8   26.5    6   2.5747 
 100.0   26.5    6   2.5813 
 100.2   26.5    6   2.6653 
 100.5   26.5    6   2.6587 
 100.8   26.5    6   2.5748 
 101.0   26.5    6   2.5812 
 101.2   26.5    6   2.6610 
 101.5   26.5    6   2.6374 
 101.8   26.5    6   2.5422 
 102.0   26.5    6   2.5684 
  97.0   26.2    6   2.9123 
  97.2   26.2    6   3.0200 
  97.5   26.2    6   2.6378 
  97.8   26.2    6   2.2200 
  98.0   26.2    6   2.5901 
  98.2   26.2    6   3.0200 
  98.5   26.2    6   2.6499 
  98.8   26.2    6   2.2200 
  99.0   26.2    6   2.5902 
  99.2   26.2    6   3.0200 
  99.5   26.2    6   2.6498 
  99.8   26.2    6   2.2200 
 100.0   26.2    6   2.5902 
 100.2   26.2    6   3.0200 
 100.5   26.2    6   2.6498 
 100.8   26.2    6   2.2200 
 101.0   26.2    6   2.5899 
 101.2   26.2    6   3.0200 
 101.5   26.2    6   2.6610 
 101.8   26.2    6   2.2200 
 102.0   26.2    6   2.2993 
  97.0   26.0    6   2.6051 
  97.2   26.0    6   2.5962 
  97.5   26.0    6   2.5739 
  97.8   26.0    6   2.6513 
  98.0   26.0    6   2.6679 
  98.2   26.0    6   2.5875 
  98.5   26.0    6   2.5718 
  98.8   26.0    6   2.6526 
  99.0   26.0    6   2.6683 
  99.2   26.0    6   2.5874 
  99.5   26.0    6   2.5717 
  99.8   26.0    6   2.6526 
 100.0   26.0    6   2.6683 
 100.2   26.0    6   2.5874 
 100.5   26.0    6   2.5717 
 100.8   26.0    6   2.6527 
 101.0   26.0    6   2.6689 
 101.2   26.0    6   2.5899 
 101.5   26.0    6   2.5812 
 101.8   26.0    6   2.6707 
 102.0   26.0    6   2.6820 
  97.0   25.8    6   2.3022 
  97.2   25.8    6   2.2200 
  97.5   25.8    6   2.6064 
  97.8   25.8    6   3.0200 
  98.0   25.8    6   2.6510 
  98.2   25.8    6   2.2200 
  98.5   25.8    6   2.5880 
  98.8   25.8    6   3.0200 
  99.0   25.8    6   2.6520 
  99.2   25.8    6   2.2200 
  99.5   25.8    6   2.5880 
  99.8   25.8    6   3.0200 
 100.0   25.8    6   2.6520 
 100.2   25.8    6   2.2200 
 100.5   25.8    6   2.5879 
 100.8   25.8    6   3.0200 
 101.0   25.8    6   2.6527 
 101.2   25.8    6   2.2200 
 101.5   25.8    6   2.5748 
 101.8   25.8    6   3.0200 
 102.0   25.8    6   2.9391 
  97.0   25.5    6   2.6296 
  97.2   25.5    6   2.6435 
  97.5   25.5    6   2.6676 
  97.8   25.5    6   2.5893 
  98.0   25.5    6   2.5720 
  98.2   25.5    6   2.6519 
  98.5   25.5    6   2.6680 
  98.8   25.5    6   2.5880 
  99.0   25.5    6   2.5720 
  99.2   25.5    6   2.6520 
  99.5   25.5    6   2.6680 
  99.8   25.5    6   2.5880 
 100.0   25.5    6   2.5720 
 100.2   25.5    6   2.6520 
 100.5   25.5    6   2.6680 
 100.8   25.5    6   2.5879 
 101.0   25.5    6   2.5717 
 101.2   25.5    6   2.6498 
 101.5   25.5    6   2.6587 
 101.8   25.5    6   2.5706 
 102.0   25.5    6   2.5569 
  97.0   25.2    6   2.9375 
  97.2   25.2    6   3.0200 
  97.5   25.2    6   2.6339 
  97.8   25.2    6   2.2200 
  98.0   25.2    6   2.5890 
  98.2   25.2    6   3.0200 
  98.5   25.2    6   2.6519 
  98.8   25.2    6   2.2200 
  99.0   25.2    6   2.5880 
  99.2   25.2    6   3.0200 
  99.5   25.2    6   2.6520 
  99.8   25.2    6   2.2200 
 100.0   25.2    6   2.5880 
 100.2   25.2    6   3.0200 
 100.5   25.2    6   2.6520 
 100.8   25.2    6   2.2200 
 101.0   25.2    6   2.5874 
 101.2   25.2    6   3.0200 
 101.5   25.2    6   2.6653 
 101.8   25.2    6   2.2200 
 102.0   25.2    6   2.3004 
  97.0   25.0    6   2.6108 
  97.2   25.0    6   2.5965 
  97.5   25.0    6   2.5724 
  97.8   25.0    6   2.6507 
  98.0   25.0    6   2.6680 
  98.2   25.0    6   2.5881 
  98.5   25.0    6   2.5720 
  98.8   25.0    6   2.6520 
  99.0   25.0    6   2.6680 
  99.2   25.0    6   2.5880 
  99.5   25.0    6   2.5720 
  99.8   25.0    6   2.6520 
 100.0   25.0    6   2.6680 
 100.2   25.0    6   2.5880 
 100.5   25.0    6   2.5720 
 100.8   25.0    6   2.6520 
 101.0   25.0    6   2.6683 
 101.2   25.0    6   2.5902 
 101.5   25.0    6   2.5813 
 101.8   25.0    6   2.6694 
 102.0   25.0    6   2.6830 
  97.0   24.8    6   2.3028 
  97.2   24.8    6   2.2200 
  97.5   24.8    6   2.6061 
  97.8   24.8    6   3.0200 
  98.0   24.8    6   2.6510 
  98.2   24.8    6   2.2200 
  98.5   24.8    6   2.5881 
  98.8   24.8    6   3.0200 
  99.0   24.8    6   2.6520 
  99.2   24.8    6   2.2200 
  99.5   24.8    6   2.5880 
  99.8   24.8    6   3.0200 
 100.0   24.8    6   2.6520 
 100.2   24.8    6   2.2200 
 100.5   24.8    6   2.5880 
 100.8   24.8    6   3.0200 
 101.0   24.8    6   2.6526 
 101.2   24.8    6   2.2200 
 101.5   24.8    6   2.5747 
 101.8   24.8    6   3.0200 
 102.0   24.8    6   2.9396 
  97.0   24.5    6   2.6293 
  97.2   24.5    6   2.6435 
  97.5   24.5    6   2.6676 
  97.8   24.5    6   2.5893 
  98.0   24.5    6   2.5720 
  98.2   24.5    6   2.6519 
  98.5   24.5    6   2.6680 
  98.8   24.5    6   2.5880 
  99.0   24.5    6   2.5720 
  99.2   24.5    6   2.6520 
  99.5   24.5    6   2.6680 
  99.8   24.5    6   2.5880 
 100.0   24.5    6   2.5720 
 100.2   24.5    6   2.6520 
 100.5   24.5    6   2.6680 
 100.8   24.5    6   2.5880 
 101.0   24.5    6   2.5717 
 101.2   24.5    6   2.6498 
 101.5   24.5    6   2.6587 
 101.8   24.5    6   2.5707 
 102.0   24.5    6   2.5570 
  97.0   24.2    6   2.9372 
  97.2   24.2    6   3.0200 
  97.5   24.2    6   2.6339 
  97.8   24.2    6   2.2200 
  98.0   24.2    6   2.5890 
  98.2   24.2    6   3.0200 
  98.5   24.2    6   2.6519 
  98.8   24.2    6   2.2200 
  99.0   24.2    6   2.5880 
  99.2   24.2    6   3.0200 
  99.5   24.2    6   2.6520 
  99.8   24.2    6   2.2200 
 100.0   24.2    6   2.5880 
 100.2   24.2    6   3.0200 
 100.5   24.2    6   2.6520 
 100.8   24.2    6   2.2200 
 101.0   24.2    6   2.5874 
 101.2   24.2    6   3.0200 
 101.5   24.2    6   2.6653 
 101.8   24.2    6   2.2200 
 102.0   24.2    6   2.3004 
  97.0   24.0    6   2.6105 
  97.2   24.0    6   2.5966 
  97.5   24.0    6   2.5724 
  97.8   24.0    6   2.6507 
  98.0   24.0    6   2.6680 
  98.2   24.0    6   2.5881 
  98.5   24.0    6   2.5720 
  98.8   24.0    6   2.6520 
  99.0   24.0    6   2.6680 
  99.2   24.0    6   2.5880 
  99.5   24.0    6   2.5720 
  99.8   24.0    6   2.6520 
 100.0   24.0    6   2.6680 
 100.2   24.0    6   2.5880 
 100.5   24.0    6   2.5720 
 100.8   24.0    6   2.6520 
 101.0   24.0    6   2.6683 
 101.2   24.0    6   2.5902 
 101.5   24.0    6   2.5813 
 101.8   24.0    6   2.6693 
 102.0   24.0    6   2.6830 
  97.0   23.8    6   2.3021 
  97.2   23.8    6   2.2200 
  97.5   23.8    6   2.6061 
  97.8   23.8    6   3.0200 
  98.0   23.8    6   2.6510 
  98.2   23.8    6   2.2200 
  98.5   23.8    6   2.5881 
  98.8   23.8    6   3.0200 
  99.0   23.8    6   2.6520 
  99.2   23.8    6   2.2200 
  99.5   23.8    6   2.5880 
  99.8   23.8    6   3.0200 
 100.0   23.8    6   2.6520 
 100.2   23.8    6   2.2200 
 100.5   23.8    6   2.5880 
 100.8   23.8    6   3.0200 
 101.0   23.8    6   2.6526 
 101.2   23.8    6   2.2200 
 101.5   23.8    6   2.5747 
 101.8   23.8    6   3.0200 
 102.0   23.8    6   2.9397 
  97.0   23.5    6   2.6275 
  97.2   23.5    6   2.6435 
  97.5   23.5    6   2.6676 
  97.8   23.5    6   2.5894 
  98.0   23.5    6   2.5721 
  98.2   23.5    6   2.6518 
  98.5   23.5    6   2.6680 
  98.8   23.5    6   2.5881 
  99.0   23.5    6   2.5720 
  99.2   23.5    6   2.6519 
  99.5   23.5    6   2.6680 
  99.8   23.5    6   2.5881 
 100.0   23.5    6   2.5720 
 100.2   23.5    6   2.6519 
 100.5   23.5    6   2.6680 
 100.8   23.5    6   2.5880 
 101.0   23.5    6   2.5718 
 101.2   23.5    6   2.6499 
 101.5   23.5    6   2.6590 
 101.8   23.5    6   2.5711 
 102.0   23.5    6   2.5572 
  97.0   23.2    6   2.9337 
  97.2   23.2    6   3.0200 
  97.5   23.2    6   2.6339 
  97.8   23.2    6   2.2200 
  98.0   23.2    6   2.5891 
  98.2   23.2    6   3.0200 
  98.5   23.2    6   2.6518 
  98.8   23.2    6   2.2200 
  99.0   23.2    6   2.5881 
  99.2   23.2    6   3.0200 
  99.5   23.2    6   2.6519 
  99.8   23.2    6   2.2200 
 100.0   23.2    6   2.5881 
 100.2   23.2    6   3.0200 
 100.5   23.2    6   2.6519 
 100.8   23.2    6   2.2200 
 101.0   23.2    6   2.5875 
 101.2   23.2    6   3.0200 
 101.5   23.2    6   2.6652 
 101.8   23.2    6   2.2200 
 102.0   23.2    6   2.2992 
  97.0   23.0    6   2.6066 
  97.2   23.0    6   2.6014 
  97.5   23.0    6   2.5753 
  97.8   23.0    6   2.6492 
  98.0   23.0    6   2.6675 
  98.2   23.0    6   2.5891 
  98.5   23.0    6   2.5721 
  98.8   23.0    6   2.6510 
  99.0   23.0    6   2.6680 
  99.2   23.0    6   2.5890 
  99.5   23.0    6   2.5720 
  99.8   23.0    6   2.6510 
 100.0   23.0    6   2.6680 
 100.2   23.0    6   2.5890 
 100.5   23.0    6   2.5720 
 100.8   23.0    6   2.6510 
 101.0   23.0    6   2.6679 
 101.2   23.0    6   2.5901 
 101.5   23.0    6   2.5787 
 101.8   23.0    6   2.6636 
 102.0   23.0    6   2.6767 
  97.0   22.8    6   2.3009 
  97.2   22.8    6   2.2200 
  97.5   22.8    6   2.6126 
  97.8   22.8    6   3.0200 
  98.0   22.8    6   2.6492 
  98.2   22.8    6   2.2200 
  98.5   22.8    6   2.5894 
  98.8   22.8    6   3.0200 
  99.0   22.8    6   2.6507 
  99.2   22.8    6   2.2200 
  99.5   22.8    6   2.5893 
  99.8   22.8    6   3.0200 
 100.0   22.8    6   2.6507 
 100.2   22.8    6   2.2200 
 100.5   22.8    6   2.5893 
 100.8   22.8    6   3.0200 
 101.0   22.8    6   2.6513 
 101.2   22.8    6   2.2200 
 101.5   22.8    6   2.5754 
 101.8   22.8    6   3.0200 
 102.0   22.8    6   2.9497 
  97.0   22.5    6   2.6810 
  97.2   22.5    6   2.5584 
  97.5   22.5    6   2.6416 
  97.8   22.5    6   2.6126 
  98.0   22.5    6   2.5753 
  98.2   22.5    6   2.6339 
  98.5   22.5    6   2.6676 
  98.8   22.5    6   2.6061 
  99.0   22.5    6   2.5724 
  99.2   22.5    6   2.6339 
  99.5   22.5    6   2.6676 
  99.8   22.5    6   2.6061 
 100.0   22.5    6   2.5724 
 100.2   22.5    6   2.6339 
 100.5   22.5    6   2.6676 
 100.8   22.5    6   2.6064 
 101.0   22.5    6   2.5739 
 101.2   22.5    6   2.6378 
 101.5   22.5    6   2.6776 
 101.8   22.5    6   2.6345 
 102.0   22.5    6   2.6593 
  97.0   22.2    6   3.3970 
  97.2   22.2    6   3.0200 
  97.5   22.2    6   2.5584 
  97.8   22.2    6   2.2200 
  98.0   22.2    6   2.6014 
  98.2   22.2    6   3.0200 
  98.5   22.2    6   2.6435 
  98.8   22.2    6   2.2200 
  99.0   22.2    6   2.5966 
  99.2   22.2    6   3.0200 
  99.5   22.2    6   2.6435 
  99.8   22.2    6   2.2200 
 100.0   22.2    6   2.5965 
 100.2   22.2    6   3.0200 
 100.5   22.2    6   2.6435 
 100.8   22.2    6   2.2200 
 101.0   22.2    6   2.5962 
 101.2   22.2    6   3.0200 
 101.5   22.2    6   2.6668 
 101.8   22.2    6   2.2200 
 102.0   22.2    6   2.3449 
  97.0   22.0    6   4.1120 
  97.2   22.0    6   3.3970 
  97.5   22.0    6   2.6810 
  97.8   22.0    6   2.3009 
  98.0   22.0    6   2.6066 
  98.2   22.0    6   2.9337 
  98.5   22.0    6   2.6275 
  98.8   22.0    6   2.3021 
  99.0   22.0    6   2.6105 
  99.2   22.0    6   2.9372 
  99.5   22.0    6   2.6293 
  99.8   22.0    6   2.3028 
 100.0   22.0    6   2.6108 
 100.2   22.0    6   2.9375 
 100.5   22.0    6   2.6296 
 100.8   22.0    6   2.3022 
 101.0   22.0    6   2.6051 
 101.2   22.0    6   2.9123 
 101.5   22.0    6   2.5380 
 101.8   22.0    6   1.9669 
 102.0   22.0    6   1.7131 
