  97.0   27.0    8   1.7531 
  97.2   27.0    8   2.3849 
  97.5   27.0    8   2.6993 
  97.8   27.0    8   2.9897 
  98.0   27.0    8   2.7167 
  98.2   27.0    8   2.3392 
  98.5   27.0    8   2.5972 
  98.8   27.0    8   2.9797 
  99.0   27.0    8   2.7230 
  99.2   27.0    8   2.3404 
  99.5   27.0    8   2.5970 
  99.8   27.0    8   2.9796 
 100.0   27.0    8   2.7230 
 100.2   27.0    8   2.3404 
 100.5   27.0    8   2.5969 
 100.8   27.0    8   2.9791 
 101.0   27.0    8   2.7220 
 101.2   27.0    8   2.3393 
 101.5   27.0    8   2.6084 
 101.8   27.0    8   3.0930 
 102.0   27.0    8   3.1698 
  97.0   26.8    8   2.0069 
  97.2   26.8    8   2.2600 
  97.5   26.8    8   2.6745 
  97.8   26.8    8   3.0600 
  98.0   26.8    8   2.7036 
  98.2   26.8    8   2.2600 
  98.5   26.8    8   2.6111 
  98.8   26.8    8   3.0600 
  99.0   26.8    8   2.7093 
  99.2   26.8    8   2.2600 
  99.5   26.8    8   2.6107 
  99.8   26.8    8   3.0600 
 100.0   26.8    8   2.7094 
 100.2   26.8    8   2.2600 
 100.5   26.8    8   2.6106 
 100.8   26.8    8   3.0600 
 101.0   26.8    8   2.7107 
 101.2   26.8    8   2.2600 
 101.5   26.8    8   2.5822 
 101.8   26.8    8   3.0600 
 102.0   26.8    8   3.0930 
  97.0   26.5    8   2.5780 
  97.2   26.5    8   2.7068 
  97.5   26.5    8   2.7176 
  97.8   26.5    8   2.6154 
  98.0   26.5    8   2.6187 
  98.2   26.5    8   2.7052 
  98.5   26.5    8   2.6990 
  98.8   26.5    8   2.6147 
  99.0   26.5    8   2.6213 
  99.2   26.5    8   2.7053 
  99.5   26.5    8   2.6987 
  99.8   26.5    8   2.6147 
 100.0   26.5    8   2.6213 
 100.2   26.5    8   2.7053 
 100.5   26.5    8   2.6987 
 100.8   26.5    8   2.6148 
 101.0   26.5    8   2.6212 
 101.2   26.5    8   2.7010 
 101.5   26.5    8   2.6774 
 101.8   26.5    8   2.5822 
 102.0   26.5    8   2.6084 
  97.0   26.2    8   2.9523 
  97.2   26.2    8   3.0600 
  97.5   26.2    8   2.6778 
  97.8   26.2    8   2.2600 
  98.0   26.2    8   2.6301 
  98.2   26.2    8   3.0600 
  98.5   26.2    8   2.6899 
  98.8   26.2    8   2.2600 
  99.0   26.2    8   2.6302 
  99.2   26.2    8   3.0600 
  99.5   26.2    8   2.6898 
  99.8   26.2    8   2.2600 
 100.0   26.2    8   2.6302 
 100.2   26.2    8   3.0600 
 100.5   26.2    8   2.6898 
 100.8   26.2    8   2.2600 
 101.0   26.2    8   2.6299 
 101.2   26.2    8   3.0600 
 101.5   26.2    8   2.7010 
 101.8   26.2    8   2.2600 
 102.0   26.2    8   2.3393 
  97.0   26.0    8   2.6451 
  97.2   26.0    8   2.6362 
  97.5   26.0    8   2.6139 
  97.8   26.0    8   2.6913 
  98.0   26.0    8   2.7079 
  98.2   26.0    8   2.6275 
  98.5   26.0    8   2.6118 
  98.8   26.0    8   2.6926 
  99.0   26.0    8   2.7083 
  99.2   26.0    8   2.6274 
  99.5   26.0    8   2.6117 
  99.8   26.0    8   2.6926 
 100.0   26.0    8   2.7083 
 100.2   26.0    8   2.6274 
 100.5   26.0    8   2.6117 
 100.8   26.0    8   2.6927 
 101.0   26.0    8   2.7089 
 101.2   26.0    8   2.6299 
 101.5   26.0    8   2.6212 
 101.8   26.0    8   2.7107 
 102.0   26.0    8   2.7220 
  97.0   25.8    8   2.3422 
  97.2   25.8    8   2.2600 
  97.5   25.8    8   2.6464 
  97.8   25.8    8   3.0600 
  98.0   25.8    8   2.6910 
  98.2   25.8    8   2.2600 
  98.5   25.8    8   2.6280 
  98.8   25.8    8   3.0600 
  99.0   25.8    8   2.6920 
  99.2   25.8    8   2.2600 
  99.5   25.8    8   2.6280 
  99.8   25.8    8   3.0600 
 100.0   25.8    8   2.6920 
 100.2   25.8    8   2.2600 
 100.5   25.8    8   2.6279 
 100.8   25.8    8   3.0600 
 101.0   25.8    8   2.6927 
 101.2   25.8    8   2.2600 
 101.5   25.8    8   2.6148 
 101.8   25.8    8   3.0600 
 102.0   25.8    8   2.9791 
  97.0   25.5    8   2.6696 
  97.2   25.5    8   2.6835 
  97.5   25.5    8   2.7076 
  97.8   25.5    8   2.6293 
  98.0   25.5    8   2.6120 
  98.2   25.5    8   2.6919 
  98.5   25.5    8   2.7080 
  98.8   25.5    8   2.6280 
  99.0   25.5    8   2.6120 
  99.2   25.5    8   2.6920 
  99.5   25.5    8   2.7080 
  99.8   25.5    8   2.6280 
 100.0   25.5    8   2.6120 
 100.2   25.5    8   2.6920 
 100.5   25.5    8   2.7080 
 100.8   25.5    8   2.6279 
 101.0   25.5    8   2.6117 
 101.2   25.5    8   2.6898 
 101.5   25.5    8   2.6987 
 101.8   25.5    8   2.6106 
 102.0   25.5    8   2.5969 
  97.0   25.2    8   2.9775 
  97.2   25.2    8   3.0600 
  97.5   25.2    8   2.6739 
  97.8   25.2    8   2.2600 
  98.0   25.2    8   2.6290 
  98.2   25.2    8   3.0600 
  98.5   25.2    8   2.6919 
  98.8   25.2    8   2.2600 
  99.0   25.2    8   2.6280 
  99.2   25.2    8   3.0600 
  99.5   25.2    8   2.6920 
  99.8   25.2    8   2.2600 
 100.0   25.2    8   2.6280 
 100.2   25.2    8   3.0600 
 100.5   25.2    8   2.6920 
 100.8   25.2    8   2.2600 
 101.0   25.2    8   2.6274 
 101.2   25.2    8   3.0600 
 101.5   25.2    8   2.7053 
 101.8   25.2    8   2.2600 
 102.0   25.2    8   2.3404 
  97.0   25.0    8   2.6508 
  97.2   25.0    8   2.6365 
  97.5   25.0    8   2.6124 
  97.8   25.0    8   2.6907 
  98.0   25.0    8   2.7080 
  98.2   25.0    8   2.6281 
  98.5   25.0    8   2.6120 
  98.8   25.0    8   2.6920 
  99.0   25.0    8   2.7080 
  99.2   25.0    8   2.6280 
  99.5   25.0    8   2.6120 
  99.8   25.0    8   2.6920 
 100.0   25.0    8   2.7080 
 100.2   25.0    8   2.6280 
 100.5   25.0    8   2.6120 
 100.8   25.0    8   2.6920 
 101.0   25.0    8   2.7083 
 101.2   25.0    8   2.6302 
 101.5   25.0    8   2.6213 
 101.8   25.0    8   2.7094 
 102.0   25.0    8   2.7230 
  97.0   24.8    8   2.3428 
  97.2   24.8    8   2.2600 
  97.5   24.8    8   2.6461 
  97.8   24.8    8   3.0600 
  98.0   24.8    8   2.6910 
  98.2   24.8    8   2.2600 
  98.5   24.8    8   2.6281 
  98.8   24.8    8   3.0600 
  99.0   24.8    8   2.6920 
  99.2   24.8    8   2.2600 
  99.5   24.8    8   2.6280 
  99.8   24.8    8   3.0600 
 100.0   24.8    8   2.6920 
 100.2   24.8    8   2.2600 
 100.5   24.8    8   2.6280 
 100.8   24.8    8   3.0600 
 101.0   24.8    8   2.6926 
 101.2   24.8    8   2.2600 
 101.5   24.8    8   2.6147 
 101.8   24.8    8   3.0600 
 102.0   24.8    8   2.9796 
  97.0   24.5    8   2.6693 
  97.2   24.5    8   2.6835 
  97.5   24.5    8   2.7076 
  97.8   24.5    8   2.6293 
  98.0   24.5    8   2.6120 
  98.2   24.5    8   2.6919 
  98.5   24.5    8   2.7080 
  98.8   24.5    8   2.6280 
  99.0   24.5    8   2.6120 
  99.2   24.5    8   2.6920 
  99.5   24.5    8   2.7080 
  99.8   24.5    8   2.6280 
 100.0   24.5    8   2.6120 
 100.2   24.5    8   2.6920 
 100.5   24.5    8   2.7080 
 100.8   24.5    8   2.6280 
 101.0   24.5    8   2.6117 
 101.2   24.5    8   2.6898 
 101.5   24.5    8   2.6987 
 101.8   24.5    8   2.6107 
 102.0   24.5    8   2.5970 
  97.0   24.2    8   2.9772 
  97.2   24.2    8   3.0600 
  97.5   24.2    8   2.6739 
  97.8   24.2    8   2.2600 
  98.0   24.2    8   2.6290 
  98.2   24.2    8   3.0600 
  98.5   24.2    8   2.6919 
  98.8   24.2    8   2.2600 
  99.0   24.2    8   2.6280 
  99.2   24.2    8   3.0600 
  99.5   24.2    8   2.6920 
  99.8   24.2    8   2.2600 
 100.0   24.2    8   2.6280 
 100.2   24.2    8   3.0600 
 100.5   24.2    8   2.6920 
 100.8   24.2    8   2.2600 
 101.0   24.2    8   2.6274 
 101.2   24.2    8   3.0600 
 101.5   24.2    8   2.7053 
 101.8   24.2    8   2.2600 
 102.0   24.2    8   2.3404 
  97.0   24.0    8   2.6505 
  97.2   24.0    8   2.6366 
  97.5   24.0    8   2.6124 
  97.8   24.0    8   2.6907 
  98.0   24.0    8   2.7080 
  98.2   24.0    8   2.6281 
  98.5   24.0    8   2.6120 
  98.8   24.0    8   2.6920 
  99.0   24.0    8   2.7080 
  99.2   24.0    8   2.6280 
  99.5   24.0    8   2.6120 
  99.8   24.0    8   2.6920 
 100.0   24.0    8   2.7080 
 100.2   24.0    8   2.6280 
 100.5   24.0    8   2.6120 
 100.8   24.0    8   2.6920 
 101.0   24.0    8   2.7083 
 101.2   24.0    8   2.6302 
 101.5   24.0    8   2.6213 
 101.8   24.0    8   2.7093 
 102.0   24.0    8   2.7230 
  97.0   23.8    8   2.3421 
  97.2   23.8    8   2.2600 
  97.5   23.8    8   2.6461 
  97.8   23.8    8   3.0600 
  98.0   23.8    8   2.6910 
  98.2   23.8    8   2.2600 
  98.5   23.8    8   2.6281 
  98.8   23.8    8   3.0600 
  99.0   23.8    8   2.6920 
  99.2   23.8    8   2.2600 
  99.5   23.8    8   2.6280 
  99.8   23.8    8   3.0600 
 100.0   23.8    8   2.6920 
 100.2   23.8    8   2.2600 
 100.5   23.8    8   2.6280 
 100.8   23.8    8   3.0600 
 101.0   23.8    8   2.6926 
 101.2   23.8    8   2.2600 
 101.5   23.8    8   2.6147 
 101.8   23.8    8   3.0600 
 102.0   23.8    8   2.9797 
  97.0   23.5    8   2.6675 
  97.2   23.5    8   2.6835 
  97.5   23.5    8   2.7076 
  97.8   23.5    8   2.6294 
  98.0   23.5    8   2.6121 
  98.2   23.5    8   2.6918 
  98.5   23.5    8   2.7080 
  98.8   23.5    8   2.6281 
  99.0   23.5    8   2.6120 
  99.2   23.5    8   2.6919 
  99.5   23.5    8   2.7080 
  99.8   23.5    8   2.6281 
 100.0   23.5    8   2.6120 
 100.2   23.5    8   2.6919 
 100.5   23.5    8   2.7080 
 100.8   23.5    8   2.6280 
 101.0   23.5    8   2.6118 
 101.2   23.5    8   2.6899 
 101.5   23.5    8   2.6990 
 101.8   23.5    8   2.6111 
 102.0   23.5    8   2.5972 
  97.0   23.2    8   2.9737 
  97.2   23.2    8   3.0600 
  97.5   23.2    8   2.6739 
  97.8   23.2    8   2.2600 
  98.0   23.2    8   2.6291 
  98.2   23.2    8   3.0600 
  98.5   23.2    8   2.6918 
  98.8   23.2    8   2.2600 
  99.0   23.2    8   2.6281 
  99.2   23.2    8   3.0600 
  99.5   23.2    8   2.6919 
  99.8   23.2    8   2.2600 
 100.0   23.2    8   2.6281 
 100.2   23.2    8   3.0600 
 100.5   23.2    8   2.6919 
 100.8   23.2    8   2.2600 
 101.0   23.2    8   2.6275 
 101.2   23.2    8   3.0600 
 101.5   23.2    8   2.7052 
 101.8   23.2    8   2.2600 
 102.0   23.2    8   2.3392 
  97.0   23.0    8   2.6466 
  97.2   23.0    8   2.6414 
  97.5   23.0    8   2.6153 
  97.8   23.0    8   2.6892 
  98.0   23.0    8   2.7075 
  98.2   23.0    8   2.6291 
  98.5   23.0    8   2.6121 
  98.8   23.0    8   2.6910 
  99.0   23.0    8   2.7080 
  99.2   23.0    8   2.6290 
  99.5   23.0    8   2.6120 
  99.8   23.0    8   2.6910 
 100.0   23.0    8   2.7080 
 100.2   23.0    8   2.6290 
 100.5   23.0    8   2.6120 
 100.8   23.0    8   2.6910 
 101.0   23.0    8   2.7079 
 101.2   23.0    8   2.6301 
 101.5   23.0    8   2.6187 
 101.8   23.0    8   2.7036 
 102.0   23.0    8   2.7167 
  97.0   22.8    8   2.3409 
  97.2   22.8    8   2.2600 
  97.5   22.8    8   2.6526 
  97.8   22.8    8   3.0600 
  98.0   22.8    8   2.6892 
  98.2   22.8    8   2.2600 
  98.5   22.8    8   2.6294 
  98.8   22.8    8   3.0600 
  99.0   22.8    8   2.6907 
  99.2   22.8    8   2.2600 
  99.5   22.8    8   2.6293 
  99.8   22.8    8   3.0600 
 100.0   22.8    8   2.6907 
 100.2   22.8    8   2.2600 
 100.5   22.8    8   2.6293 
 100.8   22.8    8   3.0600 
 101.0   22.8    8   2.6913 
 101.2   22.8    8   2.2600 
 101.5   22.8    8   2.6154 
 101.8   22.8    8   3.0600 
 102.0   22.8    8   2.9897 
  97.0   22.5    8   2.7210 
  97.2   22.5    8   2.5984 
  97.5   22.5    8   2.6816 
  97.8   22.5    8   2.6526 
  98.0   22.5    8   2.6153 
  98.2   22.5    8   2.6739 
  98.5   22.5    8   2.7076 
  98.8   22.5    8   2.6461 
  99.0   22.5    8   2.6124 
  99.2   22.5    8   2.6739 
  99.5   22.5    8   2.7076 
  99.8   22.5    8   2.6461 
 100.0   22.5    8   2.6124 
 100.2   22.5    8   2.6739 
 100.5   22.5    8   2.7076 
 100.8   22.5    8   2.6464 
 101.0   22.5    8   2.6139 
 101.2   22.5    8   2.6778 
 101.5   22.5    8   2.7176 
 101.8   22.5    8   2.6745 
 102.0   22.5    8   2.6993 
  97.0   22.2    8   3.4370 
  97.2   22.2    8   3.0600 
  97.5   22.2    8   2.5984 
  97.8   22.2    8   2.2600 
  98.0   22.2    8   2.6414 
  98.2   22.2    8   3.0600 
  98.5   22.2    8   2.6835 
  98.8   22.2    8   2.2600 
  99.0   22.2    8   2.6366 
  99.2   22.2    8   3.0600 
  99.5   22.2    8   2.6835 
  99.8   22.2    8   2.2600 
 100.0   22.2    8   2.6365 
 100.2   22.2    8   3.0600 
 100.5   22.2    8   2.6835 
 100.8   22.2    8   2.2600 
 101.0   22.2    8   2.6362 
 101.2   22.2    8   3.0600 
 101.5   22.2    8   2.7068 
 101.8   22.2    8   2.2600 
 102.0   22.2    8   2.3849 
  97.0   22.0    8   4.1520 
  97.2   22.0    8   3.4370 
  97.5   22.0    8   2.7210 
  97.8   22.0    8   2.3409 
  98.0   22.0    8   2.6466 
  98.2   22.0    8   2.9737 
  98.5   22.0    8   2.6675 
  98.8   22.0    8   2.3421 
  99.0   22.0    8   2.6505 
  99.2   22.0    8   2.9772 
  99.5   22.0    8   2.6693 
  99.8   22.0    8   2.3428 
 100.0   22.0    8   2.6508 
 100.2   22.0    8   2.9775 
 100.5   22.0    8   2.6696 
 100.8   22.0    8   2.3422 
 101.0   22.0    8   2.6451 
 101.2   22.0    8   2.9523 
 101.5   22.0    8   2.5780 
 101.8   22.0    8   2.0069 
 102.0   22.0    8   1.7531 
