  97.0   27.0   20   1.9931 
  97.2   27.0   20   2.6249 
  97.5   27.0   20   2.9393 
  97.8   27.0   20   3.2297 
  98.0   27.0   20   2.9567 
  98.2   27.0   20   2.5792 
  98.5   27.0   20   2.8372 
  98.8   27.0   20   3.2197 
  99.0   27.0   20   2.9630 
  99.2   27.0   20   2.5804 
  99.5   27.0   20   2.8370 
  99.8   27.0   20   3.2196 
 100.0   27.0   20   2.9630 
 100.2   27.0   20   2.5804 
 100.5   27.0   20   2.8369 
 100.8   27.0   20   3.2191 
 101.0   27.0   20   2.9620 
 101.2   27.0   20   2.5793 
 101.5   27.0   20   2.8484 
 101.8   27.0   20   3.3330 
 102.0   27.0   20   3.4098 
  97.0   26.8   20   2.2469 
  97.2   26.8   20   2.5000 
  97.5   26.8   20   2.9145 
  97.8   26.8   20   3.3000 
  98.0   26.8   20   2.9436 
  98.2   26.8   20   2.5000 
  98.5   26.8   20   2.8511 
  98.8   26.8   20   3.3000 
  99.0   26.8   20   2.9493 
  99.2   26.8   20   2.5000 
  99.5   26.8   20   2.8507 
  99.8   26.8   20   3.3000 
 100.0   26.8   20   2.9494 
 100.2   26.8   20   2.5000 
 100.5   26.8   20   2.8506 
 100.8   26.8   20   3.3000 
 101.0   26.8   20   2.9507 
 101.2   26.8   20   2.5000 
 101.5   26.8   20   2.8222 
 101.8   26.8   20   3.3000 
 102.0   26.8   20   3.3330 
  97.0   26.5   20   2.8180 
  97.2   26.5   20   2.9468 
  97.5   26.5   20   2.9576 
  97.8   26.5   20   2.8554 
  98.0   26.5   20   2.8587 
  98.2   26.5   20   2.9452 
  98.5   26.5   20   2.9390 
  98.8   26.5   20   2.8547 
  99.0   26.5   20   2.8613 
  99.2   26.5   20   2.9453 
  99.5   26.5   20   2.9387 
  99.8   26.5   20   2.8547 
 100.0   26.5   20   2.8613 
 100.2   26.5   20   2.9453 
 100.5   26.5   20   2.9387 
 100.8   26.5   20   2.8548 
 101.0   26.5   20   2.8612 
 101.2   26.5   20   2.9410 
 101.5   26.5   20   2.9174 
 101.8   26.5   20   2.8222 
 102.0   26.5   20   2.8484 
  97.0   26.2   20   3.1923 
  97.2   26.2   20   3.3000 
  97.5   26.2   20   2.9178 
  97.8   26.2   20   2.5000 
  98.0   26.2   20   2.8701 
  98.2   26.2   20   3.3000 
  98.5   26.2   20   2.9299 
  98.8   26.2   20   2.5000 
  99.0   26.2   20   2.8702 
  99.2   26.2   20   3.3000 
  99.5   26.2   20   2.9298 
  99.8   26.2   20   2.5000 
 100.0   26.2   20   2.8702 
 100.2   26.2   20   3.3000 
 100.5   26.2   20   2.9298 
 100.8   26.2   20   2.5000 
 101.0   26.2   20   2.8699 
 101.2   26.2   20   3.3000 
 101.5   26.2   20   2.9410 
 101.8   26.2   20   2.5000 
 102.0   26.2   20   2.5793 
  97.0   26.0   20   2.8851 
  97.2   26.0   20   2.8762 
  97.5   26.0   20   2.8539 
  97.8   26.0   20   2.9313 
  98.0   26.0   20   2.9479 
  98.2   26.0   20   2.8675 
  98.5   26.0   20   2.8518 
  98.8   26.0   20   2.9326 
  99.0   26.0   20   2.9483 
  99.2   26.0   20   2.8674 
  99.5   26.0   20   2.8517 
  99.8   26.0   20   2.9326 
 100.0   26.0   20   2.9483 
 100.2   26.0   20   2.8674 
 100.5   26.0   20   2.8517 
 100.8   26.0   20   2.9327 
 101.0   26.0   20   2.9489 
 101.2   26.0   20   2.8699 
 101.5   26.0   20   2.8612 
 101.8   26.0   20   2.9507 
 102.0   26.0   20   2.9620 
  97.0   25.8   20   2.5822 
  97.2   25.8   20   2.5000 
  97.5   25.8   20   2.8864 
  97.8   25.8   20   3.3000 
  98.0   25.8   20   2.9310 
  98.2   25.8   20   2.5000 
  98.5   25.8   20   2.8680 
  98.8   25.8   20   3.3000 
  99.0   25.8   20   2.9320 
  99.2   25.8   20   2.5000 
  99.5   25.8   20   2.8680 
  99.8   25.8   20   3.3000 
 100.0   25.8   20   2.9320 
 100.2   25.8   20   2.5000 
 100.5   25.8   20   2.8679 
 100.8   25.8   20   3.3000 
 101.0   25.8   20   2.9327 
 101.2   25.8   20   2.5000 
 101.5   25.8   20   2.8548 
 101.8   25.8   20   3.3000 
 102.0   25.8   20   3.2191 
  97.0   25.5   20   2.9096 
  97.2   25.5   20   2.9235 
  97.5   25.5   20   2.9476 
  97.8   25.5   20   2.8693 
  98.0   25.5   20   2.8520 
  98.2   25.5   20   2.9319 
  98.5   25.5   20   2.9480 
  98.8   25.5   20   2.8680 
  99.0   25.5   20   2.8520 
  99.2   25.5   20   2.9320 
  99.5   25.5   20   2.9480 
  99.8   25.5   20   2.8680 
 100.0   25.5   20   2.8520 
 100.2   25.5   20   2.9320 
 100.5   25.5   20   2.9480 
 100.8   25.5   20   2.8679 
 101.0   25.5   20   2.8517 
 101.2   25.5   20   2.9298 
 101.5   25.5   20   2.9387 
 101.8   25.5   20   2.8506 
 102.0   25.5   20   2.8369 
  97.0   25.2   20   3.2175 
  97.2   25.2   20   3.3000 
  97.5   25.2   20   2.9139 
  97.8   25.2   20   2.5000 
  98.0   25.2   20   2.8690 
  98.2   25.2   20   3.3000 
  98.5   25.2   20   2.9319 
  98.8   25.2   20   2.5000 
  99.0   25.2   20   2.8680 
  99.2   25.2   20   3.3000 
  99.5   25.2   20   2.9320 
  99.8   25.2   20   2.5000 
 100.0   25.2   20   2.8680 
 100.2   25.2   20   3.3000 
 100.5   25.2   20   2.9320 
 100.8   25.2   20   2.5000 
 101.0   25.2   20   2.8674 
 101.2   25.2   20   3.3000 
 101.5   25.2   20   2.9453 
 101.8   25.2   20   2.5000 
 102.0   25.2   20   2.5804 
  97.0   25.0   20   2.8908 
  97.2   25.0   20   2.8765 
  97.5   25.0   20   2.8524 
  97.8   25.0   20   2.9307 
  98.0   25.0   20   2.9480 
  98.2   25.0   20   2.8681 
  98.5   25.0   20   2.8520 
  98.8   25.0   20   2.9320 
  99.0   25.0   20   2.9480 
  99.2   25.0   20   2.8680 
  99.5   25.0   20   2.8520 
  99.8   25.0   20   2.9320 
 100.0   25.0   20   2.9480 
 100.2   25.0   20   2.8680 
 100.5   25.0   20   2.8520 
 100.8   25.0   20   2.9320 
 101.0   25.0   20   2.9483 
 101.2   25.0   20   2.8702 
 101.5   25.0   20   2.8613 
 101.8   25.0   20   2.9494 
 102.0   25.0   20   2.9630 
  97.0   24.8   20   2.5828 
  97.2   24.8   20   2.5000 
  97.5   24.8   20   2.8861 
  97.8   24.8   20   3.3000 
  98.0   24.8   20   2.9310 
  98.2   24.8   20   2.5000 
  98.5   24.8   20   2.8681 
  98.8   24.8   20   3.3000 
  99.0   24.8   20   2.9320 
  99.2   24.8   20   2.5000 
  99.5   24.8   20   2.8680 
  99.8   24.8   20   3.3000 
 100.0   24.8   20   2.9320 
 100.2   24.8   20   2.5000 
 100.5   24.8   20   2.8680 
 100.8   24.8   20   3.3000 
 101.0   24.8   20   2.9326 
 101.2   24.8   20   2.5000 
 101.5   24.8   20   2.8547 
 101.8   24.8   20   3.3000 
 102.0   24.8   20   3.2196 
  97.0   24.5   20   2.9093 
  97.2   24.5   20   2.9235 
  97.5   24.5   20   2.9476 
  97.8   24.5   20   2.8693 
  98.0   24.5   20   2.8520 
  98.2   24.5   20   2.9319 
  98.5   24.5   20   2.9480 
  98.8   24.5   20   2.8680 
  99.0   24.5   20   2.8520 
  99.2   24.5   20   2.9320 
  99.5   24.5   20   2.9480 
  99.8   24.5   20   2.8680 
 100.0   24.5   20   2.8520 
 100.2   24.5   20   2.9320 
 100.5   24.5   20   2.9480 
 100.8   24.5   20   2.8680 
 101.0   24.5   20   2.8517 
 101.2   24.5   20   2.9298 
 101.5   24.5   20   2.9387 
 101.8   24.5   20   2.8507 
 102.0   24.5   20   2.8370 
  97.0   24.2   20   3.2172 
  97.2   24.2   20   3.3000 
  97.5   24.2   20   2.9139 
  97.8   24.2   20   2.5000 
  98.0   24.2   20   2.8690 
  98.2   24.2   20   3.3000 
  98.5   24.2   20   2.9319 
  98.8   24.2   20   2.5000 
  99.0   24.2   20   2.8680 
  99.2   24.2   20   3.3000 
  99.5   24.2   20   2.9320 
  99.8   24.2   20   2.5000 
 100.0   24.2   20   2.8680 
 100.2   24.2   20   3.3000 
 100.5   24.2   20   2.9320 
 100.8   24.2   20   2.5000 
 101.0   24.2   20   2.8674 
 101.2   24.2   20   3.3000 
 101.5   24.2   20   2.9453 
 101.8   24.2   20   2.5000 
 102.0   24.2   20   2.5804 
  97.0   24.0   20   2.8905 
  97.2   24.0   20   2.8766 
  97.5   24.0   20   2.8524 
  97.8   24.0   20   2.9307 
  98.0   24.0   20   2.9480 
  98.2   24.0   20   2.8681 
  98.5   24.0   20   2.8520 
  98.8   24.0   20   2.9320 
  99.0   24.0   20   2.9480 
  99.2   24.0   20   2.8680 
  99.5   24.0   20   2.8520 
  99.8   24.0   20   2.9320 
 100.0   24.0   20   2.9480 
 100.2   24.0   20   2.8680 
 100.5   24.0   20   2.8520 
 100.8   24.0   20   2.9320 
 101.0   24.0   20   2.9483 
 101.2   24.0   20   2.8702 
 101.5   24.0   20   2.8613 
 101.8   24.0   20   2.9493 
 102.0   24.0   20   2.9630 
  97.0   23.8   20   2.5821 
  97.2   23.8   20   2.5000 
  97.5   23.8   20   2.8861 
  97.8   23.8   20   3.3000 
  98.0   23.8   20   2.9310 
  98.2   23.8   20   2.5000 
  98.5   23.8   20   2.8681 
  98.8   23.8   20   3.3000 
  99.0   23.8   20   2.9320 
  99.2   23.8   20   2.5000 
  99.5   23.8   20   2.8680 
  99.8   23.8   20   3.3000 
 100.0   23.8   20   2.9320 
 100.2   23.8   20   2.5000 
 100.5   23.8   20   2.8680 
 100.8   23.8   20   3.3000 
 101.0   23.8   20   2.9326 
 101.2   23.8   20   2.5000 
 101.5   23.8   20   2.8547 
 101.8   23.8   20   3.3000 
 102.0   23.8   20   3.2197 
  97.0   23.5   20   2.9075 
  97.2   23.5   20   2.9235 
  97.5   23.5   20   2.9476 
  97.8   23.5   20   2.8694 
  98.0   23.5   20   2.8521 
  98.2   23.5   20   2.9318 
  98.5   23.5   20   2.9480 
  98.8   23.5   20   2.8681 
  99.0   23.5   20   2.8520 
  99.2   23.5   20   2.9319 
  99.5   23.5   20   2.9480 
  99.8   23.5   20   2.8681 
 100.0   23.5   20   2.8520 
 100.2   23.5   20   2.9319 
 100.5   23.5   20   2.9480 
 100.8   23.5   20   2.8680 
 101.0   23.5   20   2.8518 
 101.2   23.5   20   2.9299 
 101.5   23.5   20   2.9390 
 101.8   23.5   20   2.8511 
 102.0   23.5   20   2.8372 
  97.0   23.2   20   3.2137 
  97.2   23.2   20   3.3000 
  97.5   23.2   20   2.9139 
  97.8   23.2   20   2.5000 
  98.0   23.2   20   2.8691 
  98.2   23.2   20   3.3000 
  98.5   23.2   20   2.9318 
  98.8   23.2   20   2.5000 
  99.0   23.2   20   2.8681 
  99.2   23.2   20   3.3000 
  99.5   23.2   20   2.9319 
  99.8   23.2   20   2.5000 
 100.0   23.2   20   2.8681 
 100.2   23.2   20   3.3000 
 100.5   23.2   20   2.9319 
 100.8   23.2   20   2.5000 
 101.0   23.2   20   2.8675 
 101.2   23.2   20   3.3000 
 101.5   23.2   20   2.9452 
 101.8   23.2   20   2.5000 
 102.0   23.2   20   2.5792 
  97.0   23.0   20   2.8866 
  97.2   23.0   20   2.8814 
  97.5   23.0   20   2.8553 
  97.8   23.0   20   2.9292 
  98.0   23.0   20   2.9475 
  98.2   23.0   20   2.8691 
  98.5   23.0   20   2.8521 
  98.8   23.0   20   2.9310 
  99.0   23.0   20   2.9480 
  99.2   23.0   20   2.8690 
  99.5   23.0   20   2.8520 
  99.8   23.0   20   2.9310 
 100.0   23.0   20   2.9480 
 100.2   23.0   20   2.8690 
 100.5   23.0   20   2.8520 
 100.8   23.0   20   2.9310 
 101.0   23.0   20   2.9479 
 101.2   23.0   20   2.8701 
 101.5   23.0   20   2.8587 
 101.8   23.0   20   2.9436 
 102.0   23.0   20   2.9567 
  97.0   22.8   20   2.5809 
  97.2   22.8   20   2.5000 
  97.5   22.8   20   2.8926 
  97.8   22.8   20   3.3000 
  98.0   22.8   20   2.9292 
  98.2   22.8   20   2.5000 
  98.5   22.8   20   2.8694 
  98.8   22.8   20   3.3000 
  99.0   22.8   20   2.9307 
  99.2   22.8   20   2.5000 
  99.5   22.8   20   2.8693 
  99.8   22.8   20   3.3000 
 100.0   22.8   20   2.9307 
 100.2   22.8   20   2.5000 
 100.5   22.8   20   2.8693 
 100.8   22.8   20   3.3000 
 101.0   22.8   20   2.9313 
 101.2   22.8   20   2.5000 
 101.5   22.8   20   2.8554 
 101.8   22.8   20   3.3000 
 102.0   22.8   20   3.2297 
  97.0   22.5   20   2.9610 
  97.2   22.5   20   2.8384 
  97.5   22.5   20   2.9216 
  97.8   22.5   20   2.8926 
  98.0   22.5   20   2.8553 
  98.2   22.5   20   2.9139 
  98.5   22.5   20   2.9476 
  98.8   22.5   20   2.8861 
  99.0   22.5   20   2.8524 
  99.2   22.5   20   2.9139 
  99.5   22.5   20   2.9476 
  99.8   22.5   20   2.8861 
 100.0   22.5   20   2.8524 
 100.2   22.5   20   2.9139 
 100.5   22.5   20   2.9476 
 100.8   22.5   20   2.8864 
 101.0   22.5   20   2.8539 
 101.2   22.5   20   2.9178 
 101.5   22.5   20   2.9576 
 101.8   22.5   20   2.9145 
 102.0   22.5   20   2.9393 
  97.0   22.2   20   3.6770 
  97.2   22.2   20   3.3000 
  97.5   22.2   20   2.8384 
  97.8   22.2   20   2.5000 
  98.0   22.2   20   2.8814 
  98.2   22.2   20   3.3000 
  98.5   22.2   20   2.9235 
  98.8   22.2   20   2.5000 
  99.0   22.2   20   2.8766 
  99.2   22.2   20   3.3000 
  99.5   22.2   20   2.9235 
  99.8   22.2   20   2.5000 
 100.0   22.2   20   2.8765 
 100.2   22.2   20   3.3000 
 100.5   22.2   20   2.9235 
 100.8   22.2   20   2.5000 
 101.0   22.2   20   2.8762 
 101.2   22.2   20   3.3000 
 101.5   22.2   20   2.9468 
 101.8   22.2   20   2.5000 
 102.0   22.2   20   2.6249 
  97.0   22.0   20   4.3920 
  97.2   22.0   20   3.6770 
  97.5   22.0   20   2.9610 
  97.8   22.0   20   2.5809 
  98.0   22.0   20   2.8866 
  98.2   22.0   20   3.2137 
  98.5   22.0   20   2.9075 
  98.8   22.0   20   2.5821 
  99.0   22.0   20   2.8905 
  99.2   22.0   20   3.2172 
  99.5   22.0   20   2.9093 
  99.8   22.0   20   2.5828 
 100.0   22.0   20   2.8908 
 100.2   22.0   20   3.2175 
 100.5   22.0   20   2.9096 
 100.8   22.0   20   2.5822 
 101.0   22.0   20   2.8851 
 101.2   22.0   20   3.1923 
 101.5   22.0   20   2.8180 
 101.8   22.0   20   2.2469 
 102.0   22.0   20   1.9931 
