  97.0   27.0   40   4.2069 
  97.2   27.0   40   3.5751 
  97.5   27.0   40   3.2607 
  97.8   27.0   40   2.9703 
  98.0   27.0   40   3.2433 
  98.2   27.0   40   3.6208 
  98.5   27.0   40   3.3628 
  98.8   27.0   40   2.9803 
  99.0   27.0   40   3.2370 
  99.2   27.0   40   3.6196 
  99.5   27.0   40   3.3630 
  99.8   27.0   40   2.9804 
 100.0   27.0   40   3.2370 
 100.2   27.0   40   3.6196 
 100.5   27.0   40   3.3631 
 100.8   27.0   40   2.9809 
 101.0   27.0   40   3.2380 
 101.2   27.0   40   3.6207 
 101.5   27.0   40   3.3516 
 101.8   27.0   40   2.8670 
 102.0   27.0   40   2.7902 
  97.0   26.8   40   3.9531 
  97.2   26.8   40   3.7000 
  97.5   26.8   40   3.2855 
  97.8   26.8   40   2.9000 
  98.0   26.8   40   3.2564 
  98.2   26.8   40   3.7000 
  98.5   26.8   40   3.3489 
  98.8   26.8   40   2.9000 
  99.0   26.8   40   3.2507 
  99.2   26.8   40   3.7000 
  99.5   26.8   40   3.3493 
  99.8   26.8   40   2.9000 
 100.0   26.8   40   3.2506 
 100.2   26.8   40   3.7000 
 100.5   26.8   40   3.3494 
 100.8   26.8   40   2.9000 
 101.0   26.8   40   3.2493 
 101.2   26.8   40   3.7000 
 101.5   26.8   40   3.3778 
 101.8   26.8   40   2.9000 
 102.0   26.8   40   2.8670 
  97.0   26.5   40   3.3820 
  97.2   26.5   40   3.2532 
  97.5   26.5   40   3.2424 
  97.8   26.5   40   3.3446 
  98.0   26.5   40   3.3413 
  98.2   26.5   40   3.2548 
  98.5   26.5   40   3.2610 
  98.8   26.5   40   3.3453 
  99.0   26.5   40   3.3387 
  99.2   26.5   40   3.2547 
  99.5   26.5   40   3.2613 
  99.8   26.5   40   3.3453 
 100.0   26.5   40   3.3387 
 100.2   26.5   40   3.2547 
 100.5   26.5   40   3.2613 
 100.8   26.5   40   3.3452 
 101.0   26.5   40   3.3388 
 101.2   26.5   40   3.2590 
 101.5   26.5   40   3.2826 
 101.8   26.5   40   3.3778 
 102.0   26.5   40   3.3516 
  97.0   26.2   40   3.0077 
  97.2   26.2   40   2.9000 
  97.5   26.2   40   3.2822 
  97.8   26.2   40   3.7000 
  98.0   26.2   40   3.3299 
  98.2   26.2   40   2.9000 
  98.5   26.2   40   3.2701 
  98.8   26.2   40   3.7000 
  99.0   26.2   40   3.3298 
  99.2   26.2   40   2.9000 
  99.5   26.2   40   3.2702 
  99.8   26.2   40   3.7000 
 100.0   26.2   40   3.3298 
 100.2   26.2   40   2.9000 
 100.5   26.2   40   3.2702 
 100.8   26.2   40   3.7000 
 101.0   26.2   40   3.3301 
 101.2   26.2   40   2.9000 
 101.5   26.2   40   3.2590 
 101.8   26.2   40   3.7000 
 102.0   26.2   40   3.6207 
  97.0   26.0   40   3.3149 
  97.2   26.0   40   3.3238 
  97.5   26.0   40   3.3461 
  97.8   26.0   40   3.2687 
  98.0   26.0   40   3.2521 
  98.2   26.0   40   3.3325 
  98.5   26.0   40   3.3482 
  98.8   26.0   40   3.2674 
  99.0   26.0   40   3.2517 
  99.2   26.0   40   3.3326 
  99.5   26.0   40   3.3483 
  99.8   26.0   40   3.2674 
 100.0   26.0   40   3.2517 
 100.2   26.0   40   3.3326 
 100.5   26.0   40   3.3483 
 100.8   26.0   40   3.2673 
 101.0   26.0   40   3.2511 
 101.2   26.0   40   3.3301 
 101.5   26.0   40   3.3388 
 101.8   26.0   40   3.2493 
 102.0   26.0   40   3.2380 
  97.0   25.8   40   3.6178 
  97.2   25.8   40   3.7000 
  97.5   25.8   40   3.3136 
  97.8   25.8   40   2.9000 
  98.0   25.8   40   3.2690 
  98.2   25.8   40   3.7000 
  98.5   25.8   40   3.3320 
  98.8   25.8   40   2.9000 
  99.0   25.8   40   3.2680 
  99.2   25.8   40   3.7000 
  99.5   25.8   40   3.3320 
  99.8   25.8   40   2.9000 
 100.0   25.8   40   3.2680 
 100.2   25.8   40   3.7000 
 100.5   25.8   40   3.3321 
 100.8   25.8   40   2.9000 
 101.0   25.8   40   3.2673 
 101.2   25.8   40   3.7000 
 101.5   25.8   40   3.3452 
 101.8   25.8   40   2.9000 
 102.0   25.8   40   2.9809 
  97.0   25.5   40   3.2904 
  97.2   25.5   40   3.2765 
  97.5   25.5   40   3.2524 
  97.8   25.5   40   3.3307 
  98.0   25.5   40   3.3480 
  98.2   25.5   40   3.2681 
  98.5   25.5   40   3.2520 
  98.8   25.5   40   3.3320 
  99.0   25.5   40   3.3480 
  99.2   25.5   40   3.2680 
  99.5   25.5   40   3.2520 
  99.8   25.5   40   3.3320 
 100.0   25.5   40   3.3480 
 100.2   25.5   40   3.2680 
 100.5   25.5   40   3.2520 
 100.8   25.5   40   3.3321 
 101.0   25.5   40   3.3483 
 101.2   25.5   40   3.2702 
 101.5   25.5   40   3.2613 
 101.8   25.5   40   3.3494 
 102.0   25.5   40   3.3631 
  97.0   25.2   40   2.9825 
  97.2   25.2   40   2.9000 
  97.5   25.2   40   3.2861 
  97.8   25.2   40   3.7000 
  98.0   25.2   40   3.3310 
  98.2   25.2   40   2.9000 
  98.5   25.2   40   3.2681 
  98.8   25.2   40   3.7000 
  99.0   25.2   40   3.3320 
  99.2   25.2   40   2.9000 
  99.5   25.2   40   3.2680 
  99.8   25.2   40   3.7000 
 100.0   25.2   40   3.3320 
 100.2   25.2   40   2.9000 
 100.5   25.2   40   3.2680 
 100.8   25.2   40   3.7000 
 101.0   25.2   40   3.3326 
 101.2   25.2   40   2.9000 
 101.5   25.2   40   3.2547 
 101.8   25.2   40   3.7000 
 102.0   25.2   40   3.6196 
  97.0   25.0   40   3.3092 
  97.2   25.0   40   3.3235 
  97.5   25.0   40   3.3476 
  97.8   25.0   40   3.2693 
  98.0   25.0   40   3.2520 
  98.2   25.0   40   3.3319 
  98.5   25.0   40   3.3480 
  98.8   25.0   40   3.2680 
  99.0   25.0   40   3.2520 
  99.2   25.0   40   3.3320 
  99.5   25.0   40   3.3480 
  99.8   25.0   40   3.2680 
 100.0   25.0   40   3.2520 
 100.2   25.0   40   3.3320 
 100.5   25.0   40   3.3480 
 100.8   25.0   40   3.2680 
 101.0   25.0   40   3.2517 
 101.2   25.0   40   3.3298 
 101.5   25.0   40   3.3387 
 101.8   25.0   40   3.2506 
 102.0   25.0   40   3.2370 
  97.0   24.8   40   3.6172 
  97.2   24.8   40   3.7000 
  97.5   24.8   40   3.3139 
  97.8   24.8   40   2.9000 
  98.0   24.8   40   3.2690 
  98.2   24.8   40   3.7000 
  98.5   24.8   40   3.3319 
  98.8   24.8   40   2.9000 
  99.0   24.8   40   3.2680 
  99.2   24.8   40   3.7000 
  99.5   24.8   40   3.3320 
  99.8   24.8   40   2.9000 
 100.0   24.8   40   3.2680 
 100.2   24.8   40   3.7000 
 100.5   24.8   40   3.3320 
 100.8   24.8   40   2.9000 
 101.0   24.8   40   3.2674 
 101.2   24.8   40   3.7000 
 101.5   24.8   40   3.3453 
 101.8   24.8   40   2.9000 
 102.0   24.8   40   2.9804 
  97.0   24.5   40   3.2907 
  97.2   24.5   40   3.2765 
  97.5   24.5   40   3.2524 
  97.8   24.5   40   3.3307 
  98.0   24.5   40   3.3480 
  98.2   24.5   40   3.2681 
  98.5   24.5   40   3.2520 
  98.8   24.5   40   3.3320 
  99.0   24.5   40   3.3480 
  99.2   24.5   40   3.2680 
  99.5   24.5   40   3.2520 
  99.8   24.5   40   3.3320 
 100.0   24.5   40   3.3480 
 100.2   24.5   40   3.2680 
 100.5   24.5   40   3.2520 
 100.8   24.5   40   3.3320 
 101.0   24.5   40   3.3483 
 101.2   24.5   40   3.2702 
 101.5   24.5   40   3.2613 
 101.8   24.5   40   3.3493 
 102.0   24.5   40   3.3630 
  97.0   24.2   40   2.9828 
  97.2   24.2   40   2.9000 
  97.5   24.2   40   3.2861 
  97.8   24.2   40   3.7000 
  98.0   24.2   40   3.3310 
  98.2   24.2   40   2.9000 
  98.5   24.2   40   3.2681 
  98.8   24.2   40   3.7000 
  99.0   24.2   40   3.3320 
  99.2   24.2   40   2.9000 
  99.5   24.2   40   3.2680 
  99.8   24.2   40   3.7000 
 100.0   24.2   40   3.3320 
 100.2   24.2   40   2.9000 
 100.5   24.2   40   3.2680 
 100.8   24.2   40   3.7000 
 101.0   24.2   40   3.3326 
 101.2   24.2   40   2.9000 
 101.5   24.2   40   3.2547 
 101.8   24.2   40   3.7000 
 102.0   24.2   40   3.6196 
  97.0   24.0   40   3.3095 
  97.2   24.0   40   3.3234 
  97.5   24.0   40   3.3476 
  97.8   24.0   40   3.2693 
  98.0   24.0   40   3.2520 
  98.2   24.0   40   3.3319 
  98.5   24.0   40   3.3480 
  98.8   24.0   40   3.2680 
  99.0   24.0   40   3.2520 
  99.2   24.0   40   3.3320 
  99.5   24.0   40   3.3480 
  99.8   24.0   40   3.2680 
 100.0   24.0   40   3.2520 
 100.2   24.0   40   3.3320 
 100.5   24.0   40   3.3480 
 100.8   24.0   40   3.2680 
 101.0   24.0   40   3.2517 
 101.2   24.0   40   3.3298 
 101.5   24.0   40   3.3387 
 101.8   24.0   40   3.2507 
 102.0   24.0   40   3.2370 
  97.0   23.8   40   3.6179 
  97.2   23.8   40   3.7000 
  97.5   23.8   40   3.3139 
  97.8   23.8   40   2.9000 
  98.0   23.8   40   3.2690 
  98.2   23.8   40   3.7000 
  98.5   23.8   40   3.3319 
  98.8   23.8   40   2.9000 
  99.0   23.8   40   3.2680 
  99.2   23.8   40   3.7000 
  99.5   23.8   40   3.3320 
  99.8   23.8   40   2.9000 
 100.0   23.8   40   3.2680 
 100.2   23.8   40   3.7000 
 100.5   23.8   40   3.3320 
 100.8   23.8   40   2.9000 
 101.0   23.8   40   3.2674 
 101.2   23.8   40   3.7000 
 101.5   23.8   40   3.3453 
 101.8   23.8   40   2.9000 
 102.0   23.8   40   2.9803 
  97.0   23.5   40   3.2925 
  97.2   23.5   40   3.2765 
  97.5   23.5   40   3.2524 
  97.8   23.5   40   3.3306 
  98.0   23.5   40   3.3479 
  98.2   23.5   40   3.2682 
  98.5   23.5   40   3.2520 
  98.8   23.5   40   3.3319 
  99.0   23.5   40   3.3480 
  99.2   23.5   40   3.2681 
  99.5   23.5   40   3.2520 
  99.8   23.5   40   3.3319 
 100.0   23.5   40   3.3480 
 100.2   23.5   40   3.2681 
 100.5   23.5   40   3.2520 
 100.8   23.5   40   3.3320 
 101.0   23.5   40   3.3482 
 101.2   23.5   40   3.2701 
 101.5   23.5   40   3.2610 
 101.8   23.5   40   3.3489 
 102.0   23.5   40   3.3628 
  97.0   23.2   40   2.9863 
  97.2   23.2   40   2.9000 
  97.5   23.2   40   3.2861 
  97.8   23.2   40   3.7000 
  98.0   23.2   40   3.3309 
  98.2   23.2   40   2.9000 
  98.5   23.2   40   3.2682 
  98.8   23.2   40   3.7000 
  99.0   23.2   40   3.3319 
  99.2   23.2   40   2.9000 
  99.5   23.2   40   3.2681 
  99.8   23.2   40   3.7000 
 100.0   23.2   40   3.3319 
 100.2   23.2   40   2.9000 
 100.5   23.2   40   3.2681 
 100.8   23.2   40   3.7000 
 101.0   23.2   40   3.3325 
 101.2   23.2   40   2.9000 
 101.5   23.2   40   3.2548 
 101.8   23.2   40   3.7000 
 102.0   23.2   40   3.6208 
  97.0   23.0   40   3.3134 
  97.2   23.0   40   3.3186 
  97.5   23.0   40   3.3447 
  97.8   23.0   40   3.2708 
  98.0   23.0   40   3.2525 
  98.2   23.0   40   3.3309 
  98.5   23.0   40   3.3479 
  98.8   23.0   40   3.2690 
  99.0   23.0   40   3.2520 
  99.2   23.0   40   3.3310 
  99.5   23.0   40   3.3480 
  99.8   23.0   40   3.2690 
 100.0   23.0   40   3.2520 
 100.2   23.0   40   3.3310 
 100.5   23.0   40   3.3480 
 100.8   23.0   40   3.2690 
 101.0   23.0   40   3.2521 
 101.2   23.0   40   3.3299 
 101.5   23.0   40   3.3413 
 101.8   23.0   40   3.2564 
 102.0   23.0   40   3.2433 
  97.0   22.8   40   3.6191 
  97.2   22.8   40   3.7000 
  97.5   22.8   40   3.3074 
  97.8   22.8   40   2.9000 
  98.0   22.8   40   3.2708 
  98.2   22.8   40   3.7000 
  98.5   22.8   40   3.3306 
  98.8   22.8   40   2.9000 
  99.0   22.8   40   3.2693 
  99.2   22.8   40   3.7000 
  99.5   22.8   40   3.3307 
  99.8   22.8   40   2.9000 
 100.0   22.8   40   3.2693 
 100.2   22.8   40   3.7000 
 100.5   22.8   40   3.3307 
 100.8   22.8   40   2.9000 
 101.0   22.8   40   3.2687 
 101.2   22.8   40   3.7000 
 101.5   22.8   40   3.3446 
 101.8   22.8   40   2.9000 
 102.0   22.8   40   2.9703 
  97.0   22.5   40   3.2390 
  97.2   22.5   40   3.3616 
  97.5   22.5   40   3.2784 
  97.8   22.5   40   3.3074 
  98.0   22.5   40   3.3447 
  98.2   22.5   40   3.2861 
  98.5   22.5   40   3.2524 
  98.8   22.5   40   3.3139 
  99.0   22.5   40   3.3476 
  99.2   22.5   40   3.2861 
  99.5   22.5   40   3.2524 
  99.8   22.5   40   3.3139 
 100.0   22.5   40   3.3476 
 100.2   22.5   40   3.2861 
 100.5   22.5   40   3.2524 
 100.8   22.5   40   3.3136 
 101.0   22.5   40   3.3461 
 101.2   22.5   40   3.2822 
 101.5   22.5   40   3.2424 
 101.8   22.5   40   3.2855 
 102.0   22.5   40   3.2607 
  97.0   22.2   40   2.5230 
  97.2   22.2   40   2.9000 
  97.5   22.2   40   3.3616 
  97.8   22.2   40   3.7000 
  98.0   22.2   40   3.3186 
  98.2   22.2   40   2.9000 
  98.5   22.2   40   3.2765 
  98.8   22.2   40   3.7000 
  99.0   22.2   40   3.3234 
  99.2   22.2   40   2.9000 
  99.5   22.2   40   3.2765 
  99.8   22.2   40   3.7000 
 100.0   22.2   40   3.3235 
 100.2   22.2   40   2.9000 
 100.5   22.2   40   3.2765 
 100.8   22.2   40   3.7000 
 101.0   22.2   40   3.3238 
 101.2   22.2   40   2.9000 
 101.5   22.2   40   3.2532 
 101.8   22.2   40   3.7000 
 102.0   22.2   40   3.5751 
  97.0   22.0   40   1.8080 
  97.2   22.0   40   2.5230 
  97.5   22.0   40   3.2390 
  97.8   22.0   40   3.6191 
  98.0   22.0   40   3.3134 
  98.2   22.0   40   2.9863 
  98.5   22.0   40   3.2925 
  98.8   22.0   40   3.6179 
  99.0   22.0   40   3.3095 
  99.2   22.0   40   2.9828 
  99.5   22.0   40   3.2907 
  99.8   22.0   40   3.6172 
 100.0   22.0   40   3.3092 
 100.2   22.0   40   2.9825 
 100.5   22.0   40   3.2904 
 100.8   22.0   40   3.6178 
 101.0   22.0   40   3.3149 
 101.2   22.0   40   3.0077 
 101.5   22.0   40   3.3820 
 101.8   22.0   40   3.9531 
 102.0   22.0   40   4.2069 
