  97.0   27.0   50   2.8199 
  97.2   27.0   50   3.2937 
  97.5   27.0   50   3.5295 
  97.8   27.0   50   3.7473 
  98.0   27.0   50   3.5426 
  98.2   27.0   50   3.2594 
  98.5   27.0   50   3.4529 
  98.8   27.0   50   3.7397 
  99.0   27.0   50   3.5472 
  99.2   27.0   50   3.2603 
  99.5   27.0   50   3.4528 
  99.8   27.0   50   3.7397 
 100.0   27.0   50   3.5472 
 100.2   27.0   50   3.2603 
 100.5   27.0   50   3.4526 
 100.8   27.0   50   3.7393 
 101.0   27.0   50   3.5465 
 101.2   27.0   50   3.2594 
 101.5   27.0   50   3.4613 
 101.8   27.0   50   3.8248 
 102.0   27.0   50   3.8823 
  97.0   26.8   50   3.0102 
  97.2   26.8   50   3.2000 
  97.5   26.8   50   3.5109 
  97.8   26.8   50   3.8000 
  98.0   26.8   50   3.5327 
  98.2   26.8   50   3.2000 
  98.5   26.8   50   3.4633 
  98.8   26.8   50   3.8000 
  99.0   26.8   50   3.5370 
  99.2   26.8   50   3.2000 
  99.5   26.8   50   3.4630 
  99.8   26.8   50   3.8000 
 100.0   26.8   50   3.5370 
 100.2   26.8   50   3.2000 
 100.5   26.8   50   3.4629 
 100.8   26.8   50   3.8000 
 101.0   26.8   50   3.5381 
 101.2   26.8   50   3.2000 
 101.5   26.8   50   3.4416 
 101.8   26.8   50   3.8000 
 102.0   26.8   50   3.8248 
  97.0   26.5   50   3.4385 
  97.2   26.5   50   3.5351 
  97.5   26.5   50   3.5432 
  97.8   26.5   50   3.4666 
  98.0   26.5   50   3.4690 
  98.2   26.5   50   3.5339 
  98.5   26.5   50   3.5292 
  98.8   26.5   50   3.4660 
  99.0   26.5   50   3.4709 
  99.2   26.5   50   3.5340 
  99.5   26.5   50   3.5290 
  99.8   26.5   50   3.4660 
 100.0   26.5   50   3.4710 
 100.2   26.5   50   3.5340 
 100.5   26.5   50   3.5291 
 100.8   26.5   50   3.4661 
 101.0   26.5   50   3.4709 
 101.2   26.5   50   3.5308 
 101.5   26.5   50   3.5131 
 101.8   26.5   50   3.4416 
 102.0   26.5   50   3.4613 
  97.0   26.2   50   3.7193 
  97.2   26.2   50   3.8000 
  97.5   26.2   50   3.5134 
  97.8   26.2   50   3.2000 
  98.0   26.2   50   3.4776 
  98.2   26.2   50   3.8000 
  98.5   26.2   50   3.5224 
  98.8   26.2   50   3.2000 
  99.0   26.2   50   3.4776 
  99.2   26.2   50   3.8000 
  99.5   26.2   50   3.5223 
  99.8   26.2   50   3.2000 
 100.0   26.2   50   3.4777 
 100.2   26.2   50   3.8000 
 100.5   26.2   50   3.5224 
 100.8   26.2   50   3.2000 
 101.0   26.2   50   3.4774 
 101.2   26.2   50   3.8000 
 101.5   26.2   50   3.5308 
 101.8   26.2   50   3.2000 
 102.0   26.2   50   3.2594 
  97.0   26.0   50   3.4889 
  97.2   26.0   50   3.4822 
  97.5   26.0   50   3.4654 
  97.8   26.0   50   3.5235 
  98.0   26.0   50   3.5359 
  98.2   26.0   50   3.4756 
  98.5   26.0   50   3.4638 
  98.8   26.0   50   3.5245 
  99.0   26.0   50   3.5362 
  99.2   26.0   50   3.4755 
  99.5   26.0   50   3.4638 
  99.8   26.0   50   3.5245 
 100.0   26.0   50   3.5362 
 100.2   26.0   50   3.4755 
 100.5   26.0   50   3.4638 
 100.8   26.0   50   3.5245 
 101.0   26.0   50   3.5366 
 101.2   26.0   50   3.4774 
 101.5   26.0   50   3.4709 
 101.8   26.0   50   3.5381 
 102.0   26.0   50   3.5465 
  97.0   25.8   50   3.2616 
  97.2   25.8   50   3.2000 
  97.5   25.8   50   3.4898 
  97.8   25.8   50   3.8000 
  98.0   25.8   50   3.5232 
  98.2   25.8   50   3.2000 
  98.5   25.8   50   3.4760 
  98.8   25.8   50   3.8000 
  99.0   25.8   50   3.5240 
  99.2   25.8   50   3.2000 
  99.5   25.8   50   3.4760 
  99.8   25.8   50   3.8000 
 100.0   25.8   50   3.5240 
 100.2   25.8   50   3.2000 
 100.5   25.8   50   3.4759 
 100.8   25.8   50   3.8000 
 101.0   25.8   50   3.5245 
 101.2   25.8   50   3.2000 
 101.5   25.8   50   3.4661 
 101.8   25.8   50   3.8000 
 102.0   25.8   50   3.7393 
  97.0   25.5   50   3.5072 
  97.2   25.5   50   3.5177 
  97.5   25.5   50   3.5357 
  97.8   25.5   50   3.4770 
  98.0   25.5   50   3.4640 
  98.2   25.5   50   3.5239 
  98.5   25.5   50   3.5360 
  98.8   25.5   50   3.4760 
  99.0   25.5   50   3.4640 
  99.2   25.5   50   3.5240 
  99.5   25.5   50   3.5360 
  99.8   25.5   50   3.4760 
 100.0   25.5   50   3.4640 
 100.2   25.5   50   3.5240 
 100.5   25.5   50   3.5360 
 100.8   25.5   50   3.4759 
 101.0   25.5   50   3.4638 
 101.2   25.5   50   3.5224 
 101.5   25.5   50   3.5291 
 101.8   25.5   50   3.4629 
 102.0   25.5   50   3.4526 
  97.0   25.2   50   3.7381 
  97.2   25.2   50   3.8000 
  97.5   25.2   50   3.5104 
  97.8   25.2   50   3.2000 
  98.0   25.2   50   3.4767 
  98.2   25.2   50   3.8000 
  98.5   25.2   50   3.5240 
  98.8   25.2   50   3.2000 
  99.0   25.2   50   3.4760 
  99.2   25.2   50   3.8000 
  99.5   25.2   50   3.5240 
  99.8   25.2   50   3.2000 
 100.0   25.2   50   3.4760 
 100.2   25.2   50   3.8000 
 100.5   25.2   50   3.5240 
 100.8   25.2   50   3.2000 
 101.0   25.2   50   3.4755 
 101.2   25.2   50   3.8000 
 101.5   25.2   50   3.5340 
 101.8   25.2   50   3.2000 
 102.0   25.2   50   3.2603 
  97.0   25.0   50   3.4931 
  97.2   25.0   50   3.4824 
  97.5   25.0   50   3.4643 
  97.8   25.0   50   3.5230 
  98.0   25.0   50   3.5360 
  98.2   25.0   50   3.4761 
  98.5   25.0   50   3.4640 
  98.8   25.0   50   3.5240 
  99.0   25.0   50   3.5360 
  99.2   25.0   50   3.4760 
  99.5   25.0   50   3.4640 
  99.8   25.0   50   3.5240 
 100.0   25.0   50   3.5360 
 100.2   25.0   50   3.4760 
 100.5   25.0   50   3.4640 
 100.8   25.0   50   3.5240 
 101.0   25.0   50   3.5362 
 101.2   25.0   50   3.4777 
 101.5   25.0   50   3.4710 
 101.8   25.0   50   3.5370 
 102.0   25.0   50   3.5472 
  97.0   24.8   50   3.2621 
  97.2   24.8   50   3.2000 
  97.5   24.8   50   3.4896 
  97.8   24.8   50   3.8000 
  98.0   24.8   50   3.5233 
  98.2   24.8   50   3.2000 
  98.5   24.8   50   3.4760 
  98.8   24.8   50   3.8000 
  99.0   24.8   50   3.5240 
  99.2   24.8   50   3.2000 
  99.5   24.8   50   3.4760 
  99.8   24.8   50   3.8000 
 100.0   24.8   50   3.5240 
 100.2   24.8   50   3.2000 
 100.5   24.8   50   3.4760 
 100.8   24.8   50   3.8000 
 101.0   24.8   50   3.5245 
 101.2   24.8   50   3.2000 
 101.5   24.8   50   3.4660 
 101.8   24.8   50   3.8000 
 102.0   24.8   50   3.7397 
  97.0   24.5   50   3.5070 
  97.2   24.5   50   3.5176 
  97.5   24.5   50   3.5357 
  97.8   24.5   50   3.4770 
  98.0   24.5   50   3.4640 
  98.2   24.5   50   3.5239 
  98.5   24.5   50   3.5360 
  98.8   24.5   50   3.4760 
  99.0   24.5   50   3.4640 
  99.2   24.5   50   3.5240 
  99.5   24.5   50   3.5360 
  99.8   24.5   50   3.4760 
 100.0   24.5   50   3.4640 
 100.2   24.5   50   3.5240 
 100.5   24.5   50   3.5360 
 100.8   24.5   50   3.4760 
 101.0   24.5   50   3.4638 
 101.2   24.5   50   3.5223 
 101.5   24.5   50   3.5290 
 101.8   24.5   50   3.4630 
 102.0   24.5   50   3.4528 
  97.0   24.2   50   3.7379 
  97.2   24.2   50   3.8000 
  97.5   24.2   50   3.5104 
  97.8   24.2   50   3.2000 
  98.0   24.2   50   3.4767 
  98.2   24.2   50   3.8000 
  98.5   24.2   50   3.5240 
  98.8   24.2   50   3.2000 
  99.0   24.2   50   3.4760 
  99.2   24.2   50   3.8000 
  99.5   24.2   50   3.5240 
  99.8   24.2   50   3.2000 
 100.0   24.2   50   3.4760 
 100.2   24.2   50   3.8000 
 100.5   24.2   50   3.5240 
 100.8   24.2   50   3.2000 
 101.0   24.2   50   3.4755 
 101.2   24.2   50   3.8000 
 101.5   24.2   50   3.5340 
 101.8   24.2   50   3.2000 
 102.0   24.2   50   3.2603 
  97.0   24.0   50   3.4929 
  97.2   24.0   50   3.4824 
  97.5   24.0   50   3.4643 
  97.8   24.0   50   3.5230 
  98.0   24.0   50   3.5360 
  98.2   24.0   50   3.4761 
  98.5   24.0   50   3.4640 
  98.8   24.0   50   3.5240 
  99.0   24.0   50   3.5360 
  99.2   24.0   50   3.4760 
  99.5   24.0   50   3.4640 
  99.8   24.0   50   3.5240 
 100.0   24.0   50   3.5360 
 100.2   24.0   50   3.4760 
 100.5   24.0   50   3.4640 
 100.8   24.0   50   3.5240 
 101.0   24.0   50   3.5362 
 101.2   24.0   50   3.4776 
 101.5   24.0   50   3.4709 
 101.8   24.0   50   3.5370 
 102.0   24.0   50   3.5472 
  97.0   23.8   50   3.2616 
  97.2   23.8   50   3.2000 
  97.5   23.8   50   3.4896 
  97.8   23.8   50   3.8000 
  98.0   23.8   50   3.5233 
  98.2   23.8   50   3.2000 
  98.5   23.8   50   3.4760 
  98.8   23.8   50   3.8000 
  99.0   23.8   50   3.5240 
  99.2   23.8   50   3.2000 
  99.5   23.8   50   3.4760 
  99.8   23.8   50   3.8000 
 100.0   23.8   50   3.5240 
 100.2   23.8   50   3.2000 
 100.5   23.8   50   3.4760 
 100.8   23.8   50   3.8000 
 101.0   23.8   50   3.5245 
 101.2   23.8   50   3.2000 
 101.5   23.8   50   3.4660 
 101.8   23.8   50   3.8000 
 102.0   23.8   50   3.7397 
  97.0   23.5   50   3.5056 
  97.2   23.5   50   3.5176 
  97.5   23.5   50   3.5357 
  97.8   23.5   50   3.4770 
  98.0   23.5   50   3.4641 
  98.2   23.5   50   3.5239 
  98.5   23.5   50   3.5360 
  98.8   23.5   50   3.4760 
  99.0   23.5   50   3.4640 
  99.2   23.5   50   3.5240 
  99.5   23.5   50   3.5360 
  99.8   23.5   50   3.4760 
 100.0   23.5   50   3.4640 
 100.2   23.5   50   3.5240 
 100.5   23.5   50   3.5360 
 100.8   23.5   50   3.4760 
 101.0   23.5   50   3.4638 
 101.2   23.5   50   3.5224 
 101.5   23.5   50   3.5292 
 101.8   23.5   50   3.4633 
 102.0   23.5   50   3.4529 
  97.0   23.2   50   3.7353 
  97.2   23.2   50   3.8000 
  97.5   23.2   50   3.5104 
  97.8   23.2   50   3.2000 
  98.0   23.2   50   3.4768 
  98.2   23.2   50   3.8000 
  98.5   23.2   50   3.5239 
  98.8   23.2   50   3.2000 
  99.0   23.2   50   3.4761 
  99.2   23.2   50   3.8000 
  99.5   23.2   50   3.5239 
  99.8   23.2   50   3.2000 
 100.0   23.2   50   3.4761 
 100.2   23.2   50   3.8000 
 100.5   23.2   50   3.5239 
 100.8   23.2   50   3.2000 
 101.0   23.2   50   3.4756 
 101.2   23.2   50   3.8000 
 101.5   23.2   50   3.5339 
 101.8   23.2   50   3.2000 
 102.0   23.2   50   3.2594 
  97.0   23.0   50   3.4899 
  97.2   23.0   50   3.4860 
  97.5   23.0   50   3.4665 
  97.8   23.0   50   3.5219 
  98.0   23.0   50   3.5356 
  98.2   23.0   50   3.4768 
  98.5   23.0   50   3.4641 
  98.8   23.0   50   3.5233 
  99.0   23.0   50   3.5360 
  99.2   23.0   50   3.4767 
  99.5   23.0   50   3.4640 
  99.8   23.0   50   3.5233 
 100.0   23.0   50   3.5360 
 100.2   23.0   50   3.4767 
 100.5   23.0   50   3.4640 
 100.8   23.0   50   3.5232 
 101.0   23.0   50   3.5359 
 101.2   23.0   50   3.4776 
 101.5   23.0   50   3.4690 
 101.8   23.0   50   3.5327 
 102.0   23.0   50   3.5426 
  97.0   22.8   50   3.2606 
  97.2   22.8   50   3.2000 
  97.5   22.8   50   3.4945 
  97.8   22.8   50   3.8000 
  98.0   22.8   50   3.5219 
  98.2   22.8   50   3.2000 
  98.5   22.8   50   3.4770 
  98.8   22.8   50   3.8000 
  99.0   22.8   50   3.5230 
  99.2   22.8   50   3.2000 
  99.5   22.8   50   3.4770 
  99.8   22.8   50   3.8000 
 100.0   22.8   50   3.5230 
 100.2   22.8   50   3.2000 
 100.5   22.8   50   3.4770 
 100.8   22.8   50   3.8000 
 101.0   22.8   50   3.5235 
 101.2   22.8   50   3.2000 
 101.5   22.8   50   3.4666 
 101.8   22.8   50   3.8000 
 102.0   22.8   50   3.7473 
  97.0   22.5   50   3.5458 
  97.2   22.5   50   3.4538 
  97.5   22.5   50   3.5162 
  97.8   22.5   50   3.4945 
  98.0   22.5   50   3.4665 
  98.2   22.5   50   3.5104 
  98.5   22.5   50   3.5357 
  98.8   22.5   50   3.4896 
  99.0   22.5   50   3.4643 
  99.2   22.5   50   3.5104 
  99.5   22.5   50   3.5357 
  99.8   22.5   50   3.4896 
 100.0   22.5   50   3.4643 
 100.2   22.5   50   3.5104 
 100.5   22.5   50   3.5357 
 100.8   22.5   50   3.4898 
 101.0   22.5   50   3.4654 
 101.2   22.5   50   3.5134 
 101.5   22.5   50   3.5432 
 101.8   22.5   50   3.5109 
 102.0   22.5   50   3.5295 
  97.0   22.2   50   4.0828 
  97.2   22.2   50   3.8000 
  97.5   22.2   50   3.4538 
  97.8   22.2   50   3.2000 
  98.0   22.2   50   3.4860 
  98.2   22.2   50   3.8000 
  98.5   22.2   50   3.5176 
  98.8   22.2   50   3.2000 
  99.0   22.2   50   3.4824 
  99.2   22.2   50   3.8000 
  99.5   22.2   50   3.5176 
  99.8   22.2   50   3.2000 
 100.0   22.2   50   3.4824 
 100.2   22.2   50   3.8000 
 100.5   22.2   50   3.5177 
 100.8   22.2   50   3.2000 
 101.0   22.2   50   3.4822 
 101.2   22.2   50   3.8000 
 101.5   22.2   50   3.5351 
 101.8   22.2   50   3.2000 
 102.0   22.2   50   3.2937 
  97.0   22.0   50   4.6190 
  97.2   22.0   50   4.0827 
  97.5   22.0   50   3.5458 
  97.8   22.0   50   3.2606 
  98.0   22.0   50   3.4899 
  98.2   22.0   50   3.7353 
  98.5   22.0   50   3.5056 
  98.8   22.0   50   3.2616 
  99.0   22.0   50   3.4929 
  99.2   22.0   50   3.7379 
  99.5   22.0   50   3.5070 
  99.8   22.0   50   3.2621 
 100.0   22.0   50   3.4931 
 100.2   22.0   50   3.7381 
 100.5   22.0   50   3.5072 
 100.8   22.0   50   3.2616 
 101.0   22.0   50   3.4889 
 101.2   22.0   50   3.7193 
 101.5   22.0   50   3.4385 
 101.8   22.0   50   3.0102 
 102.0   22.0   50   2.8199 
