  97.0   27.0   60   3.0199 
  97.2   27.0   60   3.4937 
  97.5   27.0   60   3.7295 
  97.8   27.0   60   3.9473 
  98.0   27.0   60   3.7426 
  98.2   27.0   60   3.4594 
  98.5   27.0   60   3.6529 
  98.8   27.0   60   3.9397 
  99.0   27.0   60   3.7472 
  99.2   27.0   60   3.4603 
  99.5   27.0   60   3.6528 
  99.8   27.0   60   3.9397 
 100.0   27.0   60   3.7472 
 100.2   27.0   60   3.4603 
 100.5   27.0   60   3.6526 
 100.8   27.0   60   3.9393 
 101.0   27.0   60   3.7465 
 101.2   27.0   60   3.4594 
 101.5   27.0   60   3.6613 
 101.8   27.0   60   4.0248 
 102.0   27.0   60   4.0823 
  97.0   26.8   60   3.2102 
  97.2   26.8   60   3.4000 
  97.5   26.8   60   3.7109 
  97.8   26.8   60   4.0000 
  98.0   26.8   60   3.7327 
  98.2   26.8   60   3.4000 
  98.5   26.8   60   3.6633 
  98.8   26.8   60   4.0000 
  99.0   26.8   60   3.7370 
  99.2   26.8   60   3.4000 
  99.5   26.8   60   3.6630 
  99.8   26.8   60   4.0000 
 100.0   26.8   60   3.7370 
 100.2   26.8   60   3.4000 
 100.5   26.8   60   3.6629 
 100.8   26.8   60   4.0000 
 101.0   26.8   60   3.7381 
 101.2   26.8   60   3.4000 
 101.5   26.8   60   3.6416 
 101.8   26.8   60   4.0000 
 102.0   26.8   60   4.0248 
  97.0   26.5   60   3.6385 
  97.2   26.5   60   3.7351 
  97.5   26.5   60   3.7432 
  97.8   26.5   60   3.6666 
  98.0   26.5   60   3.6690 
  98.2   26.5   60   3.7339 
  98.5   26.5   60   3.7292 
  98.8   26.5   60   3.6660 
  99.0   26.5   60   3.6709 
  99.2   26.5   60   3.7340 
  99.5   26.5   60   3.7290 
  99.8   26.5   60   3.6660 
 100.0   26.5   60   3.6710 
 100.2   26.5   60   3.7340 
 100.5   26.5   60   3.7291 
 100.8   26.5   60   3.6661 
 101.0   26.5   60   3.6709 
 101.2   26.5   60   3.7308 
 101.5   26.5   60   3.7131 
 101.8   26.5   60   3.6416 
 102.0   26.5   60   3.6613 
  97.0   26.2   60   3.9193 
  97.2   26.2   60   4.0000 
  97.5   26.2   60   3.7134 
  97.8   26.2   60   3.4000 
  98.0   26.2   60   3.6776 
  98.2   26.2   60   4.0000 
  98.5   26.2   60   3.7224 
  98.8   26.2   60   3.4000 
  99.0   26.2   60   3.6776 
  99.2   26.2   60   4.0000 
  99.5   26.2   60   3.7223 
  99.8   26.2   60   3.4000 
 100.0   26.2   60   3.6777 
 100.2   26.2   60   4.0000 
 100.5   26.2   60   3.7224 
 100.8   26.2   60   3.4000 
 101.0   26.2   60   3.6774 
 101.2   26.2   60   4.0000 
 101.5   26.2   60   3.7308 
 101.8   26.2   60   3.4000 
 102.0   26.2   60   3.4594 
  97.0   26.0   60   3.6889 
  97.2   26.0   60   3.6822 
  97.5   26.0   60   3.6654 
  97.8   26.0   60   3.7235 
  98.0   26.0   60   3.7359 
  98.2   26.0   60   3.6756 
  98.5   26.0   60   3.6638 
  98.8   26.0   60   3.7245 
  99.0   26.0   60   3.7362 
  99.2   26.0   60   3.6755 
  99.5   26.0   60   3.6638 
  99.8   26.0   60   3.7245 
 100.0   26.0   60   3.7362 
 100.2   26.0   60   3.6755 
 100.5   26.0   60   3.6638 
 100.8   26.0   60   3.7245 
 101.0   26.0   60   3.7366 
 101.2   26.0   60   3.6774 
 101.5   26.0   60   3.6709 
 101.8   26.0   60   3.7381 
 102.0   26.0   60   3.7465 
  97.0   25.8   60   3.4616 
  97.2   25.8   60   3.4000 
  97.5   25.8   60   3.6898 
  97.8   25.8   60   4.0000 
  98.0   25.8   60   3.7232 
  98.2   25.8   60   3.4000 
  98.5   25.8   60   3.6760 
  98.8   25.8   60   4.0000 
  99.0   25.8   60   3.7240 
  99.2   25.8   60   3.4000 
  99.5   25.8   60   3.6760 
  99.8   25.8   60   4.0000 
 100.0   25.8   60   3.7240 
 100.2   25.8   60   3.4000 
 100.5   25.8   60   3.6759 
 100.8   25.8   60   4.0000 
 101.0   25.8   60   3.7245 
 101.2   25.8   60   3.4000 
 101.5   25.8   60   3.6661 
 101.8   25.8   60   4.0000 
 102.0   25.8   60   3.9393 
  97.0   25.5   60   3.7072 
  97.2   25.5   60   3.7177 
  97.5   25.5   60   3.7357 
  97.8   25.5   60   3.6770 
  98.0   25.5   60   3.6640 
  98.2   25.5   60   3.7239 
  98.5   25.5   60   3.7360 
  98.8   25.5   60   3.6760 
  99.0   25.5   60   3.6640 
  99.2   25.5   60   3.7240 
  99.5   25.5   60   3.7360 
  99.8   25.5   60   3.6760 
 100.0   25.5   60   3.6640 
 100.2   25.5   60   3.7240 
 100.5   25.5   60   3.7360 
 100.8   25.5   60   3.6759 
 101.0   25.5   60   3.6638 
 101.2   25.5   60   3.7224 
 101.5   25.5   60   3.7291 
 101.8   25.5   60   3.6629 
 102.0   25.5   60   3.6526 
  97.0   25.2   60   3.9381 
  97.2   25.2   60   4.0000 
  97.5   25.2   60   3.7104 
  97.8   25.2   60   3.4000 
  98.0   25.2   60   3.6767 
  98.2   25.2   60   4.0000 
  98.5   25.2   60   3.7240 
  98.8   25.2   60   3.4000 
  99.0   25.2   60   3.6760 
  99.2   25.2   60   4.0000 
  99.5   25.2   60   3.7240 
  99.8   25.2   60   3.4000 
 100.0   25.2   60   3.6760 
 100.2   25.2   60   4.0000 
 100.5   25.2   60   3.7240 
 100.8   25.2   60   3.4000 
 101.0   25.2   60   3.6755 
 101.2   25.2   60   4.0000 
 101.5   25.2   60   3.7340 
 101.8   25.2   60   3.4000 
 102.0   25.2   60   3.4603 
  97.0   25.0   60   3.6931 
  97.2   25.0   60   3.6824 
  97.5   25.0   60   3.6643 
  97.8   25.0   60   3.7230 
  98.0   25.0   60   3.7360 
  98.2   25.0   60   3.6761 
  98.5   25.0   60   3.6640 
  98.8   25.0   60   3.7240 
  99.0   25.0   60   3.7360 
  99.2   25.0   60   3.6760 
  99.5   25.0   60   3.6640 
  99.8   25.0   60   3.7240 
 100.0   25.0   60   3.7360 
 100.2   25.0   60   3.6760 
 100.5   25.0   60   3.6640 
 100.8   25.0   60   3.7240 
 101.0   25.0   60   3.7362 
 101.2   25.0   60   3.6777 
 101.5   25.0   60   3.6710 
 101.8   25.0   60   3.7370 
 102.0   25.0   60   3.7472 
  97.0   24.8   60   3.4621 
  97.2   24.8   60   3.4000 
  97.5   24.8   60   3.6896 
  97.8   24.8   60   4.0000 
  98.0   24.8   60   3.7233 
  98.2   24.8   60   3.4000 
  98.5   24.8   60   3.6760 
  98.8   24.8   60   4.0000 
  99.0   24.8   60   3.7240 
  99.2   24.8   60   3.4000 
  99.5   24.8   60   3.6760 
  99.8   24.8   60   4.0000 
 100.0   24.8   60   3.7240 
 100.2   24.8   60   3.4000 
 100.5   24.8   60   3.6760 
 100.8   24.8   60   4.0000 
 101.0   24.8   60   3.7245 
 101.2   24.8   60   3.4000 
 101.5   24.8   60   3.6660 
 101.8   24.8   60   4.0000 
 102.0   24.8   60   3.9397 
  97.0   24.5   60   3.7070 
  97.2   24.5   60   3.7176 
  97.5   24.5   60   3.7357 
  97.8   24.5   60   3.6770 
  98.0   24.5   60   3.6640 
  98.2   24.5   60   3.7239 
  98.5   24.5   60   3.7360 
  98.8   24.5   60   3.6760 
  99.0   24.5   60   3.6640 
  99.2   24.5   60   3.7240 
  99.5   24.5   60   3.7360 
  99.8   24.5   60   3.6760 
 100.0   24.5   60   3.6640 
 100.2   24.5   60   3.7240 
 100.5   24.5   60   3.7360 
 100.8   24.5   60   3.6760 
 101.0   24.5   60   3.6638 
 101.2   24.5   60   3.7223 
 101.5   24.5   60   3.7290 
 101.8   24.5   60   3.6630 
 102.0   24.5   60   3.6528 
  97.0   24.2   60   3.9379 
  97.2   24.2   60   4.0000 
  97.5   24.2   60   3.7104 
  97.8   24.2   60   3.4000 
  98.0   24.2   60   3.6767 
  98.2   24.2   60   4.0000 
  98.5   24.2   60   3.7240 
  98.8   24.2   60   3.4000 
  99.0   24.2   60   3.6760 
  99.2   24.2   60   4.0000 
  99.5   24.2   60   3.7240 
  99.8   24.2   60   3.4000 
 100.0   24.2   60   3.6760 
 100.2   24.2   60   4.0000 
 100.5   24.2   60   3.7240 
 100.8   24.2   60   3.4000 
 101.0   24.2   60   3.6755 
 101.2   24.2   60   4.0000 
 101.5   24.2   60   3.7340 
 101.8   24.2   60   3.4000 
 102.0   24.2   60   3.4603 
  97.0   24.0   60   3.6929 
  97.2   24.0   60   3.6824 
  97.5   24.0   60   3.6643 
  97.8   24.0   60   3.7230 
  98.0   24.0   60   3.7360 
  98.2   24.0   60   3.6761 
  98.5   24.0   60   3.6640 
  98.8   24.0   60   3.7240 
  99.0   24.0   60   3.7360 
  99.2   24.0   60   3.6760 
  99.5   24.0   60   3.6640 
  99.8   24.0   60   3.7240 
 100.0   24.0   60   3.7360 
 100.2   24.0   60   3.6760 
 100.5   24.0   60   3.6640 
 100.8   24.0   60   3.7240 
 101.0   24.0   60   3.7362 
 101.2   24.0   60   3.6776 
 101.5   24.0   60   3.6709 
 101.8   24.0   60   3.7370 
 102.0   24.0   60   3.7472 
  97.0   23.8   60   3.4616 
  97.2   23.8   60   3.4000 
  97.5   23.8   60   3.6896 
  97.8   23.8   60   4.0000 
  98.0   23.8   60   3.7233 
  98.2   23.8   60   3.4000 
  98.5   23.8   60   3.6760 
  98.8   23.8   60   4.0000 
  99.0   23.8   60   3.7240 
  99.2   23.8   60   3.4000 
  99.5   23.8   60   3.6760 
  99.8   23.8   60   4.0000 
 100.0   23.8   60   3.7240 
 100.2   23.8   60   3.4000 
 100.5   23.8   60   3.6760 
 100.8   23.8   60   4.0000 
 101.0   23.8   60   3.7245 
 101.2   23.8   60   3.4000 
 101.5   23.8   60   3.6660 
 101.8   23.8   60   4.0000 
 102.0   23.8   60   3.9397 
  97.0   23.5   60   3.7056 
  97.2   23.5   60   3.7176 
  97.5   23.5   60   3.7357 
  97.8   23.5   60   3.6770 
  98.0   23.5   60   3.6641 
  98.2   23.5   60   3.7239 
  98.5   23.5   60   3.7360 
  98.8   23.5   60   3.6760 
  99.0   23.5   60   3.6640 
  99.2   23.5   60   3.7240 
  99.5   23.5   60   3.7360 
  99.8   23.5   60   3.6760 
 100.0   23.5   60   3.6640 
 100.2   23.5   60   3.7240 
 100.5   23.5   60   3.7360 
 100.8   23.5   60   3.6760 
 101.0   23.5   60   3.6638 
 101.2   23.5   60   3.7224 
 101.5   23.5   60   3.7292 
 101.8   23.5   60   3.6633 
 102.0   23.5   60   3.6529 
  97.0   23.2   60   3.9353 
  97.2   23.2   60   4.0000 
  97.5   23.2   60   3.7104 
  97.8   23.2   60   3.4000 
  98.0   23.2   60   3.6768 
  98.2   23.2   60   4.0000 
  98.5   23.2   60   3.7239 
  98.8   23.2   60   3.4000 
  99.0   23.2   60   3.6761 
  99.2   23.2   60   4.0000 
  99.5   23.2   60   3.7239 
  99.8   23.2   60   3.4000 
 100.0   23.2   60   3.6761 
 100.2   23.2   60   4.0000 
 100.5   23.2   60   3.7239 
 100.8   23.2   60   3.4000 
 101.0   23.2   60   3.6756 
 101.2   23.2   60   4.0000 
 101.5   23.2   60   3.7339 
 101.8   23.2   60   3.4000 
 102.0   23.2   60   3.4594 
  97.0   23.0   60   3.6899 
  97.2   23.0   60   3.6860 
  97.5   23.0   60   3.6665 
  97.8   23.0   60   3.7219 
  98.0   23.0   60   3.7356 
  98.2   23.0   60   3.6768 
  98.5   23.0   60   3.6641 
  98.8   23.0   60   3.7233 
  99.0   23.0   60   3.7360 
  99.2   23.0   60   3.6767 
  99.5   23.0   60   3.6640 
  99.8   23.0   60   3.7233 
 100.0   23.0   60   3.7360 
 100.2   23.0   60   3.6767 
 100.5   23.0   60   3.6640 
 100.8   23.0   60   3.7232 
 101.0   23.0   60   3.7359 
 101.2   23.0   60   3.6776 
 101.5   23.0   60   3.6690 
 101.8   23.0   60   3.7327 
 102.0   23.0   60   3.7426 
  97.0   22.8   60   3.4606 
  97.2   22.8   60   3.4000 
  97.5   22.8   60   3.6945 
  97.8   22.8   60   4.0000 
  98.0   22.8   60   3.7219 
  98.2   22.8   60   3.4000 
  98.5   22.8   60   3.6770 
  98.8   22.8   60   4.0000 
  99.0   22.8   60   3.7230 
  99.2   22.8   60   3.4000 
  99.5   22.8   60   3.6770 
  99.8   22.8   60   4.0000 
 100.0   22.8   60   3.7230 
 100.2   22.8   60   3.4000 
 100.5   22.8   60   3.6770 
 100.8   22.8   60   4.0000 
 101.0   22.8   60   3.7235 
 101.2   22.8   60   3.4000 
 101.5   22.8   60   3.6666 
 101.8   22.8   60   4.0000 
 102.0   22.8   60   3.9473 
  97.0   22.5   60   3.7458 
  97.2   22.5   60   3.6538 
  97.5   22.5   60   3.7162 
  97.8   22.5   60   3.6945 
  98.0   22.5   60   3.6665 
  98.2   22.5   60   3.7104 
  98.5   22.5   60   3.7357 
  98.8   22.5   60   3.6896 
  99.0   22.5   60   3.6643 
  99.2   22.5   60   3.7104 
  99.5   22.5   60   3.7357 
  99.8   22.5   60   3.6896 
 100.0   22.5   60   3.6643 
 100.2   22.5   60   3.7104 
 100.5   22.5   60   3.7357 
 100.8   22.5   60   3.6898 
 101.0   22.5   60   3.6654 
 101.2   22.5   60   3.7134 
 101.5   22.5   60   3.7432 
 101.8   22.5   60   3.7109 
 102.0   22.5   60   3.7295 
  97.0   22.2   60   4.2828 
  97.2   22.2   60   4.0000 
  97.5   22.2   60   3.6538 
  97.8   22.2   60   3.4000 
  98.0   22.2   60   3.6860 
  98.2   22.2   60   4.0000 
  98.5   22.2   60   3.7176 
  98.8   22.2   60   3.4000 
  99.0   22.2   60   3.6824 
  99.2   22.2   60   4.0000 
  99.5   22.2   60   3.7176 
  99.8   22.2   60   3.4000 
 100.0   22.2   60   3.6824 
 100.2   22.2   60   4.0000 
 100.5   22.2   60   3.7177 
 100.8   22.2   60   3.4000 
 101.0   22.2   60   3.6822 
 101.2   22.2   60   4.0000 
 101.5   22.2   60   3.7351 
 101.8   22.2   60   3.4000 
 102.0   22.2   60   3.4937 
  97.0   22.0   60   4.8190 
  97.2   22.0   60   4.2827 
  97.5   22.0   60   3.7458 
  97.8   22.0   60   3.4606 
  98.0   22.0   60   3.6899 
  98.2   22.0   60   3.9353 
  98.5   22.0   60   3.7056 
  98.8   22.0   60   3.4616 
  99.0   22.0   60   3.6929 
  99.2   22.0   60   3.9379 
  99.5   22.0   60   3.7070 
  99.8   22.0   60   3.4621 
 100.0   22.0   60   3.6931 
 100.2   22.0   60   3.9381 
 100.5   22.0   60   3.7072 
 100.8   22.0   60   3.4616 
 101.0   22.0   60   3.6889 
 101.2   22.0   60   3.9193 
 101.5   22.0   60   3.6385 
 101.8   22.0   60   3.2102 
 102.0   22.0   60   3.0199 
